Thumb_R	Index_R	Thumb_L	Index_L	Time
0.0	0.0	0.0	0.0	0.04
0.0	0.0	0.0	0.0	0.08
0.0	0.0	0.0	0.0	0.12
0.0	0.0	0.0	0.0	0.16
0.0	0.0	0.0	0.0	0.2
0.0	0.0	1398.671917928945	1370.583070031414	0.24
0.0	0.0	1397.4584042776967	1365.6238412524328	0.28
0.0	0.0	1397.5599030691328	1366.3421772373842	0.32
0.0	0.0	1396.2171230273893	1365.097764451505	0.36
0.0	0.0	1396.0106276367617	1362.3144586560093	0.4
0.0	0.0	1394.1815732781467	1363.4859583817158	0.44
0.0	0.0	1394.1388859675246	1363.00599382828	0.48
0.0	0.0	1395.1774911711298	1361.4280413847507	0.52
0.0	0.0	1393.7993374085654	1361.2323978048346	0.56
0.0	0.0	1395.3752892232096	1361.9043194327037	0.6
0.0	0.0	1396.1608361925466	1362.313436264813	0.64
0.0	0.0	1399.092041354393	1363.0883292154633	0.68
0.0	0.0	1401.4813787554428	1363.6783132156445	0.72
0.0	0.0	1400.6552925991832	1365.520101943816	0.76
0.0	0.0	1389.598564703955	1358.345289426257	0.8
0.0	0.0	1367.036892697335	1341.8451375785974	0.84
0.0	0.0	1324.1954642373883	1298.1220580250977	0.88
0.0	0.0	1290.179596212178	1247.855185329647	0.92
0.0	0.0	1248.3034994919665	1216.7415819467424	0.96
0.0	0.0	1213.5328008732397	1169.6725989736574	1.0
0.0	0.0	1186.506430362246	1119.6683461775556	1.04
0.0	0.0	1167.376252680118	1093.6901761308147	1.08
0.0	0.0	1170.8179596744299	1074.7971963658083	1.12
0.0	0.0	1165.0066660103532	1079.8277876080638	1.16
0.0	0.0	1162.7129242102426	1086.945949758311	1.2
0.0	0.0	1162.5340500175332	1097.4249671799869	1.24
0.0	0.0	1163.6254890029438	1105.6943100544809	1.28
0.0	0.0	1171.3984921981403	1109.3528701285204	1.32
0.0	0.0	1176.2191193481976	1120.5061300782027	1.36
0.0	0.0	1168.030902303712	1125.1701080428004	1.4
0.0	0.0	1175.0948235793505	1123.134351187981	1.44
0.0	0.0	1172.686255027944	1126.44113964485	1.48
0.0	0.0	1161.8697365901596	1127.791358299199	1.52
1169.243472098091	1145.5528107583032	1071.0225429063628	1055.8075496095303	1.56
1169.4914900703902	1153.7759613743794	1079.2601167013152	1059.6658680717214	1.6
1170.089950415381	1160.2172865584553	1077.1580192897004	1091.3899165972043	1.64
1177.399435294186	1177.2892739159493	1077.4838201905602	1071.5054758224157	1.68
0.0	0.0	1092.4907524684754	1095.911335664545	1.72
1194.9342899093112	1188.7781388562519	1106.587181090798	1142.839049792478	1.76
1205.7516605123653	1184.2488138683239	1104.2469980528447	1125.8320160849569	1.8
0.0	0.0	1093.1854269641149	1167.6546387734945	1.84
0.0	0.0	1068.954996885343	1094.499471437324	1.88
0.0	0.0	1067.0453230498595	1091.1185646776719	1.92
0.0	0.0	1225.546790139383	1223.8475976003185	1.96
0.0	0.0	1235.4170924731206	1192.9112343790673	2.0
0.0	0.0	1236.4432921181774	1158.8604168210713	2.04
0.0	0.0	1213.5413975471406	1118.9331648254642	2.08
0.0	0.0	1170.647949973972	1060.0271839422935	2.12
0.0	0.0	1133.172999383156	1105.759494771685	2.16
0.0	0.0	1105.7755114303695	1008.6510117178849	2.2
0.0	0.0	1087.5820277399882	1016.3464953472932	2.24
0.0	0.0	1081.202955596578	1020.9463410281227	2.28
0.0	0.0	1070.3118744668773	1032.2631369621777	2.32
0.0	0.0	1060.7116846482832	1015.3017340567619	2.36
0.0	0.0	1039.0442520524455	1025.6003545619656	2.4
0.0	0.0	1031.023946034729	996.0930603218795	2.44
0.0	0.0	1036.8250209435064	990.1696455266551	2.48
0.0	0.0	1087.8608124729424	1030.0380502121604	2.52
0.0	0.0	1151.1161720160703	1122.7923856000486	2.56
0.0	0.0	1196.2591583853182	1158.051050826355	2.6
0.0	0.0	1231.0075631652494	1174.921037741892	2.64
0.0	0.0	1241.6213140516984	1179.925326037611	2.68
0.0	0.0	1228.6987861383918	1178.5206103198343	2.72
0.0	0.0	1218.940726991025	1193.754534154993	2.76
0.0	0.0	1193.5223747554521	1195.3152528530254	2.8
0.0	0.0	1190.1633169998183	1199.7307373361623	2.84
0.0	0.0	1204.1710564410898	1190.8979468115656	2.88
0.0	0.0	1190.6477361926395	1188.7032812809625	2.92
0.0	0.0	1203.8757705396467	1180.328193376697	2.96
0.0	0.0	1209.9962082266409	1188.3973580281781	3.0
0.0	0.0	1209.9114754042375	1194.964616341923	3.04
0.0	0.0	1173.5035503193742	1204.8499915294885	3.08
0.0	0.0	1192.2731050874554	1203.2850651469248	3.12
0.0	0.0	1210.1368925099525	1194.8944486186078	3.16
0.0	0.0	1213.823685319136	1199.6858127736539	3.2
0.0	0.0	1215.1784182629303	1206.638940608593	3.24
0.0	0.0	1207.987311950967	1204.5664895744967	3.28
0.0	0.0	1204.4187549083529	1198.9194113696776	3.32
0.0	0.0	1190.7349727169433	1193.3498586222706	3.36
0.0	0.0	1201.0673289559193	1190.318289528816	3.4
0.0	0.0	1213.1671026920894	1180.5516704691067	3.44
0.0	0.0	1211.477725904309	1175.182158027872	3.48
0.0	0.0	1220.4990991045113	1188.8974973874485	3.52
0.0	0.0	1223.2092514937208	1194.570422188561	3.56
0.0	0.0	1231.1634513551483	1214.2742626565812	3.6
0.0	0.0	1249.9652536617878	1233.717672913585	3.64
0.0	0.0	1267.6229481177645	1264.9218903201593	3.68
0.0	0.0	1272.603244433302	1283.2734784604147	3.72
0.0	0.0	1280.1303989774879	1290.5093290416855	3.76
0.0	0.0	1278.071616240569	1289.515911675975	3.8
0.0	0.0	1260.5673604322235	1301.9973167559097	3.84
0.0	0.0	1287.1544935039778	1302.1513907340968	3.88
0.0	0.0	1264.4801965985368	1282.7995632849177	3.92
0.0	0.0	1256.2284499230348	1252.1110560417458	3.96
0.0	0.0	1242.4930632142637	1258.9821475904942	4.0
0.0	0.0	1241.4632413701827	1254.375159588334	4.04
0.0	0.0	1235.255531215755	1257.1242243161298	4.08
0.0	0.0	1234.431705937065	1245.2504762089393	4.12
0.0	0.0	1228.9860372311805	1187.2901175867314	4.16
0.0	0.0	1229.3285620074319	1213.1349123965838	4.2
0.0	0.0	1230.323083273887	1219.6832301972008	4.24
0.0	0.0	1241.123283748886	1244.06693390474	4.28
0.0	0.0	1272.6488665997385	1266.8691296715476	4.32
0.0	0.0	1292.6357694730677	1262.4239318928978	4.36
0.0	0.0	1322.907654380962	1294.6053037140223	4.4
0.0	0.0	1352.7581474551553	1323.7403915611849	4.44
0.0	0.0	1371.956608298841	1340.559917748561	4.48
0.0	0.0	1383.6472898577097	1351.7030107981768	4.52
0.0	0.0	1391.7475221000675	1365.5463151850827	4.56
0.0	0.0	1394.4677930825583	1362.4448884017213	4.6
0.0	0.0	1392.1987645261158	1361.9066994870873	4.64
0.0	0.0	1381.55164374846	1362.2100842470788	4.68
1379.4493788740638	1360.1613207836383	749.5039416840509	727.0013699292741	4.72
1373.0759232030116	1353.8261578123838	705.5215117157505	656.8315351314286	4.76
1351.1595488223588	1341.6850668886352	681.3694139005279	631.2370157974075	4.8
1342.6121908147609	1330.8948336611336	656.246009465409	581.1041323586174	4.84
1327.396764918616	1301.5780161503492	646.0149401017699	555.1090267697555	4.88
1293.5366891637093	1264.2504289370193	640.9219624637553	546.7756128981976	4.92
1260.3610022507155	1223.154179798009	638.4014421894485	556.3454017514342	4.96
1230.9257722890507	1183.1532647150354	644.5179105746362	550.4560656852691	5.0
1211.6724876241185	1153.9164097511882	638.978821664353	553.25471065019	5.04
1191.6312675572472	1125.3553054425545	646.5427798823529	544.6225563662815	5.08
1173.9602609696467	1103.5694333897375	647.0255525774301	540.6171077811878	5.12
1162.370705787224	1094.4700289792445	644.8248614768147	491.8237554268262	5.16
1156.5716783946475	1092.817241215335	651.5475055255464	517.6792358516966	5.2
1158.1385107671492	1106.3382653281246	656.582845819798	554.9407888749361	5.24
1162.080520895229	1119.6194772971833	655.7188413494113	558.6548625038197	5.28
1171.1152676667234	1136.6919074197317	660.3089201491886	565.1109846507597	5.32
1173.3177714961007	1144.2296351554473	666.7623748227575	598.7352094943844	5.36
1175.1740840369434	1144.8058260643202	684.8426257074225	606.8661336831925	5.4
1171.0851773524791	1139.9058697345122	706.5562920464964	623.0232147782626	5.44
1177.7342033593245	1138.3172833161996	735.2435517609933	649.224201880785	5.48
1172.6757826927194	1140.5018268336187	775.3730838761471	732.2821433870648	5.52
1170.00525173113	1130.7161129258752	819.848513692545	735.0624309049942	5.56
1166.4788621014034	1103.1396577792987	868.4839931772335	790.7186613994604	5.6
1153.5297488041654	1133.2162483184609	924.5069339756288	840.8651440607656	5.64
1144.2686991577182	1127.9242918269417	971.7718108688504	896.7243620605775	5.68
1137.0027004611218	1118.2457685689544	1008.1743929021924	948.2542412725921	5.72
1127.8296404795683	1107.6578143828665	1051.5070444833111	988.3881611216228	5.76
1117.9618126075793	1106.558027696918	1081.445214577438	1028.665333578572	5.8
1107.4850156173861	1093.8418854846775	1112.2262962767286	1062.4647057505392	5.84
1100.3360848238358	1088.4412995946104	1131.5957961071335	1077.2721415131014	5.88
1094.4388195147603	1088.4005384225666	1137.878371627738	1093.866463871254	5.92
1092.738191495908	1087.3081695366752	1140.9087060109312	1101.2047232987181	5.96
1094.1821305345397	1088.6198725329925	1145.632149954438	1141.5398243725542	6.0
1091.1220563544623	1083.14457280835	1144.8541189272603	1103.5902485238387	6.04
1083.4328837863854	1077.8909971713142	1138.807288792688	1100.726598886521	6.08
1076.0471608031335	1066.7457868761994	1131.5199972918733	1098.3126590641364	6.12
1061.4307931985954	1057.7459100740177	1126.5120719097445	1123.7426684080667	6.16
1057.6737267467308	1054.6218061294783	1118.9348569553931	1130.1959622901475	6.2
1063.379116902138	1053.5218345173923	1115.3042082188158	1100.7015766583565	6.24
1055.9959269158905	1051.4151610777606	1116.9265493629493	1146.1039426492482	6.28
1050.2034527270798	1045.633344004685	1116.0303895530699	1138.2937276601865	6.32
1043.2029903470398	1039.12091760341	1116.9348115318853	1144.6513731840405	6.36
1037.2723598408188	1032.3385997001315	1117.8370164620155	1140.753058960679	6.4
1033.154827667206	1026.3772533781814	1118.045939805333	1139.9062408043374	6.44
1035.3012093274992	1032.4062338227602	1117.196747783162	1146.5410069527597	6.48
1041.212705832001	1034.1673723369288	1114.2916514118579	1142.7504719688	6.52
1041.2170886088284	1037.3363885785056	1117.6305638884542	1141.2504618589683	6.56
1038.0837920192257	1036.1987288468276	1117.8949037225545	1138.321109652232	6.6
1039.5226109714276	1037.5205354972234	1113.1958090600315	1147.4295499493833	6.64
1039.6355036109396	1038.6745872212323	1110.9333666799612	1133.7694121349873	6.68
1038.391801427853	1039.5025131218758	1113.6068890901718	1131.9103163046686	6.72
1039.9105749887965	1039.2930102858786	1121.0479399108515	1136.768534871619	6.76
1040.605706374902	1040.0420179157188	1120.0291894034133	1133.6231081559563	6.8
1041.0422539258975	1043.064759934458	1120.8944218044755	1137.9622242701241	6.84
1038.1429438036346	1046.862014477844	1121.016765662146	1133.3405850794136	6.88
1036.1432841925212	1045.4275259766337	1116.9562378430032	1142.637491837711	6.92
1035.3872275404015	1045.3533678846	1120.915691814784	1138.958745818451	6.96
1033.8433207974817	1043.469616725899	1116.3290589912713	1134.0094633266726	7.0
1030.92786622403	1047.7301736169352	1114.9011922200525	1134.6231969452435	7.04
1032.6128312003164	1047.3994192512487	1113.7070871906005	1134.3387439605503	7.08
1032.8580426477129	1043.9992312011516	1117.4336907426825	1136.7252311540608	7.12
1029.8800292182266	1045.6386014014302	1105.5900048031122	1131.6867467555794	7.16
1029.8226853096187	1045.3775299606946	1103.590764142387	1136.8152468221597	7.2
1030.0133220591392	1043.213604400038	1107.6092983197268	1127.1046531864079	7.24
1026.9071769189309	1045.7001778300964	1103.0728066681227	1123.300888907062	7.28
1029.8001829333866	1045.1507903061101	1106.6559045286997	1114.7451759838532	7.32
1031.9685454228256	1048.045923530827	1108.5712031249889	1128.5197334663562	7.36
1037.0030092493432	1050.1648411959939	1105.5449654714994	1136.462482492379	7.4
1037.1004105869804	1051.354304740317	1109.0838638363714	1129.281205003524	7.44
1035.6015196124251	1054.863678647709	1105.0125598907223	1124.851096513539	7.48
1035.918829911812	1053.0857464728915	1109.786148207343	1128.9905041771246	7.52
1039.2629129506768	1055.640677621248	1111.732214294799	1142.7277424444026	7.56
1043.2888328691615	1039.838550560011	1113.3886616815803	1137.0281469966164	7.6
1052.0697204269643	1016.3525078148947	1114.287875950331	1138.919221883961	7.64
1059.2779587563093	982.7050396215568	1111.1928776964148	1136.2936259503622	7.68
1062.9348173409796	1010.1717471137955	1124.3892303161986	1162.413567988223	7.72
1073.605066875437	1033.4055068836253	1127.902043308412	1164.6935218038245	7.76
1074.5699115569369	1046.7696854736073	1124.76456716458	1171.7043099506616	7.8
1075.0732517473446	1049.6478760548353	1133.1708600106856	1167.3392563000914	7.84
1069.6188818362182	1050.996968839864	1130.3406612656959	1152.2624871283986	7.88
1069.9881485134263	1052.99630813482	1125.1915397809837	1159.794077060639	7.92
1064.8113417655911	1053.3478612770066	1129.5469219322827	1150.810002962143	7.96
1053.0162181961637	1051.5239174808585	1129.451104590961	1149.9025179139182	8.0
1047.583834043244	1058.7566078005882	1124.1565841726606	1159.0063125645672	8.04
1041.5128981231321	1060.3459595308254	1126.391392978112	1153.9229085583415	8.08
1041.7410640775818	1061.9317404824724	1120.4864535038741	1155.4683853365727	8.12
1032.7585255737451	1046.736612362936	1113.7063901274557	1134.0491963439877	8.16
1033.0923331566466	1029.3230762746846	1102.2300605606406	1122.2728680734874	8.2
1050.6156618431219	1001.1871795844196	1096.1326391357868	1132.9723034042777	8.24
1066.764728941315	976.3362631910531	1093.1546920794792	1134.6495562276682	8.28
1070.6286411360402	1016.0953534587335	1100.0701258128183	1143.6405753740294	8.32
1070.7306975170095	1039.4597560015777	1105.6234986031911	1119.755841312577	8.36
1063.2357150377372	1036.3800551229872	1107.3090322687422	1112.9002708583212	8.4
1049.505186382523	1039.8501023907393	1112.4630608874188	1146.8347738691202	8.44
1037.9768725221936	1027.141266928392	1105.869787023738	1130.9297754676613	8.48
1025.8088618290597	1021.9241185796249	1098.597883014588	1142.1148023915036	8.52
1015.1043141048399	1071.9404856970675	1097.0599285632327	1125.2438738414735	8.56
988.8469186722618	1117.4978469591713	1101.3061608048415	1137.7087225158248	8.6
991.6322580552725	1092.042774944527	1102.142320812699	1134.1110637402414	8.64
998.2243262397426	1079.2341301185259	1103.293672670154	1120.6542495828496	8.68
1009.8764868163724	1020.6750027027255	1098.7185988390086	1114.2615232319517	8.72
1041.4056144333304	960.6379303747101	1090.3577465507938	1122.3383482309425	8.76
1052.7722966217243	968.8350320211065	1085.3650698955553	1105.8031301514418	8.8
1049.773280619115	986.2324123336765	1084.6560467821178	1114.6613142611293	8.84
1042.6376831817208	996.7397486586381	1090.2427361676655	1106.9030399955882	8.88
1032.85671380696	1023.2596191988534	1093.3966749047863	1109.1275978082463	8.92
1028.9524718401958	1023.2792844070149	1094.0978012253722	1112.1694423397878	8.96
1023.7231776161473	1022.4694037450153	1106.0663988563867	1110.2748907630005	9.0
1023.4304712036907	1101.8956717511498	1108.168317903057	1137.5812452800428	9.04
1017.0078108497803	1069.6531396813393	1110.4979880237959	1128.1751617656228	9.08
1004.0146507695925	1006.5159591881753	1102.9127684364144	1120.2223235739236	9.12
1030.6351115597008	979.6073990234029	1095.9130215633054	1097.5316484274201	9.16
1039.2357100154243	947.4648868685034	1086.0034004142592	1104.484793150394	9.2
1047.9622537458506	953.1333773549801	1093.2823976485665	1118.087207590042	9.24
1048.2020154904337	965.5841356888147	1094.1965941348635	1125.7783302058144	9.28
1049.8055970631406	991.8917225891663	1103.700157935482	1135.8078918729152	9.32
1051.423695327221	1002.3923675875964	1110.604692697637	1138.7171880182818	9.36
1053.4671915626466	1012.8567337926472	1114.7910550686247	1131.420110769101	9.4
1045.7032204824345	1014.9056011422991	1115.3164462898333	1133.374209948759	9.44
1039.4416933901598	1010.20332809869	1115.2296124180461	1136.802640514922	9.48
1036.1429253873177	1005.6741561407255	1116.1358676397874	1134.8555712919515	9.52
1025.996438617065	1010.813576538651	1112.2527657672042	1142.488735001598	9.56
1021.1317061979191	1007.3468672863539	1109.8959757932378	1123.6766882983056	9.6
1014.3866582836243	1007.8678824997182	1103.1562081556863	1122.7201946574937	9.64
1009.5712707143895	998.6172916175951	1099.3627203734907	1123.4426523926707	9.68
1024.9890185586128	988.1396294219753	1093.0469274753843	1118.430937071148	9.72
1034.4157504064958	961.7001139161509	1098.8676691168962	1119.0652830543593	9.76
1045.2802935688953	958.3952702303146	1093.5730806736858	1130.7690802084883	9.8
1051.4453855214513	964.6350490310881	1098.3895497043156	1117.8953296198881	9.84
1056.962017494648	979.6145154814591	1112.2364305167991	1125.1514726479631	9.88
1060.0509672193546	985.6217808322068	1113.6792371898914	1138.0808165344754	9.92
1064.2276179246887	998.0963127139067	1122.3240230676645	1129.5524457694216	9.96
1062.2631308956343	1006.4272231130062	1122.547660396889	1145.4190860143706	10.0
1054.8049918491924	1005.564653506065	1122.9261728814588	1144.2836389263198	10.04
1052.3370551530927	1004.7033495515768	1121.2930848782971	1145.7877137326113	10.08
1042.3590762118006	1005.233145411956	1121.0604109645424	1139.8171534685637	10.12
1044.4126206102594	1005.2603572089484	1117.013916290738	1143.6417246567808	10.16
1035.9333616546369	1008.7987212658021	1119.7927882380345	1146.5434018576896	10.2
1031.6819117208195	1011.7304722200728	1109.1463241879019	1145.1332038190917	10.24
1027.0681644579643	1014.0533107981114	1112.4769089004517	1124.4698097987396	10.28
1023.6535740242448	1003.9868697776075	1109.7936607582544	1132.341595652598	10.32
1019.343003738744	966.4773492813647	1102.2187505888428	1107.5328539197594	10.36
1030.738778881004	985.0793725966772	1107.7284253091693	1120.8704222642955	10.4
1028.8502219967743	988.5144026481984	1100.4642224476352	1110.1579409762937	10.44
1030.5229536340867	987.2534398171334	1105.9742407862893	1114.3409581946053	10.48
1029.765937886638	990.9299575848133	1101.0835820090495	1113.7739064951713	10.52
1024.237502589508	989.247353463797	1097.750111369218	1117.7521264132772	10.56
1018.5821720554947	987.9928179777506	1089.2127514674842	1095.836820752177	10.6
1011.766510767923	984.7763443244762	1091.673999561424	1105.0053525555804	10.64
1004.882089645863	983.7959184788888	1083.3600294467926	1098.8463253065133	10.68
1000.2944580769108	976.7635642674062	1072.7652007058548	1093.5210488856826	10.72
995.6953509848836	973.4323479011297	1066.8321122740049	1095.2690988651073	10.76
991.5816091551122	966.0905745275417	1058.4290605143635	1084.8569893661715	10.8
983.7151137858457	959.117110984996	1053.0422225320162	1080.537911092675	10.84
977.857816047275	955.9916871004749	1069.3545410856586	1100.2890403841016	10.88
1010.6377937199505	981.5641365393238	1115.0858928583295	1118.9296726852597	10.92
1054.8893135033031	1018.1723149189494	1146.1559370543134	1140.5049916210912	10.96
1092.7740026049491	1055.9553043207677	1150.3008348112542	1151.575637664643	11.0
1107.2661395407197	1079.6964795232489	1143.343276708393	1173.3180698401525	11.04
1116.6840455944368	1088.2806439796716	1144.7926269668264	1174.4654902442053	11.08
1118.928849513831	1074.7995133413674	1139.774211364111	1117.8806124820546	11.12
1111.5403339103445	1067.3839328840331	1135.5213417751331	1112.991015479712	11.16
1109.9495140651286	1065.0356566948612	1135.7529138439397	1147.3548689844758	11.2
1109.6026592423902	1072.0661690426948	1135.2356702777704	1172.833628271125	11.24
1121.532411926667	1086.1467942259878	1138.4418178084359	1140.5586845452212	11.28
1131.0978461777258	1094.3496120651253	1132.7019480764416	1141.9544138336241	11.32
1140.2338908970653	1101.1520694449823	1131.9867217686324	1125.5756856267471	11.36
1157.0261030783065	1110.841485297006	1130.3873548683216	1110.5434977705406	11.4
1170.7340386235273	1125.7834732462381	1125.6094913950244	1095.9516293604868	11.44
1193.741825671632	1157.9970083912879	1135.2985916641355	1097.0002074082752	11.48
1236.4513302834832	1206.171074378127	1127.7827693682916	1098.2216901075708	11.52
1277.6100655539274	1263.2850388142772	1124.6060776580696	1092.9917263768284	11.56
1318.5021383864507	1319.1574103655416	1125.7344277476402	1096.2596845232938	11.6
1363.0013689481416	1365.096997908468	1124.0832834598875	1105.1966052311486	11.64
1398.5733183977577	1419.974165292368	1114.9813929620566	1094.463387557844	11.68
1450.4829279576863	1472.7126960997073	1107.2283398114	1074.4626826248953	11.72
1492.3416717241298	1509.5845561493277	1088.9476509847018	1061.6831743105968	11.76
1538.0625789635187	1537.594993969269	1070.5638952779352	1047.055596698282	11.8
1556.008005173891	1551.084330596114	1052.9986847767218	1028.0710716105714	11.84
1571.6976482454438	1554.4694914142242	1032.02705164014	998.5324078328605	11.88
1563.730672032219	1554.5676389680207	1003.9644081155394	1010.8562692184537	11.92
1566.446650914752	1546.1944151830226	966.610734638431	974.3588089773527	11.96
1553.3526650564786	1541.6192163517983	931.9130895353145	969.2017674783559	12.0
1544.4528201363948	1527.9907196577	893.2159192742523	856.926694558187	12.04
1523.8800711002325	1517.2997585462087	853.6296447344755	843.069717170695	12.08
1504.9744076546708	1493.9847962927909	816.9892884846423	769.4759061126538	12.12
1497.6299478034305	1468.8689038939292	792.733360214407	791.0075504558383	12.16
1503.4135707933376	1453.9131113836493	772.2172261214286	750.3053233207044	12.2
1484.8826017362185	1438.609004267962	750.9462186950365	761.9469593412895	12.24
1471.2429103300242	1424.6310867786103	738.6867617486611	722.6487600009667	12.28
1486.1527991096336	1421.9615130053257	740.8206790633614	706.6852487664659	12.32
1508.0518071349784	1430.276274643229	754.598519970233	739.1407181601916	12.36
1527.1951743930865	1434.404548097081	770.6173463437216	721.1086204655464	12.4
1537.8389790891301	1451.8615340785068	784.4906920110534	738.026335115083	12.44
1556.3813055920464	1486.3881010922366	794.1791865380742	771.1589188809834	12.48
1567.1853755982004	1511.029570402916	799.5724434555453	741.5510768121854	12.52
1551.3394032926137	1508.7460748242152	780.367980847906	768.6225444546332	12.56
1517.060971618276	1482.170392821902	749.9429642035656	742.446530478376	12.6
1471.4976056289208	1443.877014469364	709.0613909045553	657.9707026756042	12.64
1429.1999240776418	1409.35352861965	664.1732608166616	640.5971556882155	12.68
1395.903002356508	1380.5651172688908	631.9614563116871	587.0607637368606	12.72
1377.8750685473908	1360.251107078422	609.2762811764023	598.8383947430061	12.76
1364.973500995887	1347.7095656287065	603.450221286481	580.3467558980126	12.8
1380.276886457261	1348.796729214154	594.2567260448643	576.5859246833128	12.84
1389.6515026439015	1365.1382757671809	596.3123423183542	580.7490019639495	12.88
1412.8132762138312	1391.6082722518913	601.9580881241712	571.3150991671802	12.92
1434.0662714003213	1408.1769596840782	611.3867058003395	567.6451334410862	12.96
1428.2003966006603	1391.8377977950586	621.8986829433675	582.9027867332004	13.0
1376.4626395909954	1342.3124607618108	637.1462037612171	598.7847837597764	13.04
1315.0193538909182	1281.6944211177602	657.127889836752	615.3629476151974	13.08
1261.835715785065	1220.8350910957417	688.8776575630866	676.5548962556969	13.12
1209.2109517966503	1159.1892066991225	720.6543231920813	704.7453804773241	13.16
1156.1524059794256	1107.4275068750092	748.6953039587594	720.1981069955981	13.2
1110.3750251961835	1070.888574079657	776.803697281015	756.263297113253	13.24
1073.008797854869	1045.015852850025	796.9087410176829	787.0906502158055	13.28
1067.6648034758082	1049.1465686946024	802.957553007764	827.7538941937696	13.32
1070.053211736972	1056.408106481887	819.9479433915621	849.0944060860729	13.36
1080.1444502214536	1087.164616574526	837.8268151170304	878.3696642245088	13.4
1100.7035218212975	1100.6295380114586	849.1077242643964	887.6660555693859	13.44
1120.9123463471726	1096.5666771938604	865.4887450062567	916.8398689942414	13.48
1131.3469453946132	1109.368523515797	880.880795821924	901.7229929376825	13.52
1125.7076192074308	1121.3029685512552	883.5681138211228	922.0535885820728	13.56
1120.4449822726217	1116.2571729257925	888.2710012653638	914.6017494863298	13.6
1116.3744858154469	1114.576234933893	892.0935766299182	939.9989350987099	13.64
1113.4870670424016	1118.5511096567466	896.2733141798298	922.6492944972268	13.68
1106.1976017541747	1109.0027638745285	893.9761208993818	931.9805335942358	13.72
1098.1383659959333	1105.5849961509332	892.7099443307994	933.4369781366177	13.76
1090.1676086650039	1117.351124350723	893.9204844742392	915.3312093224151	13.8
1088.558854863669	1122.8574047912716	890.5022664981514	930.9589673961474	13.84
1084.7868447145008	1110.747964707117	893.4172703299255	930.41595935604	13.88
1082.6522764650558	1105.1237686766026	896.2437419459816	930.5776623005078	13.92
1084.406808679968	1109.550786625215	896.3451636938339	946.6248026707913	13.96
1083.3034678564718	1109.3778239911653	896.683340150108	930.2337671493272	14.0
1081.0395024019167	1109.6382969898289	893.0967529200967	942.8935468043737	14.04
1083.5598028721906	1114.2128248326887	897.2592745069966	940.6446065439387	14.08
1085.4635977007074	1105.7332095875693	898.6059794843776	959.3751218260379	14.12
1086.8955116508	1114.6646358815158	901.7270499596849	943.00669498919	14.16
1089.2530129102531	1113.6350103909276	903.1656970063916	970.7483049308083	14.2
1091.0898952251512	1120.0767545790466	905.9150000770942	948.4649533684783	14.24
1087.9740688365584	1113.507350687666	901.9023992025018	971.0961193742943	14.28
1085.2466312078777	1116.8801664578107	900.8550379869699	966.9805761309368	14.32
1086.6459571559278	1120.7240127847604	901.6951668280046	975.9190864377889	14.36
1088.0881553269878	1119.5852409600068	903.8311522693358	965.9367487200644	14.4
1089.9343034404162	1124.4978054770097	908.1078803068062	959.9082358332048	14.44
1091.2066801062244	1123.6815251180997	908.5435853414727	946.6111025463185	14.48
1094.5396141019212	1122.22370630809	909.202948406344	965.175687331026	14.52
1095.066372749932	1121.9181912586052	907.5167505173113	972.4228496729434	14.56
1096.327173610183	1123.93886921605	909.456506151415	963.1673576046452	14.6
1099.8123208554248	1121.453300514393	908.5509068119663	973.3950014060388	14.64
1106.4589848628677	1100.7454909479613	910.5114033374522	959.1460770502582	14.68
1113.2840334446428	1114.9665948203638	910.7496001603329	964.5738834334722	14.72
1139.143951608877	1153.2287887257814	918.9277467864923	959.0052053826427	14.76
1152.2663171112104	1164.4484836427023	927.186309947028	963.0543745478008	14.8
1173.3738151321204	1133.1371924197408	937.8128573806396	968.1331366112032	14.84
1183.9724303980922	1116.184188017182	950.9556389025605	983.8303790435685	14.88
1191.6311115918725	1110.9801220776576	961.7793986587627	995.3225734641372	14.92
1194.0831717388548	1100.025757048216	975.2285070758381	1020.7021399157626	14.96
1201.8223172748224	1083.28055481086	996.7552311036967	1072.5226780121689	15.0
1212.681601266096	1087.6954146266203	1018.1464868818573	1095.035964424312	15.04
1221.4711980231373	1091.7697162041986	1040.4785173938185	1123.344918883969	15.08
1234.9863031344662	1095.8609975494373	1066.2422050949142	1165.8722359906394	15.12
1252.213958777421	1104.387554972811	1088.4500939711127	1156.758328429159	15.16
1264.7193169032746	1103.7777692735062	1095.0591795207336	1165.7715177348014	15.2
1280.0477814094818	1107.4125286987824	1105.8053470804207	1162.3253303348054	15.24
1292.5956796765206	1117.1716366693433	1110.7673010140713	1160.8777569226145	15.28
1291.3748918788833	1118.3502885142436	1119.2082691708474	1167.7043509412533	15.32
1293.6029189361757	1120.881748588214	1132.6966957186455	1177.9264485635354	15.36
1293.781558090634	1124.5850066688274	1140.5137419481011	1179.4755422928922	15.4
1296.1494372757757	1130.703648974757	1146.07317545912	1218.0289835967008	15.44
1298.3099619407215	1135.3205283593659	1150.6984096974882	1233.2893625609984	15.48
1300.7191153738531	1136.5325109700627	1146.5376004557866	1217.879831672329	15.52
1303.9074461134999	1136.4910672032952	1149.2294639182837	1233.9350415582112	15.56
1297.0817675861304	1135.2558774172614	1149.5750619860385	1223.6715097211543	15.6
1302.777746114965	1132.385580415623	1147.7218443139745	1219.70973885252	15.64
1290.583818702789	1132.8299303057538	1148.9015100566512	1218.7987940118078	15.68
1292.868045435151	1129.9857560326616	1149.7703682992844	1228.996104378793	15.72
1286.7358360608546	1129.1334242419691	1146.4299514480076	1212.5378659773787	15.76
1289.2079865123223	1130.617828331296	1139.0758373793783	1208.6344140951708	15.8
1287.9149737364226	1128.9290125049556	1139.7833006135875	1204.1812359867542	15.84
1291.6895264982181	1127.1062020347422	1142.064156073643	1214.406223115011	15.88
1288.2630903522286	1126.954767146583	1139.9781379642636	1213.295252652064	15.92
1284.375471530313	1124.811188681034	1141.6034026388552	1214.729380069918	15.96
1288.2947476644058	1123.6177915441187	1136.553331089629	1210.6896423339742	16.0
1289.3379266527716	1120.3372620512985	1138.146736229778	1196.7259375934764	16.04
1280.8862885544452	1115.1624117582717	1133.250132125976	1224.0194073722512	16.08
1280.0912244730403	1114.0361656355126	1126.5407979140944	1180.7040233786506	16.12
1280.948653933816	1114.746825861751	1134.269461449764	1234.657701146545	16.16
1282.3195071579637	1114.0991786446564	1126.8620139412867	1173.7246676240727	16.2
1285.348220739512	1113.0128159633987	1126.76663343482	1222.702466072086	16.24
1284.472117275976	1113.1642175878917	1125.982684091318	1214.712589694341	16.28
1280.7092715653719	1109.9692715471217	1122.0572586995102	1170.495258962899	16.32
1280.9182234669497	1109.3870850668304	1121.3121641772489	1208.0636908863848	16.36
1274.5473918675423	1106.8553877073534	1122.7048244964278	1179.4702451483888	16.4
1272.4577527924794	1106.0017369654668	1123.8803542138562	1208.9859029613042	16.44
1275.4490772594797	1107.3134303938405	1125.2013915291743	1205.68381775911	16.48
1280.4284007077647	1106.8816841899222	1123.7355441688935	1189.9508668513852	16.52
1278.1766077871514	1106.7565200288348	1116.61960524464	1185.340732808489	16.56
1273.293722127494	1105.3505351152628	1120.220967533373	1207.2788358080027	16.6
1265.8451858796575	1104.4738452867607	1117.7792824976295	1191.4135236032866	16.64
1269.1578101676791	1103.8158170906229	1113.9586853831051	1197.2312341174509	16.68
1269.918842867584	1104.098065609476	1113.7633565138551	1182.0860685851699	16.72
1272.7473779384613	1105.4342929664365	1115.42682653279	1188.2407841989364	16.76
1271.9258244287732	1104.3153138696432	1112.8885271147856	1162.374333708221	16.8
1267.6892216935162	1104.339279120691	1113.6947145772658	1175.4400729712831	16.84
1266.986921244039	1104.3942121898594	1112.4083274262364	1156.9043491442917	16.88
1265.5256843756606	1103.6534598697403	1113.0320155036218	1175.933345078007	16.92
1265.0182337527842	1103.307123448535	1106.8329591237837	1155.1348068697473	16.96
1260.5176196314565	1101.2112298660554	1117.059790309746	1174.7749276392792	17.0
1260.2034723174738	1102.2176197570373	1107.8490627177803	1150.4705738847454	17.04
1256.7682529990739	1100.5913607565085	1108.8259132483684	1173.388941741758	17.08
1267.9865992590258	1098.6928166768705	1106.8102457854757	1167.4673971243897	17.12
1260.324441125553	1098.2547609275605	1110.6768466335272	1158.5596556556734	17.16
1267.5348599759936	1098.705262073839	1105.2052627520193	1181.5676324372255	17.2
1262.4976927355583	1098.9866733385763	1106.913753698116	1151.5477002097493	17.24
1261.1126327197353	1100.6736272158048	1109.505787178453	1171.5207784758886	17.28
1266.376733913369	1101.0543591410476	1106.3623338088476	1166.0936635344929	17.32
1270.5232608164933	1100.5265408591517	1106.9049590100394	1145.609128262177	17.36
1267.7947955907043	1101.7305322504596	1111.656651626283	1183.0889758887504	17.4
1257.8059682014898	1099.9787433549159	1104.281410798202	1140.961511167885	17.44
1269.5871381259615	1100.9390484149008	1112.1153120983172	1168.2394564246074	17.48
1266.6751912873997	1100.7992953389078	1105.696344175177	1169.9293839650943	17.52
1268.9097653009749	1101.8585081890808	1109.1562951740793	1171.9122775920896	17.56
1262.9622971259012	1101.3834997208721	1108.1289169038585	1175.2161463518057	17.6
1265.8088272657667	1099.6446361387261	1109.6436766686359	1156.5461791905318	17.64
1263.5923114916197	1100.4187877313896	1111.6563275656454	1168.995292394391	17.68
1264.1064539993251	1101.9880882559983	1114.0530324814458	1180.632656881376	17.72
1268.4372102693592	1102.1254285251155	1108.7888738334148	1142.3045339615805	17.76
1266.166843874513	1101.7089171472521	1111.8418406070236	1170.012599878427	17.8
1271.8549624813252	1102.7492874521831	1108.5829963143276	1169.0166210988643	17.84
1268.9287386316194	1100.840971562627	1110.9525863876013	1144.8826027423274	17.88
1269.230947728665	1103.3884282332535	1107.542776574912	1164.8427067872667	17.92
1260.5161271926427	1100.8891286970854	1106.6921752026115	1155.7971551403527	17.96
1264.8715398318823	1100.368432822566	1107.0796761261668	1148.2468760829424	18.0
1262.4874076385572	1099.92557271534	1105.3451817689904	1153.8601864139966	18.04
1264.2496175204026	1100.2007880667434	1108.4611512601641	1177.351435121589	18.08
1263.2993377300693	1101.7719442001587	1105.8702563171305	1165.5221810856472	18.12
1269.9432639623979	1102.893180953208	1111.6038380819082	1180.9050978022674	18.16
1261.7770869299252	1102.3887219206908	1106.885093239351	1156.1545592945106	18.2
1265.6586887614874	1103.6741255593013	1108.8714736646036	1168.1344066428042	18.24
1265.6728700253693	1103.759736639407	1112.7806640061353	1174.4910621707118	18.28
1280.8796510337486	1111.3852501820372	1118.4312727624654	1184.6328923569042	18.32
1295.4663631034116	1124.5871249368133	1133.4723590843166	1191.8265549718644	18.36
1299.9072053736347	1142.0111029379188	1146.656317414322	1198.2172300057662	18.4
1315.0354905355932	1158.8789512367212	1170.181929656093	1231.8111727721355	18.44
1326.874330943485	1177.5448946615095	1180.9077496460786	1245.2658064994266	18.48
1341.6941947128028	1192.3421702098058	1190.2748929218587	1264.6192279373292	18.52
1359.3217266769755	1210.4700460586582	1204.446554802653	1274.5232817448123	18.56
1364.223576909212	1226.7919876575784	1221.989385271605	1296.3726421592005	18.6
1375.0099622358525	1247.4318427589974	1242.3264838698162	1331.131835549204	18.64
1393.817536737581	1264.952109709166	1253.9335879420967	1327.863004432631	18.68
1416.5071368138995	1286.017654731279	1271.3457110768622	1353.1461044432492	18.72
1432.21338219199	1306.9988408315608	1293.0475686047546	1379.9633937420087	18.76
1447.005804756759	1323.2529420410076	1303.7698450782716	1390.5716691040564	18.8
1451.3210287734487	1337.0371140188354	1318.009074219248	1406.3975665447408	18.84
1459.935013431194	1352.3607430256927	1327.5072574920885	1423.5589295753819	18.88
1472.2694812681862	1366.044526973825	1339.1070288742128	1423.2021936030803	18.92
1479.1115949622535	1375.49024256323	1352.686701292468	1440.033946486446	18.96
1478.3745805552435	1381.5936525960567	1357.1905798829787	1443.1096499984094	19.0
1480.334140155843	1388.904973900553	1355.714444061553	1440.755664133886	19.04
1486.4494297521642	1390.280901212069	1357.8231982252098	1435.0770943543496	19.08
1477.7651955527526	1391.1414711656569	1358.3244060309007	1439.161116121512	19.12
1486.6569317999777	1392.1348936633592	1358.8921817076027	1440.2685870686423	19.16
1481.3962253687446	1392.6535026622971	1362.8045577348798	1436.51539776929	19.2
1487.4676826398186	1391.388972213035	1360.303821788241	1451.3447847082134	19.24
1484.0867047439676	1393.7904126651063	1365.3428644749981	1448.9870105453315	19.28
1480.8587459214455	1393.923311279763	1363.889312235839	1440.1390547170602	19.32
1485.0183597623936	1392.735114926254	1362.2297703321024	1439.7140294773474	19.36
1482.1297542452949	1395.1156753790078	1362.9302409191519	1444.2987916510149	19.4
1486.4136894534997	1395.615614576218	1362.686955591203	1435.1623251100016	19.44
1479.3518703254724	1394.822509894013	1359.4575894737206	1446.8319563109517	19.48
1484.6074546291577	1394.6320725435032	1362.4931830917214	1447.081749285853	19.52
1481.7621992365694	1390.7675223563836	1361.0075553900197	1449.2408357919883	19.56
1480.151892953696	1389.165437436364	1361.7898602250525	1450.3427887619098	19.6
1483.8599312516862	1388.788597253349	1363.38093934903	1454.4726931537728	19.64
1482.6589727968674	1389.6858511171217	1361.470337669647	1445.7114246981746	19.68
1483.367881356162	1388.5384989654003	1362.5599738597843	1451.521580177265	19.72
1480.6797832618313	1387.804333583455	1359.2459858202633	1443.5236609626493	19.76
1482.2841752004024	1387.4877509147755	1363.2004504235229	1448.147760928008	19.8
1475.1952449150679	1388.977725487507	1360.761712181333	1441.6005783339954	19.84
1475.6528686676743	1389.17892363435	1363.093086741936	1443.2644464192515	19.88
1475.3773678666994	1390.4396342169114	1362.3235941177325	1446.1187987866854	19.92
1473.100791066772	1389.6728765959303	1362.1069629350588	1446.7335423885334	19.96
1476.2211675762767	1391.4413922290087	1362.648783205953	1441.5260657458352	20.0
1484.3309139174817	1394.2582296096004	1362.5976103352086	1448.5967607929124	20.04
1479.0496029990334	1393.5280868248278	1361.9651109104764	1451.998477187002	20.08
1481.7784758442665	1389.0018771289065	1361.2563990891454	1448.7060255900572	20.12
1479.5675779838373	1392.2409931928532	1363.5042606721752	1444.6861044751843	20.16
1479.2035243130908	1391.8897465494351	1363.5715494992214	1439.5084874023867	20.2
1477.7347175062046	1391.254919071483	1362.3834931205913	1443.5012586458722	20.24
1477.9113768282568	1391.0719235313827	1361.3771292495655	1445.3371587854197	20.28
1479.3553883299667	1390.665117682051	1361.1382201758076	1435.8592084491593	20.32
1475.9015523122475	1389.6899111709718	1360.8255298839858	1437.8663055805057	20.36
1480.1350411404205	1389.6175003033868	1362.2617354666302	1432.5774621905393	20.4
1467.9983428835503	1388.4472505674007	1358.3086808316318	1437.0164676745126	20.44
1479.9069844429166	1388.2482533349264	1358.1901275402797	1435.8550339624062	20.48
1473.479293423243	1389.4104481693435	1358.0391446413123	1443.5012651508785	20.52
1477.9031441946095	1388.6398947297967	1357.4887116524208	1442.4429194406955	20.56
1477.0790596058418	1389.6661166338217	1359.3407419832972	1449.289207989376	20.6
1478.7850055995088	1386.0349111658113	1356.676892273109	1448.7411741370622	20.64
1471.343519162704	1386.3206090104507	1359.7319214416184	1455.8347872871732	20.68
1475.0777338909402	1387.2887427941369	1358.7485467967695	1447.2626569188196	20.72
1474.2271084021404	1386.97175796221	1357.5331480963425	1450.559568593153	20.76
1476.5617050619019	1387.9027971899638	1358.5801293072204	1449.643882377128	20.8
1475.0686712434695	1388.2397514471343	1358.6744866298202	1447.104622613618	20.84
1470.4224671616862	1387.723070942093	1358.556726305958	1435.2441956474404	20.88
1473.24920827035	1389.8295135006163	1356.3555391796945	1430.5956929522936	20.92
1472.593581362974	1389.103749298983	1360.2798794507835	1441.9946664551758	20.96
1474.0397746914898	1387.8967046799605	1361.8418467393533	1444.2817124104606	21.0
1474.446723676816	1388.3557970679108	1362.092354008916	1451.1871378305325	21.04
1473.1174970296743	1387.8178435804703	1360.0234105140903	1441.103335679779	21.08
1475.7572799451107	1388.9476542736036	1361.3479138756668	1459.0653337912443	21.12
1471.2847464089582	1387.5276003054503	1361.924424831111	1455.1497230128575	21.16
1474.4949264374166	1388.585822049143	1361.8953083800516	1454.3592528399113	21.2
1477.3886874343639	1387.7135576530504	1362.3785608815335	1447.1054496953648	21.24
1476.2844084096125	1389.5396184520748	1361.1454710881578	1455.3218107719968	21.28
1475.5556497938367	1388.8822353176265	1362.7003627006486	1459.4621256873224	21.32
1475.444100103201	1391.4440770245687	1359.4374027777967	1458.6762835146562	21.36
1474.3951561093327	1394.390009400968	1360.4878964827287	1456.293361145524	21.4
1478.2740500682103	1393.3221647801695	1361.8112549702046	1451.0435775645653	21.44
1478.0834034784516	1392.5893557603927	1359.974586922745	1454.0275807271885	21.48
1476.4980497551066	1389.61617912381	1360.3679241947493	1449.8217233127268	21.52
1477.1155002356643	1390.1312200004547	1360.1650332705565	1449.0506419699357	21.56
1479.0816544888944	1388.7693568797445	1360.9379301888532	1447.2661998764197	21.6
1476.9229269537018	1388.761255156252	1363.1000157429764	1453.5556361696415	21.64
1478.0465727689389	1389.127922895315	1361.5289557080625	1438.9762101331573	21.68
1477.0249519601232	1388.5511594689146	1360.9590944267795	1444.3033722788712	21.72
1478.3613824491497	1391.6373724162584	1357.5021347531451	1435.0379106877838	21.76
1474.2301140966044	1390.6116058816665	1358.5220395484203	1437.9085465071146	21.8
1481.6094641684513	1391.1119204416989	1362.3908828768328	1452.2819966918762	21.84
1479.574854767762	1391.193728544399	1362.2707510587136	1459.5099388050576	21.88
1471.9037087083252	1391.8167042897408	1362.13236643432	1468.1235855893453	21.92
1479.597706210099	1392.4768052865777	1362.4837826990963	1450.8277076158863	21.96
1479.5698012747848	1391.4701785133252	1361.688027564079	1456.2988146050072	22.0
1475.9750973631988	1391.675020799459	1364.1500996287011	1459.1919453216126	22.04
1478.9849314225894	1393.6102938725257	1361.6629948424784	1451.37447855672	22.08
1479.6877920720522	1393.4170708247548	1364.6322007135504	1451.1839370187176	22.12
1479.0803466706282	1391.2444409754182	1366.695364559473	1441.3873949893627	22.16
1479.6222704490765	1391.6127162892376	1365.0240829135785	1445.9589788624	22.2
1482.1467002597976	1391.8553950244407	1363.3620494726053	1442.2345636871926	22.24
1483.8531096059994	1392.1128693357855	1363.6504863781563	1437.0374417211517	22.28
1486.9260519983823	1394.4010950952515	1363.206082143584	1447.0123368946274	22.32
1476.6971522632134	1394.4254151546177	1365.7410183389475	1442.3852143107206	22.36
1480.2841543556028	1394.7673511263338	1368.4589921704478	1450.84923618108	22.4
1483.5804668947203	1393.4956425601124	1363.8787090826736	1452.7108005956259	22.44
1482.727927560475	1391.5734272420937	1362.4497336413488	1446.3911727682794	22.48
1479.212978887806	1393.2062929771698	1366.511576193324	1449.867854692255	22.52
1481.8251143891732	1392.7547689307773	1363.3009107365713	1433.8890893339096	22.56
1474.3002897885876	1393.1280912813709	1364.8066817176787	1437.815038323111	22.6
1480.5119594562723	1391.958869149617	1360.816058520578	1434.1166375257758	22.64
1480.8408960695967	1392.9771539762103	1363.1250168985844	1442.485091570283	22.68
1480.6374392714597	1394.5912507630228	1363.8453854752333	1433.375681879658	22.72
1479.605532283482	1393.113767590888	1363.0219543837027	1433.5079121872	22.76
1475.2081951212872	1394.143236710656	1361.4360284274312	1438.0406981662793	22.8
1480.6132294330534	1391.5404794366395	1363.012266438938	1437.4457197563822	22.84
1481.4102964868837	1391.8181152894097	1360.5567407473661	1439.49731396297	22.88
1473.477972524103	1390.587353056646	1361.0627327274883	1439.1575948742427	22.92
1478.799102496754	1389.772641700565	1359.953991820183	1433.2395934804786	22.96
1475.7814227512383	1393.0938004121685	1364.133754619013	1439.1150782946074	23.0
1479.6785430911127	1392.3431014748014	1361.8716493440288	1435.4036039235577	23.04
1472.538841415239	1391.898232497746	1361.113094591034	1429.2993717221248	23.08
1479.0845137430863	1390.1582930056377	1363.9205940046306	1429.223500717317	23.12
1480.0903619120352	1392.855918793525	1364.3715134954516	1436.6496401533695	23.16
1478.7446138468251	1391.9286776414663	1363.1638670264003	1439.228654815429	23.2
1473.6692004227423	1388.605188522011	1358.4210425308343	1439.408790864057	23.24
1473.338753763757	1389.7165578967981	1359.3277826057565	1446.1967014194702	23.28
1474.2178340376372	1388.8918793074365	1360.6132345143385	1451.6838659167574	23.32
1473.9702257603235	1386.194252639605	1358.3774827501945	1437.8872012503684	23.36
1473.2541337518405	1386.6839301705338	1359.8257660567324	1448.5952730865797	23.4
1475.0220630234835	1385.5432162855905	1360.0859625786807	1454.7372078539056	23.44
1474.061041513293	1384.0488825452471	1357.6833976217456	1451.8056173375192	23.48
1472.4124689744644	1386.6640685990387	1356.7899915487967	1440.0427844358721	23.52
1476.331509515918	1383.8528190090208	1357.02659150688	1435.5769394738072	23.56
1473.0251480198058	1387.4943740748638	1359.2961938335643	1444.188409244758	23.6
1472.078776561309	1384.118650259804	1358.4081541945825	1433.3660858723172	23.64
1470.4045942051766	1386.1626903652536	1358.0439281796262	1440.8529994568055	23.68
1468.3919132223543	1386.2107306592418	1357.4614697295528	1458.378843505122	23.72
1473.5184386111769	1386.8815339887667	1357.7333876437754	1451.3601209733276	23.76
1470.2646798234364	1387.1240344730418	1358.0867298146536	1448.1449588150113	23.8
1473.056808154695	1388.9523365041541	1358.9392548607375	1450.463802201628	23.84
1475.7464889339483	1388.915974448952	1357.3961932034472	1445.0477561631765	23.88
1471.7146050885622	1387.0529439072711	1357.0527967241264	1438.538822233265	23.92
1469.0470677561693	1387.005218767421	1358.1226447168244	1436.7441952649983	23.96
1468.8427091524254	1385.351913098465	1357.6948788626426	1439.5351076340094	24.0
1468.095707970146	1387.4863701681943	1359.5061523323695	1440.6591143006256	24.04
1471.1667943578302	1384.9317089100643	1358.5069892980744	1450.3197491047586	24.08
1471.3747533844257	1387.8701389621242	1357.6386964761418	1443.8907924728785	24.12
1469.6029242663085	1387.85699984379	1357.7952676948255	1440.0254225338447	24.16
1471.5417108782483	1388.2499488320811	1358.7965662209228	1449.9508574688252	24.2
1472.7136564267691	1387.7208445006345	1358.9112146465502	1446.8492402879594	24.24
1466.3825823717411	1387.2777788395047	1353.7431692743985	1422.3973232203357	24.28
1470.385463704351	1386.1547303898076	1355.2697274559769	1442.746282142892	24.32
1469.381120807187	1386.8402826893455	1355.8381192076527	1440.6545885907367	24.36
1470.2337689463843	1382.8175589024386	1356.4821374787891	1444.6976462363466	24.4
1470.0453380025656	1386.021250620965	1355.4066670895438	1446.6331607379568	24.44
1471.1269674390946	1383.7675873789797	1356.8597810789527	1446.0919255340639	24.48
1467.7286459427453	1383.29339611041	1358.4668477227433	1440.554316950614	24.52
1468.296224694687	1383.0273036236918	1355.4502328927188	1442.5452593624395	24.56
1467.7878574793672	1386.2815134853884	1355.1819689551846	1442.9869275365295	24.6
1468.696906916708	1387.3137432879403	1354.5190387277937	1434.8376734611657	24.64
1469.5869694681871	1385.3244589186259	1353.4704180758183	1449.2443573265523	24.68
1470.9297813870257	1387.5789998879984	1353.0084549120013	1444.235823762465	24.72
1469.6300991911794	1384.4122245925348	1354.1247263196103	1444.904318238345	24.76
1468.6811617610015	1385.8516732671933	1352.5594276789025	1438.4281247064857	24.8
1469.3732207301584	1383.5649277311086	1350.8840114453317	1448.7429128941346	24.84
1465.656495583855	1382.4329165865893	1353.6750283749952	1441.3316703533812	24.88
1466.7026681197647	1382.5125342322342	1354.6849153294845	1445.8253640268354	24.92
1468.2049638990484	1382.4347369305574	1352.5563155701661	1439.088642934917	24.96
1456.7332093386983	1380.2771307351106	1354.411386040802	1444.2897797629448	25.0
1463.7439781504183	1378.5930978188092	1351.437713024408	1442.032221248512	25.04
1459.0736444142851	1378.5685639961812	1351.5814415434454	1445.2719056535561	25.08
1454.8931648109487	1376.4997250938031	1350.9449911921295	1439.7193067370463	25.12
1461.799642142806	1380.511099689676	1352.673043965523	1438.7298116774225	25.16
1456.3216781319331	1378.6995181540547	1351.8119691412837	1437.243584930883	25.2
1456.754194658139	1378.0132487563335	1352.7353462262663	1442.7758086725473	25.24
1456.035479129381	1379.3390495509834	1350.0401710943986	1446.0283495796655	25.28
1456.8582827837183	1377.3677030845624	1351.7872979917572	1434.678902478667	25.32
1458.8792393463464	1378.1834440569385	1350.4602015661767	1436.6434560423033	25.36
1456.1205273398466	1378.2348753593083	1350.147841668422	1440.4868666513137	25.4
1460.405519274552	1379.6521908257307	1346.5648794203094	1434.943584796236	25.44
1454.4072608645306	1376.8812009693859	1348.7768467688607	1427.0663830120488	25.48
1458.7095894730592	1377.2394978931882	1350.0083251000121	1435.4570095932281	25.52
1458.2787110999786	1375.5650275380337	1348.8634586068524	1433.3501373970873	25.56
1455.0176518131084	1376.796835858464	1349.7976125703292	1452.4636291354357	25.6
1458.2915887982485	1377.9355629256336	1347.0039829386162	1433.186469139729	25.64
1457.6470627520646	1375.0225324051373	1348.57048161052	1427.2576507300785	25.68
1457.4489895535569	1375.1220856891605	1347.4748168396918	1438.0490762499414	25.72
1459.1400545309803	1376.8885614429191	1345.8636927997948	1424.2414062198243	25.76
1452.2773604266308	1374.050287624865	1347.5835918260484	1432.8132972279698	25.8
1450.952914687307	1376.2019281029532	1349.056673981036	1438.9713179551434	25.84
1452.8019884458001	1374.1482752683467	1349.8142552491242	1438.8439778316267	25.88
1456.1895541248348	1373.315670099258	1345.8161451474762	1434.0523009010951	25.92
1453.0830744543077	1376.5559679126304	1347.8802735627967	1436.0399398266802	25.96
1457.5555759182469	1375.0388805835523	1348.413023241111	1433.0766240385174	26.0
1459.3667794957573	1377.1493052526596	1349.068686946133	1440.804855339048	26.04
1452.4718610475666	1376.4136065289501	1350.484123155022	1435.5091147469373	26.08
1451.2429704489173	1376.9386119420149	1348.7591753765566	1447.4386406499173	26.12
1452.1900150804624	1377.403205340346	1348.6447834139362	1454.1727200569262	26.16
1455.8316823273624	1377.4533778581413	1348.7128172177888	1431.47120480941	26.2
1458.1828887561198	1378.2098684773887	1351.6103172879843	1443.1137143430187	26.24
1458.2490704149066	1378.8336317084847	1350.1939557814123	1455.370181696735	26.28
1455.9263693565172	1376.9390692724728	1352.2184762961638	1431.3138483211908	26.32
1454.5020221278512	1378.797869574322	1351.1156100346436	1441.3994417922806	26.36
1453.495934228632	1377.324811265727	1352.3633588847297	1449.696704710468	26.4
1452.943691885703	1376.241204941726	1349.604753176717	1443.7126273405438	26.44
1461.4940214390851	1377.9752573404687	1349.7923770532386	1436.149613660502	26.48
1457.887852005579	1376.585650749954	1348.420693318189	1433.6692635663094	26.52
1457.208985238875	1374.6625745404156	1346.5589691733994	1424.3924437245323	26.56
1457.4023517695214	1374.0029857230722	1348.6261712848195	1427.7788078417866	26.6
1462.214257597807	1374.2787591964752	1347.54398812572	1423.3556352031958	26.64
1456.5128958260311	1374.9231392309466	1344.018987847987	1424.610021259474	26.68
1454.9812052164814	1374.779525380818	1343.5945560452221	1417.7899960631223	26.72
1451.9451647060878	1370.551897821506	1339.0877507785399	1427.5770349759046	26.76
1447.317439645754	1362.6075029517474	1334.6521442333262	1410.7356307450248	26.8
1432.8345046320617	1356.3934551564014	1326.4924124240142	1397.3686496746775	26.84
1421.4556772420515	1341.2448574202945	1316.791930255903	1391.6192316638537	26.88
1404.53328699113	1322.8043184572318	1304.0649265363031	1371.490389072994	26.92
1382.5461942794302	1304.2883613646577	1284.6789634077352	1360.8670480226392	26.96
1379.0573229037627	1286.3007418479099	1268.0257449147323	1343.7185226554866	27.0
1359.8090433667273	1262.2035515349958	1249.735842552734	1342.764791839618	27.04
1340.3617308918629	1242.069894264566	1227.9412106886107	1336.2195866184675	27.08
1322.3471517469063	1221.862557121299	1209.3091301869504	1309.5542071947038	27.12
1305.688428241216	1200.6203316339556	1195.127167999903	1299.0974329113621	27.16
1284.997330149492	1185.106523356572	1183.2115606039918	1302.0593270572383	27.2
1274.702394023613	1170.4489313011718	1163.1409409295409	1272.2402104316066	27.24
0.0	0.0	1267.8314381422672	1157.9626047513664	27.28
1261.050916790726	1145.533970994455	1138.423037690802	1273.0351872714918	27.32
0.0	0.0	1250.2788435148123	1132.5148694161987	27.36
1238.2940843767385	1121.0264355027075	1122.7854338916602	1232.5202340750516	27.4
1239.2151974934663	1114.0950992439352	1097.1928086441949	1173.2570580822842	27.44
1237.53046721011	1116.0074019797898	1074.2929588442091	1167.5501883378656	27.48
1232.4494141471328	1123.5629331349965	1047.74800468589	1104.8538351585432	27.52
1228.1800229626856	1128.775522978348	1020.4080561842903	1071.7064074621571	27.56
1218.7760419419476	1133.4614323831197	1000.6610322492243	1026.2616565866776	27.6
1209.9633458245337	1131.1847792108545	972.5817525261297	913.817494837466	27.64
1203.6902705234263	1137.1676581434324	953.2892427862773	981.7836905129649	27.68
1191.2672011891864	1131.0330419654529	946.1573279643802	940.0067926545173	27.72
1183.9670659183723	1135.087228136196	940.5216868751751	907.5652514497923	27.76
1172.5760085790212	1139.0642946983216	932.9141063709122	936.1684989250308	27.8
1171.0932737551434	1139.257920903457	927.4938824604754	911.3236604629653	27.84
1166.9384859732484	1137.5472952019534	931.2473175389039	956.6646955442972	27.88
1166.778134225417	1133.8393222969448	934.8110872618687	969.7125437041939	27.92
1164.9418093925372	1129.7890379009443	961.8057689723687	996.8281946229127	27.96
1161.2886311539542	1124.5760784350296	977.1067811728817	997.926053799644	28.0
1155.7451667857895	1119.6431731100827	984.3690943235596	1000.033872982831	28.04
1151.0442181162086	1114.432982380745	989.470609968938	997.4663974371944	28.08
1150.6309517148231	1109.270033920114	992.1832012271923	1028.8354757499972	28.12
1148.305835502141	1104.5650642277783	995.2004513803982	1006.9145058429737	28.16
1142.2556377069463	1103.7563266968432	994.8904378631494	1017.5586886185193	28.2
1138.2316381848007	1097.7766911491956	995.0738516251978	1016.172779806781	28.24
1135.2618422420614	1096.2359020869953	989.086532412248	1009.1433084859937	28.28
1132.173900996326	1090.9683719890752	985.0925040475577	986.5825561625097	28.32
1130.7390669981037	1089.5291275375714	989.6765659427932	988.5264198996836	28.36
1132.6284658203444	1089.319791854829	997.7308459529187	982.33192363065	28.4
1130.598814817858	1087.394098940786	997.4873961196884	985.3224599407789	28.44
1129.6435033272094	1087.200409998497	995.7283652779089	968.8323505780372	28.48
1125.4275081487033	1084.3910026000237	992.273912104072	978.2606371185536	28.52
1122.8991231072155	1082.1170880583898	984.6505769651084	959.742921205457	28.56
1119.9793800752632	1078.8641674329717	983.4606445798122	982.6416926334143	28.6
1121.0257786295165	1077.503497736274	980.0633784231202	959.568389228236	28.64
1119.3417698894118	1076.427407443439	974.8212810372629	971.8872431057919	28.68
1117.0582543794499	1077.0831267261551	978.8995326243623	976.5957389918664	28.72
1120.1396084152823	1076.3575977339162	979.5660286089305	964.6602544777783	28.76
1120.7094825720635	1078.8310845733158	982.6112368930608	984.2307319142799	28.8
1121.736462481242	1079.938178165373	977.8178752819358	963.1224816961927	28.84
1121.1061829203604	1078.337304800703	976.710698729334	979.9596512783463	28.88
1119.562868166063	1080.5161377245113	978.0512122661455	971.7114849260322	28.92
1121.1251588804214	1077.7998671995556	977.2238957345483	960.0247961065564	28.96
1119.811674645324	1079.2011657379473	977.7866728937826	980.0361538217005	29.0
1122.1719417835125	1080.1508053976238	974.5180913651836	963.2019315756191	29.04
1119.6087660878634	1082.4313221963762	975.6164583877771	963.6409402212561	29.08
1117.5859476635674	1081.2735855756416	975.3880053856752	978.1340779278064	29.12
1120.9824561554146	1083.5548238981364	976.6063633122651	967.204724573385	29.16
1119.1359728886061	1080.4835870305872	976.5546655633888	963.7143027386172	29.2
1117.7794141579361	1079.6226989510003	978.8184075147749	958.322912101634	29.24
1119.066657793256	1081.526316403452	975.1391134665976	969.3215731460934	29.28
1122.0514097186824	1082.4303714995533	977.2125323181535	966.2541264161222	29.32
1125.6963256401375	1082.1610214040327	977.6958380421418	971.7370564363074	29.36
1122.7875096100852	1081.4098874161734	975.4819257557917	969.0827064582099	29.4
1121.4304915077166	1084.0149374607497	976.6933197355903	979.7361046869586	29.44
1121.4072238563506	1080.0857839026885	974.9455689188138	955.6102157740654	29.48
1118.630153844087	1080.8451024840954	971.6319776667845	950.9296230423469	29.52
1116.5871524048555	1080.5698968382424	970.0887329833947	955.2703439657698	29.56
1117.1787618018752	1080.1991308557099	974.5416087195008	962.3048351778659	29.6
1120.858305249243	1081.4340557974522	970.0058791372743	964.560523609269	29.64
1119.676108813915	1083.4147876491454	972.0937913795138	964.4331421390644	29.68
1122.4926583659599	1084.80831416101	975.8009373264011	963.4595924772817	29.72
1123.9284066555977	1084.6364256713553	978.6784250227031	958.2905460799602	29.76
1123.0734288893027	1086.569913053165	980.3117652110107	981.0338378802262	29.8
1124.9925596857015	1088.0236623706537	978.2774589726712	960.9475373666401	29.84
1129.2549918457032	1087.8296149707821	980.315909399209	970.9913613493227	29.88
1128.8569131574593	1089.0283210297825	979.6554477195081	963.1996126465523	29.92
1131.0195927001334	1086.4280177709236	979.3047187168514	962.8691156179542	29.96
1129.4819820838513	1086.2118309166087	980.7072129968157	976.8627507325468	30.0
1129.6079186265256	1085.616126796628	979.8342620323689	979.0733953707514	30.04
1128.3939085135341	1087.7893945068806	976.8936034525607	954.6642803046967	30.08
1129.7568157987027	1086.1683692830977	978.6029587229278	958.1760243165871	30.12
1126.6737930306354	1087.702929975762	977.7759695173958	965.9490376086901	30.16
1124.7223060169795	1085.931388368926	975.8001211991316	960.8115829240407	30.2
1120.5907450850655	1085.9066581924958	976.2804574390409	966.0028355340879	30.24
1123.8631886885105	1085.6155792883612	976.6021883770773	961.705744455556	30.28
1124.882366122138	1087.0552284598239	983.1648272885908	980.625033418805	30.32
1124.031598819926	1086.90280225733	980.9459641435694	960.1364201079	30.36
1125.7745472118088	1086.9772186021935	979.2124706298496	958.0679289196515	30.4
1126.813465083805	1086.8706397474905	985.8586513660049	985.679937517383	30.44
1125.635898448912	1088.6166009075866	977.3632269090162	953.4626713729427	30.48
1124.581706477243	1087.9199337851587	980.8353834240959	968.7097203397776	30.52
1125.8581964026987	1089.168680540587	980.2391359295772	962.3518717138722	30.56
1125.7867053038383	1089.8619498621438	980.1455321810897	972.023226034105	30.6
1126.7544802020095	1089.5756697337968	984.3612639166854	974.5116760069924	30.64
1126.785757878911	1088.8182336636112	978.8237414482696	975.427154745726	30.68
1126.425731639026	1093.2172187006902	981.989388793991	976.3005045495926	30.72
1134.657870443163	1095.4892087136996	986.0769748942408	986.942541634129	30.76
1140.869604273125	1105.3762079909782	995.6860340177423	993.6870360104913	30.8
1160.8209381257875	1116.9022294213553	1011.2329816019968	1020.2151028954361	30.84
1186.570524874794	1147.4998763602089	1030.3801312192022	1046.7716111859318	30.88
1205.4994818168523	1181.5322286892922	1071.0801580474642	1071.7332656602364	30.92
1237.556993513323	1231.3364157502472	1105.314263841331	1100.3222468757294	30.96
1275.0067463685648	1278.3043277924287	1138.5488806925864	1150.5756509926355	31.0
1331.5533664688528	1338.9363631721067	1178.6439489065015	1197.403275808774	31.04
1390.3002610182662	1398.6993686537483	1225.1596008934087	1255.6832026975205	31.08
1435.8996622840436	1443.4853507909347	1270.2847528822206	1305.6359948794395	31.12
1478.4536888405319	1486.0238751417844	1333.263251827012	1382.2682537764852	31.16
1538.9224217840742	1529.1620339034857	1393.6644425168627	1435.5025720542699	31.2
1575.4799084671242	1558.9163403089804	1453.54512406148	1454.6534067852758	31.24
1612.8412428549445	1605.4615072371637	1497.0597586128285	1558.0503575522741	31.28
1659.1581665426688	1637.6396424190734	1524.6827793696557	1574.358683319291	31.32
1675.6365336401452	1660.0235075984476	1552.2109526177303	1613.9724931869732	31.36
1694.6655735387715	1645.1552638677329	1569.6298501152032	1655.288879368614	31.4
1713.7190404016633	1674.548754755278	1581.0002063630343	1669.8691205346508	31.44
1734.8507629292694	1686.4246549255583	1601.3827842920507	1673.3317450752145	31.48
1736.8938669386482	1708.2092476323953	1593.363045880266	1620.1778123310273	31.52
1745.1633765529273	1738.9319386150244	1593.1136155084555	1579.487258395873	31.56
1749.6038304084495	1764.8153741328742	1584.2663118332337	1520.888135063928	31.6
1747.0666411980521	1705.5545871451181	1586.760861081307	1488.7183935514452	31.64
1748.85250651295	1665.0533132564688	1598.312221770002	1562.8294968010669	31.68
1755.8157143448939	1704.6372831828094	1610.9553995874335	1566.727203505888	31.72
1749.7194389179774	1659.5919629684738	1626.2994921393033	1579.5074326105048	31.76
1729.3624313720074	1603.5719803707327	1641.5924165901645	1609.4651983612744	31.8
1713.270451505192	1616.42654842522	1662.3560551497455	1651.5383485090024	31.84
1713.9590999905438	1782.7421924791936	1675.3133742542254	1669.5481899106683	31.88
1674.6342832448604	1632.5512626676896	1665.4162287585839	1642.324915151466	31.92
1617.9746021828917	1583.5767103467526	1629.8843415308866	1604.1856325896872	31.96
1567.85138545248	1505.437472533916	1577.4238377052363	1550.1818085379216	32.0
1485.0906307998093	1455.2005375203712	1517.3899231728542	1487.468616483932	32.04
1452.5186841779062	1353.682565853314	1466.3863902910985	1441.5209937533475	32.08
1391.0799936524893	1296.0174203578822	1433.591027344325	1416.97840984519	32.12
1375.9130741610572	1252.3235320105725	1430.590474257728	1412.072990191023	32.16
1305.8656247938366	1264.4810972721768	1451.988446509454	1425.2786940368785	32.2
1252.4309945961352	1184.5303833224866	1489.3000351133567	1458.4981998599799	32.24
1221.0901779590458	1177.5120266841784	1516.4189615651037	1492.100947913546	32.28
1192.4731792693894	1157.7755457883188	1468.8534455430404	1517.632301556943	32.32
1187.3607809414389	1121.661087465259	1483.4155344216442	1541.6438133893678	32.36
1166.334239285118	1108.2397413818542	1482.3989816481928	1550.0074493360748	32.4
0.0	0.0	1422.3645111784222	1529.856673067266	32.44
0.0	0.0	1400.9905451469178	1504.51006316692	32.48
0.0	0.0	1423.8004326415144	1521.9218240148434	32.52
0.0	0.0	1411.535798207983	1518.8018799439517	32.56
0.0	0.0	1383.0757976895293	1519.3724690196175	32.6
0.0	0.0	1395.061022144944	1501.0049580574725	32.64
0.0	0.0	1368.645675333583	1487.711597150952	32.68
0.0	0.0	1373.2068505484815	1439.589998018056	32.72
0.0	0.0	1357.5563560803528	1499.1585641390907	32.76
0.0	0.0	1367.2931444928156	1470.0152235768487	32.8
0.0	0.0	1355.276612545049	1462.758358019823	32.84
0.0	0.0	1360.0366413944296	1466.4212987965197	32.88
0.0	0.0	1354.414516179211	1467.6692521934558	32.92
0.0	0.0	1357.4371759158294	1440.103994374841	32.96
0.0	0.0	1349.2740128556632	1453.0041078951995	33.0
0.0	0.0	1373.8356928080536	1466.593168864656	33.04
0.0	0.0	1362.2729076796145	1432.4725295571468	33.08
0.0	0.0	1351.0777245110328	1467.7242480463235	33.12
0.0	0.0	1360.9096974456654	1460.0606706243223	33.16
0.0	0.0	1358.8998780297534	1452.3435297430622	33.2
0.0	0.0	1364.4761262098987	1454.6855909147173	33.24
0.0	0.0	1369.2417901244746	1458.1338481878445	33.28
0.0	0.0	1348.2611600099588	1461.1890536843525	33.32
0.0	0.0	1347.9581898710858	1450.5970302361834	33.36
0.0	0.0	1357.2543303102475	1442.287370555147	33.4
0.0	0.0	1348.2269959094551	1461.6236725497793	33.44
0.0	0.0	1351.2639169712365	1461.463352415621	33.48
0.0	0.0	1348.0938107537681	1465.4661795798195	33.52
0.0	0.0	1351.1820761933484	1460.3083330334848	33.56
0.0	0.0	1341.8763999734133	1464.1665672356285	33.6
0.0	0.0	1345.8944633566489	1450.0670694931569	33.64
0.0	0.0	1344.423366379441	1465.9709687249792	33.68
0.0	0.0	1355.1034922775334	1456.8073480046235	33.72
0.0	0.0	1348.5071274411414	1464.4340085984868	33.76
0.0	0.0	1357.2922821655532	1444.4496117762208	33.8
0.0	0.0	1353.1929179003243	1469.7996784640793	33.84
0.0	0.0	1345.9863150865963	1462.2917211931187	33.88
0.0	0.0	1339.7916610753034	1431.795791438081	33.92
0.0	0.0	1344.8915961227035	1467.696226192827	33.96
0.0	0.0	1342.580960104296	1442.7723208401771	34.0
0.0	0.0	1350.3602890485229	1464.792792988494	34.04
0.0	0.0	1343.7332836049657	1423.3335451702726	34.08
0.0	0.0	1342.2162710685411	1460.69191264932	34.12
0.0	0.0	1340.457952266137	1456.958947153246	34.16
0.0	0.0	1336.589131146527	1445.7532181897172	34.2
0.0	0.0	1351.108339379879	1437.4817553251132	34.24
0.0	0.0	1347.2759255327223	1440.340976305053	34.28
0.0	0.0	1343.594497646965	1453.5179353988633	34.32
0.0	0.0	1350.357037896779	1451.3811969364704	34.36
0.0	0.0	1358.417080783562	1451.25372273919	34.4
0.0	0.0	1348.4712351652456	1443.403804389491	34.44
0.0	0.0	1353.2696296709128	1467.5085474840732	34.48
0.0	0.0	1352.6071956400851	1441.6553167723066	34.52
0.0	0.0	1352.9961270736073	1446.2670823573287	34.56
0.0	0.0	1350.2923989170904	1449.3841070537494	34.6
0.0	0.0	1343.8264649617709	1442.9545872873446	34.64
0.0	0.0	1350.4983830570925	1453.1452642785544	34.68
0.0	0.0	1351.5852897498514	1461.1714752368225	34.72
0.0	0.0	1351.3852042993437	1432.5843045084328	34.76
0.0	0.0	1352.4376709452165	1464.9155704667387	34.8
0.0	0.0	1353.3627097348601	1431.3995068687207	34.84
0.0	0.0	1349.578959559095	1438.796679134362	34.88
0.0	0.0	1347.3326145469491	1437.8987141337566	34.92
0.0	0.0	1353.6154308180185	1449.287806690175	34.96
0.0	0.0	1348.5106087798647	1430.8443653642228	35.0
0.0	0.0	1347.828594527266	1437.8674952429196	35.04
0.0	0.0	1344.9178267985521	1452.1391697077274	35.08
0.0	0.0	1352.4563389752575	1444.2215500313644	35.12
0.0	0.0	1345.2230229816466	1448.0422241884992	35.16
0.0	0.0	1358.8386511708975	1441.1983916086556	35.2
0.0	0.0	1365.2259967558725	1444.4661080828378	35.24
0.0	0.0	1356.016688798303	1440.9516928747948	35.28
0.0	0.0	1351.222386390435	1447.5715113244598	35.32
0.0	0.0	1357.3866676584735	1442.9071762686822	35.36
0.0	0.0	1365.85110454335	1419.1886528556656	35.4
0.0	0.0	1362.6426614079653	1429.4167857046968	35.44
0.0	0.0	1358.0184493408237	1435.3258945223151	35.48
0.0	0.0	1359.7257593805277	1417.6163888815342	35.52
0.0	0.0	1358.39584499653	1380.0118095494179	35.56
0.0	0.0	961.8497283659095	881.6770927526227	35.6
0.0	0.0	932.5265251554522	869.0775034465951	35.64
0.0	0.0	900.5968936872559	851.3163499532113	35.68
0.0	0.0	877.4730933040454	829.590414887229	35.72
0.0	0.0	851.7726263349177	816.0418663579362	35.76
0.0	0.0	829.0931228072119	812.7896402346671	35.8
0.0	0.0	808.6708293961262	790.0274438067785	35.84
0.0	0.0	785.7244547528915	780.22596413598	35.88
0.0	0.0	771.2913892495039	767.1184868176356	35.92
0.0	0.0	761.9483028347421	769.2267209886012	35.96
0.0	0.0	750.7592427941972	759.5419942097827	36.0
0.0	0.0	736.9415096492656	756.0679059516714	36.04
0.0	0.0	727.5999692093721	753.0284035790421	36.08
0.0	0.0	711.4658588557502	750.0612194982075	36.12
0.0	0.0	702.8614509612828	738.0591547514622	36.16
0.0	0.0	693.1938756138719	741.5931560324168	36.2
0.0	0.0	687.9914639185636	728.098373741897	36.24
0.0	0.0	685.9275710469021	735.1029706220112	36.28
0.0	0.0	681.8653942090818	732.4948667314487	36.32
0.0	0.0	676.3249086945623	728.3515688318937	36.36
0.0	0.0	673.1717085695306	725.7782725476951	36.4
0.0	0.0	677.7676909019805	717.1162810358702	36.44
0.0	0.0	668.8660937679564	713.5032711534125	36.48
0.0	0.0	671.3342984892039	716.0792898380571	36.52
0.0	0.0	670.4673195275728	708.7709578686495	36.56
0.0	0.0	670.9384862275348	714.828025320487	36.6
0.0	0.0	665.2603591022144	708.8430834804668	36.64
0.0	0.0	660.0942495019244	711.6512467581102	36.68
0.0	0.0	657.9670900492093	706.5147887916531	36.72
0.0	0.0	655.5420686783873	705.9336351791729	36.76
0.0	0.0	653.229790503193	709.0522930452632	36.8
0.0	0.0	658.4304649724523	799.6898255643332	36.84
0.0	0.0	645.89759639669	696.262841876062	36.88
0.0	0.0	652.7968288259128	696.3108356228461	36.92
0.0	0.0	646.1894752378364	694.1857386239677	36.96
0.0	0.0	651.4500508785533	763.7807943730485	37.0
0.0	0.0	636.3969828633312	724.9525545954745	37.04
0.0	0.0	642.4921598827882	698.1474336621338	37.08
0.0	0.0	663.6003443002445	800.6974828419898	37.12
0.0	0.0	640.952345454915	702.1368164824314	37.16
0.0	0.0	640.0243551998182	697.8678265821093	37.2
0.0	0.0	640.6720188517112	698.1087537185856	37.24
0.0	0.0	646.629549979108	691.1457059766868	37.28
0.0	0.0	645.5644395523344	699.9039819693181	37.32
0.0	0.0	648.3132520680816	760.4409441782889	37.36
0.0	0.0	634.35108574128	711.8933376332836	37.4
0.0	0.0	637.7871577381301	700.2224139845297	37.44
0.0	0.0	642.6868434483501	703.030086064628	37.48
0.0	0.0	643.796494455083	707.018238066783	37.52
0.0	0.0	641.0693749797914	703.0883448633243	37.56
0.0	0.0	644.0644302025161	706.147595475136	37.6
0.0	0.0	638.6568348021467	703.6695854146908	37.64
0.0	0.0	655.9023995174388	789.580404664658	37.68
0.0	0.0	639.1588106343601	697.8019909605235	37.72
0.0	0.0	646.5205851606846	696.6075318032241	37.76
0.0	0.0	650.5011181271851	766.5510228809388	37.8
0.0	0.0	644.2349259833611	716.7944555986583	37.84
0.0	0.0	641.5866028074782	697.8978043249558	37.88
0.0	0.0	649.4751636921021	768.3799377902944	37.92
0.0	0.0	639.486185954761	726.4986320057744	37.96
0.0	0.0	640.4592927398974	699.8440343304824	38.0
0.0	0.0	652.3084435031369	787.9550193092109	38.04
0.0	0.0	634.0407601739296	723.2434451764138	38.08
0.0	0.0	638.9934180267701	697.3395736234778	38.12
0.0	0.0	637.6219038498385	698.48680652137	38.16
0.0	0.0	632.5234180308213	708.9365860378607	38.2
0.0	0.0	634.6681966488092	691.2881384696667	38.24
0.0	0.0	637.908683573299	687.7778564321894	38.28
0.0	0.0	643.4259434529669	751.1764969252241	38.32
0.0	0.0	630.397503277926	726.9735320112778	38.36
0.0	0.0	640.317625550214	689.2421580292605	38.4
0.0	0.0	645.9846616015648	754.8869904393453	38.44
0.0	0.0	634.9978479593077	707.6675690459984	38.48
0.0	0.0	638.3107490808737	696.8712835367556	38.52
637.0924463420333	694.6156764009166	667.1327555996808	806.379862711952	38.56
0.0	0.0	635.6805116701036	692.4657727075004	38.6
0.0	0.0	665.9735831097382	810.5622240424645	38.64
0.0	0.0	638.2370068705643	694.960474732607	38.68
0.0	0.0	642.419834092341	697.2919435979554	38.72
0.0	0.0	661.4092661597313	788.4301741510784	38.76
0.0	0.0	641.8409956846311	694.3480435809887	38.8
0.0	0.0	642.6340138338786	698.0131450520663	38.84
0.0	0.0	643.7590630121596	694.1001382451981	38.88
0.0	0.0	643.4492903714743	697.9088494259717	38.92
0.0	0.0	646.0582926458892	695.4463892290146	38.96
0.0	0.0	641.9645412089919	698.0375340719801	39.0
0.0	0.0	646.8115718947985	695.1848672490008	39.04
0.0	0.0	644.5766930771869	708.8605621636334	39.08
0.0	0.0	646.5130630634305	704.9915723010686	39.12
0.0	0.0	645.8538027980197	695.2893234289957	39.16
0.0	0.0	641.9698792090508	698.8305400686738	39.2
0.0	0.0	648.3963863423008	696.1630095905202	39.24
0.0	0.0	642.2219587140632	701.5479075457168	39.28
0.0	0.0	652.940861285301	699.343288428879	39.32
0.0	0.0	647.3407593237993	706.035463641042	39.36
0.0	0.0	648.5371529986019	700.1285571141188	39.4
0.0	0.0	653.2050053761353	696.6027200262686	39.44
0.0	0.0	642.0097638890696	702.8609900377404	39.48
0.0	0.0	654.0201480799907	704.5968091967651	39.52
0.0	0.0	645.6956111826822	696.6735717268805	39.56
0.0	0.0	651.3162037168321	704.4262105040275	39.6
0.0	0.0	644.7393860812905	701.7794700305443	39.64
0.0	0.0	649.6855547392443	702.1855457550362	39.68
0.0	0.0	646.4043406691393	703.1332407169717	39.72
0.0	0.0	648.9128235639291	701.3672163657695	39.76
0.0	0.0	651.9618886028632	699.321756571043	39.8
0.0	0.0	647.8478107520899	704.629964271715	39.84
0.0	0.0	649.702000128553	702.5858524024616	39.88
0.0	0.0	645.8667268498301	696.9511802946905	39.92
0.0	0.0	650.4740098348359	706.5703793485281	39.96
0.0	0.0	652.4748214133965	710.2374492558085	40.0
0.0	0.0	647.5161790034948	707.1266329531127	40.04
0.0	0.0	652.1135063391714	704.8692693309794	40.08
0.0	0.0	650.435089155334	711.9340389904735	40.12
0.0	0.0	655.7980959818477	706.5499195814346	40.16
0.0	0.0	654.9366843615264	707.5403521514538	40.2
0.0	0.0	651.6297777076544	709.8995564765123	40.24
0.0	0.0	652.8068296875016	709.7877006928907	40.28
0.0	0.0	657.9700537509041	709.5041217248847	40.32
0.0	0.0	655.1417833247781	718.3824958811126	40.36
0.0	0.0	659.0977094899273	708.4560930138216	40.4
0.0	0.0	656.6771109037244	706.1233264345243	40.44
0.0	0.0	660.2322974202763	708.5222443566034	40.48
0.0	0.0	658.4946749854751	707.1472251224817	40.52
0.0	0.0	654.342227606497	709.133432917826	40.56
0.0	0.0	656.2311301609808	704.9419747281562	40.6
0.0	0.0	657.3220120668614	705.1729292094667	40.64
0.0	0.0	666.7166545720675	774.35143814605	40.68
0.0	0.0	660.3269024309018	705.7574347710078	40.72
0.0	0.0	679.5763889027293	802.2059377855267	40.76
0.0	0.0	663.0984230111997	708.7480689147873	40.8
0.0	0.0	663.0135258169117	710.4203324811775	40.84
0.0	0.0	667.3266163493728	709.6774600997	40.88
0.0	0.0	667.4385782290925	716.0844223616918	40.92
0.0	0.0	668.383341343356	710.9982329773934	40.96
0.0	0.0	663.491523385444	713.1201687647407	41.0
0.0	0.0	668.2250090024281	712.10678602727	41.04
0.0	0.0	667.4329527687731	717.3674778345769	41.08
0.0	0.0	668.033885569992	714.4171540198201	41.12
0.0	0.0	672.3092015315632	709.6780873833771	41.16
0.0	0.0	671.1564590747529	721.523103737769	41.2
0.0	0.0	669.7849348661074	719.0669839408188	41.24
0.0	0.0	673.1113805405857	717.0552891664876	41.28
0.0	0.0	667.4584697412023	722.3399942196221	41.32
0.0	0.0	668.7072940997496	724.8753348753442	41.36
0.0	0.0	670.8577872714529	712.9142356733836	41.4
0.0	0.0	668.0354651998181	715.9684725478585	41.44
0.0	0.0	666.7962730279959	714.19736164438	41.48
0.0	0.0	664.6642127433171	712.0341047240123	41.52
0.0	0.0	667.8877706059736	716.6121740342678	41.56
0.0	0.0	666.2272576068567	720.4418810000526	41.6
0.0	0.0	670.8347139330967	709.4494703244843	41.64
0.0	0.0	665.574168966164	718.180002044057	41.68
0.0	0.0	669.4687674251742	715.9635988800756	41.72
0.0	0.0	666.181630722139	719.1289322923012	41.76
0.0	0.0	666.361705997844	712.9641438319599	41.8
0.0	0.0	665.3970500017605	718.0016897118327	41.84
0.0	0.0	666.9179841339244	713.8040330189792	41.88
0.0	0.0	668.3304286454105	720.4070256266915	41.92
0.0	0.0	667.333363378943	719.0243635869122	41.96
0.0	0.0	667.0584923597304	717.6335094779896	42.0
0.0	0.0	667.1537386695057	715.1484477974719	42.04
0.0	0.0	663.7919640102988	720.0272405522967	42.08
0.0	0.0	665.399165591638	713.6632175494339	42.12
0.0	0.0	668.2749748385165	714.2549366149168	42.16
0.0	0.0	664.8118649816461	715.954556081711	42.2
0.0	0.0	669.7229441467177	716.6613406608034	42.24
0.0	0.0	665.1711559182442	709.259578944746	42.28
0.0	0.0	667.9921913529564	718.2414672279067	42.32
0.0	0.0	659.1259375166728	720.8969795668335	42.36
0.0	0.0	661.3993133734103	714.9095759030737	42.4
0.0	0.0	666.9809966919308	711.8956724425958	42.44
0.0	0.0	667.2966809158507	716.0607138760544	42.48
0.0	0.0	662.1525455971635	717.7307957961756	42.52
0.0	0.0	664.8350988635647	712.1241476954297	42.56
0.0	0.0	660.538753058788	713.3056988837498	42.6
0.0	0.0	664.679152204657	708.8014736552535	42.64
0.0	0.0	663.2795240784019	718.876301292353	42.68
0.0	0.0	661.1296236776119	711.2751431815664	42.72
0.0	0.0	663.3034951945943	713.0059925015773	42.76
0.0	0.0	662.3155059271046	709.4628558530101	42.8
0.0	0.0	663.0660975552779	710.6902452715425	42.84
0.0	0.0	661.4016943853858	712.7647104065641	42.88
0.0	0.0	659.2017833316261	713.4932161315054	42.92
0.0	0.0	662.6898986843125	709.3169721896644	42.96
0.0	0.0	660.3868386301784	717.7417091299964	43.0
0.0	0.0	660.7437682243087	711.5108233479859	43.04
0.0	0.0	664.518272768977	707.5326859909737	43.08
0.0	0.0	663.7120260667684	717.7069804786781	43.12
0.0	0.0	664.2774973206022	706.7196867723917	43.16
0.0	0.0	662.8463962858299	709.7849674400017	43.2
0.0	0.0	659.9993025023326	716.7792537037221	43.24
0.0	0.0	659.1817015542132	710.4619974382963	43.28
0.0	0.0	658.8647922035528	708.1553417240917	43.32
0.0	0.0	657.0189606425309	718.5611993900465	43.36
0.0	0.0	659.4398866102637	715.9882522942197	43.4
0.0	0.0	653.3989138841395	707.8456410637176	43.44
0.0	0.0	660.818183745314	711.462917283382	43.48
0.0	0.0	664.6984559430892	772.0085501974152	43.52
0.0	0.0	651.4399666247926	728.4510846917826	43.56
0.0	0.0	659.3047319838882	710.4571971846051	43.6
0.0	0.0	657.5654232321573	756.7967576061426	43.64
0.0	0.0	655.270775465324	709.6854510930169	43.68
0.0	0.0	655.9046850631271	761.540817679472	43.72
0.0	0.0	653.6356118519741	704.9189521155361	43.76
0.0	0.0	650.2979391642665	764.5830260658688	43.8
0.0	0.0	653.1903679463989	700.5752252663581	43.84
0.0	0.0	651.5263283906144	702.1062146039953	43.88
0.0	0.0	651.1145073027518	702.2930792495096	43.92
0.0	0.0	651.0129239047781	701.7267260903945	43.96
0.0	0.0	649.5498304538711	699.4252742153908	44.0
0.0	0.0	651.6443433289062	706.5067067379734	44.04
0.0	0.0	654.1488612827746	707.3395796814766	44.08
0.0	0.0	653.3887080254842	706.581921769574	44.12
0.0	0.0	650.2706948746574	704.9573719368803	44.16
0.0	0.0	651.6644302116454	707.8364018961978	44.2
0.0	0.0	648.4959089120123	705.8731641672338	44.24
0.0	0.0	648.9554463067885	709.5337606941036	44.28
0.0	0.0	653.1575157888776	702.083762103647	44.32
0.0	0.0	648.6050628743982	709.1324390747257	44.36
0.0	0.0	650.7966490437617	704.6478762242755	44.4
0.0	0.0	650.8649416513397	709.5777146439558	44.44
0.0	0.0	652.2653353703658	710.3739795812116	44.48
0.0	0.0	653.164477290784	702.6294340330808	44.52
0.0	0.0	652.4255309598497	701.2491200330836	44.56
0.0	0.0	648.9113119325585	707.0116638679683	44.6
0.0	0.0	650.2570628336199	702.4218527723582	44.64
0.0	0.0	652.9875133409498	697.0619190130958	44.68
0.0	0.0	651.6029752024401	706.9556056880318	44.72
0.0	0.0	649.5416627288029	709.367910484968	44.76
0.0	0.0	650.5989324827688	703.5669586885884	44.8
0.0	0.0	651.4125638042494	707.1074946497654	44.84
0.0	0.0	649.3913889753997	758.4043414556319	44.88
0.0	0.0	652.1822877400572	698.2476519512551	44.92
0.0	0.0	646.9078622073237	703.055947806792	44.96
0.0	0.0	645.7850468405858	708.1643994198133	45.0
0.0	0.0	649.4679720429707	709.9292530040528	45.04
0.0	0.0	648.3771025484059	703.6988917461172	45.08
0.0	0.0	652.2551875454038	702.5379310458891	45.12
0.0	0.0	646.7379251255305	707.1267272257128	45.16
0.0	0.0	647.0258153168685	701.4941181757538	45.2
0.0	0.0	659.1678550493233	792.5814189093256	45.24
0.0	0.0	649.1692041526264	705.9568994469665	45.28
0.0	0.0	651.7902174281239	749.3861386370487	45.32
0.0	0.0	645.944186565232	702.2407107436611	45.36
0.0	0.0	649.325344223128	703.2297214133316	45.4
0.0	0.0	648.1497718769082	699.1474313379445	45.44
0.0	0.0	648.4689829893102	709.2801907437246	45.48
0.0	0.0	651.0324125995904	707.3373074816067	45.52
0.0	0.0	652.7701512155556	705.1199294708745	45.56
0.0	0.0	661.1786366814297	713.5760720991723	45.6
0.0	0.0	661.6253803070753	714.0677945871348	45.64
0.0	0.0	670.4337629083774	714.7025977000783	45.68
0.0	0.0	680.9486840859055	727.8957225663115	45.72
0.0	0.0	687.558807013466	727.4469039458357	45.76
0.0	0.0	701.3736231580687	739.2581032690979	45.8
0.0	0.0	708.5708220128328	752.6774528490829	45.84
0.0	0.0	726.1350772279794	768.4060965585763	45.88
0.0	0.0	738.8156908401401	779.1601424861933	45.92
0.0	0.0	756.1408612078619	780.37040292092	45.96
0.0	0.0	776.8979217097586	778.7427818875309	46.0
0.0	0.0	795.3659932250998	796.2880119333603	46.04
0.0	0.0	806.4046887733347	819.3341294708655	46.08
0.0	0.0	823.2086262790642	825.8244725216772	46.12
0.0	0.0	844.2952347427022	851.8421217388103	46.16
0.0	0.0	862.3282713142398	857.515089673355	46.2
0.0	0.0	878.5209757114314	878.940404002679	46.24
0.0	0.0	891.074005249206	884.8637607302995	46.28
0.0	0.0	905.349887990521	900.9270825699269	46.32
923.0329598026154	907.9131289607238	1337.8558935339377	1145.2668969346314	46.36
932.2848725307229	898.09477968153	1326.7473178373984	1141.4424395252513	46.4
934.38796020674	922.4373745409995	1325.1409111536016	1146.9369379218645	46.44
940.5875192494819	935.6020631416804	1326.7169308356438	1154.316126794248	46.48
938.1725687058546	936.0567564821155	1324.3589626141481	1156.6895805086328	46.52
943.411194830818	941.5381729646482	1321.6020792903084	1157.4058194837426	46.56
936.4581060216299	931.6904302775832	1314.500107315818	1155.5905836920094	46.6
925.5152454104185	925.0640045411789	1310.6105266709853	1151.2734628916076	46.64
917.3309957039112	907.8055048626833	1305.4880670157927	1151.1884616850325	46.68
908.6752866986936	894.963367486257	1305.9270092962697	1146.3285826891758	46.72
909.0541882532634	899.8065682015161	1304.1383858774889	1148.2965447318838	46.76
905.5341418885159	895.798745803794	1302.9381139765303	1148.6200102817334	46.8
901.1468551501686	896.83149080178	1305.824015917599	1147.8980329076358	46.84
905.3978457320812	906.7120866044709	1307.1537838140562	1148.8108020413447	46.88
909.5997491094147	909.2637838310465	1302.805987507774	1146.9852437944253	46.92
913.9507978076206	907.2532109115364	1300.3972064624513	1145.9828520296194	46.96
915.8749183463281	902.5630167929021	1300.0364999218407	1147.8442000719724	47.0
921.8052648060414	912.4138880829547	1300.625920007499	1149.759328010618	47.04
939.6900086499121	921.1357479419263	1298.1447576894495	1152.7506613908731	47.08
937.7323182302241	898.6027524977028	1297.4374030285207	1155.215136585743	47.12
924.340481471664	911.7112851494101	1307.4149933871204	1167.920664558867	47.16
935.0811834792434	920.5504889862575	1319.0113507649698	1178.6130550818584	47.2
971.3683897767818	969.9679499708596	1348.748405109932	1225.7399572877341	47.24
959.9396021882922	995.702494492668	1383.2212985554047	1286.6880640981944	47.28
971.1499692064249	1058.9259077394208	1418.9543665174194	1352.4954506986662	47.32
0.0	0.0	1439.4678954603569	1375.5188426096151	47.36
989.8692279709962	1111.5441179690283	1437.618647009772	1394.6139314693958	47.4
1003.5141967584891	1124.5746952863808	1413.4533494727193	1382.5208909060902	47.44
1024.798566196589	1136.3119615727308	1371.9774193815078	1350.732424621136	47.48
1010.0109839512435	1138.7766503351172	1323.1675258506334	1310.17316445085	47.52
1003.4674049041423	1137.214294698425	1276.4031034871734	1282.4359833679528	47.56
1012.4045037003524	1127.824727169524	1234.876587339755	1247.924002098579	47.6
1025.431212877669	1129.4280541485348	1202.4382992734047	1212.6294399908095	47.64
1054.3413809584747	1142.4637211860747	1182.3138036816174	1190.838945863914	47.68
1074.6020186097428	1154.3986413663047	1168.2898259981189	1165.5582143762742	47.72
1101.7506775836669	1183.6290680259385	1152.9130914960522	1170.8797215247614	47.76
1140.3969881627927	1206.2966631944198	1155.6848124474184	1185.3927465870645	47.8
1156.9233013059218	1227.8531280434818	1151.170432725393	1171.466219536133	47.84
1168.8260759321968	1244.142170555117	1155.8971711841043	1208.2443526766822	47.88
1160.691906565477	1210.4552191392527	1167.6325187341051	1197.2176226262216	47.92
0.0	0.0	1180.334728710292	1261.330127106061	47.96
0.0	0.0	1196.7833793072596	1241.2680833395966	48.0
0.0	0.0	1198.281939872321	1240.8616584090917	48.04
0.0	0.0	1197.9568568895907	1248.2096740527074	48.08
0.0	0.0	1213.1188234493513	1262.4843382701997	48.12
0.0	0.0	1218.723496946132	1252.7241587466037	48.16
0.0	0.0	1195.820410492541	1250.5376589694079	48.2
0.0	0.0	1190.6193867341551	1238.948155372062	48.24
0.0	0.0	1188.1003693712323	1210.4363670184723	48.28
0.0	0.0	1186.645554879528	1181.989677849379	48.32
0.0	0.0	1179.4433815876328	1136.5037821005324	48.36
0.0	0.0	1174.6492699316007	1122.0365470122535	48.4
0.0	0.0	1165.3165132573708	1113.944359866071	48.44
1165.7653471507538	1118.0730517070328	836.1977877457512	897.4081324363244	48.48
1172.536112468603	1129.3897240320882	787.4480721429035	821.9354233189931	48.52
1172.9472131530829	1128.3616058820398	750.1665550891195	780.7212060539641	48.56
1184.3716783421735	1138.389172036082	718.8384243003588	746.7599494864921	48.6
1205.5101339706669	1163.3164232177635	700.1259166600099	702.0043269805792	48.64
1233.8121336854788	1201.86621804796	690.0821127159351	704.0778937557415	48.68
1258.1816803893976	1234.6583383472885	679.1081017921238	684.8332739192206	48.72
1289.9738445647108	1253.2418680332148	655.3027347307457	667.1604648444147	48.76
1279.9129750515826	1245.1217228408436	641.301678714727	645.6328836189317	48.8
1270.7116670660826	1215.0441673162723	631.2387285425698	648.268110107866	48.84
1258.5071129748023	1185.3923558007089	628.7744579885419	637.1795943607956	48.88
1239.2315092143979	1158.683505930085	623.5226064513183	632.1168174382651	48.92
1221.5198951572968	1146.2067922674241	618.9819932899189	623.3134557145532	48.96
1215.9071225894413	1141.4379627216622	619.5227634719324	629.3918837542219	49.0
1212.857318328189	1145.4054548709273	618.5352206153475	627.4347283730904	49.04
