Thumb_R	Index_R	Thumb_L	Index_L	Time
0.0	0.0	0.0	0.0	0.04
0.0	0.0	0.0	0.0	0.08
0.0	0.0	0.0	0.0	0.12
0.0	0.0	0.0	0.0	0.16
0.0	0.0	0.0	0.0	0.2
0.0	0.0	0.0	0.0	0.24
0.0	0.0	0.0	0.0	0.28
0.0	0.0	0.0	0.0	0.32
0.0	0.0	0.0	0.0	0.36
0.0	0.0	0.0	0.0	0.4
0.0	0.0	0.0	0.0	0.44
0.0	0.0	0.0	0.0	0.48
0.0	0.0	0.0	0.0	0.52
0.0	0.0	0.0	0.0	0.56
0.0	0.0	0.0	0.0	0.6
0.0	0.0	0.0	0.0	0.64
0.0	0.0	0.0	0.0	0.68
0.0	0.0	0.0	0.0	0.72
0.0	0.0	0.0	0.0	0.76
0.0	0.0	0.0	0.0	0.8
0.0	0.0	0.0	0.0	0.84
0.0	0.0	0.0	0.0	0.88
0.0	0.0	0.0	0.0	0.92
0.0	0.0	0.0	0.0	0.96
0.0	0.0	0.0	0.0	1.0
0.0	0.0	0.0	0.0	1.04
0.0	0.0	0.0	0.0	1.08
0.0	0.0	0.0	0.0	1.12
0.0	0.0	0.0	0.0	1.16
0.0	0.0	0.0	0.0	1.2
0.0	0.0	0.0	0.0	1.24
0.0	0.0	0.0	0.0	1.28
0.0	0.0	0.0	0.0	1.32
0.0	0.0	0.0	0.0	1.36
0.0	0.0	0.0	0.0	1.4
0.0	0.0	1395.1971362269142	1365.0229169687623	1.44
0.0	0.0	1258.3362306748224	1244.8449427597145	1.48
0.0	0.0	1199.4455672084687	1166.517954558612	1.52
0.0	0.0	1129.2684898895654	1140.4141540967787	1.56
0.0	0.0	1173.1915226083995	1135.8078627629843	1.6
0.0	0.0	1184.9382927215493	1153.6183470001342	1.64
0.0	0.0	1210.7322558296105	1172.9166109907103	1.68
0.0	0.0	1244.6126221742338	1202.6847018070332	1.72
0.0	0.0	1253.5588845016316	1224.61649817167	1.76
0.0	0.0	1262.3700480617235	1239.2551874085727	1.8
0.0	0.0	1241.9866689452185	1236.0149058116017	1.84
1242.3655073525317	1212.26523861273	1148.4309255238027	1144.9880113520196	1.88
1221.5080421042994	1196.8367135321434	1113.7083048409118	1115.7232552165601	1.92
1203.110719839613	1181.877309966111	1097.3213070045704	1088.5194157799467	1.96
1190.2346704145352	1170.6507204701804	1087.5282038398882	1087.4342908267354	2.0
1174.4471430856304	1158.8491598382152	1070.7655950150947	1090.392662022454	2.04
1158.5695013660904	1140.2657731013464	1064.7213773934634	1099.8679839549347	2.08
1129.5288613252017	1141.674713726311	1076.1938679313876	1176.1333919004846	2.12
1112.709634595897	1113.820803746885	1071.107278028843	1217.0337548006864	2.16
1097.2899595902193	1097.7527878612307	1065.4807174605814	1223.0771164329578	2.2
1084.853745554927	1100.7712094609976	1066.540445297974	1195.655262530784	2.24
1084.2784396462123	1087.3135917191946	1058.459681548347	1181.9389501569226	2.28
1086.7240933822482	1086.1611387653734	1040.9969953175462	1099.4666804876722	2.32
1087.3900821958798	1107.6259103765512	1027.5193622391666	1060.554087739596	2.36
1089.8656296093982	1117.5544927468957	1031.259951151245	1089.5506440096274	2.4
1095.0494427562498	1128.1142822770507	1034.716996780631	1100.5204182904245	2.44
1092.0796963328191	1108.8328658225225	1039.0815806885641	1101.2060090654961	2.48
1068.1815543260032	1092.379665787426	1047.7818467281793	1117.9708843286455	2.52
1038.1583530556884	1051.7748379949455	1045.0186850216942	1114.9096924092012	2.56
1028.7012124024168	1036.685349239513	1037.6976630673125	1119.0493323370317	2.6
1011.1779625679567	1035.936007187855	1022.4823983467079	1106.2876507237618	2.64
1002.6044866204292	1021.7718851499496	1017.0156876007826	1088.9837392225515	2.68
1014.5588333172361	1018.0133316770914	1020.6262940508798	1099.5401813734982	2.72
1048.3465399666238	1063.528249821684	1024.947843115862	1094.5946912973877	2.76
0.0	0.0	990.6162954110476	1038.6131014214761	2.8
1116.312632461325	1085.2487900984502	925.8730469700665	972.2897132554483	2.84
1098.9326256650584	1080.960840011159	859.3952869686473	869.6071895325827	2.88
1072.9626158190572	1065.023268903293	785.9318314621403	756.6854562856222	2.92
1036.3451955657922	1078.377010866648	712.382409722906	639.7424104749119	2.96
1060.4467693774102	1071.9920114090157	651.3010226053605	574.464980097076	3.0
1080.9506838527375	1086.9960936050818	577.5453314974333	490.5957732780592	3.04
1091.4514196892867	1108.533494459254	501.6624489303594	397.70492871107626	3.08
1093.9477575198991	1114.8648789880442	420.20540415939115	348.7292762302204	3.12
1102.0118986838584	1117.9970774652181	358.0166793767177	251.46997427006087	3.16
1107.8603144678655	1118.1899397664347	287.13355171209594	275.27703700975246	3.2
0.0	0.0	1116.137925331096	1123.4240846340924	3.24
0.0	0.0	1109.9050786378045	1117.018106425358	3.28
0.0	0.0	1104.9548161744528	1113.2654279606415	3.32
0.0	0.0	1101.81440091465	1113.8094210049055	3.36
0.0	0.0	1099.5642636582957	1119.6472533300505	3.4
0.0	0.0	1101.6589166296435	1132.2178291090506	3.44
0.0	0.0	1117.563895820207	1145.2819339523453	3.48
0.0	0.0	1117.027335132352	1155.36800473867	3.52
0.0	0.0	1132.0526373349167	1156.138859548909	3.56
0.0	0.0	1152.7960717650017	1168.7559781793839	3.6
0.0	0.0	1166.9919621048816	1185.3434190437983	3.64
0.0	0.0	1175.996822059108	1183.468772721619	3.68
1179.477747091665	1176.132733512025	562.0562327438608	474.6029900447088	3.72
1143.8214164603676	1140.1492899774498	601.663364211225	584.7031502370867	3.76
1097.659050334699	1092.5151855928025	634.1395110162134	615.3182894901769	3.8
1062.1431610684717	1053.9577163737408	665.3082254513617	663.8010528031226	3.84
1035.3449608279634	1017.6592275187342	696.6243258081806	703.2657095088753	3.88
1030.6481303827727	995.1263131808287	731.078746185901	756.7342662716646	3.92
1022.9958400855865	1001.564044540865	765.6164989337808	783.045557871138	3.96
1031.2165859760798	1010.0197376586583	808.7194558659075	839.1602235675932	4.0
1048.6906450337744	1028.3652090983317	853.8308393844953	876.3197664145362	4.04
1080.5766671695135	1065.507967098694	903.5261531151351	902.8492967475247	4.08
1119.2386947325904	1103.4789787529546	949.8215514064232	955.4204816093021	4.12
1150.8533894936672	1136.747392519253	984.8463574982787	975.5375806166362	4.16
1161.6160920765808	1151.8832411620185	1000.2700286676139	998.1299475803061	4.2
1163.2404599312185	1151.169549190708	996.8585408854588	1004.7820853102403	4.24
1151.2784356012435	1139.4428745241794	989.1925515108478	1001.8491762271266	4.28
1138.43843644729	1122.6429154633079	974.6419720778592	986.2389390143087	4.32
1123.7647390799668	1107.5590315800173	955.14920993085	962.5362967507365	4.36
1111.9910924536136	1093.5962495346485	941.039855246715	950.761423131518	4.4
1102.2077175816298	1082.2197430265942	928.0387343687482	931.2629461732536	4.44
1094.925633894444	1079.488599184154	923.4069370588235	937.2621364979432	4.48
1095.2820241417573	1078.3862205511452	917.8038187235306	939.3124712104471	4.52
1089.8966608962162	1075.9626389064358	915.7718646909507	939.5610804590559	4.56
1085.9673022414515	1071.7004772346684	913.2442392756393	935.6531546978406	4.6
1083.8063901553476	1068.1543335339281	908.0969418647228	930.9302234008188	4.64
1079.32014382026	1065.6714758788096	907.1707744755095	930.7979528117019	4.68
1079.027757045417	1064.9046767762675	903.9510007576488	927.6050320532023	4.72
1079.8420015745326	1065.2530063225909	903.1746007224106	931.2475545706719	4.76
1080.7894842640153	1066.1468407826344	904.6791546127483	925.3727286253046	4.8
1084.347949297877	1064.852001099217	905.4912987087055	927.271751026801	4.84
1086.9016223726767	1067.0517338694217	909.3039207228471	924.7653033359451	4.88
1090.6303128598868	1072.2324748507979	913.2770244004256	928.7298580783078	4.92
1097.452387607945	1078.7767520077446	919.2100028112851	931.593759367444	4.96
1099.2823318625724	1082.2564079262547	921.5407570220138	933.4894496237678	5.0
1098.1675754698751	1084.5482351861638	919.9862810177734	932.3352076731874	5.04
1100.4260830892422	1084.1442815073644	922.0199349359407	931.9582656256405	5.08
1099.0390797969528	1086.0533373971634	920.6493491021404	928.2230321892221	5.12
1100.9692064753194	1081.6780198038775	923.1237211272764	929.3566170604934	5.16
1100.731585469434	1081.9378818901162	922.5646415413403	934.7755200454517	5.2
1099.7740679197934	1081.6762761544417	921.1367172830157	930.731330468	5.24
1103.3577754360354	1084.871180253229	924.6141958599488	940.036874258643	5.28
1104.091118626524	1089.9897199045613	924.4434781311146	937.3636718416988	5.32
1103.8490971252743	1091.1250794742916	922.702280243103	936.4475429067978	5.36
1104.0040250449906	1083.6015966436346	912.5227889633408	927.2473871764304	5.4
1112.899303096646	1070.0770393344137	911.3452758960307	903.3318491629125	5.44
1132.8456432718883	1057.441556972374	908.4552065734913	895.3328391678898	5.48
1153.0283947871385	1042.8526165330993	908.8922298149978	912.5329405018539	5.52
1178.2286840614095	1027.0024759394187	924.7102206761383	949.4690542060247	5.56
1196.1617834533433	1021.0196568003257	940.9468278503082	951.0117301628949	5.6
1204.46193304305	1023.3478032610199	973.3913759891637	963.121904025616	5.64
1211.259565506721	1029.1791216404852	1005.3681228167592	994.0314211728416	5.68
1204.0453096242265	1031.4221757252983	1035.326485771776	1014.8329242806968	5.72
1207.7059922537887	1027.622752532847	1060.1154536595463	1048.027957879012	5.76
1219.265494028086	1032.6234678597798	1085.5788839086995	1084.9692662558184	5.8
1227.6388338184463	1039.493535235269	1103.769177159671	1115.4029396194026	5.84
1231.8931556719083	1053.407316407077	1121.3976862433872	1120.469612373582	5.88
1221.148936517317	1062.7111728879704	1138.5523374501702	1140.0131194601636	5.92
1234.393320683843	1073.8525029648365	1149.2149934057816	1145.7478346745877	5.96
1244.0055538289757	1082.3692137609119	1157.5286035189574	1151.1183986521469	6.0
1247.7158992611407	1086.3846008133378	1163.0914845320513	1156.4282692815032	6.04
1251.8044389785546	1091.2409298869661	1170.727346776384	1160.832845625795	6.08
1250.8408806801233	1096.013706855298	1173.9017962674718	1165.3174733785977	6.12
1250.7372058963592	1101.3632907768476	1175.562762835105	1161.2769703919996	6.16
1244.8636381934512	1105.2751865267965	1177.6249767410004	1160.553172608108	6.2
1250.4634071084029	1103.700261190711	1175.7680480760125	1159.5330454894427	6.24
1243.8266964699185	1103.7019610630925	1172.2831424658482	1155.2621559399388	6.28
1240.045494689497	1102.0796666254626	1172.9917595021377	1157.9550382434713	6.32
1239.278449506954	1102.6401147548424	1175.746927411103	1160.6996938455686	6.36
1236.0790549868684	1100.7043313816575	1174.4155918843564	1163.5735118673638	6.4
1238.038209122988	1100.6261541417755	1170.1181660404452	1157.813394069191	6.44
1236.6509810574507	1100.2993121540208	1171.0144131497377	1161.5079085518855	6.48
1237.2603029776287	1099.4589280591156	1172.2176212373984	1163.5688154391812	6.52
1231.832035588846	1099.7636139824049	1173.275637742972	1165.2006525396614	6.56
1231.8449484356008	1099.0004625036886	1170.6705340865512	1164.0197521879172	6.6
1228.443009590604	1098.1246885756896	1170.7358976551097	1169.1353506675407	6.64
1223.477007057894	1097.3357121649344	1168.9129279036129	1170.352647338936	6.68
1234.061814943067	1099.1361646974929	1168.1961663553145	1166.3111824741281	6.72
1232.7376009981697	1096.0514453281307	1166.5579361527118	1175.6936166794922	6.76
1237.4873987098024	1097.0497944808817	1167.9335727922714	1176.2637187772543	6.8
1233.3287220940158	1097.3179764129018	1167.3359182658448	1173.121138467561	6.84
1232.3516353336843	1095.6240960834425	1166.6086184143924	1173.8442176518854	6.88
1228.950120690185	1093.3435711646355	1167.677030114681	1176.2102133297956	6.92
1224.9333747408969	1095.3901193078186	1165.037840567938	1175.145163404743	6.96
1225.1415936679864	1089.828943416818	1161.2024596778506	1167.7259207040618	7.0
1231.9455642740425	1085.8035776929128	1147.2085885540646	1151.5607984211147	7.04
1224.7141695166367	1071.81104279096	1132.1857116276608	1141.6228626285415	7.08
1222.6982723139165	1051.1579744661658	1114.187102614091	1124.6971817137673	7.12
1216.5133502641424	1037.2269288706486	1096.46951587817	1111.4113532350805	7.16
1201.2676253017871	1022.7626369876554	1079.7549778141215	1096.5089054967852	7.2
1199.510635469128	1011.07291704643	1068.0886634492417	1079.280583847683	7.24
1196.814807567151	1001.9187781381331	1050.2578783607482	1051.204931672255	7.28
1191.7162699731573	989.8216275890794	1038.2582153527076	1052.5219493612262	7.32
1182.2655113464918	977.5127202704113	1020.9719662170153	1012.5817839916416	7.36
1165.4968768183642	961.8465053455949	1000.7828362131527	996.9046578983597	7.4
1134.2115314862963	948.310607746035	969.8603035988103	964.4760637161568	7.44
1102.7819756493377	928.750193138726	940.556366559884	923.41473134112	7.48
1099.96622344638	904.476364553557	907.9320629751131	904.1780486733044	7.52
1098.7170691930578	886.9181695495553	874.7826590155624	872.5985006354346	7.56
1080.0628133108798	885.5843130198252	854.5925982261659	827.2978911177457	7.6
1066.0982735743273	891.8902288011114	835.1558795997631	821.5675769194107	7.64
1060.5381527366642	906.8404835870424	829.8651470158559	818.2562740129848	7.68
1061.999858508519	935.9299693996087	827.9950021016413	802.1851413364766	7.72
1071.5724988999239	966.5917895134028	821.4285264803201	805.7239379252158	7.76
1087.439836037479	999.9478015396542	816.7132744901135	796.101972077158	7.8
1097.4395628723707	1028.730152584358	818.9139280201892	798.5621943850177	7.84
1126.6730267622095	1055.1610599477056	816.3936856446779	798.3345599864044	7.88
1135.295018938994	1085.2484809011348	817.1219225566721	802.58090736497	7.92
1159.0858766149756	1108.5302536455995	821.3992527697716	799.17606571207	7.96
1142.6064011910555	1119.9069807852513	821.5203807590884	805.9121434038938	8.0
1149.864830517813	1132.890874811704	827.3965670703355	800.2763307103346	8.04
1156.7789299339438	1143.2354524670163	828.466191910425	813.9380326890645	8.08
1154.8910412428163	1146.2622624067865	833.4751572644661	814.2115240161731	8.12
1158.5322343511748	1139.9912728643308	839.4989263406271	825.1968769186728	8.16
1158.6390117985347	1130.027318786755	849.775509425239	842.0199462666823	8.2
1153.6292650965684	1117.7547472575613	862.4139989701926	858.0940346740481	8.24
1144.1973058605806	1104.9703124025668	867.5650078196716	860.9413744230415	8.28
1137.4778975904312	1105.1956347620007	881.7061776140648	859.9415745959644	8.32
1141.9350589992778	1107.7894421289027	886.8170171268243	886.409383716778	8.36
1141.4950246291157	1118.105605254302	888.6098033454618	877.5326732437219	8.4
1151.2605103500684	1122.4624942528696	893.5378886717288	883.3263103792087	8.44
1157.6876587754787	1128.7438047166058	903.7528236397316	887.8418094753298	8.48
1162.7333287556069	1132.93989535529	903.5586351043994	895.4824286615849	8.52
1164.412766742311	1139.2136956637908	915.3740329689097	908.1333810969095	8.56
1167.7423821407485	1143.1750460264043	923.4373842149653	905.9803398215045	8.6
1163.891250558484	1144.2643540330796	938.8498922612185	920.9499996749071	8.64
1152.5657815762836	1132.5382432954698	960.1101234339831	932.9327693008959	8.68
1144.9718677383216	1126.2516476262329	979.2114516404855	953.2809079614126	8.72
1150.1830017573798	1130.1355591358458	1013.0840706204849	980.5960028717961	8.76
1143.3830154168459	1140.2825643603212	1044.2165376966002	1000.2974503639194	8.8
1136.0360661167751	1132.9850086007048	1067.2710438723689	1048.149513733123	8.84
1136.5604035612646	1126.8136972178604	1095.3638997556352	1097.098313530141	8.88
1123.7274639301072	1112.2599100376008	1115.362134920737	1125.0697808196771	8.92
1110.0483783393256	1085.9857244515222	1133.3840268318943	1177.8871939803053	8.96
1090.9523167644033	1065.4160028404185	1151.2560600896652	1194.3457654363406	9.0
1075.5162535512616	1051.2684346052715	1168.818702956784	1231.2638581029694	9.04
1060.9857731493876	1037.916408627704	1175.1536411577624	1234.9227707891137	9.08
1050.4702967080775	1029.1778371023186	1184.8482497395084	1234.8493371948764	9.12
1043.299446201337	1023.7568687193425	1191.665631684442	1236.1163796765215	9.16
1037.931062996487	1023.6076203523166	1188.6982755864938	1235.8270311673753	9.2
1048.0856683928876	1029.877191114207	1190.9889590037121	1223.9679992754347	9.24
1049.088746047828	1031.7059243810063	1193.8069141373426	1214.389657643382	9.28
1052.168114278523	1036.739540272682	1197.6058202692473	1236.8053327986588	9.32
1054.6597722625463	1039.8630238186818	1202.0857330865797	1235.07532383875	9.36
1057.2264617740225	1039.1218311443888	1203.2901083822237	1246.6063795415	9.4
1054.2617704785505	1038.5339637649772	1203.129973301141	1251.5510606429016	9.44
1058.789169252065	1042.5950054212879	1207.2057401475652	1246.973733035499	9.48
1061.3008240562974	1044.4454501764912	1208.4286715966894	1244.2075558535182	9.52
1060.6265361544229	1042.6114540153012	1210.402110084643	1252.7785495204585	9.56
1059.2569896337338	1039.5434230667238	1212.070374909894	1251.6776372035183	9.6
1059.0177329980042	1041.3726105967903	1210.8137934901486	1258.7888362321532	9.64
1067.1256717246672	1043.7424647609776	1211.7729817821253	1256.484557830581	9.68
1065.5166492786477	1044.3222294323168	1208.932152754342	1251.0013734816496	9.72
1066.6989981032243	1047.6728647383225	1209.4519105929592	1257.67517694014	9.76
1063.9972734436888	1049.1688587381184	1206.73311100427	1256.8681889500713	9.8
1061.2376944839355	1046.457850916058	1202.7826208967415	1243.712725371391	9.84
1056.1399313689778	1043.2451789234444	1199.9491868658465	1250.3522955393905	9.88
1060.7588341033954	1049.3666411356032	1198.524312282899	1241.1787460979813	9.92
1059.686497789162	1050.769482073081	1198.2755687478245	1243.1957611590785	9.96
1060.5426200880147	1051.3170580608025	1197.0201898424252	1237.5083949926368	10.0
1058.2677890009609	1050.5582610999081	1197.3445057723864	1252.8704816701393	10.04
1061.9023033891472	1052.8457747032776	1198.4887064096156	1250.7993538062155	10.08
1061.2159618085077	1049.307351401637	1195.9993293514822	1249.4331580492478	10.12
1060.8219826056818	1051.0873379174654	1196.9050242722128	1251.2382132917774	10.16
1063.4895996998057	1053.9588490513872	1199.9875974540955	1250.8211500467858	10.2
1064.8998497011494	1058.4213554760922	1196.8038040414444	1241.6393952523315	10.24
1061.8775892394526	1060.2374709427177	1190.8511736252858	1249.5281833076633	10.28
1059.8056465312957	1055.9417438451028	1184.783126163875	1224.9772357991208	10.32
1058.6086702833193	1049.0123746790232	1186.413267432033	1239.9777328277276	10.36
1059.4826172558305	1050.7283682164395	1189.6210175551403	1241.3451023915238	10.4
1056.9940856811675	1054.952940795085	1189.622922137223	1217.1894652383696	10.44
1057.9921019470894	1055.0716319665685	1192.408154417139	1238.61133153401	10.48
1057.4557853879267	1053.130894112854	1188.1682894111234	1219.7979576749115	10.52
1060.5637290969375	1053.0340140954388	1191.017871607756	1222.561437733148	10.56
1062.419814664319	1054.2631843883664	1186.8798323720735	1223.8052873860709	10.6
1055.8829992168298	1050.9374183712407	1185.2456293298433	1217.534758386243	10.64
1056.3931572066806	1045.8264004324833	1176.9560490630397	1221.7015128662476	10.68
1054.2415441227313	1034.4692992689763	1173.1935774313988	1222.762647612619	10.72
1062.0671859364338	1013.3835060924688	1160.5358845932085	1204.8262491206788	10.76
1068.9740397263854	996.2859087579279	1152.3498989604564	1189.0487078855754	10.8
1062.8913359966418	991.099114864465	1154.3588512178176	1188.050759929663	10.84
1064.5389044599153	981.7780748556829	1157.760276433168	1196.691983729084	10.88
1061.8503041036852	976.7420844205866	1165.6731391469973	1211.1143005279657	10.92
1061.1878920300662	981.9042799249619	1167.841738243122	1219.776894656941	10.96
1059.3027108833965	994.0079866302909	1170.692459950244	1218.0564945644142	11.0
1061.7702571448403	1006.853507811135	1171.6990742162775	1220.2761210529404	11.04
1062.009126687378	1018.267036000041	1171.0542964496976	1214.9631055278937	11.08
1061.0925763831729	1029.855839751377	1172.7726135911357	1208.7256950350272	11.12
1056.5900237409062	1039.3689252330403	1171.6025905483316	1219.5392284018526	11.16
1056.4561530875217	1039.4987231433731	1174.0440516842402	1219.0016815738823	11.2
1049.2055954795887	1035.7964041187768	1172.2798582984449	1219.5031924890145	11.24
1042.442340691637	1030.2883348325531	1174.0242076154182	1220.2860943610367	11.28
1044.3679012898601	1030.3566191317582	1168.619244378312	1200.125762582871	11.32
1046.1028038922473	1008.6063048770309	1163.7353607823784	1214.8507128009	11.36
1060.609639501367	971.8603838430085	1163.4425914754058	1223.156045794571	11.4
1055.0885643733202	972.2144418295145	1164.975671432541	1222.4857107854682	11.44
1053.4316148687722	980.1676513526668	1167.8026439454557	1216.8352965777894	11.48
1050.7634741313407	991.2454892504277	1167.393902569784	1222.123316522333	11.52
1049.222882375319	1003.2128998117782	1171.9301835601834	1225.058558587738	11.56
1052.5223068791372	1010.312213989306	1175.3064054429221	1223.9978903078788	11.6
1054.080049351356	1019.0138927437148	1176.8341396039418	1228.7459320199505	11.64
1046.6581554204547	1024.0698085378965	1173.8224543792069	1227.3163739711063	11.68
1043.5632718128945	1022.832142618594	1173.3520336098222	1223.8419080559113	11.72
1043.457414406052	1024.2023861885416	1171.5574162237995	1224.67560320943	11.76
1046.0071234064676	1028.1756799353666	1170.4490505361603	1224.4121316414398	11.8
1041.3694021735146	1030.6512438963953	1169.322638441828	1226.223045223949	11.84
1036.9089651556437	1029.9567063656161	1171.1139855773292	1231.5292078348066	11.88
1039.680023567249	1027.3558445557267	1170.5237845554132	1227.8608244158654	11.92
1032.6067208051459	1029.5384779966046	1170.2517984764672	1221.1082684337555	11.96
1032.3784223567498	1021.0281864453664	1162.495809702379	1211.2548008344265	12.0
1037.0759393873404	1022.6084837260305	1156.9240659855584	1180.0768397564095	12.04
1029.3428415913072	1000.882867075552	1154.1636116363577	1202.0585240443218	12.08
1040.4714536650383	1021.4060996745964	1157.2837575621397	1202.563783444882	12.12
1041.667482325516	1031.7823789980084	1157.9424213645789	1197.9475017844504	12.16
1043.5153920720315	1049.6382619313624	1161.429369536725	1191.8238060183346	12.2
1042.5243152038609	1044.8231450051376	1164.0831341398505	1191.2138852781836	12.24
1037.764221167375	1047.2678039072166	1162.606532477388	1193.9676677919135	12.28
1039.2577465323673	1047.4386859200629	1160.1547938945023	1200.412454871255	12.32
1035.773680936836	1049.6098519639909	1162.3047482885734	1204.5966985122031	12.36
1034.0756942095065	1047.6078652007745	1159.0045488389144	1203.9559383794578	12.4
1030.4578529646649	1037.663261522181	1150.6417573632182	1203.8018645733398	12.44
1024.1376070814583	1030.5511040085794	1146.146128283244	1195.6587729925006	12.48
1019.4874866573047	1022.725141288251	1145.8154516574073	1192.6818510213232	12.52
1018.4421666823145	1023.0728136211861	1146.8846490722326	1183.558405354296	12.56
1014.7517372820447	1025.5373435670172	1144.5073332655786	1186.618430083253	12.6
1013.5421993825687	1023.2722706915216	1141.8318476734175	1191.198040071451	12.64
1013.7969301015299	1019.4912009242078	1137.2696263836747	1175.0292909547627	12.68
1009.5476171492077	1024.4736790403706	1132.2870234182944	1172.196162186837	12.72
1004.9759560208445	1017.3357243740224	1121.1817480434017	1158.6774348381475	12.76
1005.4360453523478	1016.0863195663846	1111.5441240716566	1139.9619263415561	12.8
1004.6447150460851	1010.4484932407369	1106.910303987982	1132.045165920802	12.84
1007.8407080055176	1013.7787927417198	1104.819593194893	1130.104206913048	12.88
1011.0081122358974	1014.6642777292948	1101.8284578389814	1123.9990215978887	12.92
1015.7496987926555	1020.3645216416907	1100.3849888905918	1123.8799949805023	12.96
1018.0357818319384	1019.9334248944061	1099.9460953662617	1123.1720414866834	13.0
1020.7849929294036	1025.146840478303	1103.2790864385724	1142.3845151149526	13.04
1069.2658903904346	1060.8619144620673	1143.1419368765976	1205.160224586337	13.08
1136.1699321174283	1116.1334458463737	1186.2714045550185	1231.9334516329518	13.12
1225.5046109812515	1203.239313752398	1192.2139712502765	1234.9231169103823	13.16
1272.019718169954	1271.6347188789741	1189.0231779646267	1237.498153726731	13.2
1295.5168646835145	1298.3329416725362	1180.1908287929969	1231.9312587900326	13.24
1312.9712942288738	1303.6971045079717	1177.2371749515196	1213.8636403352632	13.28
1335.5286622224864	1332.9377893400256	1183.666125275482	1218.8891475990624	13.32
1359.7421941625844	1362.7390634007625	1185.8405572773759	1227.2704388336167	13.36
1383.1066301094338	1394.5951301115142	1191.9348802106813	1220.3161815097105	13.4
1409.649122054718	1421.2492335575207	1194.3126270936227	1220.933566361178	13.44
1426.3320341778451	1437.2129820464966	1192.7738967310866	1217.975340981509	13.48
1433.9425663851428	1441.8517040573606	1191.6649497096148	1214.403706634106	13.52
1440.2155712253382	1446.0123422101503	1190.6230638385696	1215.9192888761424	13.56
1442.891714755201	1446.9208925728988	1188.6098773438425	1225.2493789422635	13.6
1447.269117083321	1446.483783219229	1189.914697721908	1226.2872195134935	13.64
1443.724645617017	1445.29593697223	1188.5971010625053	1213.8661393522398	13.68
1445.4446148332747	1448.3499802610704	1188.9754311026238	1225.515070805287	13.72
1445.005915552286	1449.4756398508127	1192.070443325989	1232.2082959295888	13.76
1439.0394606650755	1450.994544377482	1191.0845635188807	1229.746954431952	13.8
1439.4709527761968	1450.4342941626537	1189.2741318187727	1229.8671450791405	13.84
1442.7422822654064	1451.5166038313068	1187.4400618462582	1218.9413125855085	13.88
1444.1834362619704	1453.5754435931965	1181.4136832455483	1215.390105612767	13.92
1432.697007987141	1452.1663218608833	1169.9634302861753	1194.9345911757646	13.96
1423.5728899777896	1444.2824491848266	1144.513748095503	1165.0997537576675	14.0
1419.7360323288012	1428.5729422851825	1135.5258456034314	1162.3579668389837	14.04
1399.9910438125237	1406.3700206040219	1122.764443027336	1158.100465674955	14.08
1374.2765061535654	1367.4787198103807	1101.6390040260487	1137.982057120624	14.12
1330.8141103895314	1323.5921252115245	1085.410037573049	1104.2824118407927	14.16
1287.3252085674037	1272.0848009452359	1061.4458429644228	1085.1896639015924	14.2
1242.611260409102	1230.942843331639	1038.846625226647	1060.4677680709833	14.24
1218.724843933936	1204.3474815680042	1021.7410199230059	1066.6000636150836	14.28
1220.3389735480262	1194.074335495701	1014.8779887168095	1056.1372228430123	14.32
1205.2662719652938	1180.5459050783636	1009.552604247315	1045.8094789756701	14.36
1195.9302911812117	1177.3480959451508	998.1308524355004	1035.4342876594221	14.4
1183.1412132878527	1176.3907454934413	986.2288241029917	1003.6669954436245	14.44
1189.9024652856099	1165.5043464881019	974.4462757941762	983.1744295447735	14.48
1187.0918225764008	1166.0883467005517	971.363854512836	979.4508158391917	14.52
1191.241470018828	1163.2661457850847	976.8092403516946	993.1023003146227	14.56
1182.6725470149688	1164.8826432686103	978.1684212658114	1010.4091421158035	14.6
1177.995309355432	1167.1833458838596	981.7247502872748	1023.3546032211099	14.64
1171.274255819287	1164.3634660368637	991.9194822443269	1018.9435682766962	14.68
1162.5545128588674	1155.2930192057834	984.7747765457453	1008.3815820094468	14.72
1152.3825541853375	1146.7219358011916	980.5502866686782	993.9738652765836	14.76
1146.3323804379386	1138.965235967247	974.7732972194977	981.1823587978571	14.8
1135.5198934914504	1129.6446071959901	961.5135142120337	978.634372311236	14.84
1131.3102123846418	1124.836261300385	954.0665146554015	973.5620047122693	14.88
1125.7284992432812	1119.5828752794173	956.1068397709763	966.0549283897984	14.92
1123.5865793809833	1117.2414745232215	952.7403673040044	962.232489593518	14.96
1124.9749609133537	1116.0556687691696	954.1079373210727	953.1078416887574	15.0
1126.8703953358656	1115.6780646287234	959.5401144116116	956.266741398442	15.04
1127.808998515935	1115.7283631809664	958.4586555264533	951.050997495858	15.08
1124.6508627660419	1112.846642362533	958.1225633518416	969.3156437555167	15.12
1119.5536141392502	1109.2573434136973	955.2372269315722	961.5658149624854	15.16
1121.7728263869578	1109.4986371651435	955.7438313910272	950.1491116618746	15.2
1125.6778836407166	1111.9881047174313	953.0492234193367	957.5888439695542	15.24
1119.6242534899914	1110.0193123242316	952.9854261700805	954.5068210418082	15.28
1116.7314591283864	1108.1617328189186	955.9744822186104	958.571096434731	15.32
1119.1187203093	1110.102078583953	950.496595819825	951.7579850925467	15.36
1117.1282472068638	1109.3904515416064	951.4397271281356	952.8321640025631	15.4
1116.7479032623312	1107.8741664035686	951.717584681544	944.1037475852863	15.44
1114.7318457347199	1107.0641339467752	951.0204840652726	950.833074066089	15.48
1116.3939295828739	1108.5196090137179	950.7133800959056	942.0056229771026	15.52
1116.9354259154081	1107.0729332721494	951.5176187543123	950.6696193652434	15.56
1115.0207805255548	1105.3912557751842	945.486773165234	935.8332914093806	15.6
1115.0668176131335	1105.2550421695685	945.3311744389416	949.8034724147948	15.64
1112.4203911858347	1105.124411364608	947.6510170662664	947.3592847202322	15.68
1113.3532032259225	1103.107891684981	947.478259756851	959.1004933250342	15.72
1112.9530064419894	1102.0013879013536	944.2846882853305	947.1461502234754	15.76
1111.3668410472499	1101.9371121673994	946.5369139219023	957.0782333675927	15.8
1110.9855899891002	1102.0194606493437	939.3014480708683	946.6863449266904	15.84
1107.6575620012902	1098.3880138779907	930.5031057375047	958.912258746466	15.88
1105.5681579159059	1097.8781282105465	926.1244022444376	948.829514161966	15.92
1114.3119712171067	1091.3037099913208	920.4750112125869	941.4568044073819	15.96
1124.6156683625434	1071.4401292197158	918.2265674985954	942.51574289818	16.0
1142.4985039959872	1060.7684546835228	910.0545394700964	937.3297406139126	16.04
1161.581497584411	1061.7869445662764	919.4872134554163	895.987373883361	16.08
1185.9017227952495	1062.50845411682	938.39129406388	926.8341972508022	16.12
1213.5969329197044	1061.1866266004704	965.5151222203855	968.2340007677277	16.16
1227.295695234045	1060.3063408882801	996.6620916211643	1008.4448527288811	16.2
1244.3379476899675	1062.0842009220873	1022.4248110442967	1051.5712989174363	16.24
1240.0447230621205	1062.2251718713844	1047.8301331322327	1058.8486296002936	16.28
1237.087851954292	1056.5867751630776	1074.0756858418836	1061.4795039528487	16.32
1230.8925621956048	1048.5727952504117	1098.6200570214824	1100.018905060783	16.36
1230.3271835649355	1049.4940534037207	1121.8261021640676	1122.8240357686107	16.4
1239.8068249013882	1057.4255008598348	1145.3810765640042	1154.5671482582711	16.44
0.0	0.0	1259.6916522346598	1080.350099609664	16.48
1285.2519734783707	1102.307648196822	1187.5609939000267	1159.3576927981992	16.52
1289.328995002895	1126.793486751926	1206.5789587603576	1193.5333281045453	16.56
1315.096341847666	1140.7024969031902	1213.538668539851	1209.3882799485789	16.6
1316.190680400454	1141.250077287913	1212.8319559504753	1213.7421909286918	16.64
1309.1254657448344	1142.4277401191912	1212.8537641487626	1205.328138642768	16.68
1306.3548276499587	1144.9588262178097	1215.3443041371534	1209.1554943657452	16.72
0.0	0.0	1306.9506289708163	1148.8282274453748	16.76
1314.283395593152	1150.5309912544108	1220.807480919745	1188.9027030329719	16.8
1316.2312781808996	1157.1404978170149	1231.0000898847404	1220.9020483646616	16.84
1320.8272257917065	1176.535205969024	1243.3661427421973	1247.3468275780683	16.88
1347.953375170408	1203.4263837147032	1273.87628386353	1284.0222316202542	16.92
1386.2002539654322	1240.4680802924852	1303.9501717545193	1314.0127033257613	16.96
1402.8790240664725	1272.2654177678683	1333.8263279072885	1345.939878295553	17.0
1427.3111298809167	1299.3985339336723	1357.5105833307584	1377.7013823491852	17.04
1437.5317993882934	1327.2860515451769	1379.0822521380433	1409.0403426757364	17.08
1440.8389191223523	1347.477929172345	1388.2229588388097	1406.2186648785876	17.12
1438.8546193293957	1353.9644589325037	1394.897342544762	1404.6020209554758	17.16
1443.1613531677478	1351.610570314706	1394.7557515041494	1409.6444300531653	17.2
1439.7011498411887	1345.0895686510937	1381.6368302834687	1390.657486215769	17.24
1412.0087636336098	1325.4306176720868	1367.3085987543143	1380.2573380272945	17.28
1389.855895976819	1302.7167844009307	1346.4832712211767	1358.0985543198058	17.32
1378.571757904745	1286.5639659195963	1328.007530499551	1335.3461422510547	17.36
1364.4438458363982	1272.680572517421	1311.1798821712696	1323.4426483292725	17.4
1343.019735629147	1254.8601292182877	1297.3066781699615	1311.824313929306	17.44
1328.7448570966992	1239.018496308138	1280.8749487240148	1295.1752884714756	17.48
1313.8279379140727	1220.7338530844302	1263.2627460803417	1277.795006667421	17.52
1304.4815027680427	1208.7712401079339	1249.04603588318	1272.0073592834945	17.56
1292.4935655882994	1191.0449274730627	1235.5150797378112	1246.802907238342	17.6
1278.0456866532497	1179.6989769058775	1224.9391018789233	1234.9076319314065	17.64
1271.318380393297	1169.4983556590246	1214.0825191589734	1229.2504051346568	17.68
1261.9590616311043	1159.7362946064134	1208.2619383574097	1224.5149683146406	17.72
1254.5225284247738	1151.0246082577428	1200.4076636374018	1218.7991373834382	17.76
1241.134616548948	1142.3702969685835	1194.335278222934	1211.356678993496	17.8
1236.3002158441288	1135.2965973663102	1188.3315481348534	1207.260297367487	17.84
1234.0901963166875	1126.8469689912768	1181.6662470903398	1196.9617198584547	17.88
1225.0254901809303	1123.0128479195173	1173.4806258808317	1186.9622164268667	17.92
1220.538995045067	1114.10325278576	1166.4764608650614	1184.5621036252128	17.96
1216.428362689909	1109.4710659687319	1162.713937113986	1173.6956833509419	18.0
1213.1897288825082	1104.628363005828	1159.8584472862128	1175.0562635570939	18.04
1217.0312458752364	1103.5794119049888	1156.4494917913382	1171.586590345455	18.08
1205.1175220084967	1098.7898295115044	1151.9022964453611	1167.1708447564283	18.12
1215.668113350382	1098.3902075601736	1150.235847679108	1164.1716334532866	18.16
1204.0935346210547	1096.4045194602531	1149.189399748795	1165.249816361211	18.2
1201.9245942319942	1093.230432004818	1144.9662968873458	1165.6289882329813	18.24
1201.331198380783	1094.0872665936643	1143.7944757031712	1161.639453065296	18.28
1195.394371793712	1095.6401434657953	1142.8662600022642	1163.2144167676404	18.32
1198.248808841795	1097.1676395731472	1142.3431456757955	1158.7067603759479	18.36
1206.8401904246837	1098.012781926893	1141.478903057067	1160.419045856366	18.4
1204.3212881955908	1095.6302317622751	1140.4664863400817	1156.7998539828002	18.44
1203.5578752516124	1095.056277470172	1139.8733581428164	1151.4131841234284	18.48
1203.4975858786167	1093.5808650032786	1141.6626691198448	1152.8152952874036	18.52
1204.6157752892266	1095.7415786504675	1143.250794266599	1153.6369617789883	18.56
1208.1432979093108	1095.425952740511	1140.7898495298416	1152.1560879039182	18.6
1201.4292040036985	1093.0452787562917	1139.0869780297537	1156.729039561079	18.64
1203.4223105098501	1093.8798972314532	1140.1493576916585	1154.3184774886922	18.68
1203.1210209511937	1092.6637662232226	1141.0900995284264	1152.7517999392876	18.72
1201.1743905003186	1094.5789014967738	1141.9222621955025	1161.1124616952607	18.76
1209.0670649019444	1098.1213240767202	1143.9901434156143	1152.8484739088813	18.8
1207.68887004603	1102.5328971759695	1150.191060092412	1167.4368648890752	18.84
1212.5557318444235	1121.6426236501104	1175.6833732381726	1194.6924325429952	18.88
1245.2274134268434	1149.1103902891343	1201.2378870691036	1226.9448321650289	18.92
1258.37904297427	1172.8630177583707	1226.7812916499017	1238.1438352461244	18.96
1277.0929506621571	1193.8238994923813	1245.4307563025286	1253.2427270944547	19.0
1292.5148575664584	1208.6402465210606	1258.0653691259597	1273.0807537804592	19.04
1305.4165735641939	1224.2536984273804	1267.3927012714446	1289.3154500063129	19.08
1311.168595238934	1236.0033618773887	1281.2693941067407	1291.1882141537715	19.12
1325.5214237013652	1250.9707657658157	1293.0665398002689	1306.8519896884582	19.16
1347.112365780092	1267.2667279179666	1307.5301434599073	1321.179843562297	19.2
1353.5109420730223	1287.8686476965868	1325.5175070162343	1335.3887873122728	19.24
1379.1826689474178	1303.5203811998115	1342.9770881050472	1351.0451844962342	19.28
1401.6576572982565	1323.5227349743925	1363.9232639514746	1358.6244632001383	19.32
1420.3608716557808	1345.459087653934	1382.8523514213007	1390.088529349967	19.36
1437.6848366010738	1367.3007037915154	1401.892657722683	1408.9831217545131	19.4
1453.4323118769335	1388.4567561270715	1420.7262485601254	1435.9858946209536	19.44
1475.0825209652473	1410.3057055378604	1440.645433180718	1452.0489283835745	19.48
1481.0824404659916	1427.0572405892817	1456.8311139663049	1464.9583936774275	19.52
1494.8212681845919	1445.2873914768943	1477.6964749572192	1478.76107547774	19.56
1508.9786808606284	1461.8672621301607	1486.9791373462285	1493.4186392925494	19.6
1530.7528376773903	1471.5722833227703	1495.703125655759	1505.801928982156	19.64
1526.8275149311344	1480.1342898046667	1502.5112988422575	1514.2370630626488	19.68
1527.3237104004713	1485.6673279483207	1507.6889176120471	1520.294675901877	19.72
1530.622051029856	1490.1720527746995	1509.0827751066904	1520.885031736674	19.76
1534.2236907078186	1493.1399263848052	1512.6324988050937	1512.7263165028814	19.8
1529.7179032494403	1496.8254683530354	1515.8835054018994	1517.9030753383279	19.84
1537.5308756686475	1499.0543393603673	1516.3317220450333	1518.6355722431927	19.88
1530.9866812562907	1503.1844247626125	1519.4118961382394	1525.6294144961134	19.92
1532.8201643869925	1505.2294609036514	1521.7223685091085	1522.9507801347659	19.96
1524.9769150788484	1499.1325862488216	1521.8611114268813	1515.7654018618307	20.0
1536.969127133118	1500.2322913591418	1517.1108089610987	1522.4729270067662	20.04
1523.7243124397307	1495.7565003778127	1514.378039039357	1515.33537512301	20.08
1518.1928744651743	1490.0360219649385	1509.9094775312665	1504.9491148600978	20.12
1530.7034086387644	1492.5682435770022	1509.9830875729847	1512.727637388854	20.16
1516.1151783834712	1486.192790826937	1505.406993199225	1509.2045915499255	20.2
1522.5345866294329	1490.6157144297156	1506.4362547330334	1505.5426462695532	20.24
1525.1658028486056	1488.6981397691225	1504.923556780932	1496.5170873542922	20.28
1520.1236555435744	1482.949274362196	1503.5023541318292	1496.4815276546408	20.32
1508.2168142632345	1478.942751368067	1503.3608089407146	1503.299645492529	20.36
1521.4141160349395	1481.5958455593852	1502.5137128226502	1499.9040146940783	20.4
1523.1679672063622	1482.7806382508318	1499.6555455764649	1498.3241104645126	20.44
1517.089744052034	1478.8001357415674	1498.3250621839522	1500.6104219407116	20.48
1519.7293815794135	1477.4716370753758	1498.0724474074652	1497.8560821959068	20.52
1510.5451244757776	1478.6175186280307	1495.947633493965	1494.5750897185605	20.56
1515.5382298897698	1477.722389942043	1497.404601738938	1495.4673009611697	20.6
1503.5484570096282	1476.314566860493	1496.490013285122	1498.0273845020988	20.64
1504.6968508876823	1477.081143786635	1495.7584976223038	1496.2709095966081	20.68
1508.4659603733598	1476.6430842233501	1495.403384041683	1497.8448393877115	20.72
1512.7765321838292	1477.2581332598954	1495.7219909998819	1498.3994914790683	20.76
1515.156827329436	1479.6050575171782	1497.6703422630585	1497.1669534758385	20.8
1513.841077831281	1478.394521627639	1497.8357788886426	1497.5688465491671	20.84
1518.487923281114	1482.897066565617	1497.6405636981365	1487.7204667483202	20.88
1518.4926331469612	1480.5778952313042	1496.949144833196	1494.671851833239	20.92
1515.8022552101095	1481.3473039336936	1496.2551208934956	1489.4135227530624	20.96
1516.3054930548114	1482.3304884219472	1496.9702701915548	1491.8271751417403	21.0
1516.34070114801	1479.4174847115037	1497.2803820054994	1491.1983753947354	21.04
1510.6942837489664	1483.85983663383	1497.5153313059568	1492.3494172084959	21.08
1514.2874259047362	1479.4455298105636	1496.7788652669062	1493.5387230543554	21.12
1504.6437566180691	1475.5807939587226	1495.1840461077368	1489.5706913224578	21.16
1506.8228647198973	1477.9696254447747	1494.6214437884817	1485.6385420418878	21.2
1511.5476835733625	1479.363549468102	1494.0649981764004	1487.0137564668712	21.24
1511.204572130764	1475.9511199164062	1495.2067141035025	1490.140844168941	21.28
1504.197034007323	1478.1484825651341	1492.2765675018488	1487.1736833473392	21.32
1501.6644823922813	1477.7207986478104	1494.5605804187587	1486.8153108709432	21.36
1505.548404238705	1475.7823555980333	1494.4649665385052	1488.7220945450886	21.4
1506.3325252558834	1478.6429697795454	1493.3807966793622	1493.592911737654	21.44
1514.5911556402332	1478.6824333817317	1492.0990035960187	1495.4788154633925	21.48
1512.9406639053057	1473.8314661325805	1493.8035175854543	1494.349820050537	21.52
1509.0941878023757	1479.3510314224636	1492.6175872699127	1492.7385236672658	21.56
1507.5937173654488	1477.54236231827	1491.4715844150069	1491.754538805056	21.6
1505.888438171562	1476.257460566548	1492.0581128088209	1487.3613625717949	21.64
1502.662704526694	1475.9605283101876	1490.6517871051028	1494.3791851798612	21.68
1505.8431274985355	1474.8857490515609	1491.6458482584844	1495.9414040352617	21.72
1505.807545043826	1476.2109377785096	1492.0911838384188	1496.2371591455744	21.76
1507.5701142051796	1475.6894222763262	1489.5582051054573	1490.5342308905283	21.8
1510.216116018128	1473.235456177934	1489.6556672438944	1486.6936147931253	21.84
1500.5556274051305	1475.2479096044337	1487.9201758178435	1487.6812672083322	21.88
1503.5440389457876	1472.0760683408712	1488.9574782532181	1489.5221553659699	21.92
1501.8691565494057	1473.396634519558	1487.3631915078663	1484.0650275157843	21.96
1500.201673253565	1474.5952068387298	1487.6157100445557	1487.470002384382	22.0
1504.28493472433	1473.4411874958007	1486.6292748675264	1486.067792770607	22.04
1502.135178794583	1472.0357937795502	1486.2835737375094	1489.0196921362844	22.08
1501.1538134299014	1471.325819919483	1484.7638419967648	1488.013827833975	22.12
1500.009624179864	1472.2641738211971	1487.128345366909	1483.7408124093306	22.16
1495.7030300812385	1471.9756499487544	1486.5575877417932	1482.8955146010367	22.2
1500.9492471348271	1470.9495516854424	1487.2451227075014	1483.3372814769577	22.24
1498.0070155256503	1469.326721367543	1485.9406487920364	1486.570524714342	22.28
1501.9775814490886	1471.885001510995	1487.2547484867614	1491.4761594921667	22.32
1501.4832601330772	1472.081094832477	1489.2648825372469	1492.3669631993744	22.36
1499.7826829205983	1473.7575173166692	1489.643587620808	1495.433650572	22.4
1500.0226253401152	1472.7913044427312	1488.7428973065157	1491.8550968983193	22.44
1501.1496370005477	1472.4380601580644	1488.480282587723	1491.877843928014	22.48
1499.701916012188	1472.4542873985708	1488.852547673696	1497.9532235113775	22.52
1503.7230175691168	1471.0160288374293	1488.68305423367	1495.6209577511959	22.56
1502.7352723060683	1471.6895573318964	1487.8649795063968	1497.4156905460002	22.6
1502.0179390896778	1471.5673860513198	1487.5018542492908	1494.9125641200128	22.64
1499.5163393868065	1469.3944839547626	1488.5950426492602	1491.9698054584292	22.68
1498.7116129484077	1471.8898406634385	1486.6567319967185	1492.4342207027016	22.72
1504.5085637386137	1469.6425198348218	1485.6941664464139	1485.9953160746957	22.76
1492.8878804246065	1472.6075599773037	1485.3398658060994	1491.7481847794547	22.8
1501.5549845356586	1471.3276615210837	1486.6754818074699	1500.9327820854612	22.84
1501.3427471342034	1470.5631423411119	1486.5217194461243	1495.1985651346909	22.88
1496.8532270253545	1469.516771856567	1487.958280911503	1494.550380859906	22.92
1499.9119212282412	1473.742880379387	1488.8507804876633	1495.8733592996819	22.96
1509.7937315284344	1473.4936116206304	1487.9089054906306	1487.854498487466	23.0
1507.4467510130398	1473.7805124971212	1488.4486554808225	1491.5537009248483	23.04
1508.9728967482745	1473.2200662120888	1487.6982598412471	1495.4292866632436	23.08
1505.6525729966565	1474.3926551643822	1488.469517086987	1493.3942598859699	23.12
1501.9069014566016	1474.3395884292445	1488.5530297050109	1496.9253935012273	23.16
1498.7434344116855	1474.5449352454434	1487.4217351719394	1499.5103947323876	23.2
1496.7265257955185	1472.9570301680444	1488.078704019553	1493.8730143466626	23.24
1496.9884633395748	1469.2398342801005	1482.4755647755267	1500.117611889998	23.28
1486.9210114991054	1459.7061271803464	1472.8705823053622	1488.1966879493887	23.32
1478.3857347617418	1447.4723229394783	1460.7258384379406	1484.1336759296835	23.36
1468.9579963057022	1429.1164813909274	1443.208369895979	1456.3847051237433	23.4
1462.8372476219265	1415.1249663763394	1429.4140855080366	1441.958623075958	23.44
1438.2076103303252	1397.3010732994615	1414.9006572952658	1427.563967274523	23.48
1423.2622356462577	1379.7074977977177	1400.5818056576888	1407.6481915720487	23.52
1415.0501771865834	1364.1607517820871	1389.3786049958328	1395.2304100508472	23.56
1411.615244120138	1354.8865701693187	1379.338261011705	1393.6484123477856	23.6
1404.6395850854435	1342.199956204605	1367.5183061517378	1377.8232126354242	23.64
1395.3768295869206	1335.0286077789965	1360.3460282853384	1373.4686203195806	23.68
1387.5057625700288	1325.7341916635837	1351.6181002720552	1360.1846880631895	23.72
1380.9272791711905	1322.0348658699093	1348.3870587933582	1360.6049740640724	23.76
1380.8991728557612	1316.0532766066387	1343.0442676443547	1360.0574329800838	23.8
1376.493846697609	1310.322636754509	1339.533580786184	1348.8334506219135	23.84
1374.8656049304348	1307.7535942570034	1337.5317919957895	1349.9271389879593	23.88
1369.5904474764177	1305.4178886615016	1334.2688394276504	1348.1203963338019	23.92
1366.730091860571	1302.1119297540683	1331.9936082651489	1337.378520055988	23.96
1366.1291780905178	1300.6434452028357	1332.8463871331774	1339.7458917788585	24.0
1366.1153126694728	1296.6264184224094	1328.9883123176573	1343.473367387746	24.04
1361.5828340522426	1296.2492886022576	1327.5577019346858	1337.6134220413603	24.08
1362.7922375218984	1293.470229582617	1327.8207360562192	1339.62843766014	24.12
1357.5087292213807	1289.963025890637	1323.0170310063397	1327.3495274837728	24.16
1358.2580085180182	1290.5973990918071	1325.4431572619058	1331.2481649770477	24.2
1358.0692263782755	1288.5549566255152	1322.323281927933	1335.2841046748897	24.24
1357.0089332299826	1289.0353763711726	1317.1872107223094	1329.2949649109228	24.28
1354.9433397565408	1287.279792565951	1323.0755964479192	1330.8612749579472	24.32
1353.2791501327147	1286.0794428636939	1316.0511566390633	1322.3823456493683	24.36
1355.5804463199868	1286.8821906614148	1319.748294849722	1327.1065417277007	24.4
1355.1060496938162	1284.80783492895	1315.4761686061856	1327.4564147683918	24.44
1352.0066741104401	1285.0700168261108	1314.6796962854155	1327.9058987612052	24.48
1347.8389248520245	1284.5091078102257	1318.8320470774906	1334.1444195605504	24.52
1354.3021656929698	1287.1807050241812	1314.4502836926947	1321.9850499380714	24.56
1348.5700313272987	1283.3654582157415	1319.0559982854636	1322.440227163848	24.6
1350.8390974853342	1285.517011853648	1319.145796438409	1335.0654924135613	24.64
1356.5703532854468	1288.0761202676729	1318.9575033812478	1334.1175705811752	24.68
1355.2366937548916	1290.7697639938408	1321.2634289073314	1332.9402801177453	24.72
1360.2915823525927	1291.6603033697022	1326.8384784835855	1338.4102983353362	24.76
1359.4700963490286	1292.411289966563	1322.5536599799293	1331.0137206806223	24.8
1356.9757790302845	1293.032592288082	1327.3462119854669	1332.538111424961	24.84
1364.66216176791	1293.0023173059521	1323.7891527128802	1338.2474048524628	24.88
1359.3827358186559	1293.3098208196038	1328.6732896639537	1341.573751434306	24.92
1360.2306584559058	1294.183848925262	1325.6551712254263	1337.8952071781557	24.96
1364.4394983996365	1296.0230509057556	1329.259911723566	1337.7223767264861	25.0
1360.7580003415717	1297.8364181458637	1325.1080720109717	1326.6677179693395	25.04
1361.2442073930645	1296.9788955368385	1329.1138279516597	1332.6540430878922	25.08
1361.3601913626344	1297.450302791569	1334.0404161383403	1348.4612082681156	25.12
1360.1326199099121	1299.212875878892	1327.9966962408687	1340.516302818066	25.16
1359.333915501093	1298.0043576139965	1332.6883821553467	1347.8550363643742	25.2
1367.034426580616	1299.8754363719177	1326.585940663066	1332.3413301882888	25.24
1360.550376627551	1297.7520943705808	1329.7042030184507	1329.708710642564	25.28
1368.3535169740524	1296.96380632427	1329.8701893045265	1335.7984976230337	25.32
1361.4991845602985	1298.323131485973	1331.6339752579524	1351.0893249495668	25.36
1358.2160091277715	1296.0383724436763	1329.3182715366154	1341.5100403804715	25.4
1364.4188251527053	1298.0672697920802	1332.6911470192504	1349.9454707749699	25.44
1360.9239094338473	1298.932952959058	1327.6258347948688	1336.4804389549702	25.48
1361.9800306196987	1298.9175703267817	1332.8771268505632	1347.9882938430912	25.52
1359.181219140466	1299.2499503572406	1328.6554774733468	1335.793596199133	25.56
1362.4878435130663	1298.5592441029396	1334.6170129543063	1350.2614237835044	25.6
1361.5899361511124	1300.5551100432897	1331.9855295864004	1345.0965751477875	25.64
1357.8478243805127	1301.921219854211	1331.2895381519888	1344.4437705116545	25.68
1366.5636828869362	1302.7123622582833	1331.2589164662024	1342.9060731660938	25.72
1367.8434932189014	1303.456215253643	1332.0435657949133	1343.7905634039125	25.76
1364.6106479000573	1302.2605396855151	1332.1655829531992	1344.8581944857654	25.8
1364.853090538384	1302.6162251476687	1333.884459546809	1349.5456047136172	25.84
1367.4790031380928	1302.7887516657977	1332.9815748991898	1345.0204957759915	25.88
1369.9523840140002	1305.463218780236	1337.6048638004559	1349.9334065260691	25.92
1371.8897080117545	1305.9616969325946	1335.7472077012583	1350.376540045983	25.96
1363.9247348747133	1303.8859261996315	1338.253227931483	1355.5045335858836	26.0
1372.385850301885	1306.2382304718492	1336.9600128016991	1343.3216542873363	26.04
1372.2000515926295	1306.90384385613	1339.3551244077644	1345.9644513594217	26.08
1369.6944348269874	1306.0963168867263	1339.7301182292506	1356.6622101266787	26.12
1364.314515220251	1305.6186052713147	1339.237445620031	1350.7848466434216	26.16
1369.9568785704873	1309.4021662251916	1341.2209009046792	1358.0862353784637	26.2
1367.4373731769972	1308.7980488464368	1338.0371493253288	1348.1222996555123	26.24
1369.6063451784216	1309.452806620891	1341.7737950089895	1349.8167865512141	26.28
1378.3806507558409	1312.6144284033337	1338.338806488254	1349.5214706605059	26.32
1378.6874957565112	1311.6288227434932	1340.0962304552552	1353.3169032898713	26.36
1366.8699219622868	1309.3844156082932	1339.1864011775647	1351.735439141517	26.4
1373.927172682317	1310.768086914129	1343.2030554499463	1351.1355626587176	26.44
1377.2236482470405	1312.6696647832478	1342.1004810029885	1357.0367228845232	26.48
1367.299380307251	1310.6989237997434	1339.4253631446695	1353.4197891743893	26.52
1379.667708468786	1312.171998638613	1339.6368366727036	1353.6846437189417	26.56
1372.1891022057157	1312.4977705721572	1343.1797671760394	1360.1001350257218	26.6
1372.0560011517014	1312.1901312089763	1340.4207000884885	1350.483896223135	26.64
1373.2812689859604	1311.5933974955622	1343.5473280819056	1354.7966240480207	26.68
1370.6866181377034	1310.4571399239892	1340.0849808331368	1356.1439295526143	26.72
1367.643016452064	1312.2257531933637	1343.9864773094123	1357.8501084210284	26.76
1381.2472163901587	1311.901519926985	1340.5401954511624	1351.3669110558008	26.8
1371.727683047413	1310.766787203823	1345.287706679627	1359.6498574183006	26.84
1369.730471039724	1313.1547650445355	1341.9482188352495	1353.5890319716395	26.88
1371.5448832043064	1313.1867386377676	1347.6045483676846	1361.5253782783973	26.92
1370.3313965064426	1313.9100557529057	1342.62784057046	1349.7344311981722	26.96
1368.7390517892704	1313.0467754255671	1345.7171454254237	1351.3510394808873	27.0
1371.1871471696527	1313.499202671248	1345.0802467734663	1357.7936158854056	27.04
1371.1801029493042	1315.8750341392838	1348.0342586509046	1360.9574385601309	27.08
1377.217256702822	1315.457322115509	1343.8618294579635	1353.4999667251818	27.12
1372.5680855212502	1315.759592439077	1345.3706290225746	1359.5793933500752	27.16
1379.8930169256114	1316.5829478283788	1344.474526925402	1355.3010791544623	27.2
1383.9143311429582	1318.149276466239	1346.119120359024	1356.2412366679837	27.24
1375.7429003737686	1318.6834143603626	1346.791976832707	1359.2020389687664	27.28
1372.5395160133523	1318.566041967985	1351.206619617276	1368.956509802186	27.32
1372.0386443662742	1318.7781039293056	1346.1493589991098	1352.3898353747204	27.36
1382.1237970870068	1320.422819802363	1347.2904690413416	1354.7406870711297	27.4
1380.073980760655	1320.124974671754	1352.3262893506096	1372.9053905536423	27.44
1380.048247829941	1318.7727904830108	1350.1623466103215	1360.8868865849538	27.48
1384.412274551406	1320.7246551759324	1349.4291311524778	1368.469326584871	27.52
1376.0256115062336	1319.5470348244687	1348.1430427117887	1353.5663247082603	27.56
1379.186316893341	1320.8975205249305	1351.9446465323465	1366.6025587531158	27.6
1377.6799342540987	1320.6051519178573	1347.084272580449	1357.9825821998368	27.64
1379.1662388482255	1319.2588318542955	1349.354244243937	1358.9625351752004	27.68
1376.5474029337904	1321.8205778974384	1351.7030790145252	1369.8868318062296	27.72
1378.6244901615094	1321.8281080719269	1347.6252908788604	1360.9223952137938	27.76
1374.2264203506566	1321.150582004635	1351.6092247099605	1370.4864104245414	27.8
1373.800794644887	1319.9096273410314	1349.52937898485	1356.0430236875693	27.84
1375.688678464419	1320.2782825331394	1350.2478494498894	1358.5193083406468	27.88
1378.5585214676614	1321.9533969117483	1353.0985105793773	1371.2562776764055	27.92
1378.7754377732529	1321.6252310036261	1347.7504550474519	1362.6153506973017	27.96
1384.0325941442325	1321.4375956080728	1350.9387325411938	1369.6006835745761	28.0
1378.5830220386279	1322.8139217533148	1347.1324576157594	1359.1773868199905	28.04
1377.1557398208788	1322.6038995357976	1353.9584254673969	1372.7399794019934	28.08
1384.9214127653274	1323.5955193459752	1350.586464863129	1363.0416333536969	28.12
1380.4363668627732	1323.5295937741462	1354.179650935442	1373.8651120365066	28.16
1380.0033917460735	1323.0546139126243	1350.3116746666103	1353.076541654766	28.2
1379.3423634170642	1323.5766694503957	1352.5091578298582	1365.0096377553846	28.24
1377.2250054910878	1324.4806351303178	1354.0665529079029	1368.092492300176	28.28
1379.185667630484	1324.5729022934652	1350.2515056217449	1360.4342386187482	28.32
1379.3927525487788	1325.4334883483177	1356.163550307758	1373.7647005345102	28.36
1382.4846789145433	1323.1669256673904	1350.7802330756697	1363.892589284226	28.4
1387.6359206209477	1323.799734978276	1354.6350658180304	1376.7059162484347	28.44
1382.1768263462493	1323.9923046211868	1352.9615319456364	1364.215697512006	28.48
1382.4873828877053	1322.8659207332746	1353.697996834177	1373.7478650499431	28.52
1382.8189801892545	1324.011587748374	1352.8887217832098	1364.3824621804574	28.56
1380.9419220397372	1324.1486398308446	1352.2850362114725	1367.3568529683444	28.6
1385.3137301520958	1324.6386776409784	1349.8988931719018	1364.3579703397595	28.64
1379.1457732963022	1322.8900670266996	1353.728423182774	1370.5251551013	28.68
1376.2723880099954	1321.595805461084	1348.8467625605128	1358.5815385381306	28.72
1385.684757734382	1320.1182934692993	1345.3948572983238	1358.018325157559	28.76
1374.6581046381082	1310.0739321852693	1339.2530992452787	1349.4090902893158	28.8
1371.5493400607947	1298.3412347737865	1326.434990457429	1337.9192809415315	28.84
1366.7095181761204	1290.3056559405725	1313.3473943205336	1319.4467849270613	28.88
1362.432512269525	1283.8564747964633	1285.1461705100035	1290.1381861846996	28.92
1348.097036982259	1290.1441514584392	1247.425331063549	1247.4618362778956	28.96
1327.3289896202555	1274.2052601819569	1210.443025474086	1206.2629039638596	29.0
1313.5347527696542	1248.9437254055983	1173.263905882155	1162.589337170217	29.04
1302.3900984931263	1232.5639342233244	1142.4472508213755	1122.9844358287874	29.08
1282.8474723606512	1218.4707132315316	1113.5609233778648	1097.0630716654568	29.12
1258.7792341315455	1215.2841498030941	1086.7111201265052	1071.0721565219355	29.16
1242.0433016912698	1209.5201824094574	1064.3747681938846	1044.057310798352	29.2
1223.3411850644945	1195.6637358723526	1053.3122214366308	1051.7099231389525	29.24
1209.0196675341974	1181.4104957027973	1045.4073051259531	1048.517499408913	29.28
1194.6662001914829	1167.1997280356113	1037.2941787692544	1026.0478513109338	29.32
1181.0591518313188	1155.8396496485968	1031.4534272577987	1038.7760793329333	29.36
1173.330041765866	1148.2782830083663	1020.8173546901023	1033.1420171494838	29.4
1164.7997621737686	1146.0536238483564	1024.0922277196528	1035.8394435753016	29.44
1161.3218521422702	1142.8658403810148	1015.447428810051	1033.8017177350503	29.48
1148.6847222687904	1139.989188015288	1012.8657094808934	1035.1252645265174	29.52
1145.1818124701526	1132.7499764402173	1010.2150434339906	1020.9846297953827	29.56
1134.837396786338	1125.5658464605892	1006.1849096630565	1020.4542304941828	29.6
1126.5794627783262	1118.4440313488212	999.3234249173559	1008.7093565019204	29.64
1123.3954506956636	1110.410692237827	996.8830775783746	995.4673696354686	29.68
1122.8526335737258	1111.142261061021	990.8673355087462	982.4991488799574	29.72
1119.0405267022318	1105.6842071173955	992.7245762267307	1001.8147307792249	29.76
1116.3530657082745	1100.3442526938386	988.9671363913205	989.443109824886	29.8
1115.8967858013448	1098.9662411154177	986.8543701007288	996.0284669872474	29.84
1112.1494167645205	1095.3809294120417	985.598341554549	988.8606284935007	29.88
1112.3834885838844	1094.2318578153054	984.7455100459144	990.7901082847967	29.92
1111.6605893167514	1096.5859870668244	982.6526258774181	990.3426910371718	29.96
1111.9024841518383	1095.1036661947028	980.9621801458501	996.184592256186	30.0
1112.2634428467006	1096.7915055386566	979.2765853704907	979.5658613101708	30.04
1111.144353862004	1094.9949235019567	980.5394099230483	984.1588679266147	30.08
1108.9405453763404	1094.4243123761837	980.5633304167173	996.0604005913582	30.12
1105.1446743756114	1094.058578293269	981.1892422438974	980.0506259847423	30.16
1100.5343656321886	1091.6580741795044	980.0273562186248	983.1320654820242	30.2
1100.3946193039783	1091.1939877067175	977.8696423202649	983.9051451520078	30.24
1104.3529614316456	1091.0838388324432	976.9287106611581	980.0125437254501	30.28
1102.536555176231	1091.523083059202	978.001989898043	982.1787415106699	30.32
1104.4711871174823	1091.2673146672998	979.7323522550568	980.5505380441426	30.36
1103.7189434994577	1092.3005330031865	978.0238348509164	987.4541552694277	30.4
1106.2177256773975	1092.321735190906	976.8079933996288	983.3447664276623	30.44
1105.5592776860067	1093.242169182357	975.1562502702851	993.7734236813769	30.48
1102.5819213488471	1091.3578186479813	975.8374079312713	969.0981995360884	30.52
1101.8308645528443	1091.8655869472032	977.2014957849862	980.0598754755866	30.56
1101.9708743728536	1090.35079944757	975.1403243592831	979.225158080086	30.6
1104.7956113625994	1089.8288545574774	976.3476689885665	983.9228847612441	30.64
1103.1610082768207	1088.7485592631392	976.5641030896439	980.0697461944302	30.68
1107.1276048778418	1089.1756042192885	975.532221455579	983.3297887116398	30.72
1103.1841236983082	1086.6749215649643	976.4608150626788	981.9750772869297	30.76
1102.6017397886483	1087.8634396808357	976.275645309743	980.9656233553261	30.8
1100.714367822176	1088.9513108254437	974.0207879305445	976.8694919649807	30.84
1102.7057397460105	1090.7447296482947	975.0447063523662	978.3452255700175	30.88
1103.4883850105832	1089.407731271079	974.1494723284201	986.3890791746411	30.92
1103.8909156685759	1090.4565304334278	974.9225542191591	971.4142539708495	30.96
1105.8935396364016	1092.9367602792186	973.7381381728296	990.9285124392644	31.0
1110.1032110284987	1096.7796884732415	977.5364326946244	984.3989314470227	31.04
1109.6566308678498	1098.9023529069304	975.475049902886	993.5401960546202	31.08
1114.804825297226	1099.4527725929909	981.3804972323911	993.3997723080009	31.12
1118.389195669222	1100.7885188182445	983.729890132413	995.6988178222597	31.16
1121.0362390310609	1095.594859151365	983.8522106542287	1004.0321435557205	31.2
1120.2019851946395	1084.4766467316283	986.837811906295	996.6667583454444	31.24
1127.5799596818863	1075.0457857759602	985.6565490920592	994.639989438802	31.28
1129.3794565685812	1072.9275507574378	995.246185551188	1016.7011042561551	31.32
1151.0893169847354	1086.7162160490375	1022.4931202481749	1029.29621943971	31.36
1186.9697885927592	1138.806755390138	1081.35094569092	1107.7711938562563	31.4
1243.288827072662	1209.7068443938565	1146.6875152158448	1236.6856591590672	31.44
1330.5575707429516	1314.4578927914506	1222.871715062353	1294.1906390964775	31.48
1412.6593898646677	1412.741076572486	1306.0400446009771	1389.0294103831948	31.52
1490.584577624789	1496.095535288716	1377.4814407835881	1441.0896606335336	31.56
1559.0472308868402	1571.916888542618	1446.0449978147165	1496.1497366318315	31.6
1625.7118915021945	1633.9999313865767	1500.2292669310514	1472.6454259183847	31.64
1662.7884257278981	1680.9877910838259	1540.6514055522935	1539.8746234528621	31.68
1691.6521898437798	1696.039978191677	1556.3011457746704	1574.1705568527284	31.72
1709.4653407468368	1725.0199407795787	1567.1029584869	1577.3235462598964	31.76
1734.9914505623988	1747.6957420439378	1581.8261413923497	1591.0329593577167	31.8
1779.900419084443	1659.527182226705	1625.8298167198368	1637.4397879614078	31.84
1815.6517748066926	1621.9553157830733	1669.973872912235	1701.4219478033021	31.88
1824.92168171514	1693.3463585276338	1755.793074244424	1753.9834570485827	31.92
1823.6120565269118	1731.4411333224375	1792.5799110910466	1799.4962135023563	31.96
1824.3609397280911	1786.8382430917577	1784.367872227085	1800.4420584496622	32.0
1789.3052992090463	1757.2737153381265	1730.3223242267243	1748.2702855602174	32.04
1747.831221562505	1630.254384923978	1629.0013169089564	1618.423402209889	32.08
1659.6964122553084	1642.5225005353825	1491.9590855067936	1467.6341614991925	32.12
1595.9843027361303	1575.047658896257	1363.203585437426	1337.7658802659862	32.16
1528.1649848305199	1508.4915710363555	1229.6332697194632	1209.1323176296241	32.2
1457.031678600796	1508.01563151999	1113.6541699587308	1095.4482825314474	32.24
1393.1307536787835	1339.6014014997488	1052.7404319043446	1014.1954848911665	32.28
1321.9808929522533	1240.0535522550783	1009.8089984911787	946.6193911216069	32.32
1252.6196954466016	1182.3091001827495	997.9175555841051	911.400883389807	32.36
1191.7946962502378	1182.4204941580244	995.3845010149109	905.310601380786	32.4
1174.2142308722753	1164.803783711187	1016.0801074674007	921.8944130223049	32.44
1185.322144798082	1136.033520317553	1046.280032757409	943.5896066666418	32.48
1198.7947295228346	1139.7229454060387	1072.691668687762	963.5302677720478	32.52
1201.7039771138018	1145.3667711730425	1085.2213028602016	984.5616857540047	32.56
1181.177906453662	1151.5423914431465	1083.5828989052	995.1513404308241	32.6
1154.2091167158305	1155.489101633619	1082.8441650213474	996.8593912759605	32.64
1181.2009598358488	1150.0914382221592	1077.7927267703085	994.2261411033405	32.68
1253.3739638269412	1128.1215994334457	1080.363493804226	992.8901937975336	32.72
1255.818087936386	1121.5043782356302	1082.5509379346445	997.2388545280671	32.76
1257.1588168166677	1125.808587713044	1074.3287327376786	989.0769996433542	32.8
1256.0443176462659	1134.1707470593608	1061.8180552719427	981.5080899124926	32.84
1281.6710543037636	1104.7456072241275	1052.5517437496917	976.7122640242302	32.88
1267.9738321166299	1080.889899320399	1048.4326721943933	968.8524419359155	32.92
1235.4652312693856	1070.5773358496344	1048.5882460151754	968.1964943539879	32.96
1212.6014958003007	1071.682851798698	1047.7567983541755	961.1471261680985	33.0
1204.9826732164033	1064.2368282530754	1045.285716213209	960.057282327675	33.04
1197.1021247421606	1069.184303406298	1042.6259822563727	958.7389993646248	33.08
1181.5895037436042	1054.4003567535328	1040.661835977128	959.4311081083794	33.12
1041.19822630168	960.4737324487857	0.0	0.0	33.16
1041.0905966353905	958.3316940475358	0.0	0.0	33.2
1040.5821402453143	956.0336410450808	0.0	0.0	33.24
1037.449106825517	954.2342132403771	0.0	0.0	33.28
1036.7694451650996	953.2407864594063	0.0	0.0	33.32
1035.881394259871	955.0634760164561	0.0	0.0	33.36
1036.9693045874344	954.6425556681005	0.0	0.0	33.4
1036.2220459917123	950.78945032978	0.0	0.0	33.44
1034.8265226357225	949.9340975618488	0.0	0.0	33.48
1036.2114818523419	951.0099030204916	0.0	0.0	33.52
1035.1144686004513	949.1171350737659	0.0	0.0	33.56
1035.914655197093	951.5282389932127	0.0	0.0	33.6
1035.2479507850512	951.0680508630577	0.0	0.0	33.64
1033.7326364535195	950.7255658531892	0.0	0.0	33.68
1034.2353120591192	949.5294596639745	0.0	0.0	33.72
1034.607793887648	950.0396996092963	0.0	0.0	33.76
1034.7172347820988	950.5646277106545	0.0	0.0	33.8
1032.814274126941	950.2705020482213	0.0	0.0	33.84
1034.1752517913148	949.5230743696793	1063.1993598414795	1001.1286661069207	33.88
1033.648770992094	949.681332281144	0.0	0.0	33.92
1033.5772022284261	950.3755062891705	0.0	0.0	33.96
1033.043992989585	948.3399322204586	0.0	0.0	34.0
1033.294976788407	947.9645355026341	0.0	0.0	34.04
1033.530120229456	948.1018413169091	0.0	0.0	34.08
1032.483112514446	947.2567309989284	0.0	0.0	34.12
1034.9643117993953	947.654613259501	0.0	0.0	34.16
1034.4051383880744	946.7083716601899	1070.0010838641547	977.9878886122974	34.2
1035.6272343262415	945.800340612893	1081.161273502125	1012.840218178774	34.24
1033.1612960882499	945.2817802226921	1169.692415331652	1017.77277979651	34.28
1035.8785627299476	944.8731056003088	1173.6072281843958	1015.2127933657932	34.32
1035.0554081554678	943.9647566682927	1155.1264719852938	980.2912023208139	34.36
1034.7173704349607	944.8428542927544	1130.3946209694582	971.4058157926005	34.4
1035.2163693087966	945.3593002804645	0.0	0.0	34.44
1035.9522003411162	945.94267224024	1068.2649686996442	941.941795325216	34.48
1038.413961415179	946.0577830921738	1103.2093639218485	983.3109034754006	34.52
1037.925635052444	945.0027907677033	1090.2514230638712	982.4990187997823	34.56
1038.0767875370595	944.1581900281138	1066.9984168337578	996.1891787247654	34.6
1039.3469065021839	945.0749844523433	1012.5849811130188	972.0465277803304	34.64
1039.0608543822045	945.7826248343065	1054.5757091847622	986.3392059396513	34.68
1038.033209704189	945.7727610294613	1066.8691090490972	984.7484569770048	34.72
1040.6953962287942	946.1096358384335	1043.9971105812283	980.9796008207038	34.76
1045.4487333665843	949.9679309547271	1039.252941492162	963.3583221022706	34.8
1049.453402384479	956.1181571691626	1029.0687201549306	966.7480695847325	34.84
1053.9168411751805	960.0603967829024	1009.0890401418204	965.5714133768124	34.88
1059.3430454005209	964.3797383818992	1031.227243887337	987.8320177358028	34.92
1064.6487413836833	968.4939413332437	1078.743867258799	976.7481456209532	34.96
1069.083890252995	972.4380857414023	1060.5955054212893	974.8017204180288	35.0
1074.2360129194867	975.7884704890073	1071.4430518962135	970.903117866063	35.04
1078.1799286402336	974.296483832208	1062.636335625927	962.2347741011009	35.08
1079.1637892264723	975.5856278679408	1069.8696538289773	959.2159897321117	35.12
1081.148947099314	977.7782123428258	1055.9797813053747	953.391423720857	35.16
1084.4379277923376	981.9396604825608	1060.4418367376118	940.5204442387509	35.2
1085.8020878732693	986.8827159839881	1046.479508223512	938.491452152441	35.24
1090.1235662385773	985.5837843188373	1044.9549479399325	940.9939990021231	35.28
1092.2648120145964	988.7345856828304	1029.9252558397359	937.4646292898783	35.32
1093.1452600496611	989.0441862412604	1023.7401718837864	935.1844383564314	35.36
1092.3371846626326	987.9213813479957	1023.5389666713603	940.9027984888208	35.4
1088.1084948073444	987.9710926068309	1007.9611717910108	942.5532834799924	35.44
1086.788375887273	984.0486531407197	1006.7435169598089	936.5999214255223	35.48
1083.5998722086117	983.1511834271853	1002.4249148874616	939.3947214523314	35.52
1078.5507974475406	978.5366809331957	987.544975684527	922.9893785061764	35.56
1077.263231968811	974.0200970739054	972.6255349415537	905.1165107724346	35.6
1073.6874783621345	967.4134834735389	945.1419774776698	901.6975718162474	35.64
1069.2553087481972	959.2204183131158	911.7473622051701	873.2847262677222	35.68
1060.821998711575	948.4796056344875	886.7552433556174	849.4053644276113	35.72
1054.1455476500428	938.22006015732	847.0830135699254	814.1756436045225	35.76
1045.59870136861	926.2521599622143	809.9599790801984	791.5407935039434	35.8
1040.3611290270676	916.7686819308017	772.9309537815229	760.7090570737662	35.84
1038.6253595690428	910.248901205871	730.8485587374504	740.7830239273759	35.88
1036.884971438481	906.65234583829	694.9908211849811	718.4317865610433	35.92
1035.5474991039741	897.8707341568904	666.3311419213445	691.0935762180155	35.96
1035.1553205932853	895.5773402783512	640.2798943615267	674.843799230171	36.0
1033.7048536059085	892.7579150317295	611.0974662246821	658.9786271493599	36.04
1032.4630040027346	886.0841499018467	596.173650218542	646.0612047961947	36.08
1030.7134562793185	884.5521764361288	566.3456605680732	633.0503407506715	36.12
1028.2348083025115	877.5263855177863	540.7748998263311	624.0331823742704	36.16
1028.4803689281316	876.5034478188423	517.3632745134862	618.4636687537062	36.2
1025.134895471287	873.4107725664547	503.56490571639085	598.5428353659038	36.24
1025.8541592831123	871.9324994672868	495.72413356511686	592.0100678734113	36.28
1024.8183127548182	870.2909330980307	491.0834220959986	577.5165914273364	36.32
1028.2787608810668	872.1430953442087	478.20801422056616	578.3440401450666	36.36
1029.5555905627857	873.6773108814496	474.72766837656684	565.8729691075191	36.4
1033.4131139771807	875.0731819725906	469.51167510653596	568.732386527195	36.44
1033.3133593195196	876.088965769332	473.52758643091425	561.9642143005199	36.48
1034.0085585955626	877.4949803807585	461.7864936590433	556.4238571197263	36.52
1033.1587142777914	879.3441806083198	461.0208566618496	556.9672565115474	36.56
1035.0879763557994	881.0643779442023	460.141830183289	559.5957843725116	36.6
1034.7481244139958	883.880173639122	458.9456201856741	571.7082178113067	36.64
1034.2967708030592	883.7810181870478	457.0683823845279	570.7307436391397	36.68
1033.8311375049448	882.5729328909304	455.77121639396074	568.5447251431023	36.72
1032.6334669444157	880.2272027521748	449.55488057584284	567.0388951481248	36.76
1030.1389483976166	878.8435974233374	454.11223750112083	562.0417121047506	36.8
1030.9879528454992	876.0441705425783	456.5485555974393	556.9880995372399	36.84
1029.3171493687605	872.6122501791176	459.5770840383563	555.6759213284334	36.88
1022.8959721282166	869.72082731832	460.1625611839381	552.5478545286102	36.92
1022.0492304546801	867.4037489167509	456.1130982497065	552.8726844421535	36.96
1022.283430111595	868.8425366071633	454.72953431012365	554.5675479079631	37.0
1021.5767063910721	868.1671584451196	446.55228146313414	555.6618119301828	37.04
1021.3862183730125	868.3672049899105	446.0371979350931	545.9524451872113	37.08
1023.1962983905488	868.8914597963634	447.81362405179436	549.6360006203429	37.12
1027.214759495872	868.8844515796571	453.9088129732293	547.2997817938441	37.16
1024.6199480758667	870.8590190459962	450.37743822446384	550.8184709764455	37.2
1022.9327898653696	867.4222304341712	445.1022017731843	554.2336404227156	37.24
1022.0824484285012	865.6558557320542	446.17333146304554	539.1434416719901	37.28
1023.3360230789888	868.1483676306034	447.30338573123976	547.881513245139	37.32
1024.3091088016618	871.102531120434	450.2804461256761	551.5279068611659	37.36
1022.2054027352638	871.1889704060563	453.2475194027043	545.1890737917076	37.4
1021.6455511428924	869.7205359724053	450.99251916924953	546.0521335480104	37.44
1020.2950194043987	868.5271887952879	448.64877821131034	551.08236415009	37.48
1020.4419138633908	867.422858851332	446.23025023596836	549.4130346886341	37.52
1020.1447718295926	867.7963393951173	448.0156505610497	544.0847571568842	37.56
1019.5589758985152	864.9237986759451	443.26564520057815	546.2164897933384	37.6
1019.4591874350754	864.0392377729873	438.33115282873547	545.6302276164483	37.64
1023.8294767913409	866.2182961094832	439.43866844093077	550.0745513935865	37.68
1024.6071700367006	870.4430759891466	447.86133041934613	547.3114226333156	37.72
1026.2874382322275	873.4618715757116	449.9606025121055	544.4797549879796	37.76
1030.3047358307974	874.8745615105075	452.3939042970826	556.6843963267071	37.8
1030.1063134086874	877.4833828945568	460.2177238189297	560.5270125320982	37.84
1028.2290040795162	873.9855187404253	456.34734733192744	556.498841212402	37.88
1026.0100276925436	873.5114428194395	460.84899611048826	553.2617087971121	37.92
1021.6925770397637	873.0893932322674	454.4587505618759	552.4563991180418	37.96
1022.5716742519958	869.9028869174986	452.43106520396293	550.3997520896822	38.0
1020.3163989559067	872.8471541668192	452.934640268955	549.7788671174742	38.04
1024.717653193654	870.6366897891575	453.8958275223837	547.6614852161246	38.08
1023.4625106625948	872.3119651881467	454.10304297991865	552.139313504792	38.12
1020.9180726191296	869.8171404328485	451.5025609056577	547.4979207172375	38.16
1023.6390515494855	872.0361951319524	451.81500882323576	555.6937861605899	38.2
1020.1010128171737	868.8470367593565	452.6696979174185	554.2439975231006	38.24
1021.0568741888826	869.0869510610268	453.5552137472556	557.7885838540352	38.28
1021.45541668114	868.4764311570408	449.1427382973274	548.8820581837978	38.32
1020.9688749986302	868.7782662071464	453.02736712331483	543.8947558648774	38.36
1020.3719666036972	868.8549646015011	449.3806881808736	541.0894942459839	38.4
1018.3024863994323	865.3192989949106	449.0814453942345	547.019696129456	38.44
1021.3097214576455	866.2188947811213	445.40870334152225	541.6581875680915	38.48
1020.9634435221994	867.8632782354022	453.39663993058014	551.8524646466215	38.52
1020.5790937285726	868.1230223878272	446.7908343321234	543.3086439684706	38.56
1020.0534745816672	866.3265631891595	449.5586965869462	552.5530289702981	38.6
1022.4505059748612	867.1956392632829	447.153762897602	555.5268610931855	38.64
1020.688082297119	868.4259543678403	450.70427694876025	541.8043885868865	38.68
1019.8277905343516	865.7783267617625	452.53173030148855	556.0021136333272	38.72
1021.2240552407628	869.7635141228717	451.52391709940116	551.4065700645258	38.76
1020.1207547560365	868.3001300445515	448.9200465994309	556.3046217425648	38.8
1020.9638178417258	872.0181864705011	451.2694733885135	553.1194071890683	38.84
1020.7825079294295	869.38733157359	448.9406682595802	549.0604185383282	38.88
1020.7851332480767	867.3897657589258	444.21323780744217	546.6715364416856	38.92
1018.9729713309077	865.7202670839179	444.9066945852464	544.6277251283678	38.96
1015.711630650482	867.6436282120186	448.5979028699244	542.2411521038891	39.0
1018.4336338129108	865.005260159064	446.4347251897228	539.1839812089556	39.04
1017.9096616336184	865.6933209910317	442.4882370136942	538.0344428241438	39.08
1018.552309540364	865.0003187050118	440.77140885227993	540.0304905412452	39.12
1016.2270224283153	867.5090661547182	438.17167180669406	533.9411988654863	39.16
1018.4638366540595	861.7510995895113	437.6628207640852	541.8672754563582	39.2
1013.7277079531926	864.2869326287151	437.24834038231097	536.3417477359496	39.24
1013.0447362126762	863.6097708005385	436.7574411899082	538.9278283296162	39.28
1016.862965602497	863.431522114432	433.6475718729963	539.8104983454384	39.32
1017.4594793601533	863.328399611247	436.3079087963735	538.1215317754575	39.36
1018.0227917365291	861.9704643328657	432.18649733608265	539.7031373998907	39.4
1017.6220019746659	860.3690440878146	434.1204914010455	544.5837789763425	39.44
1019.267012746231	863.9801214804041	437.46031925061584	539.3516810048841	39.48
1016.2467597110773	862.1140374028712	435.38034885104037	536.9205947557379	39.52
1018.9767114450099	862.1690458784725	437.6658745209213	538.4532834362745	39.56
1018.0247660448654	864.3094927147647	436.1503714464752	547.6157247212211	39.6
1019.1861533039836	861.8343066827582	435.5649768277928	545.457752208621	39.64
1019.2444974243417	863.101824164707	438.34940455994956	542.6990941226484	39.68
1018.1514861878665	862.8603509948966	437.21345907783086	541.9866823598154	39.72
1018.2440279413914	862.4407153088042	430.8843989413465	541.9988303113697	39.76
1017.9848067261153	867.2310508910364	432.12769608010296	541.7974923832905	39.8
1015.4307073668487	868.1022416087743	435.0565290388179	540.128759128831	39.84
1014.4274632798968	867.7122456052238	438.49931697046395	544.3398637216391	39.88
1017.8104402331323	866.9499000829526	436.4909160739355	540.7861038116358	39.92
1020.4584269119619	863.3228638607096	436.4811212132797	545.4825203580651	39.96
1018.9284611012624	864.8964442662418	437.7327164682616	540.119754030244	40.0
1016.933121966713	862.4666868125893	438.01640750499985	540.2228205667649	40.04
1017.2982229262406	864.7150090119528	436.6896413627251	535.2942842305184	40.08
1018.2989785956185	863.9767380959664	435.80666764957914	535.3660182915307	40.12
1016.3561093921977	865.1609619815655	436.9744388632936	539.4879131405637	40.16
1016.8269376963354	862.7955371342034	436.87568085215423	539.2394159889789	40.2
1016.8209961594902	862.7685084052009	434.7308201701719	539.0499430746262	40.24
1018.3721782665558	864.1180104325803	430.23276530649696	542.3185157635527	40.28
1018.0339478590226	866.6332293262662	434.6583307663028	545.5302034174697	40.32
1020.9770463499416	865.7305926321558	438.2015424677313	543.2088924511869	40.36
1020.4588234596129	864.5216270680543	435.89304804284495	551.3945635060517	40.4
1019.261468904779	862.973499949498	435.0964092580827	536.6522127530342	40.44
1019.5436077680306	867.2929688554594	437.5436701643846	548.6148200351735	40.48
1019.1901040218153	864.9712969355879	438.3033527183395	546.1092061037353	40.52
1018.4592852890524	865.2439003246467	435.3231373684445	548.5677370084799	40.56
1016.8546570329479	863.9987493657026	435.3932116279893	545.7795412846726	40.6
1018.9429273001194	869.1118356639224	439.62035305119144	543.0841364960404	40.64
1017.1924550088972	865.6483995887493	434.3115003581038	543.4631117859936	40.68
1012.3193683749909	867.7881008501649	433.59524424344556	539.1849379878546	40.72
1012.9768450556929	866.3732102954954	429.884053627314	543.581743359438	40.76
1015.0936556436	865.598198707655	433.8677514092778	532.6049351357022	40.8
1015.0791691202812	860.3499747503213	432.0934051764917	534.4076226304273	40.84
1011.0962795470277	860.650264671129	434.34248917268013	531.2225153407879	40.88
1010.8203618138815	859.0799702547215	432.17775541321214	531.2038427718699	40.92
1009.0713627865042	857.0785445927411	433.88805398738646	538.5986841663224	40.96
