Thumb_R	Index_R	Thumb_L	Index_L	Action	start_time	end_time
842.2744557215678	869.4910266225221	0.0	0.0	Cap Off	0.32	0.4
842.2744557215678	869.4910266225221	0.0	0.0	Cap Off	0.57	0.7
842.2744557215678	869.4910266225221	0.0	0.0	Cap Off	0.72	0.83
842.2744557215678	869.4910266225221	0.0	0.0	Cap Off	0.85	1.08
842.2744557215678	869.4910266225221	0.0	0.0	Cap Off	1.099	1.379
842.2744557215678	869.4910266225221	0.0	0.0	Cap Off	1.439	1.699
842.2744557215678	869.4910266225221	0.0	0.0	Cap Off	1.799	1.929
842.2744557215678	869.4910266225221	0.0	0.0	Cap Off	1.949	2.199
941.5419820532244	900.3970327258768	0.0	0.0	Cap Off	2.349	2.459
901.61552056416	823.3965722579243	0.0	0.0	Cap Off	2.479	2.549
1025.42691444539	994.3988595322119	647.6619799561287	627.1504136648525	Cap Off	2.559	3.728
921.7517796071401	911.0267885889114	921.7517796071401	911.0267885889114	Cap Off	3.768	3.928
823.8309083986775	850.3468524636127	823.8309083986775	850.3468524636127	Cap Off	3.938	4.038
680.5170989331112	647.5367423819861	680.5170989331112	647.5367423819861	Cap Off	4.058	4.208
768.3310944878933	721.916822272467	768.3310944878933	721.916822272467	Cap Off	4.248	4.418
848.9116784843762	804.585441401358	848.9116784843762	804.585441401358	Cap Off	4.457	5.047
987.5461210265017	1012.4125240513608	987.5461210265017	1012.4125240513608	Cap Off	5.127	5.247
1010.7027144233872	1079.5650559282617	1010.7027144233872	1079.5650559282617	Cap Off	5.367	5.907
766.4280655053876	716.5152480505712	766.4280655053876	716.5152480505712	Apply Tip	6.056	6.156
1326.4032429496942	1306.29041821441	0.0	0.0	Apply Tip	6.196	6.316
1351.1100974501173	1322.5540251980847	0.0	0.0	Apply Tip	6.336	6.476
1083.9669537242235	1113.0199038123335	364.1645802568329	395.8889329094069	Apply Tip	6.586	6.746
745.9755450135216	811.5911813731651	745.9755450135216	811.5911813731651	Apply Tip	6.766	6.896
851.366547474268	867.0694986362034	851.366547474268	867.0694986362034	Apply Tip	6.916	7.136
775.5235898504847	814.899708902217	775.5235898504847	814.899708902217	Apply Tip	7.196	7.466
764.2726509774274	800.1952275987189	764.2726509774274	800.1952275987189	Apply Tip	7.486	7.876
793.6822377841833	837.1573334678706	793.6822377841833	837.1573334678706	Apply Tip	7.915	8.864
801.3479854159341	843.3759736455397	801.3479854159341	843.3759736455397	Apply Tip	8.885	9.565
813.8271851525357	854.1833707996235	813.8271851525357	854.1833707996235	Apply Tip	9.584	10.134
773.7063497112475	817.0967666412942	773.7063497112475	817.0967666412942	Apply Tip	10.154	10.674
744.4342077316427	789.4899527866896	744.4342077316427	789.4899527866896	Apply Tip	10.714	11.094
757.8892533816678	797.196108805737	757.8892533816678	797.196108805737	Apply Tip	11.114	11.384
759.4344398301962	806.8253356239126	759.4344398301962	806.8253356239126	Apply Tip	11.403	12.083
676.4552726641268	762.3464647348533	676.4552726641268	762.3464647348533	Apply Tip	12.103	12.233
703.779372423665	759.3044880105041	703.779372423665	759.3044880105041	Apply Tip	12.253	12.513
707.9674977919316	750.0822467955403	707.9674977919316	750.0822467955403	Apply Tip	12.533	12.623
576.9132398491308	594.2440445013078	998.1147852237605	1010.8306208759466	Apply Tip	12.663	12.833
422.4507170238381	423.0351871955502	1304.981408379857	1291.2693332217968	Apply Tip	12.853	12.933
832.6506709241311	865.0183821191423	832.6506709241311	865.0183821191423	Apply Tip	12.952	13.062
889.2474784624492	917.9163137416592	889.2474784624492	917.9163137416592	Setting Units	13.192	13.352
913.6005298838265	928.1821932707231	913.6005298838265	928.1821932707231	Setting Units	13.372	13.722
914.4313835107843	906.5378263600054	914.4313835107843	906.5378263600054	Setting Units	13.762	13.882
903.8034348888704	839.2676868424172	903.8034348888704	839.2676868424172	Setting Units	13.902	14.032
919.1312857664436	941.2291171938452	919.1312857664436	941.2291171938452	Setting Units	14.052	14.332
910.7524290977176	976.5472367711856	910.7524290977176	976.5472367711856	Setting Units	14.352	14.482
794.3534153812265	904.150163290281	794.3534153812265	904.150163290281	Setting Units	14.502	14.992
744.874286424133	863.0872171907969	744.874286424133	863.0872171907969	Setting Units	15.031	15.141
754.8030202712592	869.4910266225221	754.8030202712592	869.4910266225221	Setting Units	15.221	15.511
801.6533737378977	881.6558880792775	801.6533737378977	881.6558880792775	Priming	15.611	15.681
951.0007457410851	996.283046629118	951.0007457410851	996.283046629118	Priming	15.701	15.831
1033.3813838062015	1065.0777738202064	1033.3813838062015	1065.0777738202064	Priming	15.851	15.981
1101.006047550304	1149.3615875223202	1101.006047550304	1149.3615875223202	Priming	16.43	16.93
1108.5704129130427	1146.0820922337243	1108.5704129130427	1146.0820922337243	Priming	16.97	19.918
1122.495869184364	1157.763047290566	1122.495869184364	1157.763047290566	Priming	19.958	20.058
1118.649456542011	1141.489964809096	1118.649456542011	1141.489964809096	Priming	20.068	20.228
1130.5057621936116	1138.5148845567496	1130.5057621936116	1138.5148845567496	Priming	20.268	20.688
1168.5538605725644	1213.9856914278866	1168.5538605725644	1213.9856914278866	Priming	20.758	20.978
1060.4329402357766	1087.4145197146775	1060.4329402357766	1087.4145197146775	Priming	21.358	21.508
1008.158335181233	1013.7859809846382	1008.158335181233	1013.7859809846382	Priming	21.547	21.907
1167.0422633542294	1270.936037151929	1167.0422633542294	1270.936037151929	Priming	22.237	22.477
1232.0075670537774	1319.4750074148787	1232.0075670537774	1319.4750074148787	Priming	22.497	22.727
1278.00412908319	1370.823295451323	1278.00412908319	1370.823295451323	Priming	22.767	23.437
1293.1874231380211	1396.9583702969321	1293.1874231380211	1396.9583702969321	Priming	23.496	23.896
1330.4479793421922	1400.5395754719805	1330.4479793421922	1400.5395754719805	Priming	23.916	24.096
1037.7960475114312	1023.531625730691	1037.7960475114312	1023.531625730691	Setting Units	24.446	24.566
959.9615022295253	931.2037393294379	959.9615022295253	931.2037393294379	Setting Units	24.586	24.696
904.5515624744563	937.505400424085	904.5515624744563	937.505400424085	Setting Units	24.716	24.826
855.5844186459499	882.4694318586908	855.5844186459499	882.4694318586908	Setting Units	24.865	24.955
842.2744557215678	917.9451800971488	842.2744557215678	917.9451800971488	Setting Units	24.995	25.115
820.915440464807	906.07035387418	820.915440464807	906.07035387418	Setting Units	25.135	25.245
798.2142165310488	887.5398905083304	798.2142165310488	887.5398905083304	Setting Units	25.285	25.765
790.2247686094612	865.4039718353015	790.2247686094612	865.4039718353015	Setting Units	25.835	27.084
811.9900628003519	879.9528352811328	811.9900628003519	879.9528352811328	Setting Units	27.104	27.214
830.4753019836186	904.2057158393997	830.4753019836186	904.2057158393997	Setting Units	27.254	27.344
824.5420844547854	862.8736285716324	824.5420844547854	862.8736285716324	Setting Units	27.384	27.634
836.0054486038616	844.4983940866379	836.0054486038616	844.4983940866379	Setting Units	27.684	27.764
1021.0814201666642	1009.519831544379	1021.0814201666642	1009.519831544379	Injection	27.954	28.024
1192.7515811577512	1211.2968575978505	1192.7515811577512	1211.2968575978505	Injection	28.244	28.344
1371.3540092265957	1413.787066800809	1371.3540092265957	1413.787066800809	Injection	28.363	28.573
1491.5562116235042	1441.3338945696912	1491.5562116235042	1441.3338945696912	Injection	28.653	28.723
582.1037856311347	577.4479811610835	553.1745633367635	545.5415173455787	Injection	28.763	29.013
1717.7471321589144	1705.786611327138	0.0	0.0	Injection	29.053	29.313
1563.3963891840096	1377.2012425239357	0.0	0.0	Injection	29.333	29.573
1488.8363177636666	1262.2051084678149	0.0	0.0	Injection	29.613	29.713
1459.7180793197247	1269.4453797708888	0.0	0.0	Injection	29.733	29.863
1438.5955673807368	1227.5690328484168	0.0	0.0	Injection	29.883	30.133
1436.4210031099053	1130.37438690657	0.0	0.0	Injection	30.152	30.262
1425.4809135908836	1101.3619213441389	0.0	0.0	Injection	30.282	30.392
1405.5675716161459	1145.9457417048234	0.0	0.0	Injection	30.412	30.512
1448.1606317567275	1171.0703508453828	0.0	0.0	Injection	30.552	30.692
1518.8527920436331	1165.7765740923821	0.0	0.0	Injection	30.712	31.092
1537.4936432554414	1153.784762970579	0.0	0.0	Injection	31.132	31.642
1413.068587392534	1144.5814753304185	0.0	0.0	Injection	31.721	31.801
1313.2669237152807	1003.1325033269939	0.0	0.0	Injection	31.931	32.001
1256.3564426400073	1143.1332573892485	1256.3564426400073	1143.1332573892485	Injection	32.421	32.611
1260.4855008201002	1146.8450670671157	1260.4855008201002	1146.8450670671157	Injection	32.631	32.891
1271.192394532151	1135.1028923075016	1271.192394532151	1135.1028923075016	Injection	32.931	33.751
1235.9766432083507	1110.6908825510545	1235.9766432083507	1110.6908825510545	Injection	33.77	34.33
1171.540735201675	1032.89223363258	1171.540735201675	1032.89223363258	Injection	34.63	34.7
1178.4230716011605	1022.9774868435633	1178.4230716011605	1022.9774868435633	Injection	34.77	34.88
1129.6680288199325	997.1451356346571	1129.6680288199325	997.1451356346571	Injection	34.92	35.04
1108.2627025879447	986.248517885912	1108.2627025879447	986.248517885912	Injection	35.08	35.2
1086.2807232655957	978.7570538688802	1086.2807232655957	978.7570538688802	Injection	35.219	35.329
1065.463660073903	986.1706836893331	1065.463660073903	986.1706836893331	Injection	35.379	35.899
1073.9568487643512	999.7331370521619	1073.9568487643512	999.7331370521619	Injection	35.919	36.029
904.1622291129609	893.4865158212667	750.1341951235379	717.0597090243934	Injection	36.069	36.909
531.3259828534742	619.9468124180003	0.0	0.0	Injection	36.928	36.998
538.0339218394099	621.6700022884393	0.0	0.0	Injection	37.018	37.508
530.8079509726211	602.7912260186628	0.0	0.0	Injection	37.548	37.718
515.3833180380568	576.1936747748164	0.0	0.0	Injection	37.738	39.467
512.4778175656166	576.2151396362841	0.0	0.0	Injection	39.547	40.057
516.5880558263474	582.0141403200217	0.0	0.0	Injection	40.187	40.347
509.74514202481726	571.3156903919465	0.0	0.0	Injection	40.366	40.676
496.99877658082295	561.3628811646296	0.0	0.0	Injection	40.766	41.376
475.8299879545154	561.774904402913	0.0	0.0	Injection	41.396	43.385
478.60655638833003	562.8846400199182	0.0	0.0	Injection	43.485	43.725
618.3543690105279	651.6034933079926	0.0	0.0	Injection	44.484	44.584
875.7631773754334	770.1920525608491	0.0	0.0	Injection	44.604	44.994
1063.0544751746818	871.410496720341	0.0	0.0	Injection	45.034	45.264
1001.4423617292844	915.8648515022605	0.0	0.0	Injection	45.304	45.484
1016.1996646995833	937.2961146789183	0.0	0.0	Injection	45.563	45.843
1098.151767938399	999.6885444318353	0.0	0.0	Injection	45.863	46.343
1157.6074673534056	1035.1744152886688	0.0	0.0	Remove Tip	46.363	46.513
1106.0724954545035	1046.8286765387115	0.0	0.0	Remove Tip	46.533	46.613
1350.6763908483983	1386.9519800894589	280.7038621261144	278.2972841789179	Remove Tip	47.062	47.192
888.1645261607425	869.4835169852325	888.1645261607425	869.4835169852325	Remove Tip	47.212	47.342
874.7212374246144	860.3452477932964	874.7212374246144	860.3452477932964	Remove Tip	47.362	47.862
801.4659675731709	850.842439848917	801.4659675731709	850.842439848917	Remove Tip	47.902	48.172
801.6902470847848	852.5698919300409	801.6902470847848	852.5698919300409	Remove Tip	48.252	48.352
765.5458429321575	786.5279017343985	765.5458429321575	786.5279017343985	Remove Tip	48.372	48.732
747.5409269019275	776.2025470192195	747.5409269019275	776.2025470192195	Remove Tip	48.752	49.032
738.3933810807263	785.2315898973565	738.3933810807263	785.2315898973565	Remove Tip	49.051	49.721
695.8331747656471	769.6961438750549	695.8331747656471	769.6961438750549	Remove Tip	49.781	51.56
695.2894986004782	765.1681260668207	695.2894986004782	765.1681260668207	Remove Tip	51.58	52.679
788.7154901846583	841.9042392467469	788.7154901846583	841.9042392467469	Remove Tip	53.119	53.259
815.5082687046662	827.1947359745819	815.5082687046662	827.1947359745819	Remove Tip	53.279	53.359
840.5817979692484	824.2677570745591	840.5817979692484	824.2677570745591	Remove Tip	53.569	53.719
821.1416737218159	837.0865036079662	821.1416737218159	837.0865036079662	Remove Tip	53.749	53.899
893.4969431005578	922.4419622793778	893.4969431005578	922.4419622793778	Cap On	53.958	54.148
793.4406998719512	868.7035993912167	793.4406998719512	868.7035993912167	Cap On	54.548	54.728
739.7447655757147	837.8891141179382	739.7447655757147	837.8891141179382	Cap On	54.768	54.878
693.5237195531514	790.0281714362051	693.5237195531514	790.0281714362051	Cap On	54.898	55.018
678.0808860391782	767.6305068609045	678.0808860391782	767.6305068609045	Cap On	55.038	55.178
619.669480315134	740.6844026267665	619.669480315134	740.6844026267665	Cap On	55.318	55.518
626.728313481517	750.7015742870542	626.728313481517	750.7015742870542	Cap On	55.538	55.668
667.5727507454349	779.2653238388652	667.5727507454349	779.2653238388652	Cap On	55.767	55.847
723.9090436166656	821.9339227579214	723.9090436166656	821.9339227579214	Cap On	55.867	55.977
740.9454298830356	828.1099190675383	740.9454298830356	828.1099190675383	Cap On	56.017	56.247
768.7953589986689	857.9764518916176	768.7953589986689	857.9764518916176	Cap On	56.397	56.677
808.236845924614	872.8068464266801	808.236845924614	872.8068464266801	Cap On	56.917	57.067
844.6649772561229	840.4407561634442	844.6649772561229	840.4407561634442	Cap On	57.107	57.197
787.1902766689723	758.8793936209494	787.1902766689723	758.8793936209494	Cap On	57.297	57.367
760.8656574730194	736.7975736657113	760.8656574730194	736.7975736657113	Cap On	57.376	57.506
745.978647357988	726.5577738964965	745.978647357988	726.5577738964965	Cap On	57.716	57.826
784.2895571805198	740.3971685747556	784.2895571805198	740.3971685747556	Cap On	57.866	58.046
