Thumb_R	Index_R	Thumb_L	Index_L	Time
0.0	0.0	0.0	0.0	0.04
0.0	0.0	0.0	0.0	0.08
0.0	0.0	0.0	0.0	0.12
0.0	0.0	0.0	0.0	0.16
0.0	0.0	0.0	0.0	0.2
0.0	0.0	0.0	0.0	0.24
0.0	0.0	0.0	0.0	0.28
0.0	0.0	0.0	0.0	0.32
0.0	0.0	0.0	0.0	0.36
0.0	0.0	0.0	0.0	0.4
0.0	0.0	0.0	0.0	0.44
0.0	0.0	0.0	0.0	0.48
0.0	0.0	0.0	0.0	0.52
0.0	0.0	0.0	0.0	0.56
0.0	0.0	0.0	0.0	0.6
0.0	0.0	1343.0525820368628	1343.0525820368628	0.64
0.0	0.0	1291.7437661179579	1291.7437661179579	0.68
0.0	0.0	1276.3906841462492	1276.3906841462492	0.72
0.0	0.0	1254.5573293320729	1254.5573293320729	0.76
0.0	0.0	1236.7473796275747	1236.7473796275747	0.8
0.0	0.0	1234.8369344166963	1234.8369344166963	0.84
0.0	0.0	1224.90109420757	1224.90109420757	0.88
0.0	0.0	1215.2844634626165	1215.2844634626165	0.92
0.0	0.0	1221.8678819889903	1221.8678819889903	0.96
0.0	0.0	1230.7251042335643	1230.7251042335643	1.0
0.0	0.0	1240.8501806152728	1240.8501806152728	1.04
0.0	0.0	1247.9989000634985	1247.9989000634985	1.08
0.0	0.0	1262.4373876436441	1262.4373876436441	1.12
0.0	0.0	1262.8591577937673	1262.8591577937673	1.16
0.0	0.0	1251.7528889798068	1251.7528889798068	1.2
0.0	0.0	1243.4400780513752	1243.4400780513752	1.24
0.0	0.0	1246.3550973698084	1246.3550973698084	1.28
0.0	0.0	1246.1460443068916	1246.1460443068916	1.32
0.0	0.0	1255.300132860963	1255.300132860963	1.36
0.0	0.0	1264.4452122539035	1264.4452122539035	1.4
0.0	0.0	1283.5943612687222	1283.5943612687222	1.44
0.0	0.0	1308.4021578723853	1308.4021578723853	1.48
0.0	0.0	1331.498053571035	1331.498053571035	1.52
0.0	0.0	1361.6811789498308	1361.6811789498308	1.56
0.0	0.0	1376.7855781954447	1376.7855781954447	1.6
0.0	0.0	1375.1823301177092	1375.1823301177092	1.64
0.0	0.0	0.0	0.0	1.68
0.0	0.0	0.0	0.0	1.72
0.0	0.0	0.0	0.0	1.76
0.0	0.0	0.0	0.0	1.8
0.0	0.0	0.0	0.0	1.84
0.0	0.0	0.0	0.0	1.88
0.0	0.0	0.0	0.0	1.92
1043.9624147480783	1043.9624147480783	0.0	0.0	1.96
0.0	0.0	0.0	0.0	2.0
819.5357999634393	819.5357999634393	0.0	0.0	2.04
755.0386261405089	755.0386261405089	0.0	0.0	2.08
778.0060421428848	778.0060421428848	0.0	0.0	2.12
823.3964910010213	823.3964910010213	0.0	0.0	2.16
851.8735334937335	851.8735334937335	0.0	0.0	2.2
860.7143132285619	860.7143132285619	0.0	0.0	2.24
875.1443222906585	875.1443222906585	0.0	0.0	2.28
890.3986990173495	890.3986990173495	0.0	0.0	2.32
892.8492804120935	892.8492804120935	0.0	0.0	2.36
889.3404824161374	889.3404824161374	0.0	0.0	2.4
892.3734632359782	892.3734632359782	0.0	0.0	2.44
922.2435270601958	922.2435270601958	0.0	0.0	2.48
949.4378315062985	949.4378315062985	0.0	0.0	2.52
1030.0556932430381	1030.0556932430381	0.0	0.0	2.56
1153.5779065774927	1153.5779065774927	0.0	0.0	2.6
1266.9525525772813	1266.9525525772813	0.0	0.0	2.64
1297.1031223442158	1297.1031223442158	0.0	0.0	2.68
1290.245185984124	1290.245185984124	0.0	0.0	2.72
1254.3519285857542	1254.3519285857542	0.0	0.0	2.76
1246.8408935818247	1246.8408935818247	0.0	0.0	2.8
1232.6897137679268	1232.6897137679268	0.0	0.0	2.84
1213.1732532790604	1213.1732532790604	0.0	0.0	2.88
1207.1388242562032	1207.1388242562032	0.0	0.0	2.92
1211.1841156230212	1101.9479347416443	1275.9090375806813	1275.9090375806813	2.96
1204.5478003418882	1098.281069539509	1293.0572571280284	1293.0572571280284	3.0
1189.891106959327	1088.4326501868352	1312.7314574133968	1312.7314574133968	3.04
1169.2026054819937	1078.540795631657	1336.9326197165942	1336.9326197165942	3.08
1147.1154848987708	1067.2754431196047	1337.8949733909046	1337.8949733909046	3.12
1135.3678264068963	1060.3636529486687	1324.3319463887283	1324.3319463887283	3.16
1128.684407018094	1064.5103319245143	1323.0576515962382	1323.0576515962382	3.2
1138.8542702768696	1066.0970097295683	1324.619618658023	1324.619618658023	3.24
1162.0102562600753	1073.3391379509899	1326.5085700275217	1326.5085700275217	3.28
1165.6549119345602	1073.6615574207228	1329.4710576768439	1329.4710576768439	3.32
1168.3781800687952	1065.7866429378594	1327.06023671377	1327.06023671377	3.36
1158.3489094513684	1058.9163714190458	1324.5160869739598	1324.5160869739598	3.4
1145.3967217767308	1052.8426563945013	1321.8088283975771	1321.8088283975771	3.44
1141.7374941147377	1048.4088019903527	1321.2238441034342	1321.2238441034342	3.48
1130.434983538789	1040.4815130360937	1320.4207270426957	1320.4207270426957	3.52
1116.7345282661809	1031.6403864957076	1319.1774313240394	1319.1774313240394	3.56
1101.8072605179404	1024.7543724157601	1317.713872519286	1317.713872519286	3.6
1100.7245769357285	1026.528770733353	1316.558295806487	1316.558295806487	3.64
1094.4218597473694	1030.5540672017034	1316.472138843527	1316.472138843527	3.68
1090.9766061937205	1027.1256696281862	1317.4177751387735	1317.4177751387735	3.72
1088.904030750948	1026.5647676151034	1319.6603211578492	1319.6603211578492	3.76
1083.3107075477474	1034.0867460495654	1314.8615822108547	1314.8615822108547	3.8
1079.929335715243	1031.3647886197757	1310.82871526013	1310.82871526013	3.84
1083.7713075505521	1031.1257796910054	1303.1770568230193	1303.1770568230193	3.88
1074.6521942586785	1024.0478419093156	1293.5428139801686	1293.5428139801686	3.92
1064.606332572716	1018.0580605250593	1287.7250189651913	1287.7250189651913	3.96
1057.0324917023747	1014.6880577896636	1280.758022500997	1280.758022500997	4.0
1054.406610482195	1011.1699586477436	1279.035793591457	1279.035793591457	4.04
1049.5510533123559	1009.8917609296042	1270.7750375442627	1270.7750375442627	4.08
1047.4996319072784	1001.4084125528514	1263.9168528677	1263.9168528677	4.12
1050.689294827268	1003.0960807841386	1263.670976989583	1263.670976989583	4.16
1050.801960788889	1004.5982848726604	1260.4560028355093	1260.4560028355093	4.2
1051.0318525239813	1004.5435959183268	1261.0175530405065	1261.0175530405065	4.24
1053.5962708808886	1002.6125347772625	1260.7282429441805	1260.7282429441805	4.28
1053.526779943238	1004.0527449232314	1263.9185980214966	1263.9185980214966	4.32
1059.6253105288556	1008.1155766183093	1265.5192318106244	1265.5192318106244	4.36
1064.6464330840506	1011.237672884209	1265.0556078503485	1265.0556078503485	4.4
1071.5507210592007	1013.8248732234035	1263.7865152784066	1263.7865152784066	4.44
1078.5216525622611	1014.3579751431034	1265.9736216159959	1265.9736216159959	4.48
1082.9206367011498	1017.5819978709726	1266.6820505975058	1266.6820505975058	4.52
1088.698436768152	1019.7749385403107	1263.978189527118	1263.978189527118	4.56
1088.140826732903	1018.5872645579319	1263.7019243730347	1263.7019243730347	4.6
1091.8007982467188	1015.2606858591993	1267.094885947459	1267.094885947459	4.64
1093.7430531405282	1011.5366618665751	1269.8855914994392	1269.8855914994392	4.68
1077.8869925213032	967.1659670590977	1272.9749487720064	1272.9749487720064	4.72
1064.5120913700025	937.2752583250141	1269.9008245567209	1269.9008245567209	4.76
1049.4784421535635	921.0681613606772	1265.895531460501	1265.895531460501	4.8
1040.885219713003	919.1863835530872	1262.919396483113	1262.919396483113	4.84
1035.916710390092	946.7615281425745	1255.6879927028392	1255.6879927028392	4.88
1032.5101812546181	945.7573740082772	1255.102602234947	1255.102602234947	4.92
1031.7620045466458	967.6901657170595	1245.3794867836634	1245.3794867836634	4.96
1018.1262945404477	966.4801898484149	1237.184687060342	1237.184687060342	5.0
1004.686827795188	1022.9316145005198	1229.4086596237967	1229.4086596237967	5.04
994.6847814194812	994.5354874814711	1222.513354470644	1222.513354470644	5.08
994.0164266028113	974.540534622807	1219.0021053457651	1219.0021053457651	5.12
989.6843147917261	1019.9354341475868	1223.1567136791825	1223.1567136791825	5.16
993.7467701070184	950.7291426467219	1225.0539641025814	1225.0539641025814	5.2
998.5544994310418	945.0745675112646	1224.3467488774293	1224.3467488774293	5.24
994.5752733603664	995.4403588294217	1224.0644476336784	1224.0644476336784	5.28
993.5363957902246	961.8588125714307	1219.297065583802	1219.297065583802	5.32
997.0746638299463	904.9267995370168	1215.8119046325228	1215.8119046325228	5.36
996.9672002458939	947.3929156281695	1211.0028845003962	1211.0028845003962	5.4
999.5570330221205	965.5110501324843	1207.9933980544783	1207.9933980544783	5.44
1000.1166623622688	955.0231556531618	1206.0728404786396	1206.0728404786396	5.48
1008.2338545421994	917.0592886428144	1204.8133626895976	1204.8133626895976	5.52
1000.4259765031627	939.5933733830789	1203.7543641741838	1203.7543641741838	5.56
1008.3826269767087	937.6204407179031	1205.8890850681466	1205.8890850681466	5.6
998.1694975503033	990.2182038524201	1211.1774191027237	1211.1774191027237	5.64
1004.8424980580481	997.2324079260243	1212.5737375324575	1212.5737375324575	5.68
1009.2815060427616	967.6457590924949	1213.5192180158629	1213.5192180158629	5.72
1016.4973835488087	963.3719579472438	1203.9251104134448	1203.9251104134448	5.76
1027.4383006639007	979.6306819746562	1196.6935471360252	1196.6935471360252	5.8
1022.6850408782433	998.5685438268505	1192.3449215152757	1192.3449215152757	5.84
1021.4557843056683	988.5663332338323	1208.7633442914787	1208.7633442914787	5.88
1021.545984919825	989.6965944993407	1225.8802430361134	1225.8802430361134	5.92
1023.2246662353043	995.339288717227	1251.0538650371925	1251.0538650371925	5.96
1029.4235466664059	1001.8825175823354	1256.4143525222714	1256.4143525222714	6.0
1032.6715721209775	1020.6291999902603	1243.763805778194	1243.763805778194	6.04
1035.528263018709	1018.2336222130941	1232.3975029277965	1232.3975029277965	6.08
1029.5549073192717	1010.9388326582864	1225.054897828396	1225.054897828396	6.12
1027.5043594285178	1024.4152899827052	1222.8204234998786	1222.8204234998786	6.16
1023.439599333149	992.4019274943792	1220.8355315301592	1220.8355315301592	6.2
1022.0073541824559	1004.8696372612995	1196.4046682376177	1196.4046682376177	6.24
1027.6267127461879	998.8919928216527	1196.316498876264	1196.316498876264	6.28
1027.845397677656	1019.9670276500042	1217.9481304910469	1217.9481304910469	6.32
1027.5889637615696	984.9838632188437	1239.9574043866658	1239.9574043866658	6.36
1038.518477267231	1018.5415096950396	1256.9882832835892	1256.9882832835892	6.4
1043.520314226749	1044.7084164613857	1251.0058814515085	1251.0058814515085	6.44
1040.4250305842534	1005.6595953567934	1240.7375852588	1240.7375852588	6.48
1034.893219972148	1008.5298203437596	1223.7417062891652	1223.7417062891652	6.52
1032.6972203893256	1007.208279954907	1202.0924303426236	1202.0924303426236	6.56
1026.083445630727	1008.3963463941216	1195.5647595524563	1195.5647595524563	6.6
1032.064001791425	1003.7455230967812	1197.535651441532	1197.535651441532	6.64
1038.84264942794	1020.8401656293067	1211.2041693675242	1211.2041693675242	6.68
1041.055734045804	1023.4648448396492	1247.0822021995705	1247.0822021995705	6.72
1032.5748181788415	1003.3901948541122	1264.2899573165919	1264.2899573165919	6.76
1025.6334872035955	1019.169216294566	1255.8603578653542	1255.8603578653542	6.8
1031.0679404222083	1023.8430702020536	1247.1879223737278	1247.1879223737278	6.84
1035.907818459917	1002.0260447714057	1234.7344489952611	1234.7344489952611	6.88
1036.1839284428509	1004.0949678720607	1230.9923901103336	1230.9923901103336	6.92
1039.8125362376925	992.6202820158904	1228.4931644542967	1228.4931644542967	6.96
1038.8832967952194	1017.7164346097637	1220.4129599916055	1220.4129599916055	7.0
1042.0983391504692	995.3794661165722	1220.9061053296741	1220.9061053296741	7.04
1048.1881649536756	1010.6590050920134	1226.8687942853824	1226.8687942853824	7.08
1049.1546143903179	1017.1967994259571	1234.6094228258362	1234.6094228258362	7.12
1046.3687940246461	1014.209737391897	1261.4730813226815	1261.4730813226815	7.16
1047.0573572530357	1005.1215661265799	1254.966422773087	1254.966422773087	7.2
1057.028097249726	1039.2819879889541	1247.0810564300152	1247.0810564300152	7.24
1055.5874999316104	1029.6365612126922	1239.4209712543814	1239.4209712543814	7.28
1053.2966831829947	1025.186541270855	1243.949224791027	1243.949224791027	7.32
1053.248677610468	1047.7295933727914	1239.870849669155	1239.870849669155	7.36
1056.1878985370338	1014.8038201620337	1235.7381491294038	1235.7381491294038	7.4
1052.478235533876	1056.2000172864111	1229.5994008358991	1229.5994008358991	7.44
1054.1306975796354	1025.4681151080072	1231.221633798511	1231.221633798511	7.48
1056.4148244952185	1049.337985340157	1234.6364931367789	1234.6364931367789	7.52
1062.995568929742	1029.9145503033533	1240.5483299100786	1240.5483299100786	7.56
1053.878056133541	1041.98215243642	1241.0313618774064	1241.0313618774064	7.6
1052.18298590558	1062.0681116149685	1243.2191862329164	1243.2191862329164	7.64
1049.3461550639395	1011.1053909137802	1240.281605580888	1240.281605580888	7.68
1046.8577503915492	1033.2637749674598	1240.5128850355331	1240.5128850355331	7.72
1045.3486467907223	1018.8885438583504	1241.7876602691172	1241.7876602691172	7.76
1045.5410776858726	1014.2458500303767	1234.9795230408176	1234.9795230408176	7.8
1042.8868788215086	1039.735660489464	1221.3587155845707	1221.3587155845707	7.84
1046.994395806726	1017.5245630675405	1214.730454943853	1214.730454943853	7.88
1048.5710353150018	995.5287694156457	1215.344593882422	1215.344593882422	7.92
1045.7982562488705	1010.8506501520854	1212.0718941320467	1212.0718941320467	7.96
1040.65376537624	1010.4120921083227	1222.3496023800535	1222.3496023800535	8.0
1045.3939669318534	1011.6908118277942	1229.009635208649	1229.009635208649	8.04
1038.7847452185786	1018.1635438357314	1240.2725744272636	1240.2725744272636	8.08
1037.2381073966167	1013.1436218851937	1236.844997905121	1236.844997905121	8.12
1035.9224084094758	1026.1098656351546	1228.7589319467293	1228.7589319467293	8.16
1038.7728727064957	1014.8742389224227	1226.3396835547776	1226.3396835547776	8.2
1041.1035455127562	1009.7067252165955	1231.3801500184697	1231.3801500184697	8.24
1033.9120475538423	1018.9710150324003	1231.1598580998568	1231.1598580998568	8.28
1037.6037579959764	1014.4410535777598	1228.1750729810742	1228.1750729810742	8.32
1037.7460726084578	1024.6206740417344	1221.3390028002145	1221.3390028002145	8.36
1036.7949218665526	1032.9044741968155	1215.8562144450466	1215.8562144450466	8.4
1041.1866358655413	1022.9590695677225	1202.1662569579698	1202.1662569579698	8.44
1041.7216898061697	1022.7456679061614	1199.386587069776	1199.386587069776	8.48
1041.1139167971924	1027.2180774877136	1202.4278058857012	1202.4278058857012	8.52
1037.7895596620206	1027.9833020929136	1199.5937420281173	1199.5937420281173	8.56
1034.2095835979924	1034.6095769550493	1197.8406759008221	1197.8406759008221	8.6
1031.929103082238	1036.1310341678118	1212.45014044379	1212.45014044379	8.64
1030.3472646337873	985.7930817190228	1223.8467245781696	1223.8467245781696	8.68
1034.2254676852406	997.159700448633	1226.6900930693896	1226.6900930693896	8.72
1032.803381578866	990.0581286543598	1225.0620252455487	1225.0620252455487	8.76
1030.7319703042888	1015.0879244396156	1215.612474511574	1215.612474511574	8.8
1027.8236891515373	1021.0000053010982	1212.4880431259535	1212.4880431259535	8.84
1032.000090908074	998.073265337842	1214.1396235763125	1214.1396235763125	8.88
1022.5478488999855	1021.1385395971181	1217.8231375180076	1217.8231375180076	8.92
1019.9304889520805	1024.5497589992376	1215.3676198628848	1215.3676198628848	8.96
1018.3090433810668	1031.5197052202684	1215.3988573322013	1215.3988573322013	9.0
1021.3311250359369	1013.2961902195564	1212.4994858690618	1212.4994858690618	9.04
1019.6921113597317	1004.3610921134017	1212.6101113577113	1212.6101113577113	9.08
1015.5585552549522	1009.3254363072118	1209.733177630329	1209.733177630329	9.12
1014.8488602479623	981.7128161622035	1209.1747792262113	1209.1747792262113	9.16
1022.3667210146724	994.6039530091662	1209.2673162841447	1209.2673162841447	9.2
1016.7157580321793	1027.2606431718887	1207.0949067983443	1207.0949067983443	9.24
1011.046074063552	1009.2631362671287	1207.8775644311836	1207.8775644311836	9.28
1011.870644222708	999.4770645560948	1207.3634683363234	1207.3634683363234	9.32
1013.552927512633	1015.0043869116255	1206.608711251678	1206.608711251678	9.36
1019.9106715413534	997.5401084070879	1196.4396862451663	1196.4396862451663	9.4
1021.5584200634074	996.297872102494	1191.4293230430876	1191.4293230430876	9.44
1019.8098996589024	1001.7258668241648	1190.8394907258146	1190.8394907258146	9.48
1021.3774723203338	1012.9194599780375	1192.7431152316383	1192.7431152316383	9.52
1018.2794423589202	1020.5127911885064	1194.9398870333403	1194.9398870333403	9.56
1020.7121014276779	990.7333534396473	1197.7718806863104	1197.7718806863104	9.6
1017.8148265036358	1002.0773228128551	1199.7202137143101	1199.7202137143101	9.64
1022.4852772651601	993.4078698113926	1202.2829699952426	1202.2829699952426	9.68
1022.3535020706712	991.7286953183708	1204.4956967095936	1204.4956967095936	9.72
1020.6804853992878	994.549611894134	1208.8120196860502	1208.8120196860502	9.76
1017.2297623133128	993.6880426854647	1212.9877237776916	1212.9877237776916	9.8
1020.6290708706659	1008.1681642586115	1211.9341604510025	1211.9341604510025	9.84
1016.0079995146502	1005.4279256389696	1210.1375937972525	1210.1375937972525	9.88
1015.2344749959981	998.4322468146994	1193.8031411977272	1193.8031411977272	9.92
1010.9973124632866	980.2336134226907	1189.1746567357693	1189.1746567357693	9.96
1002.8158093353941	988.6647456692501	1184.8235710729139	1184.8235710729139	10.0
1003.175859774851	981.4334523119117	1184.9156349563839	1184.9156349563839	10.04
1000.9248169828941	988.5566309084695	1185.7460823734664	1185.7460823734664	10.08
1006.5520921603012	1000.6028992327446	1191.6301806687807	1191.6301806687807	10.12
1009.1837465623436	997.8695083817665	1200.9201549802904	1200.9201549802904	10.16
1013.3876474095828	987.4250669324118	1205.20151314393	1205.20151314393	10.2
1015.3327594843892	989.6399913916927	1206.976724167337	1206.976724167337	10.24
1012.8157578762	987.9180780172836	1204.562285284029	1204.562285284029	10.28
1007.2610756111566	985.9486512561999	1196.425769813699	1196.425769813699	10.32
995.5562132829347	984.811624463146	1186.1138883795581	1186.1138883795581	10.36
981.4259434147165	957.2018919929677	1184.4555761216802	1184.4555761216802	10.4
975.8031658820935	942.8435613637923	1187.3598470527909	1187.3598470527909	10.44
962.2859456026636	960.1669326082138	1191.5499310096245	1191.5499310096245	10.48
962.8489493673418	925.5286042098969	1201.538154596513	1201.538154596513	10.52
967.4254160373056	940.9943315877201	1219.7391983537789	1219.7391983537789	10.56
974.4348774132794	944.6427760350828	1250.5104503095458	1250.5104503095458	10.6
977.0589627945945	928.07967412232	1289.1982693152052	1289.1982693152052	10.64
988.1660676419946	940.0262544647784	1329.3789687082108	1329.3789687082108	10.68
999.7469045226966	955.531913702279	1376.727126643196	1376.727126643196	10.72
1011.8802188283169	964.7195438319515	1423.8085824373866	1423.8085824373866	10.76
1024.802349899457	935.9135684552645	1457.3817461660606	1457.3817461660606	10.8
1038.8345955595737	942.8982297607247	1485.8426655297699	1485.8426655297699	10.84
1046.471383216311	982.5796607210594	1505.2942750156733	1505.2942750156733	10.88
1058.1959690739855	980.01808941105	1517.5227189283598	1517.5227189283598	10.92
1066.7871396477517	987.5153318936257	1522.2866096353177	1522.2866096353177	10.96
1071.9934079002198	1017.0429631089096	1529.5631612078957	1529.5631612078957	11.0
1072.438410731808	1020.2375964436603	1525.6896334658773	1525.6896334658773	11.04
1082.213315028323	1065.8813919510508	1527.0283827522742	1527.0283827522742	11.08
1093.3902843814728	1059.267497304775	1519.3015665998844	1519.3015665998844	11.12
1100.9381215609808	1084.216545900411	1489.1802686624828	1489.1802686624828	11.16
1114.4071490456606	1118.05628555188	1455.369187517816	1455.369187517816	11.2
1134.3785072717926	1136.2594450127922	1422.6253950767148	1422.6253950767148	11.24
1156.0963907477847	1157.1853865290673	1398.107458376672	1398.107458376672	11.28
1177.0407621963168	1082.8538171682762	1360.7962177325885	1360.7962177325885	11.32
1188.954866364529	1071.1533677609789	1336.9230318847017	1336.9230318847017	11.36
1211.4903664660212	1126.4409721894363	1322.9526480468055	1322.9526480468055	11.4
0.0	0.0	1308.3272003764698	1308.3272003764698	11.44
1243.742914156135	1135.3712041673252	1299.288587750027	1299.288587750027	11.48
1252.601632314774	1175.2694178873865	1298.2269123854933	1298.2269123854933	11.52
1276.4988546912666	1230.5361030249308	1308.425869715407	1308.425869715407	11.56
1284.421128946246	1241.3269332060565	1327.4975843004515	1327.4975843004515	11.6
1277.0674749212376	1249.8377093433114	1340.2935630895433	1340.2935630895433	11.64
1261.6626334401517	1237.5333749982499	1340.3419448310397	1340.3419448310397	11.68
1227.427516755107	1220.475001000234	1350.2318881493654	1350.2318881493654	11.72
1217.427744367842	1195.0251802036505	1350.6359769738995	1350.6359769738995	11.76
1192.9115324780407	1176.3563316422935	1336.868025624314	1336.868025624314	11.8
1174.1102924111722	1158.3316037854572	1321.5761870456138	1321.5761870456138	11.84
1172.3222346499813	1141.8912197882084	1297.6590269787034	1297.6590269787034	11.88
1167.727932380846	1133.6612551811452	1275.9234103221652	1275.9234103221652	11.92
1154.6532128454146	1125.2351613532096	1265.6541115581917	1265.6541115581917	11.96
1158.597825398554	1123.609745580186	1255.3399584010158	1255.3399584010158	12.0
1163.5308672855435	1124.6239983063704	1264.6997502570955	1264.6997502570955	12.04
1154.626226003995	1119.6841208081885	1270.5305282964623	1270.5305282964623	12.08
1145.9544132474662	1098.3237983689248	1271.591990274063	1271.591990274063	12.12
1163.536290362262	1089.5567959178595	1272.6777147161988	1272.6777147161988	12.16
1160.655452071836	1091.5744320785207	1272.808715494945	1272.808715494945	12.2
1169.3116787282847	1095.4727790068464	1270.0083820133063	1270.0083820133063	12.24
1167.9197232035292	1096.2337276273195	1266.9710964983724	1266.9710964983724	12.28
1171.5874166567576	1099.3998296169345	1267.9238263424047	1267.9238263424047	12.32
1172.4066110880563	1101.301739780069	1281.1716864744628	1281.1716864744628	12.36
1166.487250619026	1096.8873518079597	1293.0841282252404	1293.0841282252404	12.4
1165.6559501387171	1097.0694166168146	1297.1047620892991	1297.1047620892991	12.44
1162.3246074284302	1101.8118124680223	1297.2900693724805	1297.2900693724805	12.48
1151.7207775658749	1098.641822505254	1297.0230246992091	1297.0230246992091	12.52
1157.0164576384445	1090.9324831155343	1289.6304857841571	1289.6304857841571	12.56
1140.7337471665724	1084.308062758996	1285.8359575398695	1285.8359575398695	12.6
1136.4599227780352	1086.325276603511	1282.1273007728312	1282.1273007728312	12.64
1137.698501624523	1087.8310339268426	1279.290320422993	1279.290320422993	12.68
1131.6381286263297	1087.705578064636	1276.2873836910082	1276.2873836910082	12.72
1130.8743263552794	1079.2458300790906	1276.632630248104	1276.632630248104	12.76
1126.736435719819	1078.8269520230463	1276.4899874332964	1276.4899874332964	12.8
1129.7213642980282	1073.3944778066355	1274.212031983097	1274.212031983097	12.84
1121.6962075853469	1070.9128440056418	1271.2512982537098	1271.2512982537098	12.88
1123.6368345607468	1071.5296384552316	1270.51998210439	1270.51998210439	12.92
1119.1931506740023	1070.3190302888943	1268.541666390437	1268.541666390437	12.96
1123.4958806385405	1073.8541902436034	1269.33136019698	1269.33136019698	13.0
1118.5366744208334	1069.966153093126	1270.5698273378327	1270.5698273378327	13.04
1120.3247650428177	1072.0082399500284	1272.1608078820022	1272.1608078820022	13.08
1117.6171270695665	1078.0735869525827	1286.9157185305162	1286.9157185305162	13.12
1124.727842901789	1084.9619222550962	1312.2601800410168	1312.2601800410168	13.16
1130.515253595065	1096.8233870272932	1318.2092048079219	1318.2092048079219	13.2
1146.7163132586063	1111.7022843485558	1298.3889417731752	1298.3889417731752	13.24
1158.6694523491017	1130.4002525757817	1268.267471817256	1268.267471817256	13.28
1170.4570905228547	1151.7939949798292	1247.241171781006	1247.241171781006	13.32
1188.0107490080384	1176.9734162877953	1236.6385566749552	1236.6385566749552	13.36
1203.9848856368449	1213.6537584362889	1228.474521281907	1228.474521281907	13.4
1209.882456198908	1230.2133483850757	1239.4322297697188	1239.4322297697188	13.44
1221.6481714181912	1235.8668012467454	1244.3698075202713	1244.3698075202713	13.48
1224.2173622110215	1234.3213575685725	1243.8681872016978	1243.8681872016978	13.52
1229.0193858680723	1194.8828891033988	1248.7109619232162	1248.7109619232162	13.56
1228.5413292006494	1142.8023700648212	1255.4239840380883	1255.4239840380883	13.6
1180.8613834052821	1108.3074502277664	1274.4232481047486	1274.4232481047486	13.64
1161.552743218932	1063.904834604193	1261.3487173620401	1261.3487173620401	13.68
1155.4539928673682	1005.7129706679643	1259.064855528505	1259.064855528505	13.72
1136.2610510541067	967.7756986374135	1256.7049417592866	1256.7049417592866	13.76
1127.7011141184541	998.2961756411863	1250.7247530342827	1250.7247530342827	13.8
1114.0992536727952	1057.2039947798876	1245.2901361417319	1245.2901361417319	13.84
1123.2798208316765	1111.0343686352953	1239.9547365600115	1239.9547365600115	13.88
1149.9097650457468	1133.769614057011	1236.1015871472364	1236.1015871472364	13.92
1156.0255845811341	1115.5204740694824	1250.7435520014185	1250.7435520014185	13.96
1151.382087905564	1095.467036829537	1296.3123040676076	1296.3123040676076	14.0
1151.3802429173213	1095.3892681319412	1350.9878142535226	1350.9878142535226	14.04
1153.0201364563927	1114.5928819182739	1374.8113446779942	1374.8113446779942	14.08
1159.8115856648167	1127.018299548306	1381.2904634845224	1381.2904634845224	14.12
1163.9605352098858	1124.2937357928388	1380.1407050351515	1380.1407050351515	14.16
1171.769129052971	1147.397903347113	1382.7825671695794	1382.7825671695794	14.2
1181.501232546602	1181.501232546602	0.0	0.0	14.24
1183.953110457144	1183.953110457144	0.0	0.0	14.28
1177.7722127464317	1177.7722127464317	0.0	0.0	14.32
1165.106845085229	1165.106845085229	0.0	0.0	14.36
1164.772819281992	1164.772819281992	0.0	0.0	14.4
1169.1663382996453	1169.1663382996453	0.0	0.0	14.44
1178.9862639724101	1178.9862639724101	0.0	0.0	14.48
1190.6883936583376	1190.6883936583376	0.0	0.0	14.52
1200.9857451907244	1200.9857451907244	0.0	0.0	14.56
1205.1248119771733	1205.1248119771733	0.0	0.0	14.6
1206.2055002148438	1206.2055002148438	0.0	0.0	14.64
1212.733656376414	1212.733656376414	0.0	0.0	14.68
1218.778505894948	1218.778505894948	0.0	0.0	14.72
1215.9255776476732	1215.9255776476732	0.0	0.0	14.76
1222.6420524021262	1222.6420524021262	0.0	0.0	14.8
1224.7796615069649	1224.7796615069649	0.0	0.0	14.84
1225.506225847656	1225.506225847656	0.0	0.0	14.88
1223.0692841427597	1223.0692841427597	0.0	0.0	14.92
1227.0358912894555	1227.0358912894555	0.0	0.0	14.96
1218.2204343335418	1218.2204343335418	0.0	0.0	15.0
1220.701556486874	1220.701556486874	0.0	0.0	15.04
1223.1978140441713	1223.1978140441713	0.0	0.0	15.08
1222.5642288892618	1222.5642288892618	0.0	0.0	15.12
1211.9343143975748	1211.9343143975748	0.0	0.0	15.16
1192.2939120371643	1192.2939120371643	0.0	0.0	15.2
1183.770991122031	1183.770991122031	0.0	0.0	15.24
1173.2691742914412	1173.2691742914412	0.0	0.0	15.28
1172.1624905904182	1172.1624905904182	0.0	0.0	15.32
1165.7052324323631	1165.7052324323631	0.0	0.0	15.36
1170.9663347037513	1170.9663347037513	0.0	0.0	15.4
1165.4865795278488	1165.4865795278488	0.0	0.0	15.44
1151.2470957802861	1151.2470957802861	0.0	0.0	15.48
1141.7820408924472	1141.7820408924472	0.0	0.0	15.52
1139.9482067226322	1139.9482067226322	0.0	0.0	15.56
1134.2142227184686	1134.2142227184686	0.0	0.0	15.6
1131.3850088732713	1131.3850088732713	0.0	0.0	15.64
1119.7197839215114	1119.7197839215114	0.0	0.0	15.68
1108.0092567280328	1108.0092567280328	0.0	0.0	15.72
1102.6975044409633	1102.6975044409633	0.0	0.0	15.76
1096.2756343857689	1096.2756343857689	0.0	0.0	15.8
1099.9077280349113	1099.9077280349113	0.0	0.0	15.84
1104.4805196519612	1104.4805196519612	0.0	0.0	15.88
1106.9848863519499	1106.9848863519499	0.0	0.0	15.92
1117.3657154219138	1117.3657154219138	0.0	0.0	15.96
1133.4189450831955	1133.4189450831955	0.0	0.0	16.0
1165.6182802582086	1165.6182802582086	0.0	0.0	16.04
1215.872136144031	1215.872136144031	0.0	0.0	16.08
1277.5710451129619	1277.5710451129619	0.0	0.0	16.12
1336.7738311262071	1336.7738311262071	0.0	0.0	16.16
1379.4147708488151	1379.4147708488151	0.0	0.0	16.2
1422.8371342292212	1422.8371342292212	0.0	0.0	16.24
1456.3964375925023	1456.3964375925023	0.0	0.0	16.28
1485.7306032797646	1485.7306032797646	0.0	0.0	16.32
1512.0566454239895	1512.0566454239895	0.0	0.0	16.36
1534.1327918729103	1534.1327918729103	0.0	0.0	16.4
0.0	0.0	0.0	0.0	16.44
0.0	0.0	0.0	0.0	16.48
0.0	0.0	0.0	0.0	16.52
0.0	0.0	0.0	0.0	16.56
0.0	0.0	0.0	0.0	16.6
0.0	0.0	0.0	0.0	16.64
0.0	0.0	0.0	0.0	16.68
0.0	0.0	0.0	0.0	16.72
0.0	0.0	0.0	0.0	16.76
0.0	0.0	0.0	0.0	16.8
0.0	0.0	0.0	0.0	16.84
0.0	0.0	0.0	0.0	16.88
0.0	0.0	0.0	0.0	16.92
0.0	0.0	0.0	0.0	16.96
0.0	0.0	0.0	0.0	17.0
0.0	0.0	0.0	0.0	17.04
0.0	0.0	0.0	0.0	17.08
0.0	0.0	0.0	0.0	17.12
0.0	0.0	0.0	0.0	17.16
0.0	0.0	0.0	0.0	17.2
0.0	0.0	0.0	0.0	17.24
0.0	0.0	0.0	0.0	17.28
0.0	0.0	0.0	0.0	17.32
0.0	0.0	0.0	0.0	17.36
0.0	0.0	0.0	0.0	17.4
0.0	0.0	0.0	0.0	17.44
0.0	0.0	0.0	0.0	17.48
0.0	0.0	0.0	0.0	17.52
0.0	0.0	0.0	0.0	17.56
0.0	0.0	0.0	0.0	17.6
0.0	0.0	0.0	0.0	17.64
0.0	0.0	0.0	0.0	17.68
0.0	0.0	0.0	0.0	17.72
0.0	0.0	0.0	0.0	17.76
0.0	0.0	0.0	0.0	17.8
0.0	0.0	0.0	0.0	17.84
0.0	0.0	0.0	0.0	17.88
0.0	0.0	0.0	0.0	17.92
0.0	0.0	0.0	0.0	17.96
0.0	0.0	0.0	0.0	18.0
0.0	0.0	0.0	0.0	18.04
0.0	0.0	0.0	0.0	18.08
0.0	0.0	0.0	0.0	18.12
0.0	0.0	0.0	0.0	18.16
0.0	0.0	0.0	0.0	18.2
0.0	0.0	0.0	0.0	18.24
0.0	0.0	0.0	0.0	18.28
0.0	0.0	0.0	0.0	18.32
0.0	0.0	0.0	0.0	18.36
0.0	0.0	0.0	0.0	18.4
0.0	0.0	0.0	0.0	18.44
0.0	0.0	0.0	0.0	18.48
0.0	0.0	0.0	0.0	18.52
0.0	0.0	0.0	0.0	18.56
0.0	0.0	0.0	0.0	18.6
0.0	0.0	0.0	0.0	18.64
0.0	0.0	0.0	0.0	18.68
0.0	0.0	0.0	0.0	18.72
0.0	0.0	0.0	0.0	18.76
0.0	0.0	0.0	0.0	18.8
0.0	0.0	0.0	0.0	18.84
0.0	0.0	0.0	0.0	18.88
0.0	0.0	0.0	0.0	18.92
0.0	0.0	0.0	0.0	18.96
0.0	0.0	0.0	0.0	19.0
0.0	0.0	0.0	0.0	19.04
0.0	0.0	0.0	0.0	19.08
0.0	0.0	0.0	0.0	19.12
0.0	0.0	0.0	0.0	19.16
0.0	0.0	0.0	0.0	19.2
0.0	0.0	0.0	0.0	19.24
0.0	0.0	0.0	0.0	19.28
0.0	0.0	0.0	0.0	19.32
0.0	0.0	0.0	0.0	19.36
0.0	0.0	0.0	0.0	19.4
0.0	0.0	0.0	0.0	19.44
0.0	0.0	0.0	0.0	19.48
0.0	0.0	0.0	0.0	19.52
0.0	0.0	0.0	0.0	19.56
0.0	0.0	0.0	0.0	19.6
0.0	0.0	0.0	0.0	19.64
0.0	0.0	0.0	0.0	19.68
0.0	0.0	0.0	0.0	19.72
0.0	0.0	0.0	0.0	19.76
0.0	0.0	0.0	0.0	19.8
0.0	0.0	0.0	0.0	19.84
0.0	0.0	0.0	0.0	19.88
0.0	0.0	0.0	0.0	19.92
0.0	0.0	0.0	0.0	19.96
0.0	0.0	0.0	0.0	20.0
0.0	0.0	0.0	0.0	20.04
0.0	0.0	0.0	0.0	20.08
0.0	0.0	0.0	0.0	20.12
0.0	0.0	0.0	0.0	20.16
0.0	0.0	0.0	0.0	20.2
0.0	0.0	0.0	0.0	20.24
0.0	0.0	0.0	0.0	20.28
0.0	0.0	0.0	0.0	20.32
0.0	0.0	0.0	0.0	20.36
0.0	0.0	0.0	0.0	20.4
0.0	0.0	0.0	0.0	20.44
0.0	0.0	0.0	0.0	20.48
0.0	0.0	0.0	0.0	20.52
0.0	0.0	0.0	0.0	20.56
0.0	0.0	0.0	0.0	20.6
0.0	0.0	0.0	0.0	20.64
0.0	0.0	0.0	0.0	20.68
0.0	0.0	0.0	0.0	20.72
0.0	0.0	0.0	0.0	20.76
0.0	0.0	0.0	0.0	20.8
0.0	0.0	0.0	0.0	20.84
0.0	0.0	0.0	0.0	20.88
0.0	0.0	0.0	0.0	20.92
0.0	0.0	0.0	0.0	20.96
0.0	0.0	0.0	0.0	21.0
0.0	0.0	0.0	0.0	21.04
0.0	0.0	0.0	0.0	21.08
0.0	0.0	0.0	0.0	21.12
0.0	0.0	0.0	0.0	21.16
0.0	0.0	0.0	0.0	21.2
0.0	0.0	0.0	0.0	21.24
0.0	0.0	0.0	0.0	21.28
0.0	0.0	0.0	0.0	21.32
0.0	0.0	0.0	0.0	21.36
0.0	0.0	0.0	0.0	21.4
0.0	0.0	0.0	0.0	21.44
0.0	0.0	0.0	0.0	21.48
0.0	0.0	0.0	0.0	21.52
0.0	0.0	0.0	0.0	21.56
0.0	0.0	0.0	0.0	21.6
0.0	0.0	0.0	0.0	21.64
0.0	0.0	0.0	0.0	21.68
0.0	0.0	0.0	0.0	21.72
0.0	0.0	0.0	0.0	21.76
0.0	0.0	0.0	0.0	21.8
0.0	0.0	0.0	0.0	21.84
0.0	0.0	0.0	0.0	21.88
0.0	0.0	0.0	0.0	21.92
0.0	0.0	0.0	0.0	21.96
0.0	0.0	0.0	0.0	22.0
0.0	0.0	0.0	0.0	22.04
0.0	0.0	0.0	0.0	22.08
0.0	0.0	0.0	0.0	22.12
0.0	0.0	0.0	0.0	22.16
0.0	0.0	0.0	0.0	22.2
0.0	0.0	0.0	0.0	22.24
0.0	0.0	0.0	0.0	22.28
0.0	0.0	0.0	0.0	22.32
0.0	0.0	0.0	0.0	22.36
0.0	0.0	0.0	0.0	22.4
0.0	0.0	0.0	0.0	22.44
0.0	0.0	0.0	0.0	22.48
0.0	0.0	0.0	0.0	22.52
0.0	0.0	0.0	0.0	22.56
0.0	0.0	0.0	0.0	22.6
0.0	0.0	0.0	0.0	22.64
0.0	0.0	0.0	0.0	22.68
0.0	0.0	0.0	0.0	22.72
0.0	0.0	0.0	0.0	22.76
0.0	0.0	0.0	0.0	22.8
0.0	0.0	0.0	0.0	22.84
0.0	0.0	0.0	0.0	22.88
0.0	0.0	0.0	0.0	22.92
0.0	0.0	0.0	0.0	22.96
0.0	0.0	0.0	0.0	23.0
0.0	0.0	0.0	0.0	23.04
0.0	0.0	0.0	0.0	23.08
0.0	0.0	0.0	0.0	23.12
0.0	0.0	0.0	0.0	23.16
0.0	0.0	0.0	0.0	23.2
0.0	0.0	0.0	0.0	23.24
0.0	0.0	0.0	0.0	23.28
0.0	0.0	0.0	0.0	23.32
0.0	0.0	0.0	0.0	23.36
0.0	0.0	0.0	0.0	23.4
0.0	0.0	0.0	0.0	23.44
0.0	0.0	0.0	0.0	23.48
0.0	0.0	0.0	0.0	23.52
0.0	0.0	0.0	0.0	23.56
0.0	0.0	0.0	0.0	23.6
0.0	0.0	0.0	0.0	23.64
0.0	0.0	0.0	0.0	23.68
0.0	0.0	0.0	0.0	23.72
0.0	0.0	0.0	0.0	23.76
0.0	0.0	0.0	0.0	23.8
0.0	0.0	0.0	0.0	23.84
0.0	0.0	0.0	0.0	23.88
0.0	0.0	0.0	0.0	23.92
0.0	0.0	0.0	0.0	23.96
0.0	0.0	0.0	0.0	24.0
0.0	0.0	0.0	0.0	24.04
0.0	0.0	0.0	0.0	24.08
0.0	0.0	0.0	0.0	24.12
0.0	0.0	0.0	0.0	24.16
0.0	0.0	0.0	0.0	24.2
0.0	0.0	0.0	0.0	24.24
0.0	0.0	0.0	0.0	24.28
0.0	0.0	0.0	0.0	24.32
0.0	0.0	0.0	0.0	24.36
0.0	0.0	0.0	0.0	24.4
0.0	0.0	0.0	0.0	24.44
0.0	0.0	0.0	0.0	24.48
0.0	0.0	0.0	0.0	24.52
0.0	0.0	0.0	0.0	24.56
0.0	0.0	0.0	0.0	24.6
0.0	0.0	0.0	0.0	24.64
0.0	0.0	0.0	0.0	24.68
0.0	0.0	0.0	0.0	24.72
0.0	0.0	0.0	0.0	24.76
0.0	0.0	0.0	0.0	24.8
0.0	0.0	0.0	0.0	24.84
0.0	0.0	0.0	0.0	24.88
0.0	0.0	0.0	0.0	24.92
0.0	0.0	0.0	0.0	24.96
0.0	0.0	0.0	0.0	25.0
0.0	0.0	0.0	0.0	25.04
0.0	0.0	0.0	0.0	25.08
0.0	0.0	0.0	0.0	25.12
0.0	0.0	0.0	0.0	25.16
0.0	0.0	0.0	0.0	25.2
0.0	0.0	0.0	0.0	25.24
0.0	0.0	0.0	0.0	25.28
0.0	0.0	0.0	0.0	25.32
0.0	0.0	0.0	0.0	25.36
0.0	0.0	0.0	0.0	25.4
0.0	0.0	0.0	0.0	25.44
0.0	0.0	0.0	0.0	25.48
0.0	0.0	1270.8477363109264	1270.8477363109264	25.52
0.0	0.0	1262.4411056527615	1262.4411056527615	25.56
0.0	0.0	1258.2838353519248	1258.2838353519248	25.6
0.0	0.0	1256.0735945106214	1256.0735945106214	25.64
0.0	0.0	1251.7003078315897	1251.7003078315897	25.68
0.0	0.0	1250.8502788823666	1250.8502788823666	25.72
0.0	0.0	1248.6567915775258	1248.6567915775258	25.76
0.0	0.0	1245.4435537824427	1245.4435537824427	25.8
0.0	0.0	1244.9514450088236	1244.9514450088236	25.84
0.0	0.0	1244.6925083754047	1244.6925083754047	25.88
0.0	0.0	1246.6060323050174	1246.6060323050174	25.92
0.0	0.0	1246.018808970368	1246.018808970368	25.96
0.0	0.0	1238.6241066374057	1238.6241066374057	26.0
0.0	0.0	1240.8507437752655	1240.8507437752655	26.04
0.0	0.0	1236.3147021013117	1236.3147021013117	26.08
0.0	0.0	1241.1909761665254	1241.1909761665254	26.12
0.0	0.0	1242.7718034752122	1242.7718034752122	26.16
0.0	0.0	1241.318966327922	1241.318966327922	26.2
0.0	0.0	1235.8896571552368	1235.8896571552368	26.24
0.0	0.0	1233.2752876065947	1233.2752876065947	26.28
0.0	0.0	1236.320346399185	1236.320346399185	26.32
0.0	0.0	1234.6135533504646	1234.6135533504646	26.36
0.0	0.0	1233.6367068966717	1233.6367068966717	26.4
0.0	0.0	1233.0488951983962	1233.0488951983962	26.44
0.0	0.0	1231.1851504034885	1231.1851504034885	26.48
0.0	0.0	1231.0921216278673	1231.0921216278673	26.52
0.0	0.0	1228.9224792356465	1228.9224792356465	26.56
0.0	0.0	1231.1514252230488	1231.1514252230488	26.6
0.0	0.0	1230.422960369571	1230.422960369571	26.64
0.0	0.0	1229.1441900098653	1229.1441900098653	26.68
0.0	0.0	1227.8670825208164	1227.8670825208164	26.72
0.0	0.0	1228.6389897894546	1228.6389897894546	26.76
0.0	0.0	1225.1553535431256	1225.1553535431256	26.8
0.0	0.0	1224.82077215085	1224.82077215085	26.84
0.0	0.0	1224.1560047300964	1224.1560047300964	26.88
0.0	0.0	1221.7587494832835	1221.7587494832835	26.92
0.0	0.0	1222.2582445006615	1222.2582445006615	26.96
0.0	0.0	1219.9283729005363	1219.9283729005363	27.0
0.0	0.0	1221.0592887805708	1221.0592887805708	27.04
0.0	0.0	1221.3020756903616	1221.3020756903616	27.08
0.0	0.0	1223.8177489132077	1223.8177489132077	27.12
0.0	0.0	1226.426959065202	1226.426959065202	27.16
0.0	0.0	1224.8688464165639	1224.8688464165639	27.2
0.0	0.0	1220.0464399689067	1220.0464399689067	27.24
0.0	0.0	1217.8102237262897	1217.8102237262897	27.28
0.0	0.0	1217.2900818630399	1217.2900818630399	27.32
0.0	0.0	1216.9147017686569	1216.9147017686569	27.36
0.0	0.0	1216.984649858195	1216.984649858195	27.4
0.0	0.0	1214.9970680095462	1214.9970680095462	27.44
0.0	0.0	1213.9475403068325	1213.9475403068325	27.48
0.0	0.0	1213.7321095266282	1213.7321095266282	27.52
0.0	0.0	1210.754772569791	1210.754772569791	27.56
0.0	0.0	1209.649229377603	1209.649229377603	27.6
0.0	0.0	1207.4449421569757	1207.4449421569757	27.64
0.0	0.0	1205.1129432721298	1205.1129432721298	27.68
0.0	0.0	1199.8662610401757	1199.8662610401757	27.72
0.0	0.0	1199.299474291289	1199.299474291289	27.76
0.0	0.0	1195.2809417304293	1195.2809417304293	27.8
0.0	0.0	1191.8619365999232	1191.8619365999232	27.84
0.0	0.0	1187.1937633170758	1187.1937633170758	27.88
0.0	0.0	1184.9647617448193	1184.9647617448193	27.92
0.0	0.0	1177.6337567137873	1177.6337567137873	27.96
0.0	0.0	1175.7027436413496	1175.7027436413496	28.0
0.0	0.0	1179.107445022618	1179.107445022618	28.04
0.0	0.0	1180.4451051923443	1180.4451051923443	28.08
0.0	0.0	1183.2583279127896	1183.2583279127896	28.12
0.0	0.0	1194.1080447476854	1194.1080447476854	28.16
0.0	0.0	1225.3290700304058	1225.3290700304058	28.2
0.0	0.0	1262.1177764774566	1262.1177764774566	28.24
0.0	0.0	1291.7602430566217	1291.7602430566217	28.28
0.0	0.0	1309.3545994044296	1309.3545994044296	28.32
0.0	0.0	1309.163058004763	1309.163058004763	28.36
0.0	0.0	1331.370530574381	1331.370530574381	28.4
0.0	0.0	1362.0297809701747	1362.0297809701747	28.44
0.0	0.0	1369.8620695933976	1369.8620695933976	28.48
0.0	0.0	1361.7966006066497	1361.7966006066497	28.52
0.0	0.0	1340.2610695021183	1340.2610695021183	28.56
0.0	0.0	1344.9637425552262	1344.9637425552262	28.6
0.0	0.0	1337.2322380247185	1337.2322380247185	28.64
0.0	0.0	1340.750773317096	1340.750773317096	28.68
0.0	0.0	0.0	0.0	28.72
0.0	0.0	0.0	0.0	28.76
0.0	0.0	0.0	0.0	28.8
0.0	0.0	0.0	0.0	28.84
0.0	0.0	0.0	0.0	28.88
0.0	0.0	0.0	0.0	28.92
0.0	0.0	0.0	0.0	28.96
0.0	0.0	0.0	0.0	29.0
0.0	0.0	0.0	0.0	29.04
0.0	0.0	0.0	0.0	29.08
0.0	0.0	0.0	0.0	29.12
0.0	0.0	0.0	0.0	29.16
0.0	0.0	0.0	0.0	29.2
0.0	0.0	0.0	0.0	29.24
0.0	0.0	0.0	0.0	29.28
0.0	0.0	0.0	0.0	29.32
0.0	0.0	0.0	0.0	29.36
0.0	0.0	0.0	0.0	29.4
0.0	0.0	0.0	0.0	29.44
0.0	0.0	0.0	0.0	29.48
0.0	0.0	0.0	0.0	29.52
0.0	0.0	0.0	0.0	29.56
0.0	0.0	0.0	0.0	29.6
0.0	0.0	0.0	0.0	29.64
0.0	0.0	0.0	0.0	29.68
0.0	0.0	0.0	0.0	29.72
0.0	0.0	0.0	0.0	29.76
0.0	0.0	0.0	0.0	29.8
0.0	0.0	0.0	0.0	29.84
0.0	0.0	0.0	0.0	29.88
0.0	0.0	0.0	0.0	29.92
0.0	0.0	0.0	0.0	29.96
0.0	0.0	0.0	0.0	30.0
0.0	0.0	0.0	0.0	30.04
0.0	0.0	0.0	0.0	30.08
0.0	0.0	0.0	0.0	30.12
0.0	0.0	0.0	0.0	30.16
0.0	0.0	0.0	0.0	30.2
0.0	0.0	0.0	0.0	30.24
0.0	0.0	0.0	0.0	30.28
0.0	0.0	0.0	0.0	30.32
0.0	0.0	0.0	0.0	30.36
0.0	0.0	0.0	0.0	30.4
0.0	0.0	0.0	0.0	30.44
0.0	0.0	0.0	0.0	30.48
0.0	0.0	0.0	0.0	30.52
0.0	0.0	0.0	0.0	30.56
0.0	0.0	0.0	0.0	30.6
0.0	0.0	0.0	0.0	30.64
0.0	0.0	0.0	0.0	30.68
0.0	0.0	0.0	0.0	30.72
0.0	0.0	0.0	0.0	30.76
0.0	0.0	0.0	0.0	30.8
0.0	0.0	0.0	0.0	30.84
0.0	0.0	0.0	0.0	30.88
0.0	0.0	0.0	0.0	30.92
0.0	0.0	0.0	0.0	30.96
0.0	0.0	0.0	0.0	31.0
0.0	0.0	0.0	0.0	31.04
0.0	0.0	0.0	0.0	31.08
0.0	0.0	0.0	0.0	31.12
0.0	0.0	0.0	0.0	31.16
0.0	0.0	0.0	0.0	31.2
0.0	0.0	0.0	0.0	31.24
0.0	0.0	0.0	0.0	31.28
0.0	0.0	0.0	0.0	31.32
0.0	0.0	0.0	0.0	31.36
0.0	0.0	0.0	0.0	31.4
0.0	0.0	0.0	0.0	31.44
0.0	0.0	0.0	0.0	31.48
0.0	0.0	0.0	0.0	31.52
0.0	0.0	0.0	0.0	31.56
0.0	0.0	0.0	0.0	31.6
0.0	0.0	0.0	0.0	31.64
0.0	0.0	0.0	0.0	31.68
0.0	0.0	0.0	0.0	31.72
0.0	0.0	0.0	0.0	31.76
0.0	0.0	1252.7579507972428	1252.7579507972428	31.8
0.0	0.0	1257.1219800482895	1257.1219800482895	31.84
0.0	0.0	1247.7185084213722	1247.7185084213722	31.88
0.0	0.0	1231.8696402188693	1231.8696402188693	31.92
0.0	0.0	1225.0626750087613	1225.0626750087613	31.96
0.0	0.0	1209.1885552744504	1209.1885552744504	32.0
0.0	0.0	1199.378373543236	1199.378373543236	32.04
0.0	0.0	1190.132183519505	1190.132183519505	32.08
0.0	0.0	1187.5179398197258	1187.5179398197258	32.12
0.0	0.0	1183.69817624219	1183.69817624219	32.16
0.0	0.0	1174.7890139052904	1174.7890139052904	32.2
0.0	0.0	1159.7700373142766	1159.7700373142766	32.24
0.0	0.0	1150.4188125923197	1150.4188125923197	32.28
0.0	0.0	1145.7893888050032	1145.7893888050032	32.32
0.0	0.0	1147.549472355037	1147.549472355037	32.36
0.0	0.0	1139.8743962858077	1139.8743962858077	32.4
0.0	0.0	1135.809000782339	1135.809000782339	32.44
0.0	0.0	1130.099655735358	1130.099655735358	32.48
0.0	0.0	1123.417081503524	1123.417081503524	32.52
0.0	0.0	1115.3767929085627	1115.3767929085627	32.56
0.0	0.0	1110.3994120317266	1110.3994120317266	32.6
0.0	0.0	1096.957420666896	1096.957420666896	32.64
0.0	0.0	1101.990446039413	1101.990446039413	32.68
0.0	0.0	1093.344437724302	1093.344437724302	32.72
0.0	0.0	1083.4796266120668	1083.4796266120668	32.76
0.0	0.0	1076.4030750747743	1076.4030750747743	32.8
0.0	0.0	1071.3368983680275	1071.3368983680275	32.84
0.0	0.0	1067.481619083051	1067.481619083051	32.88
0.0	0.0	1066.1636922448597	1066.1636922448597	32.92
0.0	0.0	1068.095481729024	1068.095481729024	32.96
0.0	0.0	1059.6363928556289	1059.6363928556289	33.0
0.0	0.0	1044.4766483272026	1044.4766483272026	33.04
0.0	0.0	1050.4893156469795	1050.4893156469795	33.08
0.0	0.0	1064.124403518797	1064.124403518797	33.12
0.0	0.0	1062.814937146768	1062.814937146768	33.16
0.0	0.0	1079.1712661352085	1079.1712661352085	33.2
0.0	0.0	1094.9332495654264	1094.9332495654264	33.24
0.0	0.0	1110.9269930483129	1110.9269930483129	33.28
0.0	0.0	1122.254560574485	1122.254560574485	33.32
0.0	0.0	1129.783748924204	1129.783748924204	33.36
0.0	0.0	1140.9790875153071	1140.9790875153071	33.4
0.0	0.0	1139.099291688152	1139.099291688152	33.44
0.0	0.0	1135.0424824306965	1135.0424824306965	33.48
0.0	0.0	1132.4103570425357	1132.4103570425357	33.52
0.0	0.0	1125.90577401776	1125.90577401776	33.56
0.0	0.0	1122.2102769892424	1122.2102769892424	33.6
0.0	0.0	1123.274558102031	1123.274558102031	33.64
0.0	0.0	1131.8684512795935	1131.8684512795935	33.68
0.0	0.0	1142.3147756706815	1142.3147756706815	33.72
0.0	0.0	1159.8447490026335	1159.8447490026335	33.76
0.0	0.0	1171.3624819865354	1171.3624819865354	33.8
0.0	0.0	1181.9693795309804	1181.9693795309804	33.84
0.0	0.0	1184.8189025631314	1184.8189025631314	33.88
0.0	0.0	1189.0984721814661	1189.0984721814661	33.92
0.0	0.0	1198.906362072994	1198.906362072994	33.96
0.0	0.0	1206.4568829659277	1206.4568829659277	34.0
0.0	0.0	1210.858286470928	1210.858286470928	34.04
0.0	0.0	1214.3979132410827	1214.3979132410827	34.08
0.0	0.0	1223.9863980412467	1223.9863980412467	34.12
0.0	0.0	1228.3810418098244	1228.3810418098244	34.16
0.0	0.0	1240.8943793538226	1240.8943793538226	34.2
0.0	0.0	1238.9266073790377	1238.9266073790377	34.24
0.0	0.0	1238.1736671957615	1238.1736671957615	34.28
0.0	0.0	1235.6504225238057	1235.6504225238057	34.32
0.0	0.0	1232.274064039153	1232.274064039153	34.36
0.0	0.0	1233.2794594667557	1233.2794594667557	34.4
0.0	0.0	1229.838996858231	1229.838996858231	34.44
0.0	0.0	1231.5131150489399	1231.5131150489399	34.48
0.0	0.0	1232.172144539315	1232.172144539315	34.52
0.0	0.0	1225.133852952699	1225.133852952699	34.56
0.0	0.0	1216.2803731736453	1216.2803731736453	34.6
0.0	0.0	1217.287448509899	1217.287448509899	34.64
0.0	0.0	1212.9429958697517	1212.9429958697517	34.68
0.0	0.0	1215.5220392676677	1215.5220392676677	34.72
0.0	0.0	1210.3836176323673	1210.3836176323673	34.76
0.0	0.0	1205.176561042543	1205.176561042543	34.8
0.0	0.0	1201.6157090340066	1201.6157090340066	34.84
0.0	0.0	1204.1114054656985	1204.1114054656985	34.88
0.0	0.0	1208.2781993020262	1208.2781993020262	34.92
0.0	0.0	1216.5578631837557	1216.5578631837557	34.96
0.0	0.0	1225.61074386923	1225.61074386923	35.0
0.0	0.0	1234.3269336104356	1234.3269336104356	35.04
0.0	0.0	1239.3064412941078	1239.3064412941078	35.08
0.0	0.0	1233.8309415881117	1233.8309415881117	35.12
0.0	0.0	1236.0964236951854	1236.0964236951854	35.16
0.0	0.0	1235.5724109646044	1235.5724109646044	35.2
0.0	0.0	1235.2620770848685	1235.2620770848685	35.24
0.0	0.0	1226.2804113128075	1226.2804113128075	35.28
0.0	0.0	1224.25527537524	1224.25527537524	35.32
0.0	0.0	1221.060985189523	1221.060985189523	35.36
0.0	0.0	1238.313380020767	1238.313380020767	35.4
0.0	0.0	1238.1152009083646	1238.1152009083646	35.44
0.0	0.0	1237.7265329783895	1237.7265329783895	35.48
0.0	0.0	1239.460719836322	1239.460719836322	35.52
0.0	0.0	1235.5558621085645	1235.5558621085645	35.56
0.0	0.0	1237.480634595753	1237.480634595753	35.6
0.0	0.0	1235.0029745107145	1235.0029745107145	35.64
0.0	0.0	1233.9753395784014	1233.9753395784014	35.68
0.0	0.0	1235.7223066064337	1235.7223066064337	35.72
0.0	0.0	1236.7436125688191	1236.7436125688191	35.76
0.0	0.0	1232.8757097799833	1232.8757097799833	35.8
0.0	0.0	1232.87704308046	1232.87704308046	35.84
0.0	0.0	1229.929490616147	1229.929490616147	35.88
0.0	0.0	1229.4382032795297	1229.4382032795297	35.92
0.0	0.0	1229.8900303665223	1229.8900303665223	35.96
0.0	0.0	1227.2482657153498	1227.2482657153498	36.0
0.0	0.0	1231.4452073755315	1231.4452073755315	36.04
0.0	0.0	1231.3712779670336	1231.3712779670336	36.08
0.0	0.0	1227.5114529876464	1227.5114529876464	36.12
0.0	0.0	1226.41991849234	1226.41991849234	36.16
0.0	0.0	1225.8484125584907	1225.8484125584907	36.2
0.0	0.0	1224.8307316549776	1224.8307316549776	36.24
0.0	0.0	1228.3666567819864	1228.3666567819864	36.28
0.0	0.0	1227.9709998386934	1227.9709998386934	36.32
0.0	0.0	1228.9479519720826	1228.9479519720826	36.36
0.0	0.0	1227.2704671122285	1227.2704671122285	36.4
0.0	0.0	1228.7285392243662	1228.7285392243662	36.44
0.0	0.0	1226.8077461738335	1226.8077461738335	36.48
0.0	0.0	1231.4888601706268	1231.4888601706268	36.52
0.0	0.0	1228.947920294887	1228.947920294887	36.56
0.0	0.0	1227.4096506754015	1227.4096506754015	36.6
0.0	0.0	1224.4387307638385	1224.4387307638385	36.64
0.0	0.0	1224.3142650486136	1224.3142650486136	36.68
0.0	0.0	1223.205817047998	1223.205817047998	36.72
0.0	0.0	1223.0511077632957	1223.0511077632957	36.76
0.0	0.0	1222.0229302838925	1222.0229302838925	36.8
0.0	0.0	1220.0532195814153	1220.0532195814153	36.84
0.0	0.0	1224.4446576873975	1224.4446576873975	36.88
0.0	0.0	1223.6785247470436	1223.6785247470436	36.92
0.0	0.0	1221.4204230922671	1221.4204230922671	36.96
0.0	0.0	1225.764014219206	1225.764014219206	37.0
0.0	0.0	1236.1566800911148	1236.1566800911148	37.04
0.0	0.0	1231.2381247952374	1231.2381247952374	37.08
0.0	0.0	1233.8320607121068	1233.8320607121068	37.12
0.0	0.0	1232.1642648987502	1232.1642648987502	37.16
0.0	0.0	1231.1271153559653	1231.1271153559653	37.2
0.0	0.0	1229.4125907574494	1229.4125907574494	37.24
0.0	0.0	1231.8317982258645	1231.8317982258645	37.28
0.0	0.0	1238.0964153133248	1238.0964153133248	37.32
0.0	0.0	1240.5422228911452	1240.5422228911452	37.36
0.0	0.0	1245.242631345943	1245.242631345943	37.4
0.0	0.0	1243.1509624180399	1243.1509624180399	37.44
0.0	0.0	1245.307310868106	1245.307310868106	37.48
0.0	0.0	1247.9740987374735	1247.9740987374735	37.52
0.0	0.0	1250.6198631131733	1250.6198631131733	37.56
0.0	0.0	1255.747858561473	1255.747858561473	37.6
0.0	0.0	1253.0462226518716	1253.0462226518716	37.64
0.0	0.0	1252.4020478427228	1252.4020478427228	37.68
0.0	0.0	1256.87008402762	1256.87008402762	37.72
0.0	0.0	1255.560072138947	1255.560072138947	37.76
0.0	0.0	1258.5552835651379	1258.5552835651379	37.8
0.0	0.0	1253.8905939163214	1253.8905939163214	37.84
0.0	0.0	1252.1167630387822	1252.1167630387822	37.88
0.0	0.0	1252.4837610216898	1252.4837610216898	37.92
0.0	0.0	1251.3521248667382	1251.3521248667382	37.96
0.0	0.0	1254.535473220455	1254.535473220455	38.0
0.0	0.0	1254.698482194654	1254.698482194654	38.04
0.0	0.0	1251.1030199886443	1251.1030199886443	38.08
0.0	0.0	1252.7179584719893	1252.7179584719893	38.12
0.0	0.0	1252.955782315693	1252.955782315693	38.16
0.0	0.0	1249.5542705483908	1249.5542705483908	38.2
0.0	0.0	1249.673174854147	1249.673174854147	38.24
0.0	0.0	1251.7482696755228	1251.7482696755228	38.28
0.0	0.0	1248.7236003592732	1248.7236003592732	38.32
0.0	0.0	1251.0277153981738	1251.0277153981738	38.36
0.0	0.0	1250.7424848531423	1250.7424848531423	38.4
0.0	0.0	1249.0503821634245	1249.0503821634245	38.44
0.0	0.0	1252.8468640372755	1252.8468640372755	38.48
0.0	0.0	1245.8075212961994	1245.8075212961994	38.52
0.0	0.0	1246.8583637180266	1246.8583637180266	38.56
0.0	0.0	1246.830749888286	1246.830749888286	38.6
0.0	0.0	1249.2363737649516	1249.2363737649516	38.64
0.0	0.0	1244.162136953645	1244.162136953645	38.68
0.0	0.0	1245.697665925637	1245.697665925637	38.72
0.0	0.0	1247.1639240055383	1247.1639240055383	38.76
0.0	0.0	1253.284076480369	1253.284076480369	38.8
0.0	0.0	1248.8820460214702	1248.8820460214702	38.84
0.0	0.0	1248.8429415177839	1248.8429415177839	38.88
0.0	0.0	1246.3859575666197	1246.3859575666197	38.92
0.0	0.0	1248.2214623487737	1248.2214623487737	38.96
0.0	0.0	1248.2507741783788	1248.2507741783788	39.0
0.0	0.0	1244.7006222575617	1244.7006222575617	39.04
0.0	0.0	1241.5548357058456	1241.5548357058456	39.08
0.0	0.0	1241.653795024896	1241.653795024896	39.12
0.0	0.0	1237.6826745983233	1237.6826745983233	39.16
0.0	0.0	1238.9232970997598	1238.9232970997598	39.2
0.0	0.0	1239.0721828593971	1239.0721828593971	39.24
0.0	0.0	1236.4680461798994	1236.4680461798994	39.28
0.0	0.0	1236.435682714042	1236.435682714042	39.32
0.0	0.0	1235.0981918997056	1235.0981918997056	39.36
0.0	0.0	1234.8260930615522	1234.8260930615522	39.4
0.0	0.0	1239.0758021063518	1239.0758021063518	39.44
0.0	0.0	1236.7780399663961	1236.7780399663961	39.48
0.0	0.0	1236.2371847623526	1236.2371847623526	39.52
0.0	0.0	1235.9056525546696	1235.9056525546696	39.56
0.0	0.0	1236.4900041461692	1236.4900041461692	39.6
0.0	0.0	1236.9401572878592	1236.9401572878592	39.64
0.0	0.0	1235.853733099517	1235.853733099517	39.68
0.0	0.0	1238.3048285625694	1238.3048285625694	39.72
0.0	0.0	1236.1849012128548	1236.1849012128548	39.76
0.0	0.0	1238.5171960556409	1238.5171960556409	39.8
0.0	0.0	1238.1368270760397	1238.1368270760397	39.84
0.0	0.0	1235.5506552816146	1235.5506552816146	39.88
0.0	0.0	1234.6326145987034	1234.6326145987034	39.92
0.0	0.0	1236.6473944229417	1236.6473944229417	39.96
0.0	0.0	1238.7385645183465	1238.7385645183465	40.0
0.0	0.0	1238.8306431663323	1238.8306431663323	40.04
0.0	0.0	1233.9754049291446	1233.9754049291446	40.08
0.0	0.0	1234.154398824066	1234.154398824066	40.12
0.0	0.0	1231.3102897329832	1231.3102897329832	40.16
0.0	0.0	1234.1124757640096	1234.1124757640096	40.2
0.0	0.0	1228.1869486434662	1228.1869486434662	40.24
0.0	0.0	1230.359303637778	1230.359303637778	40.28
0.0	0.0	1231.1497203655074	1231.1497203655074	40.32
0.0	0.0	1233.2210612185006	1233.2210612185006	40.36
0.0	0.0	1228.1625099381788	1228.1625099381788	40.4
0.0	0.0	1235.108631064871	1235.108631064871	40.44
0.0	0.0	1229.0849964636307	1229.0849964636307	40.48
0.0	0.0	1232.8619771156982	1232.8619771156982	40.52
0.0	0.0	1229.645106222158	1229.645106222158	40.56
0.0	0.0	1233.6547919899392	1233.6547919899392	40.6
0.0	0.0	1231.4298749308746	1231.4298749308746	40.64
0.0	0.0	1235.514634519857	1235.514634519857	40.68
0.0	0.0	1230.0319302125126	1230.0319302125126	40.72
0.0	0.0	1230.1039505490219	1230.1039505490219	40.76
0.0	0.0	1231.7044557567122	1231.7044557567122	40.8
0.0	0.0	1232.5518702498005	1232.5518702498005	40.84
0.0	0.0	1230.1087545935115	1230.1087545935115	40.88
0.0	0.0	1230.6344114674507	1230.6344114674507	40.92
0.0	0.0	1230.7792015861833	1230.7792015861833	40.96
0.0	0.0	1233.9383034826549	1233.9383034826549	41.0
0.0	0.0	1234.4310559293244	1234.4310559293244	41.04
0.0	0.0	1229.541475950717	1229.541475950717	41.08
0.0	0.0	1228.869680794734	1228.869680794734	41.12
0.0	0.0	1223.036570887887	1223.036570887887	41.16
0.0	0.0	1223.9292914676607	1223.9292914676607	41.2
0.0	0.0	1224.026048992656	1224.026048992656	41.24
0.0	0.0	1225.4706653235185	1225.4706653235185	41.28
0.0	0.0	1224.6979400493856	1224.6979400493856	41.32
0.0	0.0	1222.387625712213	1222.387625712213	41.36
0.0	0.0	1223.6289912819807	1223.6289912819807	41.4
0.0	0.0	1223.1369873272574	1223.1369873272574	41.44
0.0	0.0	1216.5023760493784	1216.5023760493784	41.48
0.0	0.0	1217.3805436427672	1217.3805436427672	41.52
0.0	0.0	1214.2658397536331	1214.2658397536331	41.56
0.0	0.0	1214.1485433928879	1214.1485433928879	41.6
0.0	0.0	1212.932475325042	1212.932475325042	41.64
0.0	0.0	1207.1289397962337	1207.1289397962337	41.68
0.0	0.0	1200.8555507032029	1200.8555507032029	41.72
0.0	0.0	1195.792616781231	1195.792616781231	41.76
0.0	0.0	1194.5156506343744	1194.5156506343744	41.8
0.0	0.0	1188.861477992531	1188.861477992531	41.84
0.0	0.0	1190.6629147574777	1190.6629147574777	41.88
0.0	0.0	1185.9882868614798	1185.9882868614798	41.92
0.0	0.0	1177.102522954361	1177.102522954361	41.96
0.0	0.0	1171.5886130733022	1171.5886130733022	42.0
0.0	0.0	1161.5774593561582	1161.5774593561582	42.04
0.0	0.0	1159.0385297639568	1159.0385297639568	42.08
0.0	0.0	1153.886710301018	1153.886710301018	42.12
0.0	0.0	1153.3398968168015	1153.3398968168015	42.16
0.0	0.0	1142.5453437909607	1142.5453437909607	42.2
0.0	0.0	1134.2684813932983	1134.2684813932983	42.24
0.0	0.0	1127.8519894748842	1127.8519894748842	42.28
0.0	0.0	1117.4853097896855	1117.4853097896855	42.32
0.0	0.0	1109.8725785372094	1109.8725785372094	42.36
0.0	0.0	1103.5234994757698	1103.5234994757698	42.4
0.0	0.0	1103.285095758068	1103.285095758068	42.44
0.0	0.0	1102.08166589379	1102.08166589379	42.48
0.0	0.0	1103.8484093027378	1103.8484093027378	42.52
0.0	0.0	1103.272867450583	1103.272867450583	42.56
0.0	0.0	1102.7691126776729	1102.7691126776729	42.6
0.0	0.0	1102.732559493421	1102.732559493421	42.64
0.0	0.0	1105.045924280657	1105.045924280657	42.68
0.0	0.0	1105.079644230904	1105.079644230904	42.72
0.0	0.0	1102.2197936155724	1102.2197936155724	42.76
0.0	0.0	1102.9379677716188	1102.9379677716188	42.8
0.0	0.0	1104.5726163475363	1104.5726163475363	42.84
0.0	0.0	1104.0616007654705	1104.0616007654705	42.88
0.0	0.0	1104.4908561625402	1104.4908561625402	42.92
0.0	0.0	1103.982258716287	1103.982258716287	42.96
0.0	0.0	1100.1907119580799	1100.1907119580799	43.0
0.0	0.0	1092.5572456857815	1092.5572456857815	43.04
0.0	0.0	1093.0441699714372	1093.0441699714372	43.08
0.0	0.0	1093.6552640931432	1093.6552640931432	43.12
0.0	0.0	1094.992988955378	1094.992988955378	43.16
0.0	0.0	1099.2877875116556	1099.2877875116556	43.2
0.0	0.0	1094.9195522542573	1094.9195522542573	43.24
0.0	0.0	1088.2158209142744	1088.2158209142744	43.28
0.0	0.0	1094.5815144391709	1094.5815144391709	43.32
0.0	0.0	1096.537401542424	1096.537401542424	43.36
0.0	0.0	1097.6312632932595	1097.6312632932595	43.4
0.0	0.0	1097.534213601868	1097.534213601868	43.44
0.0	0.0	1098.874413444709	1098.874413444709	43.48
0.0	0.0	1100.8173027970622	1100.8173027970622	43.52
0.0	0.0	1102.4301024756373	1102.4301024756373	43.56
0.0	0.0	1105.1822665708678	1105.1822665708678	43.6
0.0	0.0	1103.3488727575063	1103.3488727575063	43.64
0.0	0.0	1104.182697392984	1104.182697392984	43.68
0.0	0.0	1105.954427085566	1105.954427085566	43.72
0.0	0.0	1111.1744273766856	1111.1744273766856	43.76
0.0	0.0	1123.5929504443566	1123.5929504443566	43.8
0.0	0.0	1140.6636199350592	1140.6636199350592	43.84
0.0	0.0	1151.8878591936118	1151.8878591936118	43.88
0.0	0.0	1168.1443182862668	1168.1443182862668	43.92
0.0	0.0	1198.7098521417918	1198.7098521417918	43.96
0.0	0.0	1223.0421085626483	1223.0421085626483	44.0
0.0	0.0	1272.4772614227097	1272.4772614227097	44.04
0.0	0.0	1314.3561607334875	1314.3561607334875	44.08
0.0	0.0	1348.4343668809654	1348.4343668809654	44.12
0.0	0.0	1378.641785456134	1378.641785456134	44.16
0.0	0.0	1392.4693230434968	1392.4693230434968	44.2
0.0	0.0	1390.8645052282543	1390.8645052282543	44.24
0.0	0.0	1382.0991785040655	1382.0991785040655	44.28
0.0	0.0	1362.8816948464496	1362.8816948464496	44.32
0.0	0.0	1351.3967125700713	1351.3967125700713	44.36
0.0	0.0	1346.241362751479	1346.241362751479	44.4
0.0	0.0	1336.6740949519115	1336.6740949519115	44.44
0.0	0.0	1330.54241789345	1330.54241789345	44.48
0.0	0.0	1330.545238396598	1330.545238396598	44.52
1330.8812560975343	1330.8812560975343	0.0	0.0	44.56
1320.048737293003	1320.048737293003	0.0	0.0	44.6
1315.7043942382663	1315.7043942382663	0.0	0.0	44.64
0.0	0.0	0.0	0.0	44.68
0.0	0.0	0.0	0.0	44.72
0.0	0.0	0.0	0.0	44.76
0.0	0.0	0.0	0.0	44.8
0.0	0.0	0.0	0.0	44.84
0.0	0.0	0.0	0.0	44.88
0.0	0.0	0.0	0.0	44.92
0.0	0.0	0.0	0.0	44.96
0.0	0.0	0.0	0.0	45.0
0.0	0.0	0.0	0.0	45.04
0.0	0.0	1431.4661089572146	1431.4661089572146	45.08
0.0	0.0	1420.3555930881093	1420.3555930881093	45.12
0.0	0.0	1420.8343958906978	1420.8343958906978	45.16
0.0	0.0	1412.7135914136004	1412.7135914136004	45.2
0.0	0.0	1402.1893889780563	1402.1893889780563	45.24
0.0	0.0	1397.3142555061643	1397.3142555061643	45.28
0.0	0.0	1397.9626066127566	1397.9626066127566	45.32
0.0	0.0	1398.5598174293675	1398.5598174293675	45.36
0.0	0.0	1394.9280753402497	1394.9280753402497	45.4
0.0	0.0	1397.141554880959	1397.141554880959	45.44
0.0	0.0	1393.9233830520855	1393.9233830520855	45.48
0.0	0.0	1374.2725576372497	1374.2725576372497	45.52
0.0	0.0	1356.1125440367593	1356.1125440367593	45.56
0.0	0.0	1329.5339881966802	1329.5339881966802	45.6
0.0	0.0	1301.48143320793	1301.48143320793	45.64
0.0	0.0	1274.6767598482345	1274.6767598482345	45.68
0.0	0.0	1250.92175209284	1250.92175209284	45.72
0.0	0.0	1236.5873001678667	1236.5873001678667	45.76
0.0	0.0	1221.3085145962727	1221.3085145962727	45.8
0.0	0.0	1208.8020608756453	1208.8020608756453	45.84
0.0	0.0	1207.0242439855303	1207.0242439855303	45.88
0.0	0.0	1205.3992917220687	1205.3992917220687	45.92
0.0	0.0	1205.0550976168315	1205.0550976168315	45.96
0.0	0.0	1201.1848426178487	1201.1848426178487	46.0
0.0	0.0	1200.3433720732976	1200.3433720732976	46.04
0.0	0.0	1198.9583126277935	1198.9583126277935	46.08
0.0	0.0	1205.000509566294	1205.000509566294	46.12
0.0	0.0	1203.86089820676	1203.86089820676	46.16
0.0	0.0	1202.6724647216463	1202.6724647216463	46.2
0.0	0.0	1201.2963477742778	1201.2963477742778	46.24
0.0	0.0	1199.4900875379233	1199.4900875379233	46.28
0.0	0.0	1192.3637270495328	1192.3637270495328	46.32
0.0	0.0	1192.1703433664723	1192.1703433664723	46.36
0.0	0.0	1192.8791382857369	1192.8791382857369	46.4
0.0	0.0	1195.3172237052447	1195.3172237052447	46.44
0.0	0.0	1199.640516855549	1199.640516855549	46.48
0.0	0.0	1202.994141493551	1202.994141493551	46.52
0.0	0.0	1205.592047176072	1205.592047176072	46.56
0.0	0.0	1212.1520123524356	1212.1520123524356	46.6
0.0	0.0	1214.3741045318702	1214.3741045318702	46.64
0.0	0.0	1216.2837982820035	1216.2837982820035	46.68
0.0	0.0	1216.3128656696306	1216.3128656696306	46.72
0.0	0.0	1218.7751637802962	1218.7751637802962	46.76
0.0	0.0	1218.7825520851882	1218.7825520851882	46.8
0.0	0.0	1214.942146735287	1214.942146735287	46.84
0.0	0.0	1214.9427420326397	1214.9427420326397	46.88
0.0	0.0	1213.6114131255906	1213.6114131255906	46.92
0.0	0.0	1211.7474403988747	1211.7474403988747	46.96
0.0	0.0	1215.5669392959248	1215.5669392959248	47.0
0.0	0.0	1216.6919898879758	1216.6919898879758	47.04
0.0	0.0	1219.3569303592042	1219.3569303592042	47.08
0.0	0.0	1229.3287365951567	1229.3287365951567	47.12
0.0	0.0	1228.681828876518	1228.681828876518	47.16
0.0	0.0	1229.4002421475914	1229.4002421475914	47.2
0.0	0.0	1233.286574499953	1233.286574499953	47.24
0.0	0.0	1233.0927046236222	1233.0927046236222	47.28
0.0	0.0	1238.1234756709441	1238.1234756709441	47.32
0.0	0.0	1237.8167616134142	1237.8167616134142	47.36
0.0	0.0	1239.6570503835778	1239.6570503835778	47.4
0.0	0.0	1242.5774531476115	1242.5774531476115	47.44
0.0	0.0	1243.7043111601347	1243.7043111601347	47.48
0.0	0.0	1241.6255121521738	1241.6255121521738	47.52
0.0	0.0	1244.273050345553	1244.273050345553	47.56
0.0	0.0	1247.9078052098032	1247.9078052098032	47.6
0.0	0.0	1253.6655941063875	1253.6655941063875	47.64
0.0	0.0	1258.4957251312112	1258.4957251312112	47.68
0.0	0.0	1261.4277386083143	1261.4277386083143	47.72
0.0	0.0	1264.050196246408	1264.050196246408	47.76
0.0	0.0	1264.343273033806	1264.343273033806	47.8
0.0	0.0	1263.5954964724644	1263.5954964724644	47.84
0.0	0.0	1260.2952766877677	1260.2952766877677	47.88
0.0	0.0	1258.9579513566866	1258.9579513566866	47.92
0.0	0.0	1256.5812079284003	1256.5812079284003	47.96
0.0	0.0	1258.4221261447537	1258.4221261447537	48.0
0.0	0.0	1263.3652987663747	1263.3652987663747	48.04
0.0	0.0	1256.034080409544	1256.034080409544	48.08
0.0	0.0	1250.638029170559	1250.638029170559	48.12
0.0	0.0	1246.5290010354636	1246.5290010354636	48.16
0.0	0.0	1246.7795076444636	1246.7795076444636	48.2
0.0	0.0	1247.7801305816183	1247.7801305816183	48.24
0.0	0.0	1251.4433707659964	1251.4433707659964	48.28
0.0	0.0	1253.5364582530676	1253.5364582530676	48.32
0.0	0.0	1256.888441894544	1256.888441894544	48.36
0.0	0.0	1261.7778767412447	1261.7778767412447	48.4
0.0	0.0	1264.5542703183528	1264.5542703183528	48.44
0.0	0.0	1272.0322063408346	1272.0322063408346	48.48
0.0	0.0	1269.207148981768	1269.207148981768	48.52
0.0	0.0	1250.672094921414	1250.672094921414	48.56
0.0	0.0	1234.7747818210821	1234.7747818210821	48.6
0.0	0.0	1226.7946929851123	1226.7946929851123	48.64
0.0	0.0	1225.8295978407145	1225.8295978407145	48.68
0.0	0.0	1231.4715433897334	1231.4715433897334	48.72
0.0	0.0	1242.6355338467451	1242.6355338467451	48.76
0.0	0.0	1243.3787709019791	1243.3787709019791	48.8
0.0	0.0	1242.8997603960775	1242.8997603960775	48.84
0.0	0.0	1247.5524481690975	1247.5524481690975	48.88
0.0	0.0	1241.7551394742454	1241.7551394742454	48.92
0.0	0.0	1222.4401972769351	1222.4401972769351	48.96
0.0	0.0	1223.22041497548	1223.22041497548	49.0
0.0	0.0	1230.9572981898566	1230.9572981898566	49.04
0.0	0.0	1237.6438374857066	1237.6438374857066	49.08
0.0	0.0	1247.667367986421	1247.667367986421	49.12
0.0	0.0	1250.0474286795566	1250.0474286795566	49.16
0.0	0.0	1248.1472240825437	1248.1472240825437	49.2
0.0	0.0	1238.0751078376247	1238.0751078376247	49.24
0.0	0.0	1217.9735657022302	1217.9735657022302	49.28
0.0	0.0	1225.6225238902857	1225.6225238902857	49.32
0.0	0.0	1230.1014883479197	1230.1014883479197	49.36
0.0	0.0	1246.0809917415443	1246.0809917415443	49.4
0.0	0.0	1261.3146681054445	1261.3146681054445	49.44
0.0	0.0	1266.3631452014858	1266.3631452014858	49.48
0.0	0.0	1269.3773790270304	1269.3773790270304	49.52
0.0	0.0	1268.666002310938	1268.666002310938	49.56
0.0	0.0	1243.858109043618	1243.858109043618	49.6
0.0	0.0	1231.052427523175	1231.052427523175	49.64
0.0	0.0	1237.6914857046625	1237.6914857046625	49.68
0.0	0.0	1246.0569621813752	1246.0569621813752	49.72
0.0	0.0	1261.3470391057683	1261.3470391057683	49.76
0.0	0.0	1264.1349058149865	1264.1349058149865	49.8
0.0	0.0	1254.6964148009579	1254.6964148009579	49.84
0.0	0.0	1224.2065855745536	1224.2065855745536	49.88
0.0	0.0	1224.8741263246186	1224.8741263246186	49.92
0.0	0.0	1232.8573886105926	1232.8573886105926	49.96
0.0	0.0	1234.3720840235246	1234.3720840235246	50.0
0.0	0.0	1258.27991989933	1258.27991989933	50.04
0.0	0.0	1259.7574754435382	1259.7574754435382	50.08
0.0	0.0	1254.805866320491	1254.805866320491	50.12
0.0	0.0	1249.9693485977132	1249.9693485977132	50.16
0.0	0.0	1223.0253268916429	1223.0253268916429	50.2
0.0	0.0	1226.8859423562046	1226.8859423562046	50.24
0.0	0.0	1229.0004143264168	1229.0004143264168	50.28
0.0	0.0	1233.7345096738668	1233.7345096738668	50.32
0.0	0.0	1252.6879958298166	1252.6879958298166	50.36
0.0	0.0	1251.646674269773	1251.646674269773	50.4
0.0	0.0	1239.7122241339798	1239.7122241339798	50.44
0.0	0.0	1226.566037701541	1226.566037701541	50.48
0.0	0.0	1211.0523106894957	1211.0523106894957	50.52
0.0	0.0	1216.2287067160153	1216.2287067160153	50.56
0.0	0.0	1221.4807270693645	1221.4807270693645	50.6
0.0	0.0	1223.0620718144205	1223.0620718144205	50.64
0.0	0.0	1239.5763370066004	1239.5763370066004	50.68
0.0	0.0	1234.6139359183162	1234.6139359183162	50.72
0.0	0.0	1226.1150663241563	1226.1150663241563	50.76
0.0	0.0	1206.5801786775926	1206.5801786775926	50.8
0.0	0.0	1203.4673417755325	1203.4673417755325	50.84
0.0	0.0	1213.5145974544776	1213.5145974544776	50.88
0.0	0.0	1214.425635291944	1214.425635291944	50.92
0.0	0.0	1216.7382740201217	1216.7382740201217	50.96
0.0	0.0	1215.6551689948958	1215.6551689948958	51.0
0.0	0.0	1220.1619311908391	1220.1619311908391	51.04
0.0	0.0	1224.1286726431729	1224.1286726431729	51.08
0.0	0.0	1230.243299558494	1230.243299558494	51.12
0.0	0.0	1235.8294603184181	1235.8294603184181	51.16
0.0	0.0	1235.090786811986	1235.090786811986	51.2
0.0	0.0	1236.786381334593	1236.786381334593	51.24
0.0	0.0	1240.3126705043337	1240.3126705043337	51.28
0.0	0.0	1246.3858467085572	1246.3858467085572	51.32
0.0	0.0	1246.4919369164675	1246.4919369164675	51.36
0.0	0.0	1243.106581215625	1243.106581215625	51.4
0.0	0.0	1244.143704884261	1244.143704884261	51.44
0.0	0.0	1244.4962214137731	1244.4962214137731	51.48
0.0	0.0	1243.9635867262239	1243.9635867262239	51.52
0.0	0.0	1243.105565294036	1243.105565294036	51.56
0.0	0.0	1244.7574778684154	1244.7574778684154	51.6
0.0	0.0	1244.13455386238	1244.13455386238	51.64
0.0	0.0	1245.6414166904517	1245.6414166904517	51.68
0.0	0.0	1247.572066104134	1247.572066104134	51.72
0.0	0.0	1245.7201580108326	1245.7201580108326	51.76
0.0	0.0	1244.485792576175	1244.485792576175	51.8
0.0	0.0	1246.9655230680596	1246.9655230680596	51.84
0.0	0.0	1250.5185103395547	1250.5185103395547	51.88
0.0	0.0	1254.1277318672892	1254.1277318672892	51.92
0.0	0.0	1261.6247461290673	1261.6247461290673	51.96
0.0	0.0	1262.5304231268597	1262.5304231268597	52.0
0.0	0.0	1256.2038911122056	1256.2038911122056	52.04
0.0	0.0	1254.7302255064078	1254.7302255064078	52.08
0.0	0.0	1257.778631961512	1257.778631961512	52.12
0.0	0.0	1255.2454877721018	1255.2454877721018	52.16
0.0	0.0	1250.8293228046127	1250.8293228046127	52.2
0.0	0.0	1245.7870994127977	1245.7870994127977	52.24
0.0	0.0	1248.8198045039987	1248.8198045039987	52.28
0.0	0.0	1247.4473210219235	1247.4473210219235	52.32
0.0	0.0	1249.9911041844787	1249.9911041844787	52.36
0.0	0.0	1255.6109421356698	1255.6109421356698	52.4
0.0	0.0	1264.1974902466877	1264.1974902466877	52.44
0.0	0.0	1279.018075288525	1279.018075288525	52.48
0.0	0.0	1292.4983057646925	1292.4983057646925	52.52
0.0	0.0	1314.7493941729497	1314.7493941729497	52.56
0.0	0.0	1337.3947798863926	1337.3947798863926	52.6
0.0	0.0	1358.3541368661226	1358.3541368661226	52.64
0.0	0.0	1368.3669028569368	1368.3669028569368	52.68
0.0	0.0	1376.9849943954348	1376.9849943954348	52.72
0.0	0.0	1380.7692196470828	1380.7692196470828	52.76
0.0	0.0	1383.6016842968766	1383.6016842968766	52.8
0.0	0.0	1393.1961891843998	1393.1961891843998	52.84
0.0	0.0	1403.472534629848	1403.472534629848	52.88
0.0	0.0	1421.5482340638705	1421.5482340638705	52.92
0.0	0.0	1440.045070363811	1440.045070363811	52.96
0.0	0.0	1456.0866429992939	1456.0866429992939	53.0
0.0	0.0	1468.6190658612604	1468.6190658612604	53.04
0.0	0.0	1477.6354068988105	1477.6354068988105	53.08
0.0	0.0	1473.6420266471541	1473.6420266471541	53.12
0.0	0.0	1435.8670705428087	1435.8670705428087	53.16
0.0	0.0	1370.5712225159514	1370.5712225159514	53.2
0.0	0.0	1292.789068336091	1292.789068336091	53.24
0.0	0.0	1220.8542570279255	1220.8542570279255	53.28
0.0	0.0	1174.073920269226	1174.073920269226	53.32
0.0	0.0	1148.0101467504267	1148.0101467504267	53.36
0.0	0.0	1139.6874793108013	1139.6874793108013	53.4
0.0	0.0	1144.8679915607302	1144.8679915607302	53.44
0.0	0.0	1153.522220397136	1153.522220397136	53.48
0.0	0.0	1166.3507377751062	1166.3507377751062	53.52
0.0	0.0	1182.7793538373685	1182.7793538373685	53.56
0.0	0.0	1216.5672134662698	1216.5672134662698	53.6
0.0	0.0	1262.5384136844434	1262.5384136844434	53.64
0.0	0.0	1308.6943327077056	1308.6943327077056	53.68
0.0	0.0	1347.3485678466855	1347.3485678466855	53.72
0.0	0.0	1364.0094339798754	1364.0094339798754	53.76
0.0	0.0	1368.5609821016892	1368.5609821016892	53.8
0.0	0.0	1368.2006785201775	1368.2006785201775	53.84
0.0	0.0	1366.1181535034295	1366.1181535034295	53.88
0.0	0.0	1366.1975867664344	1366.1975867664344	53.92
0.0	0.0	1366.339551148629	1366.339551148629	53.96
0.0	0.0	1368.095920671301	1368.095920671301	54.0
0.0	0.0	1370.3179079579704	1370.3179079579704	54.04
0.0	0.0	1376.5880466945216	1376.5880466945216	54.08
0.0	0.0	1381.027940680044	1381.027940680044	54.12
0.0	0.0	1380.1041909503172	1380.1041909503172	54.16
0.0	0.0	1369.3906238135887	1369.3906238135887	54.2
0.0	0.0	1356.521869072012	1356.521869072012	54.24
0.0	0.0	1352.4681776904188	1352.4681776904188	54.28
0.0	0.0	1351.340174653029	1351.340174653029	54.32
0.0	0.0	1361.7989013028705	1361.7989013028705	54.36
0.0	0.0	1367.8385619116154	1367.8385619116154	54.4
0.0	0.0	1366.752462958513	1366.752462958513	54.44
0.0	0.0	1361.7151778397176	1361.7151778397176	54.48
0.0	0.0	1345.2728604447257	1345.2728604447257	54.52
0.0	0.0	1330.5213151856995	1330.5213151856995	54.56
0.0	0.0	1317.29086095121	1317.29086095121	54.6
0.0	0.0	1307.0296169925455	1307.0296169925455	54.64
0.0	0.0	1303.5546519431853	1303.5546519431853	54.68
0.0	0.0	1306.2078652839086	1306.2078652839086	54.72
0.0	0.0	1302.4482687289328	1302.4482687289328	54.76
0.0	0.0	1302.900134415417	1302.900134415417	54.8
0.0	0.0	1314.4079780433217	1314.4079780433217	54.84
0.0	0.0	1327.5323403635741	1327.5323403635741	54.88
0.0	0.0	1331.666321764783	1331.666321764783	54.92
0.0	0.0	1316.1416798605917	1316.1416798605917	54.96
0.0	0.0	1283.8483789075012	1283.8483789075012	55.0
0.0	0.0	1245.1926683869012	1245.1926683869012	55.04
0.0	0.0	1203.6311334612435	1203.6311334612435	55.08
0.0	0.0	1163.4794437698165	1163.4794437698165	55.12
0.0	0.0	1140.5151292435608	1140.5151292435608	55.16
0.0	0.0	1126.7769335411685	1126.7769335411685	55.2
0.0	0.0	1140.0615953559864	1140.0615953559864	55.24
0.0	0.0	1160.559993319569	1160.559993319569	55.28
0.0	0.0	1171.7468406445755	1171.7468406445755	55.32
0.0	0.0	1181.2394110013254	1181.2394110013254	55.36
0.0	0.0	1191.286784147959	1191.286784147959	55.4
1162.7186331939704	1162.7186331939704	1162.7186331939704	1090.669407521778	55.44
1189.5581094552863	1189.5581094552863	1189.5581094552863	1112.4832945346336	55.48
1216.7166837960588	1216.7166837960588	1216.7166837960588	1122.8510285561495	55.52
1253.7193414720382	1253.7193414720382	1253.7193414720382	1158.7317656802225	55.56
1315.7514098044248	1315.7514098044248	1315.7514098044248	1228.4199926085828	55.6
1406.5207026267763	1406.5207026267763	1406.5207026267763	1315.7959614333372	55.64
0.0	0.0	1427.8899576463702	1427.8899576463702	55.68
0.0	0.0	1486.866362598663	1486.866362598663	55.72
0.0	0.0	1541.425572502837	1541.425572502837	55.76
0.0	0.0	1614.5346651510624	1614.5346651510624	55.8
0.0	0.0	0.0	0.0	55.84
0.0	0.0	0.0	0.0	55.88
0.0	0.0	0.0	0.0	55.92
0.0	0.0	0.0	0.0	55.96
0.0	0.0	0.0	0.0	56.0
0.0	0.0	0.0	0.0	56.04
0.0	0.0	0.0	0.0	56.08
0.0	0.0	0.0	0.0	56.12
0.0	0.0	0.0	0.0	56.16
0.0	0.0	0.0	0.0	56.2
0.0	0.0	0.0	0.0	56.24
0.0	0.0	0.0	0.0	56.28
0.0	0.0	0.0	0.0	56.32
0.0	0.0	0.0	0.0	56.36
0.0	0.0	0.0	0.0	56.4
0.0	0.0	0.0	0.0	56.44
0.0	0.0	0.0	0.0	56.48
0.0	0.0	0.0	0.0	56.52
0.0	0.0	0.0	0.0	56.56
0.0	0.0	0.0	0.0	56.6
0.0	0.0	0.0	0.0	56.64
0.0	0.0	0.0	0.0	56.68
0.0	0.0	0.0	0.0	56.72
0.0	0.0	0.0	0.0	56.76
0.0	0.0	0.0	0.0	56.8
0.0	0.0	0.0	0.0	56.84
0.0	0.0	0.0	0.0	56.88
0.0	0.0	0.0	0.0	56.92
0.0	0.0	0.0	0.0	56.96
0.0	0.0	0.0	0.0	57.0
0.0	0.0	0.0	0.0	57.04
0.0	0.0	0.0	0.0	57.08
0.0	0.0	0.0	0.0	57.12
0.0	0.0	0.0	0.0	57.16
0.0	0.0	0.0	0.0	57.2
0.0	0.0	0.0	0.0	57.24
0.0	0.0	0.0	0.0	57.28
0.0	0.0	0.0	0.0	57.32
0.0	0.0	0.0	0.0	57.36
0.0	0.0	0.0	0.0	57.4
0.0	0.0	0.0	0.0	57.44
0.0	0.0	0.0	0.0	57.48
0.0	0.0	0.0	0.0	57.52
0.0	0.0	0.0	0.0	57.56
0.0	0.0	0.0	0.0	57.6
0.0	0.0	0.0	0.0	57.64
0.0	0.0	0.0	0.0	57.68
0.0	0.0	0.0	0.0	57.72
0.0	0.0	0.0	0.0	57.76
0.0	0.0	0.0	0.0	57.8
0.0	0.0	0.0	0.0	57.84
0.0	0.0	0.0	0.0	57.88
0.0	0.0	0.0	0.0	57.92
0.0	0.0	0.0	0.0	57.96
0.0	0.0	0.0	0.0	58.0
0.0	0.0	0.0	0.0	58.04
0.0	0.0	0.0	0.0	58.08
0.0	0.0	0.0	0.0	58.12
0.0	0.0	0.0	0.0	58.16
0.0	0.0	0.0	0.0	58.2
0.0	0.0	0.0	0.0	58.24
0.0	0.0	0.0	0.0	58.28
0.0	0.0	0.0	0.0	58.32
0.0	0.0	0.0	0.0	58.36
0.0	0.0	0.0	0.0	58.4
0.0	0.0	0.0	0.0	58.44
