Thumb_R	Index_R	Thumb_L	Index_L	Time
0.0	0.0	0.0	0.0	0.04
0.0	0.0	0.0	0.0	0.08
0.0	0.0	0.0	0.0	0.12
0.0	0.0	0.0	0.0	0.16
0.0	0.0	0.0	0.0	0.2
0.0	0.0	0.0	0.0	0.24
0.0	0.0	0.0	0.0	0.28
0.0	0.0	0.0	0.0	0.32
0.0	0.0	0.0	0.0	0.36
0.0	0.0	0.0	0.0	0.4
0.0	0.0	0.0	0.0	0.44
0.0	0.0	0.0	0.0	0.48
0.0	0.0	0.0	0.0	0.52
0.0	0.0	0.0	0.0	0.56
0.0	0.0	0.0	0.0	0.6
0.0	0.0	1343.0525820368628	1268.460071913796	0.64
0.0	0.0	1291.7437661179579	1241.5272636949003	0.68
0.0	0.0	1276.3906841462492	1219.8716587472502	0.72
0.0	0.0	1254.5573293320729	1200.50509111477	0.76
0.0	0.0	1236.7473796275747	1192.7533263905152	0.8
0.0	0.0	1234.8369344166963	1188.6704037609081	0.84
0.0	0.0	1224.90109420757	1179.104993884497	0.88
0.0	0.0	1215.2844634626165	1174.8480628329833	0.92
0.0	0.0	1221.8678819889903	1172.2186466490168	0.96
0.0	0.0	1230.7251042335643	1170.7345488320175	1.0
0.0	0.0	1240.8501806152728	1173.4953632924178	1.04
0.0	0.0	1247.9989000634985	1172.0910708126755	1.08
0.0	0.0	1262.4373876436441	1171.911002824203	1.12
0.0	0.0	1262.8591577937673	1168.9680273736387	1.16
0.0	0.0	1251.7528889798068	1164.8020843514587	1.2
0.0	0.0	1243.4400780513752	1163.9653134358994	1.24
0.0	0.0	1246.3550973698084	1164.1809446253883	1.28
0.0	0.0	1246.1460443068916	1174.5722187802423	1.32
0.0	0.0	1255.300132860963	1172.2117697923138	1.36
0.0	0.0	1264.4452122539035	1181.0373164170237	1.4
0.0	0.0	1283.5943612687222	1204.0946520505038	1.44
0.0	0.0	1308.4021578723853	1223.5250683966665	1.48
0.0	0.0	1331.498053571035	1235.5626018057437	1.52
0.0	0.0	1361.6811789498308	1261.8471266237032	1.56
0.0	0.0	1376.7855781954447	1278.340994579853	1.6
0.0	0.0	1375.1823301177092	1296.3460345829217	1.64
0.0	0.0	0.0	0.0	1.68
0.0	0.0	0.0	0.0	1.72
0.0	0.0	0.0	0.0	1.76
0.0	0.0	0.0	0.0	1.8
0.0	0.0	0.0	0.0	1.84
0.0	0.0	0.0	0.0	1.88
0.0	0.0	0.0	0.0	1.92
1043.9624147480783	1013.996696920578	0.0	0.0	1.96
0.0	0.0	0.0	0.0	2.0
819.5357999634393	809.6453502291145	0.0	0.0	2.04
755.0386261405089	739.9449180037888	0.0	0.0	2.08
778.0060421428848	746.7310648621232	0.0	0.0	2.12
823.3964910010213	785.3819366997476	0.0	0.0	2.16
851.8735334937335	810.8903404844082	0.0	0.0	2.2
860.7143132285619	822.9687336395845	0.0	0.0	2.24
875.1443222906585	844.959342891205	0.0	0.0	2.28
890.3986990173495	855.4091143602666	0.0	0.0	2.32
892.8492804120935	865.044308356832	0.0	0.0	2.36
889.3404824161374	872.7429737471275	0.0	0.0	2.4
892.3734632359782	846.4703148165221	0.0	0.0	2.44
922.2435270601958	792.3283257666667	0.0	0.0	2.48
949.4378315062985	788.539114778389	0.0	0.0	2.52
1030.0556932430381	849.3048552766226	0.0	0.0	2.56
1153.5779065774927	1018.6900956518477	0.0	0.0	2.6
1266.9525525772813	1137.7693768922254	0.0	0.0	2.64
1297.1031223442158	1183.0578862167984	0.0	0.0	2.68
1290.245185984124	1178.2767370179693	0.0	0.0	2.72
1254.3519285857542	1162.8509061151492	0.0	0.0	2.76
1246.8408935818247	1156.1321403808774	0.0	0.0	2.8
1232.6897137679268	1144.377058445191	0.0	0.0	2.84
1213.1732532790604	1121.7284577595665	0.0	0.0	2.88
1207.1388242562032	1104.1641139947255	0.0	0.0	2.92
1211.1841156230212	1101.9479347416443	1275.9090375806813	1218.289514045688	2.96
1204.5478003418882	1098.281069539509	1293.0572571280284	1255.3149674213803	3.0
1189.891106959327	1088.4326501868352	1312.7314574133968	1293.715869707986	3.04
1169.2026054819937	1078.540795631657	1336.9326197165942	1326.0067505604018	3.08
1147.1154848987708	1067.2754431196047	1337.8949733909046	1328.579049999109	3.12
1135.3678264068963	1060.3636529486687	1324.3319463887283	1303.4634778417872	3.16
1128.684407018094	1064.5103319245143	1323.0576515962382	1280.098747976048	3.2
1138.8542702768696	1066.0970097295683	1324.619618658023	1264.6243602649497	3.24
1162.0102562600753	1073.3391379509899	1326.5085700275217	1258.9734709799602	3.28
1165.6549119345602	1073.6615574207228	1329.4710576768439	1260.5323250058075	3.32
1168.3781800687952	1065.7866429378594	1327.06023671377	1265.3450179781473	3.36
1158.3489094513684	1058.9163714190458	1324.5160869739598	1267.1902336505855	3.4
1145.3967217767308	1052.8426563945013	1321.8088283975771	1284.4516010883387	3.44
1141.7374941147377	1048.4088019903527	1321.2238441034342	1289.9007228324053	3.48
1130.434983538789	1040.4815130360937	1320.4207270426957	1293.6491428371394	3.52
1116.7345282661809	1031.6403864957076	1319.1774313240394	1294.6627569181383	3.56
1101.8072605179404	1024.7543724157601	1317.713872519286	1295.1953361943306	3.6
1100.7245769357285	1026.528770733353	1316.558295806487	1297.9159827402088	3.64
1094.4218597473694	1030.5540672017034	1316.472138843527	1297.3849468787737	3.68
1090.9766061937205	1027.1256696281862	1317.4177751387735	1293.847770421212	3.72
1088.904030750948	1026.5647676151034	1319.6603211578492	1287.9712105967174	3.76
1083.3107075477474	1034.0867460495654	1314.8615822108547	1281.852332793363	3.8
1079.929335715243	1031.3647886197757	1310.82871526013	1274.7993754332358	3.84
1083.7713075505521	1031.1257796910054	1303.1770568230193	1266.5046538363708	3.88
1074.6521942586785	1024.0478419093156	1293.5428139801686	1258.7985388897118	3.92
1064.606332572716	1018.0580605250593	1287.7250189651913	1252.6751450515146	3.96
1057.0324917023747	1014.6880577896636	1280.758022500997	1249.3909080351716	4.0
1054.406610482195	1011.1699586477436	1279.035793591457	1243.2756620610623	4.04
1049.5510533123559	1009.8917609296042	1270.7750375442627	1235.962620383155	4.08
1047.4996319072784	1001.4084125528514	1263.9168528677	1227.1609491694437	4.12
1050.689294827268	1003.0960807841386	1263.670976989583	1227.0044283210548	4.16
1050.801960788889	1004.5982848726604	1260.4560028355093	1226.0241110836298	4.2
1051.0318525239813	1004.5435959183268	1261.0175530405065	1224.6869667408475	4.24
1053.5962708808886	1002.6125347772625	1260.7282429441805	1226.0443056799609	4.28
1053.526779943238	1004.0527449232314	1263.9185980214966	1227.258703760292	4.32
1059.6253105288556	1008.1155766183093	1265.5192318106244	1227.6412584775203	4.36
1064.6464330840506	1011.237672884209	1265.0556078503485	1226.5002313053456	4.4
1071.5507210592007	1013.8248732234035	1263.7865152784066	1221.7341213139023	4.44
1078.5216525622611	1014.3579751431034	1265.9736216159959	1221.0845539006452	4.48
1082.9206367011498	1017.5819978709726	1266.6820505975058	1222.7490367470066	4.52
1088.698436768152	1019.7749385403107	1263.978189527118	1217.0414785976711	4.56
1088.140826732903	1018.5872645579319	1263.7019243730347	1215.2070288810996	4.6
1091.8007982467188	1015.2606858591993	1267.094885947459	1218.8845644188814	4.64
1093.7430531405282	1011.5366618665751	1269.8855914994392	1221.8158953154434	4.68
1077.8869925213032	967.1659670590977	1272.9749487720064	1222.1308497423215	4.72
1064.5120913700025	937.2752583250141	1269.9008245567209	1223.2024400430112	4.76
1049.4784421535635	921.0681613606772	1265.895531460501	1219.9906707569141	4.8
1040.885219713003	919.1863835530872	1262.919396483113	1217.7616184960564	4.84
1035.916710390092	946.7615281425745	1255.6879927028392	1214.171252349738	4.88
1032.5101812546181	945.7573740082772	1255.102602234947	1207.5780641464987	4.92
1031.7620045466458	967.6901657170595	1245.3794867836634	1202.337348328139	4.96
1018.1262945404477	966.4801898484149	1237.184687060342	1198.6918380929217	5.0
1004.686827795188	1022.9316145005198	1229.4086596237967	1189.070639907416	5.04
994.6847814194812	994.5354874814711	1222.513354470644	1186.8333387663006	5.08
994.0164266028113	974.540534622807	1219.0021053457651	1186.6130939331217	5.12
989.6843147917261	1019.9354341475868	1223.1567136791825	1189.7635446575282	5.16
993.7467701070184	950.7291426467219	1225.0539641025814	1192.3016269372056	5.2
998.5544994310418	945.0745675112646	1224.3467488774293	1195.5922624200034	5.24
994.5752733603664	995.4403588294217	1224.0644476336784	1195.3441670972866	5.28
993.5363957902246	961.8588125714307	1219.297065583802	1190.887613551476	5.32
997.0746638299463	904.9267995370168	1215.8119046325228	1185.3366697997499	5.36
996.9672002458939	947.3929156281695	1211.0028845003962	1179.0273807875203	5.4
999.5570330221205	965.5110501324843	1207.9933980544783	1171.2547480796472	5.44
1000.1166623622688	955.0231556531618	1206.0728404786396	1168.5526001482244	5.48
1008.2338545421994	917.0592886428144	1204.8133626895976	1166.5218560131382	5.52
1000.4259765031627	939.5933733830789	1203.7543641741838	1163.5528787618857	5.56
1008.3826269767087	937.6204407179031	1205.8890850681466	1166.4492533634111	5.6
998.1694975503033	990.2182038524201	1211.1774191027237	1168.5607491063658	5.64
1004.8424980580481	997.2324079260243	1212.5737375324575	1171.0978104896765	5.68
1009.2815060427616	967.6457590924949	1213.5192180158629	1171.4647930085296	5.72
1016.4973835488087	963.3719579472438	1203.9251104134448	1177.4363540148274	5.76
1027.4383006639007	979.6306819746562	1196.6935471360252	1188.146140798156	5.8
1022.6850408782433	998.5685438268505	1192.3449215152757	1190.8730946713306	5.84
1021.4557843056683	988.5663332338323	1208.7633442914787	1185.4081463162695	5.88
1021.545984919825	989.6965944993407	1225.8802430361134	1142.0419951696688	5.92
1023.2246662353043	995.339288717227	1251.0538650371925	1123.3155771975937	5.96
1029.4235466664059	1001.8825175823354	1256.4143525222714	1142.5888822435786	6.0
1032.6715721209775	1020.6291999902603	1243.763805778194	1168.724297233615	6.04
1035.528263018709	1018.2336222130941	1232.3975029277965	1186.19094109431	6.08
1029.5549073192717	1010.9388326582864	1225.054897828396	1173.8869920081331	6.12
1027.5043594285178	1024.4152899827052	1222.8204234998786	1164.4501539358585	6.16
1023.439599333149	992.4019274943792	1220.8355315301592	1164.3751317486099	6.2
1022.0073541824559	1004.8696372612995	1196.4046682376177	1180.1767263829117	6.24
1027.6267127461879	998.8919928216527	1196.316498876264	1192.9434387621438	6.28
1027.845397677656	1019.9670276500042	1217.9481304910469	1169.8727477597126	6.32
1027.5889637615696	984.9838632188437	1239.9574043866658	1129.8299086339061	6.36
1038.518477267231	1018.5415096950396	1256.9882832835892	1146.2756168615108	6.4
1043.520314226749	1044.7084164613857	1251.0058814515085	1179.9060156415019	6.44
1040.4250305842534	1005.6595953567934	1240.7375852588	1190.491234937021	6.48
1034.893219972148	1008.5298203437596	1223.7417062891652	1175.8859883243122	6.52
1032.6972203893256	1007.208279954907	1202.0924303426236	1166.69539793365	6.56
1026.083445630727	1008.3963463941216	1195.5647595524563	1199.1476866620533	6.6
1032.064001791425	1003.7455230967812	1197.535651441532	1236.3608048341132	6.64
1038.84264942794	1020.8401656293067	1211.2041693675242	1201.0674745139484	6.68
1041.055734045804	1023.4648448396492	1247.0822021995705	1141.3611997625703	6.72
1032.5748181788415	1003.3901948541122	1264.2899573165919	1143.7337440553608	6.76
1025.6334872035955	1019.169216294566	1255.8603578653542	1165.65060409379	6.8
1031.0679404222083	1023.8430702020536	1247.1879223737278	1186.2975549871135	6.84
1035.907818459917	1002.0260447714057	1234.7344489952611	1181.0572703548453	6.88
1036.1839284428509	1004.0949678720607	1230.9923901103336	1173.8327267322934	6.92
1039.8125362376925	992.6202820158904	1228.4931644542967	1176.5179077959501	6.96
1038.8832967952194	1017.7164346097637	1220.4129599916055	1187.8332658229776	7.0
1042.0983391504692	995.3794661165722	1220.9061053296741	1190.0956598596288	7.04
1048.1881649536756	1010.6590050920134	1226.8687942853824	1203.7428916665967	7.08
1049.1546143903179	1017.1967994259571	1234.6094228258362	1187.2065457360038	7.12
1046.3687940246461	1014.209737391897	1261.4730813226815	1154.5292681209926	7.16
1047.0573572530357	1005.1215661265799	1254.966422773087	1172.6786590273493	7.2
1057.028097249726	1039.2819879889541	1247.0810564300152	1193.4449579658635	7.24
1055.5874999316104	1029.6365612126922	1239.4209712543814	1182.4198377160055	7.28
1053.2966831829947	1025.186541270855	1243.949224791027	1186.026518110327	7.32
1053.248677610468	1047.7295933727914	1239.870849669155	1179.7780219825622	7.36
1056.1878985370338	1014.8038201620337	1235.7381491294038	1177.5854926704192	7.4
1052.478235533876	1056.2000172864111	1229.5994008358991	1174.5551396329502	7.44
1054.1306975796354	1025.4681151080072	1231.221633798511	1179.3489030023964	7.48
1056.4148244952185	1049.337985340157	1234.6364931367789	1179.808857477536	7.52
1062.995568929742	1029.9145503033533	1240.5483299100786	1169.390315585861	7.56
1053.878056133541	1041.98215243642	1241.0313618774064	1171.0882190793027	7.6
1052.18298590558	1062.0681116149685	1243.2191862329164	1172.3913615157028	7.64
1049.3461550639395	1011.1053909137802	1240.281605580888	1175.7387942696587	7.68
1046.8577503915492	1033.2637749674598	1240.5128850355331	1175.8407785205113	7.72
1045.3486467907223	1018.8885438583504	1241.7876602691172	1179.9738395309266	7.76
1045.5410776858726	1014.2458500303767	1234.9795230408176	1175.8149650043222	7.8
1042.8868788215086	1039.735660489464	1221.3587155845707	1179.602720177202	7.84
1046.994395806726	1017.5245630675405	1214.730454943853	1188.4848007612704	7.88
1048.5710353150018	995.5287694156457	1215.344593882422	1185.5108184584913	7.92
1045.7982562488705	1010.8506501520854	1212.0718941320467	1189.708320077424	7.96
1040.65376537624	1010.4120921083227	1222.3496023800535	1173.9824838713976	8.0
1045.3939669318534	1011.6908118277942	1229.009635208649	1138.4489890260604	8.04
1038.7847452185786	1018.1635438357314	1240.2725744272636	1139.625463218499	8.08
1037.2381073966167	1013.1436218851937	1236.844997905121	1145.557024955996	8.12
1035.9224084094758	1026.1098656351546	1228.7589319467293	1157.1733921519915	8.16
1038.7728727064957	1014.8742389224227	1226.3396835547776	1172.6969953553091	8.2
1041.1035455127562	1009.7067252165955	1231.3801500184697	1172.4645668689413	8.24
1033.9120475538423	1018.9710150324003	1231.1598580998568	1170.6255368292884	8.28
1037.6037579959764	1014.4410535777598	1228.1750729810742	1161.9676449837425	8.32
1037.7460726084578	1024.6206740417344	1221.3390028002145	1155.6684623113722	8.36
1036.7949218665526	1032.9044741968155	1215.8562144450466	1151.8909427354702	8.4
1041.1866358655413	1022.9590695677225	1202.1662569579698	1159.419970209311	8.44
1041.7216898061697	1022.7456679061614	1199.386587069776	1181.3051057173252	8.48
1041.1139167971924	1027.2180774877136	1202.4278058857012	1209.098131948556	8.52
1037.7895596620206	1027.9833020929136	1199.5937420281173	1213.8542208136894	8.56
1034.2095835979924	1034.6095769550493	1197.8406759008221	1189.557277584475	8.6
1031.929103082238	1036.1310341678118	1212.45014044379	1146.329951010079	8.64
1030.3472646337873	985.7930817190228	1223.8467245781696	1125.5440173832242	8.68
1034.2254676852406	997.159700448633	1226.6900930693896	1123.0707652556598	8.72
1032.803381578866	990.0581286543598	1225.0620252455487	1134.034286852058	8.76
1030.7319703042888	1015.0879244396156	1215.612474511574	1141.217327161788	8.8
1027.8236891515373	1021.0000053010982	1212.4880431259535	1150.710863708063	8.84
1032.000090908074	998.073265337842	1214.1396235763125	1161.455832103666	8.88
1022.5478488999855	1021.1385395971181	1217.8231375180076	1159.2070661557716	8.92
1019.9304889520805	1024.5497589992376	1215.3676198628848	1157.5225630176913	8.96
1018.3090433810668	1031.5197052202684	1215.3988573322013	1157.031948059765	9.0
1021.3311250359369	1013.2961902195564	1212.4994858690618	1157.2663057113637	9.04
1019.6921113597317	1004.3610921134017	1212.6101113577113	1157.258597535021	9.08
1015.5585552549522	1009.3254363072118	1209.733177630329	1157.3591190494446	9.12
1014.8488602479623	981.7128161622035	1209.1747792262113	1159.300823924554	9.16
1022.3667210146724	994.6039530091662	1209.2673162841447	1158.3285910512923	9.2
1016.7157580321793	1027.2606431718887	1207.0949067983443	1156.284098842224	9.24
1011.046074063552	1009.2631362671287	1207.8775644311836	1156.2839247426848	9.28
1011.870644222708	999.4770645560948	1207.3634683363234	1157.0644737920343	9.32
1013.552927512633	1015.0043869116255	1206.608711251678	1154.3997038144114	9.36
1019.9106715413534	997.5401084070879	1196.4396862451663	1154.9975750002457	9.4
1021.5584200634074	996.297872102494	1191.4293230430876	1153.866373480138	9.44
1019.8098996589024	1001.7258668241648	1190.8394907258146	1153.6062868701197	9.48
1021.3774723203338	1012.9194599780375	1192.7431152316383	1158.275164176287	9.52
1018.2794423589202	1020.5127911885064	1194.9398870333403	1165.787475947976	9.56
1020.7121014276779	990.7333534396473	1197.7718806863104	1169.6716810538467	9.6
1017.8148265036358	1002.0773228128551	1199.7202137143101	1169.3083015039917	9.64
1022.4852772651601	993.4078698113926	1202.2829699952426	1168.7665124752693	9.68
1022.3535020706712	991.7286953183708	1204.4956967095936	1167.8494068259367	9.72
1020.6804853992878	994.549611894134	1208.8120196860502	1168.1929026597143	9.76
1017.2297623133128	993.6880426854647	1212.9877237776916	1166.589185351283	9.8
1020.6290708706659	1008.1681642586115	1211.9341604510025	1163.3176537024715	9.84
1016.0079995146502	1005.4279256389696	1210.1375937972525	1160.5894206057728	9.88
1015.2344749959981	998.4322468146994	1193.8031411977272	1157.9491478139273	9.92
1010.9973124632866	980.2336134226907	1189.1746567357693	1153.9305572715466	9.96
1002.8158093353941	988.6647456692501	1184.8235710729139	1153.8081903709235	10.0
1003.175859774851	981.4334523119117	1184.9156349563839	1156.4851345167244	10.04
1000.9248169828941	988.5566309084695	1185.7460823734664	1157.8517097491533	10.08
1006.5520921603012	1000.6028992327446	1191.6301806687807	1159.0296567338796	10.12
1009.1837465623436	997.8695083817665	1200.9201549802904	1162.274429405328	10.16
1013.3876474095828	987.4250669324118	1205.20151314393	1159.1743217921544	10.2
1015.3327594843892	989.6399913916927	1206.976724167337	1157.314074877667	10.24
1012.8157578762	987.9180780172836	1204.562285284029	1154.1294716863533	10.28
1007.2610756111566	985.9486512561999	1196.425769813699	1151.8409174546407	10.32
995.5562132829347	984.811624463146	1186.1138883795581	1152.3267354314432	10.36
981.4259434147165	957.2018919929677	1184.4555761216802	1157.5043647074856	10.4
975.8031658820935	942.8435613637923	1187.3598470527909	1158.5069294206342	10.44
962.2859456026636	960.1669326082138	1191.5499310096245	1153.5561705010045	10.48
962.8489493673418	925.5286042098969	1201.538154596513	1147.0348023086503	10.52
967.4254160373056	940.9943315877201	1219.7391983537789	1169.017989465365	10.56
974.4348774132794	944.6427760350828	1250.5104503095458	1200.9158095512894	10.6
977.0589627945945	928.07967412232	1289.1982693152052	1241.2269757649672	10.64
988.1660676419946	940.0262544647784	1329.3789687082108	1289.2334439130927	10.68
999.7469045226966	955.531913702279	1376.727126643196	1340.5532412942493	10.72
1011.8802188283169	964.7195438319515	1423.8085824373866	1395.2959134218574	10.76
1024.802349899457	935.9135684552645	1457.3817461660606	1432.2290459551095	10.8
1038.8345955595737	942.8982297607247	1485.8426655297699	1464.0024326341293	10.84
1046.471383216311	982.5796607210594	1505.2942750156733	1479.5195857638737	10.88
1058.1959690739855	980.01808941105	1517.5227189283598	1487.1677960346726	10.92
1066.7871396477517	987.5153318936257	1522.2866096353177	1494.4194277970705	10.96
1071.9934079002198	1017.0429631089096	1529.5631612078957	1499.8051957838861	11.0
1072.438410731808	1020.2375964436603	1525.6896334658773	1510.567730093314	11.04
1082.213315028323	1065.8813919510508	1527.0283827522742	1527.0558310859574	11.08
1093.3902843814728	1059.267497304775	1519.3015665998844	1520.7365392557383	11.12
1100.9381215609808	1084.216545900411	1489.1802686624828	1483.251824371148	11.16
1114.4071490456606	1118.05628555188	1455.369187517816	1408.4393026999264	11.2
1134.3785072717926	1136.2594450127922	1422.6253950767148	1358.3255608458937	11.24
1156.0963907477847	1157.1853865290673	1398.107458376672	1309.5498862100853	11.28
1177.0407621963168	1082.8538171682762	1360.7962177325885	1273.626898708259	11.32
1188.954866364529	1071.1533677609789	1336.9230318847017	1263.8116848592138	11.36
1211.4903664660212	1126.4409721894363	1322.9526480468055	1257.5497947402055	11.4
0.0	0.0	1308.3272003764698	1263.7489130414676	11.44
1243.742914156135	1135.3712041673252	1299.288587750027	1234.9974678697422	11.48
1252.601632314774	1175.2694178873865	1298.2269123854933	1221.4939330358804	11.52
1276.4988546912666	1230.5361030249308	1308.425869715407	1227.4653645384797	11.56
1284.421128946246	1241.3269332060565	1327.4975843004515	1239.8408363961908	11.6
1277.0674749212376	1249.8377093433114	1340.2935630895433	1242.344989067919	11.64
1261.6626334401517	1237.5333749982499	1340.3419448310397	1235.720519664096	11.68
1227.427516755107	1220.475001000234	1350.2318881493654	1226.439958829269	11.72
1217.427744367842	1195.0251802036505	1350.6359769738995	1224.370199602168	11.76
1192.9115324780407	1176.3563316422935	1336.868025624314	1205.7913158444728	11.8
1174.1102924111722	1158.3316037854572	1321.5761870456138	1213.571140670648	11.84
1172.3222346499813	1141.8912197882084	1297.6590269787034	1212.0149794797692	11.88
1167.727932380846	1133.6612551811452	1275.9234103221652	1219.3062004052156	11.92
1154.6532128454146	1125.2351613532096	1265.6541115581917	1210.659385264101	11.96
1158.597825398554	1123.609745580186	1255.3399584010158	1205.7588191165678	12.0
1163.5308672855435	1124.6239983063704	1264.6997502570955	1205.7811672918378	12.04
1154.626226003995	1119.6841208081885	1270.5305282964623	1207.1097849560724	12.08
1145.9544132474662	1098.3237983689248	1271.591990274063	1211.9139978264586	12.12
1163.536290362262	1089.5567959178595	1272.6777147161988	1221.2275120143966	12.16
1160.655452071836	1091.5744320785207	1272.808715494945	1219.9779468794761	12.2
1169.3116787282847	1095.4727790068464	1270.0083820133063	1212.7225985137932	12.24
1167.9197232035292	1096.2337276273195	1266.9710964983724	1209.1625531814843	12.28
1171.5874166567576	1099.3998296169345	1267.9238263424047	1220.8569994745667	12.32
1172.4066110880563	1101.301739780069	1281.1716864744628	1227.8978474514342	12.36
1166.487250619026	1096.8873518079597	1293.0841282252404	1243.2441221660067	12.4
1165.6559501387171	1097.0694166168146	1297.1047620892991	1246.2928746782145	12.44
1162.3246074284302	1101.8118124680223	1297.2900693724805	1245.0682678437304	12.48
1151.7207775658749	1098.641822505254	1297.0230246992091	1241.530223071814	12.52
1157.0164576384445	1090.9324831155343	1289.6304857841571	1237.0846832000686	12.56
1140.7337471665724	1084.308062758996	1285.8359575398695	1234.1631550845925	12.6
1136.4599227780352	1086.325276603511	1282.1273007728312	1232.5979196732987	12.64
1137.698501624523	1087.8310339268426	1279.290320422993	1229.9841744608939	12.68
1131.6381286263297	1087.705578064636	1276.2873836910082	1223.903225603592	12.72
1130.8743263552794	1079.2458300790906	1276.632630248104	1222.4222764111964	12.76
1126.736435719819	1078.8269520230463	1276.4899874332964	1221.9929317009953	12.8
1129.7213642980282	1073.3944778066355	1274.212031983097	1222.1896237070907	12.84
1121.6962075853469	1070.9128440056418	1271.2512982537098	1219.8736315006618	12.88
1123.6368345607468	1071.5296384552316	1270.51998210439	1218.9735678715047	12.92
1119.1931506740023	1070.3190302888943	1268.541666390437	1216.2096176191963	12.96
1123.4958806385405	1073.8541902436034	1269.33136019698	1213.9267365239962	13.0
1118.5366744208334	1069.966153093126	1270.5698273378327	1215.8510471573572	13.04
1120.3247650428177	1072.0082399500284	1272.1608078820022	1215.0734005512872	13.08
1117.6171270695665	1078.0735869525827	1286.9157185305162	1198.0810946756126	13.12
1124.727842901789	1084.9619222550962	1312.2601800410168	1186.4854152776973	13.16
1130.515253595065	1096.8233870272932	1318.2092048079219	1183.5722762812647	13.2
1146.7163132586063	1111.7022843485558	1298.3889417731752	1174.051709964883	13.24
1158.6694523491017	1130.4002525757817	1268.267471817256	1154.5105445205688	13.28
1170.4570905228547	1151.7939949798292	1247.241171781006	1140.0656442678085	13.32
1188.0107490080384	1176.9734162877953	1236.6385566749552	1135.9204305413264	13.36
1203.9848856368449	1213.6537584362889	1228.474521281907	1124.6419796681703	13.4
1209.882456198908	1230.2133483850757	1239.4322297697188	1140.8508919265284	13.44
1221.6481714181912	1235.8668012467454	1244.3698075202713	1148.502938578569	13.48
1224.2173622110215	1234.3213575685725	1243.8681872016978	1165.7340556916208	13.52
1229.0193858680723	1194.8828891033988	1248.7109619232162	1180.157486124667	13.56
1228.5413292006494	1142.8023700648212	1255.4239840380883	1167.7897860188148	13.6
1180.8613834052821	1108.3074502277664	1274.4232481047486	1140.349422376605	13.64
1161.552743218932	1063.904834604193	1261.3487173620401	1128.4755685468524	13.68
1155.4539928673682	1005.7129706679643	1259.064855528505	1147.3849428305375	13.72
1136.2610510541067	967.7756986374135	1256.7049417592866	1170.7759656680844	13.76
1127.7011141184541	998.2961756411863	1250.7247530342827	1166.197488233027	13.8
1114.0992536727952	1057.2039947798876	1245.2901361417319	1163.9781839962795	13.84
1123.2798208316765	1111.0343686352953	1239.9547365600115	1169.768047330716	13.88
1149.9097650457468	1133.769614057011	1236.1015871472364	1168.978413463652	13.92
1156.0255845811341	1115.5204740694824	1250.7435520014185	1151.5697834748873	13.96
1151.382087905564	1095.467036829537	1296.3123040676076	1117.4515006168308	14.0
1151.3802429173213	1095.3892681319412	1350.9878142535226	1147.9121304649207	14.04
1153.0201364563927	1114.5928819182739	1374.8113446779942	1146.4367660708922	14.08
1159.8115856648167	1127.018299548306	1381.2904634845224	1153.5249574691916	14.12
1163.9605352098858	1124.2937357928388	1380.1407050351515	1156.1170192742002	14.16
1171.769129052971	1147.397903347113	1382.7825671695794	1161.68817771165	14.2
1181.501232546602	1158.3325278184252	0.0	0.0	14.24
1183.953110457144	1148.7027038186886	0.0	0.0	14.28
1177.7722127464317	1149.554014221568	0.0	0.0	14.32
1165.106845085229	1146.214463839739	0.0	0.0	14.36
1164.772819281992	1144.344732671519	0.0	0.0	14.4
1169.1663382996453	1149.7375607035347	0.0	0.0	14.44
1178.9862639724101	1182.0794988494215	0.0	0.0	14.48
1190.6883936583376	1163.4060523539624	0.0	0.0	14.52
1200.9857451907244	1176.0745272397892	0.0	0.0	14.56
1205.1248119771733	1193.47780861678	0.0	0.0	14.6
1206.2055002148438	1200.1913329916902	0.0	0.0	14.64
1212.733656376414	1195.3193030098844	0.0	0.0	14.68
1218.778505894948	1204.4257846154755	0.0	0.0	14.72
1215.9255776476732	1211.5735711545685	0.0	0.0	14.76
1222.6420524021262	1216.2885984118077	0.0	0.0	14.8
1224.7796615069649	1207.1962674617735	0.0	0.0	14.84
1225.506225847656	1206.3303305597972	0.0	0.0	14.88
1223.0692841427597	1204.5776201166454	0.0	0.0	14.92
1227.0358912894555	1207.0536421125676	0.0	0.0	14.96
1218.2204343335418	1201.664795882223	0.0	0.0	15.0
1220.701556486874	1198.0843462062405	0.0	0.0	15.04
1223.1978140441713	1206.2807807698748	0.0	0.0	15.08
1222.5642288892618	1206.7615040976377	0.0	0.0	15.12
1211.9343143975748	1203.8373427926088	0.0	0.0	15.16
1192.2939120371643	1187.862409568644	0.0	0.0	15.2
1183.770991122031	1183.2557879634858	0.0	0.0	15.24
1173.2691742914412	1150.401073618289	0.0	0.0	15.28
1172.1624905904182	1148.9743066010217	0.0	0.0	15.32
1165.7052324323631	1149.3173629679172	0.0	0.0	15.36
1170.9663347037513	1132.3205268131624	0.0	0.0	15.4
1165.4865795278488	1125.517619677083	0.0	0.0	15.44
1151.2470957802861	1114.5322416118113	0.0	0.0	15.48
1141.7820408924472	1104.3575946099138	0.0	0.0	15.52
1139.9482067226322	1101.1820631396947	0.0	0.0	15.56
1134.2142227184686	1097.7698151696009	0.0	0.0	15.6
1131.3850088732713	1099.5232164499323	0.0	0.0	15.64
1119.7197839215114	1093.4879564054263	0.0	0.0	15.68
1108.0092567280328	1092.7391775940223	0.0	0.0	15.72
1102.6975044409633	1101.4085037180441	0.0	0.0	15.76
1096.2756343857689	1103.190289823821	0.0	0.0	15.8
1099.9077280349113	1120.876134530148	0.0	0.0	15.84
1104.4805196519612	1125.6785027666172	0.0	0.0	15.88
1106.9848863519499	1128.2319456158768	0.0	0.0	15.92
1117.3657154219138	1136.8687541656961	0.0	0.0	15.96
1133.4189450831955	1151.1446360854975	0.0	0.0	16.0
1165.6182802582086	1167.7008819471707	0.0	0.0	16.04
1215.872136144031	1230.2133606209352	0.0	0.0	16.08
1277.5710451129619	1267.766532484921	0.0	0.0	16.12
1336.7738311262071	1318.5431965983482	0.0	0.0	16.16
1379.4147708488151	1385.7340221394738	0.0	0.0	16.2
1422.8371342292212	1425.541008392239	0.0	0.0	16.24
1456.3964375925023	1445.9026397299733	0.0	0.0	16.28
1485.7306032797646	1482.0501148281005	0.0	0.0	16.32
1512.0566454239895	1508.7206866990891	0.0	0.0	16.36
1534.1327918729103	1546.0800975198185	0.0	0.0	16.4
0.0	0.0	0.0	0.0	16.44
0.0	0.0	0.0	0.0	16.48
0.0	0.0	0.0	0.0	16.52
0.0	0.0	0.0	0.0	16.56
0.0	0.0	0.0	0.0	16.6
0.0	0.0	0.0	0.0	16.64
0.0	0.0	0.0	0.0	16.68
0.0	0.0	0.0	0.0	16.72
0.0	0.0	0.0	0.0	16.76
0.0	0.0	0.0	0.0	16.8
0.0	0.0	0.0	0.0	16.84
0.0	0.0	0.0	0.0	16.88
0.0	0.0	0.0	0.0	16.92
0.0	0.0	0.0	0.0	16.96
0.0	0.0	0.0	0.0	17.0
0.0	0.0	0.0	0.0	17.04
0.0	0.0	0.0	0.0	17.08
0.0	0.0	0.0	0.0	17.12
0.0	0.0	0.0	0.0	17.16
0.0	0.0	0.0	0.0	17.2
0.0	0.0	0.0	0.0	17.24
0.0	0.0	0.0	0.0	17.28
0.0	0.0	0.0	0.0	17.32
0.0	0.0	0.0	0.0	17.36
0.0	0.0	0.0	0.0	17.4
0.0	0.0	0.0	0.0	17.44
0.0	0.0	0.0	0.0	17.48
0.0	0.0	0.0	0.0	17.52
0.0	0.0	0.0	0.0	17.56
0.0	0.0	0.0	0.0	17.6
0.0	0.0	0.0	0.0	17.64
0.0	0.0	0.0	0.0	17.68
0.0	0.0	0.0	0.0	17.72
0.0	0.0	0.0	0.0	17.76
0.0	0.0	0.0	0.0	17.8
0.0	0.0	0.0	0.0	17.84
0.0	0.0	0.0	0.0	17.88
0.0	0.0	0.0	0.0	17.92
0.0	0.0	0.0	0.0	17.96
0.0	0.0	0.0	0.0	18.0
0.0	0.0	0.0	0.0	18.04
0.0	0.0	0.0	0.0	18.08
0.0	0.0	0.0	0.0	18.12
0.0	0.0	0.0	0.0	18.16
0.0	0.0	0.0	0.0	18.2
0.0	0.0	0.0	0.0	18.24
0.0	0.0	0.0	0.0	18.28
0.0	0.0	0.0	0.0	18.32
0.0	0.0	0.0	0.0	18.36
0.0	0.0	0.0	0.0	18.4
0.0	0.0	0.0	0.0	18.44
0.0	0.0	0.0	0.0	18.48
0.0	0.0	0.0	0.0	18.52
0.0	0.0	0.0	0.0	18.56
0.0	0.0	0.0	0.0	18.6
0.0	0.0	0.0	0.0	18.64
0.0	0.0	0.0	0.0	18.68
0.0	0.0	0.0	0.0	18.72
0.0	0.0	0.0	0.0	18.76
0.0	0.0	0.0	0.0	18.8
0.0	0.0	0.0	0.0	18.84
0.0	0.0	0.0	0.0	18.88
0.0	0.0	0.0	0.0	18.92
0.0	0.0	0.0	0.0	18.96
0.0	0.0	0.0	0.0	19.0
0.0	0.0	0.0	0.0	19.04
0.0	0.0	0.0	0.0	19.08
0.0	0.0	0.0	0.0	19.12
0.0	0.0	0.0	0.0	19.16
0.0	0.0	0.0	0.0	19.2
0.0	0.0	0.0	0.0	19.24
0.0	0.0	0.0	0.0	19.28
0.0	0.0	0.0	0.0	19.32
0.0	0.0	0.0	0.0	19.36
0.0	0.0	0.0	0.0	19.4
0.0	0.0	0.0	0.0	19.44
0.0	0.0	0.0	0.0	19.48
0.0	0.0	0.0	0.0	19.52
0.0	0.0	0.0	0.0	19.56
0.0	0.0	0.0	0.0	19.6
0.0	0.0	0.0	0.0	19.64
0.0	0.0	0.0	0.0	19.68
0.0	0.0	0.0	0.0	19.72
0.0	0.0	0.0	0.0	19.76
0.0	0.0	0.0	0.0	19.8
0.0	0.0	0.0	0.0	19.84
0.0	0.0	0.0	0.0	19.88
0.0	0.0	0.0	0.0	19.92
0.0	0.0	0.0	0.0	19.96
0.0	0.0	0.0	0.0	20.0
0.0	0.0	0.0	0.0	20.04
0.0	0.0	0.0	0.0	20.08
0.0	0.0	0.0	0.0	20.12
0.0	0.0	0.0	0.0	20.16
0.0	0.0	0.0	0.0	20.2
0.0	0.0	0.0	0.0	20.24
0.0	0.0	0.0	0.0	20.28
0.0	0.0	0.0	0.0	20.32
0.0	0.0	0.0	0.0	20.36
0.0	0.0	0.0	0.0	20.4
0.0	0.0	0.0	0.0	20.44
0.0	0.0	0.0	0.0	20.48
0.0	0.0	0.0	0.0	20.52
0.0	0.0	0.0	0.0	20.56
0.0	0.0	0.0	0.0	20.6
0.0	0.0	0.0	0.0	20.64
0.0	0.0	0.0	0.0	20.68
0.0	0.0	0.0	0.0	20.72
0.0	0.0	0.0	0.0	20.76
0.0	0.0	0.0	0.0	20.8
0.0	0.0	0.0	0.0	20.84
0.0	0.0	0.0	0.0	20.88
0.0	0.0	0.0	0.0	20.92
0.0	0.0	0.0	0.0	20.96
0.0	0.0	0.0	0.0	21.0
0.0	0.0	0.0	0.0	21.04
0.0	0.0	0.0	0.0	21.08
0.0	0.0	0.0	0.0	21.12
0.0	0.0	0.0	0.0	21.16
0.0	0.0	0.0	0.0	21.2
0.0	0.0	0.0	0.0	21.24
0.0	0.0	0.0	0.0	21.28
0.0	0.0	0.0	0.0	21.32
0.0	0.0	0.0	0.0	21.36
0.0	0.0	0.0	0.0	21.4
0.0	0.0	0.0	0.0	21.44
0.0	0.0	0.0	0.0	21.48
0.0	0.0	0.0	0.0	21.52
0.0	0.0	0.0	0.0	21.56
0.0	0.0	0.0	0.0	21.6
0.0	0.0	0.0	0.0	21.64
0.0	0.0	0.0	0.0	21.68
0.0	0.0	0.0	0.0	21.72
0.0	0.0	0.0	0.0	21.76
0.0	0.0	0.0	0.0	21.8
0.0	0.0	0.0	0.0	21.84
0.0	0.0	0.0	0.0	21.88
0.0	0.0	0.0	0.0	21.92
0.0	0.0	0.0	0.0	21.96
0.0	0.0	0.0	0.0	22.0
0.0	0.0	0.0	0.0	22.04
0.0	0.0	0.0	0.0	22.08
0.0	0.0	0.0	0.0	22.12
0.0	0.0	0.0	0.0	22.16
0.0	0.0	0.0	0.0	22.2
0.0	0.0	0.0	0.0	22.24
0.0	0.0	0.0	0.0	22.28
0.0	0.0	0.0	0.0	22.32
0.0	0.0	0.0	0.0	22.36
0.0	0.0	0.0	0.0	22.4
0.0	0.0	0.0	0.0	22.44
0.0	0.0	0.0	0.0	22.48
0.0	0.0	0.0	0.0	22.52
0.0	0.0	0.0	0.0	22.56
0.0	0.0	0.0	0.0	22.6
0.0	0.0	0.0	0.0	22.64
0.0	0.0	0.0	0.0	22.68
0.0	0.0	0.0	0.0	22.72
0.0	0.0	0.0	0.0	22.76
0.0	0.0	0.0	0.0	22.8
0.0	0.0	0.0	0.0	22.84
0.0	0.0	0.0	0.0	22.88
0.0	0.0	0.0	0.0	22.92
0.0	0.0	0.0	0.0	22.96
0.0	0.0	0.0	0.0	23.0
0.0	0.0	0.0	0.0	23.04
0.0	0.0	0.0	0.0	23.08
0.0	0.0	0.0	0.0	23.12
0.0	0.0	0.0	0.0	23.16
0.0	0.0	0.0	0.0	23.2
0.0	0.0	0.0	0.0	23.24
0.0	0.0	0.0	0.0	23.28
0.0	0.0	0.0	0.0	23.32
0.0	0.0	0.0	0.0	23.36
0.0	0.0	0.0	0.0	23.4
0.0	0.0	0.0	0.0	23.44
0.0	0.0	0.0	0.0	23.48
0.0	0.0	0.0	0.0	23.52
0.0	0.0	0.0	0.0	23.56
0.0	0.0	0.0	0.0	23.6
0.0	0.0	0.0	0.0	23.64
0.0	0.0	0.0	0.0	23.68
0.0	0.0	0.0	0.0	23.72
0.0	0.0	0.0	0.0	23.76
0.0	0.0	0.0	0.0	23.8
0.0	0.0	0.0	0.0	23.84
0.0	0.0	0.0	0.0	23.88
0.0	0.0	0.0	0.0	23.92
0.0	0.0	0.0	0.0	23.96
0.0	0.0	0.0	0.0	24.0
0.0	0.0	0.0	0.0	24.04
0.0	0.0	0.0	0.0	24.08
0.0	0.0	0.0	0.0	24.12
0.0	0.0	0.0	0.0	24.16
0.0	0.0	0.0	0.0	24.2
0.0	0.0	0.0	0.0	24.24
0.0	0.0	0.0	0.0	24.28
0.0	0.0	0.0	0.0	24.32
0.0	0.0	0.0	0.0	24.36
0.0	0.0	0.0	0.0	24.4
0.0	0.0	0.0	0.0	24.44
0.0	0.0	0.0	0.0	24.48
0.0	0.0	0.0	0.0	24.52
0.0	0.0	0.0	0.0	24.56
0.0	0.0	0.0	0.0	24.6
0.0	0.0	0.0	0.0	24.64
0.0	0.0	0.0	0.0	24.68
0.0	0.0	0.0	0.0	24.72
0.0	0.0	0.0	0.0	24.76
0.0	0.0	0.0	0.0	24.8
0.0	0.0	0.0	0.0	24.84
0.0	0.0	0.0	0.0	24.88
0.0	0.0	0.0	0.0	24.92
0.0	0.0	0.0	0.0	24.96
0.0	0.0	0.0	0.0	25.0
0.0	0.0	0.0	0.0	25.04
0.0	0.0	0.0	0.0	25.08
0.0	0.0	0.0	0.0	25.12
0.0	0.0	0.0	0.0	25.16
0.0	0.0	0.0	0.0	25.2
0.0	0.0	0.0	0.0	25.24
0.0	0.0	0.0	0.0	25.28
0.0	0.0	0.0	0.0	25.32
0.0	0.0	0.0	0.0	25.36
0.0	0.0	0.0	0.0	25.4
0.0	0.0	0.0	0.0	25.44
0.0	0.0	0.0	0.0	25.48
0.0	0.0	1270.8477363109264	1216.7786292173864	25.52
0.0	0.0	1262.4411056527615	1204.9453545331462	25.56
0.0	0.0	1258.2838353519248	1197.2592818560126	25.6
0.0	0.0	1256.0735945106214	1195.4410838900114	25.64
0.0	0.0	1251.7003078315897	1193.066170008423	25.68
0.0	0.0	1250.8502788823666	1198.5088438004577	25.72
0.0	0.0	1248.6567915775258	1199.2087295737251	25.76
0.0	0.0	1245.4435537824427	1197.239272837071	25.8
0.0	0.0	1244.9514450088236	1197.7841089048436	25.84
0.0	0.0	1244.6925083754047	1197.8831052098228	25.88
0.0	0.0	1246.6060323050174	1199.5984089368037	25.92
0.0	0.0	1246.018808970368	1198.7731210892694	25.96
0.0	0.0	1238.6241066374057	1198.9331238339812	26.0
0.0	0.0	1240.8507437752655	1197.4293854794773	26.04
0.0	0.0	1236.3147021013117	1200.0081059873444	26.08
0.0	0.0	1241.1909761665254	1202.5327407374796	26.12
0.0	0.0	1242.7718034752122	1203.749570325368	26.16
0.0	0.0	1241.318966327922	1205.4186576049806	26.2
0.0	0.0	1235.8896571552368	1206.2675793517253	26.24
0.0	0.0	1233.2752876065947	1205.938803160258	26.28
0.0	0.0	1236.320346399185	1205.2355223071957	26.32
0.0	0.0	1234.6135533504646	1208.2802193063346	26.36
0.0	0.0	1233.6367068966717	1206.8364896374355	26.4
0.0	0.0	1233.0488951983962	1206.027129649812	26.44
0.0	0.0	1231.1851504034885	1206.9486999046453	26.48
0.0	0.0	1231.0921216278673	1204.5739174473	26.52
0.0	0.0	1228.9224792356465	1204.0062493392306	26.56
0.0	0.0	1231.1514252230488	1204.963995856225	26.6
0.0	0.0	1230.422960369571	1202.527570947375	26.64
0.0	0.0	1229.1441900098653	1202.6118037120912	26.68
0.0	0.0	1227.8670825208164	1201.0029292812862	26.72
0.0	0.0	1228.6389897894546	1199.9925444243677	26.76
0.0	0.0	1225.1553535431256	1201.1101789000322	26.8
0.0	0.0	1224.82077215085	1198.5957452783769	26.84
0.0	0.0	1224.1560047300964	1199.3627135763304	26.88
0.0	0.0	1221.7587494832835	1201.545759470948	26.92
0.0	0.0	1222.2582445006615	1199.1392401903502	26.96
0.0	0.0	1219.9283729005363	1199.574822664011	27.0
0.0	0.0	1221.0592887805708	1199.5842803840806	27.04
0.0	0.0	1221.3020756903616	1197.9883866747948	27.08
0.0	0.0	1223.8177489132077	1193.8896657961016	27.12
0.0	0.0	1226.426959065202	1195.3391107488874	27.16
0.0	0.0	1224.8688464165639	1193.487339075476	27.2
0.0	0.0	1220.0464399689067	1196.9861160174464	27.24
0.0	0.0	1217.8102237262897	1195.4827585737573	27.28
0.0	0.0	1217.2900818630399	1197.7049570909799	27.32
0.0	0.0	1216.9147017686569	1198.2317753250513	27.36
0.0	0.0	1216.984649858195	1198.785165911122	27.4
0.0	0.0	1214.9970680095462	1196.4185374859871	27.44
0.0	0.0	1213.9475403068325	1199.2323711986946	27.48
0.0	0.0	1213.7321095266282	1196.0940846104686	27.52
0.0	0.0	1210.754772569791	1199.7296956484222	27.56
0.0	0.0	1209.649229377603	1196.115057063862	27.6
0.0	0.0	1207.4449421569757	1190.5155566255441	27.64
0.0	0.0	1205.1129432721298	1196.2794971249841	27.68
0.0	0.0	1199.8662610401757	1194.7297867051395	27.72
0.0	0.0	1199.299474291289	1207.2633508769577	27.76
0.0	0.0	1195.2809417304293	1203.4050006286243	27.8
0.0	0.0	1191.8619365999232	1204.6562688341892	27.84
0.0	0.0	1187.1937633170758	1202.4743963825833	27.88
0.0	0.0	1184.9647617448193	1192.4209138598137	27.92
0.0	0.0	1177.6337567137873	1198.9882722919451	27.96
0.0	0.0	1175.7027436413496	1198.2120288633944	28.0
0.0	0.0	1179.107445022618	1185.3858490954765	28.04
0.0	0.0	1180.4451051923443	1200.0286483607645	28.08
0.0	0.0	1183.2583279127896	1196.342582286946	28.12
0.0	0.0	1194.1080447476854	1203.8168271805664	28.16
0.0	0.0	1225.3290700304058	1243.666263215076	28.2
0.0	0.0	1262.1177764774566	1233.9176198068965	28.24
0.0	0.0	1291.7602430566217	1209.896274574575	28.28
0.0	0.0	1309.3545994044296	1217.4746093065598	28.32
0.0	0.0	1309.163058004763	1240.0165406066124	28.36
0.0	0.0	1331.370530574381	1258.9613595518754	28.4
0.0	0.0	1362.0297809701747	1270.0270921293302	28.44
0.0	0.0	1369.8620695933976	1300.3114759239004	28.48
0.0	0.0	1361.7966006066497	1275.319619355031	28.52
0.0	0.0	1340.2610695021183	1238.8685826900219	28.56
0.0	0.0	1344.9637425552262	1245.047741936219	28.6
0.0	0.0	1337.2322380247185	1235.0043502083588	28.64
0.0	0.0	1340.750773317096	1280.1325294923522	28.68
0.0	0.0	0.0	0.0	28.72
0.0	0.0	0.0	0.0	28.76
0.0	0.0	0.0	0.0	28.8
0.0	0.0	0.0	0.0	28.84
0.0	0.0	0.0	0.0	28.88
0.0	0.0	0.0	0.0	28.92
0.0	0.0	0.0	0.0	28.96
0.0	0.0	0.0	0.0	29.0
0.0	0.0	0.0	0.0	29.04
0.0	0.0	0.0	0.0	29.08
0.0	0.0	0.0	0.0	29.12
0.0	0.0	0.0	0.0	29.16
0.0	0.0	0.0	0.0	29.2
0.0	0.0	0.0	0.0	29.24
0.0	0.0	0.0	0.0	29.28
0.0	0.0	0.0	0.0	29.32
0.0	0.0	0.0	0.0	29.36
0.0	0.0	0.0	0.0	29.4
0.0	0.0	0.0	0.0	29.44
0.0	0.0	0.0	0.0	29.48
0.0	0.0	0.0	0.0	29.52
0.0	0.0	0.0	0.0	29.56
0.0	0.0	0.0	0.0	29.6
0.0	0.0	0.0	0.0	29.64
0.0	0.0	0.0	0.0	29.68
0.0	0.0	0.0	0.0	29.72
0.0	0.0	0.0	0.0	29.76
0.0	0.0	0.0	0.0	29.8
0.0	0.0	0.0	0.0	29.84
0.0	0.0	0.0	0.0	29.88
0.0	0.0	0.0	0.0	29.92
0.0	0.0	0.0	0.0	29.96
0.0	0.0	0.0	0.0	30.0
0.0	0.0	0.0	0.0	30.04
0.0	0.0	0.0	0.0	30.08
0.0	0.0	0.0	0.0	30.12
0.0	0.0	0.0	0.0	30.16
0.0	0.0	0.0	0.0	30.2
0.0	0.0	0.0	0.0	30.24
0.0	0.0	0.0	0.0	30.28
0.0	0.0	0.0	0.0	30.32
0.0	0.0	0.0	0.0	30.36
0.0	0.0	0.0	0.0	30.4
0.0	0.0	0.0	0.0	30.44
0.0	0.0	0.0	0.0	30.48
0.0	0.0	0.0	0.0	30.52
0.0	0.0	0.0	0.0	30.56
0.0	0.0	0.0	0.0	30.6
0.0	0.0	0.0	0.0	30.64
0.0	0.0	0.0	0.0	30.68
0.0	0.0	0.0	0.0	30.72
0.0	0.0	0.0	0.0	30.76
0.0	0.0	0.0	0.0	30.8
0.0	0.0	0.0	0.0	30.84
0.0	0.0	0.0	0.0	30.88
0.0	0.0	0.0	0.0	30.92
0.0	0.0	0.0	0.0	30.96
0.0	0.0	0.0	0.0	31.0
0.0	0.0	0.0	0.0	31.04
0.0	0.0	0.0	0.0	31.08
0.0	0.0	0.0	0.0	31.12
0.0	0.0	0.0	0.0	31.16
0.0	0.0	0.0	0.0	31.2
0.0	0.0	0.0	0.0	31.24
0.0	0.0	0.0	0.0	31.28
0.0	0.0	0.0	0.0	31.32
0.0	0.0	0.0	0.0	31.36
0.0	0.0	0.0	0.0	31.4
0.0	0.0	0.0	0.0	31.44
0.0	0.0	0.0	0.0	31.48
0.0	0.0	0.0	0.0	31.52
0.0	0.0	0.0	0.0	31.56
0.0	0.0	0.0	0.0	31.6
0.0	0.0	0.0	0.0	31.64
0.0	0.0	0.0	0.0	31.68
0.0	0.0	0.0	0.0	31.72
0.0	0.0	0.0	0.0	31.76
0.0	0.0	1252.7579507972428	1711.7870626499032	31.8
0.0	0.0	1257.1219800482895	1725.5066076266671	31.84
0.0	0.0	1247.7185084213722	1656.117893657813	31.88
0.0	0.0	1231.8696402188693	1557.2167832211446	31.92
0.0	0.0	1225.0626750087613	1505.8427507590727	31.96
0.0	0.0	1209.1885552744504	1456.720264051454	32.0
0.0	0.0	1199.378373543236	1448.9236029533772	32.04
0.0	0.0	1190.132183519505	1428.4195793065205	32.08
0.0	0.0	1187.5179398197258	1414.3983056743189	32.12
0.0	0.0	1183.69817624219	1395.214131368502	32.16
0.0	0.0	1174.7890139052904	1358.573206542937	32.2
0.0	0.0	1159.7700373142766	1320.538539735162	32.24
0.0	0.0	1150.4188125923197	1304.4550277161175	32.28
0.0	0.0	1145.7893888050032	1276.7136017500643	32.32
0.0	0.0	1147.549472355037	1259.3819656798455	32.36
0.0	0.0	1139.8743962858077	1254.1183596490855	32.4
0.0	0.0	1135.809000782339	1238.8112516917445	32.44
0.0	0.0	1130.099655735358	1233.344724676011	32.48
0.0	0.0	1123.417081503524	1216.7761918961844	32.52
0.0	0.0	1115.3767929085627	1206.2598622449855	32.56
0.0	0.0	1110.3994120317266	1197.3412809537774	32.6
0.0	0.0	1096.957420666896	1182.077565435074	32.64
0.0	0.0	1101.990446039413	1175.0420759340761	32.68
0.0	0.0	1093.344437724302	1161.0495927354373	32.72
0.0	0.0	1083.4796266120668	1144.7119909466298	32.76
0.0	0.0	1076.4030750747743	1127.30070715788	32.8
0.0	0.0	1071.3368983680275	1113.3097801926483	32.84
0.0	0.0	1067.481619083051	1102.8900990841892	32.88
0.0	0.0	1066.1636922448597	1094.8216398946035	32.92
0.0	0.0	1068.095481729024	1111.6437210371732	32.96
0.0	0.0	1059.6363928556289	1105.1058307544129	33.0
0.0	0.0	1044.4766483272026	1124.7224130808315	33.04
0.0	0.0	1050.4893156469795	1132.0231940174933	33.08
0.0	0.0	1064.124403518797	1130.4370433177596	33.12
0.0	0.0	1062.814937146768	1081.2076935910177	33.16
0.0	0.0	1079.1712661352085	1068.4475076651788	33.2
0.0	0.0	1094.9332495654264	1031.1821394432807	33.24
0.0	0.0	1110.9269930483129	1035.4107806400666	33.28
0.0	0.0	1122.254560574485	1032.3765314068253	33.32
0.0	0.0	1129.783748924204	1042.0840496978228	33.36
0.0	0.0	1140.9790875153071	1042.0285658383573	33.4
0.0	0.0	1139.099291688152	1047.428671415417	33.44
0.0	0.0	1135.0424824306965	1027.0777570734822	33.48
0.0	0.0	1132.4103570425357	1019.8072603368927	33.52
0.0	0.0	1125.90577401776	1012.568647955997	33.56
0.0	0.0	1122.2102769892424	1005.9062148184008	33.6
0.0	0.0	1123.274558102031	1003.5121399444979	33.64
0.0	0.0	1131.8684512795935	1015.3363357070525	33.68
0.0	0.0	1142.3147756706815	1019.4853430027787	33.72
0.0	0.0	1159.8447490026335	1029.429702700198	33.76
0.0	0.0	1171.3624819865354	1044.439682343814	33.8
0.0	0.0	1181.9693795309804	1052.2973255697643	33.84
0.0	0.0	1184.8189025631314	1056.4928832245746	33.88
0.0	0.0	1189.0984721814661	1062.457147184173	33.92
0.0	0.0	1198.906362072994	1067.9978422173724	33.96
0.0	0.0	1206.4568829659277	1075.4161609907355	34.0
0.0	0.0	1210.858286470928	1075.602167743574	34.04
0.0	0.0	1214.3979132410827	1084.6999836637917	34.08
0.0	0.0	1223.9863980412467	1090.673528063293	34.12
0.0	0.0	1228.3810418098244	1101.1814081638252	34.16
0.0	0.0	1240.8943793538226	1105.059931274758	34.2
0.0	0.0	1238.9266073790377	1102.61511309885	34.24
0.0	0.0	1238.1736671957615	1098.6293070601455	34.28
0.0	0.0	1235.6504225238057	1099.4850555747712	34.32
0.0	0.0	1232.274064039153	1096.9115189886477	34.36
0.0	0.0	1233.2794594667557	1095.3553049946538	34.4
0.0	0.0	1229.838996858231	1092.2643779445775	34.44
0.0	0.0	1231.5131150489399	1098.9896655112157	34.48
0.0	0.0	1232.172144539315	1095.4318911677794	34.52
0.0	0.0	1225.133852952699	1096.0239462782913	34.56
0.0	0.0	1216.2803731736453	1090.4085046091545	34.6
0.0	0.0	1217.287448509899	1081.5596860403368	34.64
0.0	0.0	1212.9429958697517	1073.183903539243	34.68
0.0	0.0	1215.5220392676677	1077.8975684306536	34.72
0.0	0.0	1210.3836176323673	1071.085009702541	34.76
0.0	0.0	1205.176561042543	1064.5001992954076	34.8
0.0	0.0	1201.6157090340066	1062.7086976758778	34.84
0.0	0.0	1204.1114054656985	1060.852646266931	34.88
0.0	0.0	1208.2781993020262	1062.6936940412866	34.92
0.0	0.0	1216.5578631837557	1067.2931370257136	34.96
0.0	0.0	1225.61074386923	1078.7675096298533	35.0
0.0	0.0	1234.3269336104356	1092.8112921583904	35.04
0.0	0.0	1239.3064412941078	1102.9256884991341	35.08
0.0	0.0	1233.8309415881117	1096.2532899018702	35.12
0.0	0.0	1236.0964236951854	1102.751503717372	35.16
0.0	0.0	1235.5724109646044	1103.251935963478	35.2
0.0	0.0	1235.2620770848685	1103.2579799827565	35.24
0.0	0.0	1226.2804113128075	1095.5101470228246	35.28
0.0	0.0	1224.25527537524	1082.1402352842215	35.32
0.0	0.0	1221.060985189523	1087.991661423824	35.36
0.0	0.0	1238.313380020767	1091.8528342008035	35.4
0.0	0.0	1238.1152009083646	1093.0365877000934	35.44
0.0	0.0	1237.7265329783895	1093.6719164506444	35.48
0.0	0.0	1239.460719836322	1091.5846503907032	35.52
0.0	0.0	1235.5558621085645	1083.1565444672765	35.56
0.0	0.0	1237.480634595753	1087.4341719185845	35.6
0.0	0.0	1235.0029745107145	1091.1968364906018	35.64
0.0	0.0	1233.9753395784014	1092.519332075114	35.68
0.0	0.0	1235.7223066064337	1097.7563490515872	35.72
0.0	0.0	1236.7436125688191	1094.8797662518189	35.76
0.0	0.0	1232.8757097799833	1091.9004535266433	35.8
0.0	0.0	1232.87704308046	1092.416413929412	35.84
0.0	0.0	1229.929490616147	1092.2883461790127	35.88
0.0	0.0	1229.4382032795297	1094.178159062753	35.92
0.0	0.0	1229.8900303665223	1095.9021622601701	35.96
0.0	0.0	1227.2482657153498	1095.5211963036688	36.0
0.0	0.0	1231.4452073755315	1096.8714713360616	36.04
0.0	0.0	1231.3712779670336	1097.7847247732313	36.08
0.0	0.0	1227.5114529876464	1095.844625827715	36.12
0.0	0.0	1226.41991849234	1093.779889688072	36.16
0.0	0.0	1225.8484125584907	1094.768229203666	36.2
0.0	0.0	1224.8307316549776	1095.189292581691	36.24
0.0	0.0	1228.3666567819864	1093.5712726497247	36.28
0.0	0.0	1227.9709998386934	1095.9193518100458	36.32
0.0	0.0	1228.9479519720826	1092.440849716167	36.36
0.0	0.0	1227.2704671122285	1093.6200229582407	36.4
0.0	0.0	1228.7285392243662	1094.6316021952694	36.44
0.0	0.0	1226.8077461738335	1097.1190550292636	36.48
0.0	0.0	1231.4888601706268	1093.7037127453455	36.52
0.0	0.0	1228.947920294887	1097.077413106887	36.56
0.0	0.0	1227.4096506754015	1094.2074687756328	36.6
0.0	0.0	1224.4387307638385	1094.5108968113877	36.64
0.0	0.0	1224.3142650486136	1089.5175055446969	36.68
0.0	0.0	1223.205817047998	1087.9932392861804	36.72
0.0	0.0	1223.0511077632957	1087.4681403890381	36.76
0.0	0.0	1222.0229302838925	1087.0018374236256	36.8
0.0	0.0	1220.0532195814153	1087.439310342286	36.84
0.0	0.0	1224.4446576873975	1092.8372697473285	36.88
0.0	0.0	1223.6785247470436	1095.4964915360567	36.92
0.0	0.0	1221.4204230922671	1089.402955637183	36.96
0.0	0.0	1225.764014219206	1088.0808619978768	37.0
0.0	0.0	1236.1566800911148	1095.104468223946	37.04
0.0	0.0	1231.2381247952374	1093.4142290931493	37.08
0.0	0.0	1233.8320607121068	1093.7245253007943	37.12
0.0	0.0	1232.1642648987502	1094.1716953662688	37.16
0.0	0.0	1231.1271153559653	1096.9708616025257	37.2
0.0	0.0	1229.4125907574494	1096.9303539268858	37.24
0.0	0.0	1231.8317982258645	1100.9240972184814	37.28
0.0	0.0	1238.0964153133248	1104.1806744164196	37.32
0.0	0.0	1240.5422228911452	1106.8296274572913	37.36
0.0	0.0	1245.242631345943	1114.0070215339972	37.4
0.0	0.0	1243.1509624180399	1114.016624623561	37.44
0.0	0.0	1245.307310868106	1114.1022162988486	37.48
0.0	0.0	1247.9740987374735	1118.119684496775	37.52
0.0	0.0	1250.6198631131733	1119.535655253099	37.56
0.0	0.0	1255.747858561473	1121.8085386162982	37.6
0.0	0.0	1253.0462226518716	1120.4277352202014	37.64
0.0	0.0	1252.4020478427228	1122.11285274026	37.68
0.0	0.0	1256.87008402762	1124.1645484177093	37.72
0.0	0.0	1255.560072138947	1130.2344734444177	37.76
0.0	0.0	1258.5552835651379	1134.3888672528303	37.8
0.0	0.0	1253.8905939163214	1127.1094763767678	37.84
0.0	0.0	1252.1167630387822	1127.38056938623	37.88
0.0	0.0	1252.4837610216898	1124.6041743653816	37.92
0.0	0.0	1251.3521248667382	1122.7821361592964	37.96
0.0	0.0	1254.535473220455	1125.5491253125242	38.0
0.0	0.0	1254.698482194654	1122.2055089332782	38.04
0.0	0.0	1251.1030199886443	1116.9492621944132	38.08
0.0	0.0	1252.7179584719893	1122.3539824770764	38.12
0.0	0.0	1252.955782315693	1122.975280498972	38.16
0.0	0.0	1249.5542705483908	1120.3965099603247	38.2
0.0	0.0	1249.673174854147	1122.6918369824136	38.24
0.0	0.0	1251.7482696755228	1122.044759401157	38.28
0.0	0.0	1248.7236003592732	1122.7743470053408	38.32
0.0	0.0	1251.0277153981738	1119.1459220570714	38.36
0.0	0.0	1250.7424848531423	1117.940538955289	38.4
0.0	0.0	1249.0503821634245	1117.210562960452	38.44
0.0	0.0	1252.8468640372755	1120.0246561198433	38.48
0.0	0.0	1245.8075212961994	1117.993670686952	38.52
0.0	0.0	1246.8583637180266	1117.5619420317662	38.56
0.0	0.0	1246.830749888286	1114.745842073229	38.6
0.0	0.0	1249.2363737649516	1118.1464597218644	38.64
0.0	0.0	1244.162136953645	1115.4249517520554	38.68
0.0	0.0	1245.697665925637	1115.854986288451	38.72
0.0	0.0	1247.1639240055383	1116.4825695224529	38.76
0.0	0.0	1253.284076480369	1118.253571528392	38.8
0.0	0.0	1248.8820460214702	1117.718210683364	38.84
0.0	0.0	1248.8429415177839	1117.502067555145	38.88
0.0	0.0	1246.3859575666197	1119.6251370530165	38.92
0.0	0.0	1248.2214623487737	1117.328562930703	38.96
0.0	0.0	1248.2507741783788	1118.2331485870732	39.0
0.0	0.0	1244.7006222575617	1118.454281050096	39.04
0.0	0.0	1241.5548357058456	1115.0659113875004	39.08
0.0	0.0	1241.653795024896	1114.8849136532197	39.12
0.0	0.0	1237.6826745983233	1111.5717992349823	39.16
0.0	0.0	1238.9232970997598	1113.355096754531	39.2
0.0	0.0	1239.0721828593971	1113.6583919778263	39.24
0.0	0.0	1236.4680461798994	1108.9853534989834	39.28
0.0	0.0	1236.435682714042	1113.0629402141235	39.32
0.0	0.0	1235.0981918997056	1107.3720455584375	39.36
0.0	0.0	1234.8260930615522	1108.5970104274443	39.4
0.0	0.0	1239.0758021063518	1107.2693089148609	39.44
0.0	0.0	1236.7780399663961	1109.6658430971418	39.48
0.0	0.0	1236.2371847623526	1109.6959954382198	39.52
0.0	0.0	1235.9056525546696	1105.1672137319788	39.56
0.0	0.0	1236.4900041461692	1110.052364229929	39.6
0.0	0.0	1236.9401572878592	1104.0313300973626	39.64
0.0	0.0	1235.853733099517	1111.6914083174536	39.68
0.0	0.0	1238.3048285625694	1105.955204360011	39.72
0.0	0.0	1236.1849012128548	1114.2969869892706	39.76
0.0	0.0	1238.5171960556409	1107.2431012418851	39.8
0.0	0.0	1238.1368270760397	1110.7021647062131	39.84
0.0	0.0	1235.5506552816146	1110.3769775317442	39.88
0.0	0.0	1234.6326145987034	1112.0554882857175	39.92
0.0	0.0	1236.6473944229417	1110.3010480951868	39.96
0.0	0.0	1238.7385645183465	1112.8934468234306	40.0
0.0	0.0	1238.8306431663323	1111.753476578821	40.04
0.0	0.0	1233.9754049291446	1111.7981895972196	40.08
0.0	0.0	1234.154398824066	1109.9693194172282	40.12
0.0	0.0	1231.3102897329832	1108.7707017832704	40.16
0.0	0.0	1234.1124757640096	1108.2245728520145	40.2
0.0	0.0	1228.1869486434662	1105.57917406049	40.24
0.0	0.0	1230.359303637778	1105.9840376919917	40.28
0.0	0.0	1231.1497203655074	1109.3076075965457	40.32
0.0	0.0	1233.2210612185006	1108.0101837306413	40.36
0.0	0.0	1228.1625099381788	1105.7479331811303	40.4
0.0	0.0	1235.108631064871	1110.2125343816804	40.44
0.0	0.0	1229.0849964636307	1101.3117530839081	40.48
0.0	0.0	1232.8619771156982	1106.8733565737382	40.52
0.0	0.0	1229.645106222158	1104.0643951520863	40.56
0.0	0.0	1233.6547919899392	1105.0011898119062	40.6
0.0	0.0	1231.4298749308746	1103.7955568756813	40.64
0.0	0.0	1235.514634519857	1103.0448599353476	40.68
0.0	0.0	1230.0319302125126	1102.3584949270264	40.72
0.0	0.0	1230.1039505490219	1105.110372341818	40.76
0.0	0.0	1231.7044557567122	1103.9424113879413	40.8
0.0	0.0	1232.5518702498005	1106.5157799806393	40.84
0.0	0.0	1230.1087545935115	1105.0964789927093	40.88
0.0	0.0	1230.6344114674507	1105.563123033444	40.92
0.0	0.0	1230.7792015861833	1105.2408117393363	40.96
0.0	0.0	1233.9383034826549	1102.208588348817	41.0
0.0	0.0	1234.4310559293244	1104.2417921982685	41.04
0.0	0.0	1229.541475950717	1099.2595139981931	41.08
0.0	0.0	1228.869680794734	1097.8248237329417	41.12
0.0	0.0	1223.036570887887	1089.3680984185078	41.16
0.0	0.0	1223.9292914676607	1089.8602080650417	41.2
0.0	0.0	1224.026048992656	1091.5160329380458	41.24
0.0	0.0	1225.4706653235185	1097.1647010444472	41.28
0.0	0.0	1224.6979400493856	1092.544105089184	41.32
0.0	0.0	1222.387625712213	1087.94629466348	41.36
0.0	0.0	1223.6289912819807	1090.489063779634	41.4
0.0	0.0	1223.1369873272574	1087.0966207580925	41.44
0.0	0.0	1216.5023760493784	1078.919072159292	41.48
0.0	0.0	1217.3805436427672	1084.1253314570404	41.52
0.0	0.0	1214.2658397536331	1079.5452994756586	41.56
0.0	0.0	1214.1485433928879	1077.1587572936546	41.6
0.0	0.0	1212.932475325042	1076.0030329626186	41.64
0.0	0.0	1207.1289397962337	1075.9770464136818	41.68
0.0	0.0	1200.8555507032029	1069.2134081419897	41.72
0.0	0.0	1195.792616781231	1060.5809023262013	41.76
0.0	0.0	1194.5156506343744	1053.9541145354149	41.8
0.0	0.0	1188.861477992531	1049.6612632981332	41.84
0.0	0.0	1190.6629147574777	1051.1551349915508	41.88
0.0	0.0	1185.9882868614798	1043.010629607202	41.92
0.0	0.0	1177.102522954361	1043.7944226345505	41.96
0.0	0.0	1171.5886130733022	1041.7039212472948	42.0
0.0	0.0	1161.5774593561582	1035.4338101360638	42.04
0.0	0.0	1159.0385297639568	1032.3143591494568	42.08
0.0	0.0	1153.886710301018	1034.978842871212	42.12
0.0	0.0	1153.3398968168015	1034.958306345922	42.16
0.0	0.0	1142.5453437909607	1033.5288537488077	42.2
0.0	0.0	1134.2684813932983	1036.3098299292135	42.24
0.0	0.0	1127.8519894748842	1038.9742741271568	42.28
0.0	0.0	1117.4853097896855	1033.178686817339	42.32
0.0	0.0	1109.8725785372094	1029.9742235882088	42.36
0.0	0.0	1103.5234994757698	1023.8325116303502	42.4
0.0	0.0	1103.285095758068	1023.0418885942786	42.44
0.0	0.0	1102.08166589379	1026.2300967951142	42.48
0.0	0.0	1103.8484093027378	1024.3459660545172	42.52
0.0	0.0	1103.272867450583	1028.5180678348804	42.56
0.0	0.0	1102.7691126776729	1024.5753556131	42.6
0.0	0.0	1102.732559493421	1026.3258167222548	42.64
0.0	0.0	1105.045924280657	1022.3011466816159	42.68
0.0	0.0	1105.079644230904	1019.7448271536545	42.72
0.0	0.0	1102.2197936155724	1008.9642720932802	42.76
0.0	0.0	1102.9379677716188	1014.4149836843683	42.8
0.0	0.0	1104.5726163475363	1021.6423296301442	42.84
0.0	0.0	1104.0616007654705	1027.8402121791846	42.88
0.0	0.0	1104.4908561625402	1021.971599381032	42.92
0.0	0.0	1103.982258716287	1019.9925948809215	42.96
0.0	0.0	1100.1907119580799	1020.0718567125659	43.0
0.0	0.0	1092.5572456857815	1018.636895205175	43.04
0.0	0.0	1093.0441699714372	1017.1457392448149	43.08
0.0	0.0	1093.6552640931432	1019.3841521143802	43.12
0.0	0.0	1094.992988955378	1022.4814159491117	43.16
0.0	0.0	1099.2877875116556	1024.086452967602	43.2
0.0	0.0	1094.9195522542573	1022.1813231627013	43.24
0.0	0.0	1088.2158209142744	1022.1682208062449	43.28
0.0	0.0	1094.5815144391709	1029.2346073000456	43.32
0.0	0.0	1096.537401542424	1033.2649506546945	43.36
0.0	0.0	1097.6312632932595	1036.3738325754396	43.4
0.0	0.0	1097.534213601868	1041.1316830494657	43.44
0.0	0.0	1098.874413444709	1044.390126689246	43.48
0.0	0.0	1100.8173027970622	1046.468855593	43.52
0.0	0.0	1102.4301024756373	1046.80728670099	43.56
0.0	0.0	1105.1822665708678	1052.922491017682	43.6
0.0	0.0	1103.3488727575063	1055.821692469845	43.64
0.0	0.0	1104.182697392984	1059.2848157844035	43.68
0.0	0.0	1105.954427085566	1072.0282804895805	43.72
0.0	0.0	1111.1744273766856	1077.4894428266507	43.76
0.0	0.0	1123.5929504443566	1095.002737785781	43.8
0.0	0.0	1140.6636199350592	1112.6042256602618	43.84
0.0	0.0	1151.8878591936118	1122.007701991602	43.88
0.0	0.0	1168.1443182862668	1158.336587948053	43.92
0.0	0.0	1198.7098521417918	1176.9694717940079	43.96
0.0	0.0	1223.0421085626483	1232.1763039313905	44.0
0.0	0.0	1272.4772614227097	1253.4184873397269	44.04
0.0	0.0	1314.3561607334875	1293.0568401387084	44.08
0.0	0.0	1348.4343668809654	1503.1420994988025	44.12
0.0	0.0	1378.641785456134	1423.1921593625063	44.16
0.0	0.0	1392.4693230434968	1451.1933104846596	44.2
0.0	0.0	1390.8645052282543	1351.5741067287302	44.24
0.0	0.0	1382.0991785040655	1283.2710350140444	44.28
0.0	0.0	1362.8816948464496	1277.0469819290759	44.32
0.0	0.0	1351.3967125700713	1255.946412921188	44.36
0.0	0.0	1346.241362751479	1321.3495600075041	44.4
0.0	0.0	1336.6740949519115	1312.893381994273	44.44
0.0	0.0	1330.54241789345	1282.351368954417	44.48
0.0	0.0	1330.545238396598	1290.55074929146	44.52
1330.8812560975343	1275.6214669641884	0.0	0.0	44.56
1320.048737293003	1282.001492097219	0.0	0.0	44.6
1315.7043942382663	1281.241849654657	0.0	0.0	44.64
0.0	0.0	0.0	0.0	44.68
0.0	0.0	0.0	0.0	44.72
0.0	0.0	0.0	0.0	44.76
0.0	0.0	0.0	0.0	44.8
0.0	0.0	0.0	0.0	44.84
0.0	0.0	0.0	0.0	44.88
0.0	0.0	0.0	0.0	44.92
0.0	0.0	0.0	0.0	44.96
0.0	0.0	0.0	0.0	45.0
0.0	0.0	0.0	0.0	45.04
0.0	0.0	1431.4661089572146	1385.1651383526043	45.08
0.0	0.0	1420.3555930881093	1376.8482575068567	45.12
0.0	0.0	1420.8343958906978	1376.6565432851	45.16
0.0	0.0	1412.7135914136004	1360.2115411343093	45.2
0.0	0.0	1402.1893889780563	1347.4970990230747	45.24
0.0	0.0	1397.3142555061643	1343.1883024294914	45.28
0.0	0.0	1397.9626066127566	1347.8246993512075	45.32
0.0	0.0	1398.5598174293675	1369.6873894363619	45.36
0.0	0.0	1394.9280753402497	1375.9340411941314	45.4
0.0	0.0	1397.141554880959	1380.3331919591835	45.44
0.0	0.0	1393.9233830520855	1370.5163309653663	45.48
0.0	0.0	1374.2725576372497	1353.5151570086825	45.52
0.0	0.0	1356.1125440367593	1331.0678706872613	45.56
0.0	0.0	1329.5339881966802	1298.8986681162555	45.6
0.0	0.0	1301.48143320793	1268.043033988021	45.64
0.0	0.0	1274.6767598482345	1234.370422352336	45.68
0.0	0.0	1250.92175209284	1211.8715646361077	45.72
0.0	0.0	1236.5873001678667	1186.711350640092	45.76
0.0	0.0	1221.3085145962727	1169.2203300312456	45.8
0.0	0.0	1208.8020608756453	1162.0945390243107	45.84
0.0	0.0	1207.0242439855303	1156.2797744899844	45.88
0.0	0.0	1205.3992917220687	1155.255927291712	45.92
0.0	0.0	1205.0550976168315	1156.4419324055973	45.96
0.0	0.0	1201.1848426178487	1155.847486240957	46.0
0.0	0.0	1200.3433720732976	1154.6823945127212	46.04
0.0	0.0	1198.9583126277935	1153.629005229952	46.08
0.0	0.0	1205.000509566294	1153.5287018426059	46.12
0.0	0.0	1203.86089820676	1152.7149792938308	46.16
0.0	0.0	1202.6724647216463	1154.9886534105353	46.2
0.0	0.0	1201.2963477742778	1153.8856379158103	46.24
0.0	0.0	1199.4900875379233	1150.1317671943755	46.28
0.0	0.0	1192.3637270495328	1146.008215403084	46.32
0.0	0.0	1192.1703433664723	1142.6568030487506	46.36
0.0	0.0	1192.8791382857369	1142.4062062107676	46.4
0.0	0.0	1195.3172237052447	1145.936080993173	46.44
0.0	0.0	1199.640516855549	1149.7190737219614	46.48
0.0	0.0	1202.994141493551	1153.5754198978616	46.52
0.0	0.0	1205.592047176072	1156.6658427117118	46.56
0.0	0.0	1212.1520123524356	1160.7149521500382	46.6
0.0	0.0	1214.3741045318702	1162.9238181286573	46.64
0.0	0.0	1216.2837982820035	1163.1471192372887	46.68
0.0	0.0	1216.3128656696306	1165.9810528764178	46.72
0.0	0.0	1218.7751637802962	1166.4696068657531	46.76
0.0	0.0	1218.7825520851882	1166.6928749770595	46.8
0.0	0.0	1214.942146735287	1167.199328754905	46.84
0.0	0.0	1214.9427420326397	1168.606867371533	46.88
0.0	0.0	1213.6114131255906	1164.8948857129412	46.92
0.0	0.0	1211.7474403988747	1165.7291098105854	46.96
0.0	0.0	1215.5669392959248	1164.51579143546	47.0
0.0	0.0	1216.6919898879758	1165.3859918096382	47.04
0.0	0.0	1219.3569303592042	1162.870291317957	47.08
0.0	0.0	1229.3287365951567	1163.0144746743492	47.12
0.0	0.0	1228.681828876518	1164.1095204114567	47.16
0.0	0.0	1229.4002421475914	1167.9052270187915	47.2
0.0	0.0	1233.286574499953	1170.0262984684846	47.24
0.0	0.0	1233.0927046236222	1171.3093658062105	47.28
0.0	0.0	1238.1234756709441	1175.2684603384755	47.32
0.0	0.0	1237.8167616134142	1180.422170328295	47.36
0.0	0.0	1239.6570503835778	1183.000730300329	47.4
0.0	0.0	1242.5774531476115	1183.8791149172096	47.44
0.0	0.0	1243.7043111601347	1182.5116223761245	47.48
0.0	0.0	1241.6255121521738	1173.1813000569432	47.52
0.0	0.0	1244.273050345553	1174.4565727180484	47.56
0.0	0.0	1247.9078052098032	1167.1391254453863	47.6
0.0	0.0	1253.6655941063875	1172.5474411973807	47.64
0.0	0.0	1258.4957251312112	1195.3900111599414	47.68
0.0	0.0	1261.4277386083143	1202.2969513850649	47.72
0.0	0.0	1264.050196246408	1208.026967483272	47.76
0.0	0.0	1264.343273033806	1208.3050926047392	47.8
0.0	0.0	1263.5954964724644	1207.5172967608044	47.84
0.0	0.0	1260.2952766877677	1207.8494588662247	47.88
0.0	0.0	1258.9579513566866	1200.6706753534277	47.92
0.0	0.0	1256.5812079284003	1202.590877753092	47.96
0.0	0.0	1258.4221261447537	1171.1672906855965	48.0
0.0	0.0	1263.3652987663747	1168.5698561679906	48.04
0.0	0.0	1256.034080409544	1199.3379967501446	48.08
0.0	0.0	1250.638029170559	1213.713409978035	48.12
0.0	0.0	1246.5290010354636	1207.1999719486496	48.16
0.0	0.0	1246.7795076444636	1207.8450992278442	48.2
0.0	0.0	1247.7801305816183	1205.0237912458492	48.24
0.0	0.0	1251.4433707659964	1201.9025747644419	48.28
0.0	0.0	1253.5364582530676	1201.4959350773477	48.32
0.0	0.0	1256.888441894544	1199.6271413149782	48.36
0.0	0.0	1261.7778767412447	1199.4796488454647	48.4
0.0	0.0	1264.5542703183528	1173.6343007009625	48.44
0.0	0.0	1272.0322063408346	1149.5087132031201	48.48
0.0	0.0	1269.207148981768	1167.9673673811667	48.52
0.0	0.0	1250.672094921414	1188.2308389404316	48.56
0.0	0.0	1234.7747818210821	1208.4929947635853	48.6
0.0	0.0	1226.7946929851123	1213.1331431391309	48.64
0.0	0.0	1225.8295978407145	1199.8655323069102	48.68
0.0	0.0	1231.4715433897334	1194.0643885610002	48.72
0.0	0.0	1242.6355338467451	1193.832562402851	48.76
0.0	0.0	1243.3787709019791	1194.056192974414	48.8
0.0	0.0	1242.8997603960775	1173.0240466226255	48.84
0.0	0.0	1247.5524481690975	1164.8778817515747	48.88
0.0	0.0	1241.7551394742454	1186.0634962762392	48.92
0.0	0.0	1222.4401972769351	1210.9293290094017	48.96
0.0	0.0	1223.22041497548	1217.9286081932228	49.0
0.0	0.0	1230.9572981898566	1203.0035342530482	49.04
0.0	0.0	1237.6438374857066	1195.4747817579923	49.08
0.0	0.0	1247.667367986421	1205.6256556900607	49.12
0.0	0.0	1250.0474286795566	1195.289232953785	49.16
0.0	0.0	1248.1472240825437	1162.8840857844286	49.2
0.0	0.0	1238.0751078376247	1170.8563532298076	49.24
0.0	0.0	1217.9735657022302	1190.509371040435	49.28
0.0	0.0	1225.6225238902857	1222.7683289391211	49.32
0.0	0.0	1230.1014883479197	1214.460611515574	49.36
0.0	0.0	1246.0809917415443	1207.8165592139162	49.4
0.0	0.0	1261.3146681054445	1221.08094790961	49.44
0.0	0.0	1266.3631452014858	1217.556530689168	49.48
0.0	0.0	1269.3773790270304	1189.5226642834282	49.52
0.0	0.0	1268.666002310938	1173.0186838958516	49.56
0.0	0.0	1243.858109043618	1186.7667724808496	49.6
0.0	0.0	1231.052427523175	1209.5910752490336	49.64
0.0	0.0	1237.6914857046625	1221.1448613162017	49.68
0.0	0.0	1246.0569621813752	1205.6919451083083	49.72
0.0	0.0	1261.3470391057683	1207.9147945826733	49.76
0.0	0.0	1264.1349058149865	1207.9529824248732	49.8
0.0	0.0	1254.6964148009579	1165.165138769864	49.84
0.0	0.0	1224.2065855745536	1176.3131071444632	49.88
0.0	0.0	1224.8741263246186	1210.8145606692801	49.92
0.0	0.0	1232.8573886105926	1213.1480992299025	49.96
0.0	0.0	1234.3720840235246	1195.965628766426	50.0
0.0	0.0	1258.27991989933	1201.8086451038453	50.04
0.0	0.0	1259.7574754435382	1185.2200234427291	50.08
0.0	0.0	1254.805866320491	1160.8472447238785	50.12
0.0	0.0	1249.9693485977132	1157.4464493968333	50.16
0.0	0.0	1223.0253268916429	1176.1648812030871	50.2
0.0	0.0	1226.8859423562046	1223.3242447127143	50.24
0.0	0.0	1229.0004143264168	1212.6085229368828	50.28
0.0	0.0	1233.7345096738668	1185.8580121200646	50.32
0.0	0.0	1252.6879958298166	1189.03124575557	50.36
0.0	0.0	1251.646674269773	1174.227257935131	50.4
0.0	0.0	1239.7122241339798	1148.308796799506	50.44
0.0	0.0	1226.566037701541	1153.736475578332	50.48
0.0	0.0	1211.0523106894957	1185.0169793032967	50.52
0.0	0.0	1216.2287067160153	1211.1564633139521	50.56
0.0	0.0	1221.4807270693645	1203.4348630538905	50.6
0.0	0.0	1223.0620718144205	1187.510692365426	50.64
0.0	0.0	1239.5763370066004	1191.3119543377506	50.68
0.0	0.0	1234.6139359183162	1179.2975722187293	50.72
0.0	0.0	1226.1150663241563	1151.500304046785	50.76
0.0	0.0	1206.5801786775926	1157.3582206078577	50.8
0.0	0.0	1203.4673417755325	1188.1100323428052	50.84
0.0	0.0	1213.5145974544776	1202.7125991542719	50.88
0.0	0.0	1214.425635291944	1194.935184608813	50.92
0.0	0.0	1216.7382740201217	1192.0117883866917	50.96
0.0	0.0	1215.6551689948958	1184.451459151034	51.0
0.0	0.0	1220.1619311908391	1185.4750351469204	51.04
0.0	0.0	1224.1286726431729	1185.5265392479187	51.08
0.0	0.0	1230.243299558494	1190.1122933472031	51.12
0.0	0.0	1235.8294603184181	1186.8600833148323	51.16
0.0	0.0	1235.090786811986	1185.1431223428572	51.2
0.0	0.0	1236.786381334593	1185.1908138675665	51.24
0.0	0.0	1240.3126705043337	1186.7198706067097	51.28
0.0	0.0	1246.3858467085572	1189.7657625365864	51.32
0.0	0.0	1246.4919369164675	1188.010782598646	51.36
0.0	0.0	1243.106581215625	1183.8036778275991	51.4
0.0	0.0	1244.143704884261	1183.8488560894418	51.44
0.0	0.0	1244.4962214137731	1183.7459278837393	51.48
0.0	0.0	1243.9635867262239	1183.7103893061335	51.52
0.0	0.0	1243.105565294036	1183.041951294514	51.56
0.0	0.0	1244.7574778684154	1183.8446453544657	51.6
0.0	0.0	1244.13455386238	1184.506498920228	51.64
0.0	0.0	1245.6414166904517	1186.4255172439664	51.68
0.0	0.0	1247.572066104134	1189.892151149229	51.72
0.0	0.0	1245.7201580108326	1189.2362906971923	51.76
0.0	0.0	1244.485792576175	1192.134204654161	51.8
0.0	0.0	1246.9655230680596	1192.679589921083	51.84
0.0	0.0	1250.5185103395547	1194.3029052798554	51.88
0.0	0.0	1254.1277318672892	1195.8174176137543	51.92
0.0	0.0	1261.6247461290673	1195.2715697738658	51.96
0.0	0.0	1262.5304231268597	1192.961601430495	52.0
0.0	0.0	1256.2038911122056	1188.8381533789654	52.04
0.0	0.0	1254.7302255064078	1192.7456815341122	52.08
0.0	0.0	1257.778631961512	1196.7849643224422	52.12
0.0	0.0	1255.2454877721018	1192.5989959977458	52.16
0.0	0.0	1250.8293228046127	1191.9971143805133	52.2
0.0	0.0	1245.7870994127977	1191.9360600328948	52.24
0.0	0.0	1248.8198045039987	1196.8839637278832	52.28
0.0	0.0	1247.4473210219235	1197.0068432910148	52.32
0.0	0.0	1249.9911041844787	1197.4744550882149	52.36
0.0	0.0	1255.6109421356698	1204.3957843077703	52.4
0.0	0.0	1264.1974902466877	1212.2691749508222	52.44
0.0	0.0	1279.018075288525	1235.766572719758	52.48
0.0	0.0	1292.4983057646925	1258.9890746244769	52.52
0.0	0.0	1314.7493941729497	1283.460554734601	52.56
0.0	0.0	1337.3947798863926	1309.0837403955102	52.6
0.0	0.0	1358.3541368661226	1328.871179063847	52.64
0.0	0.0	1368.3669028569368	1340.7702292277993	52.68
0.0	0.0	1376.9849943954348	1350.0488964110634	52.72
0.0	0.0	1380.7692196470828	1349.2871412784102	52.76
0.0	0.0	1383.6016842968766	1348.9246496173716	52.8
0.0	0.0	1393.1961891843998	1356.2772047750848	52.84
0.0	0.0	1403.472534629848	1370.559731134763	52.88
0.0	0.0	1421.5482340638705	1391.5324105487323	52.92
0.0	0.0	1440.045070363811	1409.9507549642344	52.96
0.0	0.0	1456.0866429992939	1425.0201928589186	53.0
0.0	0.0	1468.6190658612604	1430.169994364871	53.04
0.0	0.0	1477.6354068988105	1444.641188533414	53.08
0.0	0.0	1473.6420266471541	1445.7371917245246	53.12
0.0	0.0	1435.8670705428087	1408.6030704416266	53.16
0.0	0.0	1370.5712225159514	1329.7446191460767	53.2
0.0	0.0	1292.789068336091	1240.5847157548449	53.24
0.0	0.0	1220.8542570279255	1154.4427989530968	53.28
0.0	0.0	1174.073920269226	1096.833068073668	53.32
0.0	0.0	1148.0101467504267	1061.8122368802476	53.36
0.0	0.0	1139.6874793108013	1056.215561735452	53.4
0.0	0.0	1144.8679915607302	1076.373525457253	53.44
0.0	0.0	1153.522220397136	1111.4669019645612	53.48
0.0	0.0	1166.3507377751062	1126.910001502985	53.52
0.0	0.0	1182.7793538373685	1138.3947748692092	53.56
0.0	0.0	1216.5672134662698	1161.1500411750826	53.6
0.0	0.0	1262.5384136844434	1207.9880697338517	53.64
0.0	0.0	1308.6943327077056	1247.2683892938765	53.68
0.0	0.0	1347.3485678466855	1280.585788451084	53.72
0.0	0.0	1364.0094339798754	1297.5774290003512	53.76
0.0	0.0	1368.5609821016892	1301.8996343305648	53.8
0.0	0.0	1368.2006785201775	1301.3161708568916	53.84
0.0	0.0	1366.1181535034295	1299.4234929238753	53.88
0.0	0.0	1366.1975867664344	1296.3621001274369	53.92
0.0	0.0	1366.339551148629	1296.5326836293511	53.96
0.0	0.0	1368.095920671301	1299.2996379080669	54.0
0.0	0.0	1370.3179079579704	1301.571697725937	54.04
0.0	0.0	1376.5880466945216	1305.772973485996	54.08
0.0	0.0	1381.027940680044	1306.7955481052531	54.12
0.0	0.0	1380.1041909503172	1306.4501131368797	54.16
0.0	0.0	1369.3906238135887	1298.0787256023427	54.2
0.0	0.0	1356.521869072012	1285.7122257157196	54.24
0.0	0.0	1352.4681776904188	1281.0093282928774	54.28
0.0	0.0	1351.340174653029	1280.2531136690498	54.32
0.0	0.0	1361.7989013028705	1289.5745726157688	54.36
0.0	0.0	1367.8385619116154	1297.9900848934983	54.4
0.0	0.0	1366.752462958513	1296.409175051841	54.44
0.0	0.0	1361.7151778397176	1289.5722070568709	54.48
0.0	0.0	1345.2728604447257	1273.7675599151228	54.52
0.0	0.0	1330.5213151856995	1260.6804968574	54.56
0.0	0.0	1317.29086095121	1246.6612541437605	54.6
0.0	0.0	1307.0296169925455	1241.0117867734177	54.64
0.0	0.0	1303.5546519431853	1232.7404670740077	54.68
0.0	0.0	1306.2078652839086	1235.0637430191728	54.72
0.0	0.0	1302.4482687289328	1236.5000475847414	54.76
0.0	0.0	1302.900134415417	1239.0518756230977	54.8
0.0	0.0	1314.4079780433217	1247.5050726924278	54.84
0.0	0.0	1327.5323403635741	1262.1591742046453	54.88
0.0	0.0	1331.666321764783	1266.4747021611938	54.92
0.0	0.0	1316.1416798605917	1252.7367482977736	54.96
0.0	0.0	1283.8483789075012	1227.5482023920542	55.0
0.0	0.0	1245.1926683869012	1191.8821275770392	55.04
0.0	0.0	1203.6311334612435	1151.8068997890423	55.08
0.0	0.0	1163.4794437698165	1118.6520136787071	55.12
0.0	0.0	1140.5151292435608	1091.962410916303	55.16
0.0	0.0	1126.7769335411685	1079.9009687775247	55.2
0.0	0.0	1140.0615953559864	1094.5228986517327	55.24
0.0	0.0	1160.559993319569	1111.776859042449	55.28
0.0	0.0	1171.7468406445755	1124.3315042541221	55.32
0.0	0.0	1181.2394110013254	1132.4452937508306	55.36
0.0	0.0	1191.286784147959	1140.9748600349346	55.4
1214.2368179296338	1158.9736193207764	1162.7186331939704	1090.669407521778	55.44
1240.9638225227106	1182.1973458430723	1189.5581094552863	1112.4832945346336	55.48
1275.8215722262769	1207.8367025904984	1216.7166837960588	1122.8510285561495	55.52
1310.7388697139272	1241.459787927622	1253.7193414720382	1158.7317656802225	55.56
1344.716937897778	1280.626711800955	1315.7514098044248	1228.4199926085828	55.6
1381.6788043950435	1318.744659869613	1406.5207026267763	1315.7959614333372	55.64
0.0	0.0	1427.8899576463702	1372.7486952805616	55.68
0.0	0.0	1486.866362598663	1430.5217632315846	55.72
0.0	0.0	1541.425572502837	1484.9476162474327	55.76
0.0	0.0	1614.5346651510624	1559.2989132827008	55.8
0.0	0.0	0.0	0.0	55.84
0.0	0.0	0.0	0.0	55.88
0.0	0.0	0.0	0.0	55.92
0.0	0.0	0.0	0.0	55.96
0.0	0.0	0.0	0.0	56.0
0.0	0.0	0.0	0.0	56.04
0.0	0.0	0.0	0.0	56.08
0.0	0.0	0.0	0.0	56.12
0.0	0.0	0.0	0.0	56.16
0.0	0.0	0.0	0.0	56.2
0.0	0.0	0.0	0.0	56.24
0.0	0.0	0.0	0.0	56.28
0.0	0.0	0.0	0.0	56.32
0.0	0.0	0.0	0.0	56.36
0.0	0.0	0.0	0.0	56.4
0.0	0.0	0.0	0.0	56.44
0.0	0.0	0.0	0.0	56.48
0.0	0.0	0.0	0.0	56.52
0.0	0.0	0.0	0.0	56.56
0.0	0.0	0.0	0.0	56.6
0.0	0.0	0.0	0.0	56.64
0.0	0.0	0.0	0.0	56.68
0.0	0.0	0.0	0.0	56.72
0.0	0.0	0.0	0.0	56.76
0.0	0.0	0.0	0.0	56.8
0.0	0.0	0.0	0.0	56.84
0.0	0.0	0.0	0.0	56.88
0.0	0.0	0.0	0.0	56.92
0.0	0.0	0.0	0.0	56.96
0.0	0.0	0.0	0.0	57.0
0.0	0.0	0.0	0.0	57.04
0.0	0.0	0.0	0.0	57.08
0.0	0.0	0.0	0.0	57.12
0.0	0.0	0.0	0.0	57.16
0.0	0.0	0.0	0.0	57.2
0.0	0.0	0.0	0.0	57.24
0.0	0.0	0.0	0.0	57.28
0.0	0.0	0.0	0.0	57.32
0.0	0.0	0.0	0.0	57.36
0.0	0.0	0.0	0.0	57.4
0.0	0.0	0.0	0.0	57.44
0.0	0.0	0.0	0.0	57.48
0.0	0.0	0.0	0.0	57.52
0.0	0.0	0.0	0.0	57.56
0.0	0.0	0.0	0.0	57.6
0.0	0.0	0.0	0.0	57.64
0.0	0.0	0.0	0.0	57.68
0.0	0.0	0.0	0.0	57.72
0.0	0.0	0.0	0.0	57.76
0.0	0.0	0.0	0.0	57.8
0.0	0.0	0.0	0.0	57.84
0.0	0.0	0.0	0.0	57.88
0.0	0.0	0.0	0.0	57.92
0.0	0.0	0.0	0.0	57.96
0.0	0.0	0.0	0.0	58.0
0.0	0.0	0.0	0.0	58.04
0.0	0.0	0.0	0.0	58.08
0.0	0.0	0.0	0.0	58.12
0.0	0.0	0.0	0.0	58.16
0.0	0.0	0.0	0.0	58.2
0.0	0.0	0.0	0.0	58.24
0.0	0.0	0.0	0.0	58.28
0.0	0.0	0.0	0.0	58.32
0.0	0.0	0.0	0.0	58.36
0.0	0.0	0.0	0.0	58.4
0.0	0.0	0.0	0.0	58.44
