Thumb_R	Index_R	Thumb_L	Index_L	Time
0.0	0.0	0.0	0.0	0.04
0.0	0.0	0.0	0.0	0.08
0.0	0.0	0.0	0.0	0.12
0.0	0.0	0.0	0.0	0.16
0.0	0.0	0.0	0.0	0.2
0.0	0.0	0.0	0.0	0.24
0.0	0.0	0.0	0.0	0.28
0.0	0.0	0.0	0.0	0.32
0.0	0.0	0.0	0.0	0.36
0.0	0.0	0.0	0.0	0.4
0.0	0.0	0.0	0.0	0.44
0.0	0.0	0.0	0.0	0.48
0.0	0.0	0.0	0.0	0.52
0.0	0.0	0.0	0.0	0.56
0.0	0.0	0.0	0.0	0.6
0.0	0.0	0.0	0.0	0.64
0.0	0.0	0.0	0.0	0.68
0.0	0.0	0.0	0.0	0.72
0.0	0.0	0.0	0.0	0.76
0.0	0.0	0.0	0.0	0.8
0.0	0.0	0.0	0.0	0.84
0.0	0.0	0.0	0.0	0.88
0.0	0.0	0.0	0.0	0.92
0.0	0.0	0.0	0.0	0.96
0.0	0.0	0.0	0.0	1.0
0.0	0.0	0.0	0.0	1.04
0.0	0.0	0.0	0.0	1.08
0.0	0.0	0.0	0.0	1.12
0.0	0.0	0.0	0.0	1.16
0.0	0.0	0.0	0.0	1.2
0.0	0.0	0.0	0.0	1.24
0.0	0.0	0.0	0.0	1.28
0.0	0.0	0.0	0.0	1.32
0.0	0.0	0.0	0.0	1.36
0.0	0.0	0.0	0.0	1.4
0.0	0.0	0.0	0.0	1.44
1168.8271355663703	1178.5745005491644	0.0	0.0	1.48
1072.7837072514787	1074.3789634337036	0.0	0.0	1.52
996.839900349849	991.2175434397218	0.0	0.0	1.56
938.1395809420898	926.2849674407712	0.0	0.0	1.6
926.2066709983046	894.4683089800653	0.0	0.0	1.64
941.8720292866723	880.4069960225751	0.0	0.0	1.68
973.7768088767368	883.9528557714899	0.0	0.0	1.72
1002.3005578673612	904.1466555524844	0.0	0.0	1.76
1020.3982375810662	926.183198905483	0.0	0.0	1.8
1033.8910460957989	947.6499022852408	0.0	0.0	1.84
1044.4355320307525	957.575828048756	0.0	0.0	1.88
1048.5877579007722	962.6636265944642	0.0	0.0	1.92
1041.2357772257296	968.3726681692453	1683.0131332667456	1706.1695849665216	1.96
1024.4610278245734	966.7267075866115	1621.8487760229223	1646.619605074773	2.0
1010.3248945245978	963.2487914854662	1568.9421480902415	1597.2961463803904	2.04
1000.654783200744	958.2148427867689	1517.6600714464694	1540.0016313109675	2.08
992.8047770092525	953.7540630539722	1469.523466030547	1479.598025586024	2.12
987.7839362806243	958.1297795743509	1419.0514122565364	1424.5262241917849	2.16
983.118479488521	961.2633809945338	1374.3092098040797	1375.2276694118393	2.2
979.2364943984198	959.2133294792692	1327.92884467516	1320.1292907961201	2.24
968.7424914419438	952.9811180404923	1286.7580888741631	1259.8228105436356	2.28
961.2584254031358	953.8845279697337	1242.0366164485897	1205.124704073071	2.32
955.4391813311245	952.0169131973905	1201.8254367526106	1151.077015795188	2.36
956.0441685071032	955.3984256682194	1174.140204046628	1103.6023376860785	2.4
959.2089857419775	963.5681907188516	1144.279995588253	1073.252504777639	2.44
960.3799894404005	975.2657320026477	1123.231136002724	1049.2742167482925	2.48
957.6367388353007	975.73316695867	1104.0476468357795	1025.9817865644825	2.52
957.2090544442489	981.8535180200273	1085.3074305570308	1018.4492049075279	2.56
958.6465899334958	983.916408361793	1077.260981684974	1023.5786379723403	2.6
957.9730977392836	969.0149178258082	1076.1693604924192	1029.3013206456455	2.64
954.5928755580804	957.3897168120532	1074.6098758281726	1037.9338116722226	2.68
953.8191923252674	952.9463528592137	1069.3469079385973	1037.499616787227	2.72
963.5620929829939	929.5465504598421	1061.8585382064139	1031.4969428141912	2.76
976.003693288985	917.5512990302115	1060.2301097734799	1025.626032733243	2.8
973.0722049904196	917.2746404483867	1052.1792268161319	1018.4969037915771	2.84
966.7116750408829	918.3776159316772	1046.6241251457784	1011.0286159289086	2.88
957.2050746043858	903.944697283949	1041.8405049607911	1005.319326421224	2.92
944.1998237696002	901.1282371209136	1037.6328868034493	1003.4693065380104	2.96
938.6206025868703	918.4012431653114	1039.1127459114975	1002.9707995170754	3.0
936.6080636355177	928.5680116210307	1039.3178698559902	998.2979656409931	3.04
938.2555368963818	939.4996815877797	1041.9171644793623	996.810262802563	3.08
936.1287243706028	932.2416872212472	1042.6526939326213	994.7610884477277	3.12
945.219838009652	925.3144932957234	1037.5813052838294	999.6580303052144	3.16
957.5126903566692	926.180275165811	1039.5661311300528	998.2095935650831	3.2
958.3815603669434	922.2786985516692	1037.42360389961	999.7139609531074	3.24
951.2515502732324	923.1665500001662	1035.2095202593534	1000.4653849434675	3.28
948.4221196832733	919.0959958434705	1032.178892214962	999.8469250599055	3.32
950.3722418159587	923.4753968547622	1038.9734527777057	1001.578184756428	3.36
953.6088993262587	938.9714967779388	1041.410329278956	1005.1964219443057	3.4
958.1103620682323	943.8102449220262	1047.7651427597755	1009.981217470396	3.44
963.2593729105001	952.4231507619088	1051.0701476342097	1015.0998974475198	3.48
967.3263999477824	955.3017737122458	1054.9915618727819	1018.2218990214681	3.52
967.9091103397498	953.3263613223006	1052.5197440982406	1020.8181910227587	3.56
967.8739530548158	948.8149926253432	1054.5602052798708	1022.4913900469808	3.6
969.2545246512695	952.0570877941777	1059.3893651141154	1023.4313710723482	3.64
974.5091106514191	967.490890947189	1064.0283176767525	1028.524332395836	3.68
977.1259023266822	961.9484365981654	1067.1044214714805	1033.3182888150677	3.72
982.062463853838	967.9253646493836	1072.327626599879	1037.3934486380967	3.76
985.6131307259028	972.057263248105	1077.4793373661312	1042.087368020009	3.8
985.9844289030106	967.805913270203	1076.8330608951376	1044.5931247387289	3.84
984.2077239486965	968.1973452496175	1075.4358234166937	1045.1594351719507	3.88
984.115103951493	970.0034467727227	1077.393921540191	1046.4663312562684	3.92
985.1233225265267	967.4254298562071	1077.8158354870234	1048.3709687302844	3.96
986.0975590901007	964.0194080893871	1079.7197257084965	1047.903260671045	4.0
988.692929674525	971.0795366317626	1082.5772011173535	1050.7245806067913	4.04
990.2250626627085	970.5493570544348	1086.282044008523	1055.260631269881	4.08
970.9990337240546	948.7253666157978	1111.8057777466365	1075.7663735635215	4.12
947.8810667847877	932.9560391554515	1157.2345223574146	1129.168494975977	4.16
948.6253795680295	924.0839984578387	1217.450545728248	1187.3659644753086	4.2
966.5095890450233	937.3594057761069	1265.9103542739917	1237.2765760116981	4.24
972.6552757138074	951.9783159058433	1291.0029865940662	1262.2920573944377	4.28
964.2921260062083	956.3352649272974	1292.4823966105143	1261.347435892904	4.32
950.5090687846631	947.8400119844202	1280.7745947772619	1249.6511497394868	4.36
936.4754891527492	923.611666508723	1266.9998066933342	1234.1982144731678	4.4
927.9232619818093	910.2101857030907	1257.9416418934595	1226.4043657410825	4.44
925.7947789715461	906.6194120694985	1253.0053267219032	1222.7475349850813	4.48
924.178456462805	914.6462342249896	1246.346431397167	1212.3005377154916	4.52
919.5146388002697	915.4276621930622	1242.02016797314	1203.9187642360682	4.56
909.6892376707492	899.932722978615	1221.9164733665089	1188.0559822115072	4.6
894.8028101549561	884.41791054486	1195.2340605287022	1163.9727640666633	4.64
868.3261432618634	860.493310053139	1167.6753716309684	1135.7319291940387	4.68
836.5787301027427	813.1414881008373	1139.214756130943	1114.9263364339292	4.72
809.8343474517137	784.59120759578	1118.0574317061742	1089.658027008055	4.76
781.5176507883924	747.8373304974223	1101.0130371742448	1071.601940864889	4.8
756.9521723919019	712.938645430782	1092.03986453301	1062.8257292100723	4.84
744.9767845155419	699.8500818440539	1109.2303876685194	1087.0274195325012	4.88
746.0905232212975	718.3813257463283	1139.2244788120322	1124.9039142746842	4.92
751.815869923659	721.5022760360952	1173.662862709604	1159.4616151767707	4.96
754.8844731385735	720.4709611450894	1203.9127106334824	1188.0014442968868	5.0
758.977714247404	729.7477628155084	1232.6777036687995	1215.7007551732866	5.04
759.9200651897462	722.603932197375	1253.0995406390555	1238.2576050403252	5.08
756.5219404401624	723.4848062884803	1269.658896163796	1252.027804865841	5.12
752.063776986903	713.9951014294479	1280.0464601894985	1260.1747162764468	5.16
748.1537384849713	718.4438471881674	1281.8016107252472	1261.5168245173782	5.2
743.7399959889317	709.0934384619201	1285.7779674917676	1263.4912816148292	5.24
743.8106896865124	713.846279526987	1290.9341494831156	1266.8311397526982	5.28
741.3438130361552	711.2856743150583	1290.2200919320007	1266.735938162272	5.32
740.9236596679882	715.9776690069942	1288.4198888631033	1263.617553413188	5.36
743.307402147417	714.6954671499756	1289.677420585777	1260.8871637805164	5.4
744.2444475676972	707.1100017976679	1288.8221115647953	1256.263292100907	5.44
745.6584497375138	716.7628633837402	1290.286164532413	1257.418734507184	5.48
749.8548972900356	722.1526915891092	1295.2692063347722	1262.0934084994533	5.52
753.9178005140286	723.9658741656979	1300.6009179265398	1265.0280857673358	5.56
755.6641021885192	725.8550348014373	1303.0410417671835	1267.4290432274743	5.6
755.7643072779093	724.336636621069	1307.409771272069	1270.4508187904285	5.64
755.4071035832491	717.6632236699008	1307.1725858751558	1270.2322071865167	5.68
756.9815812906287	722.4223327237339	1309.4359386086937	1274.8973932465133	5.72
754.7656027801356	721.4105762029225	1310.8782932591998	1276.0898962792971	5.76
752.3837369614082	716.0668549145382	1303.027453786351	1271.8474484866738	5.8
750.2154463084265	715.1676409526203	1301.4413952509692	1270.7476147919315	5.84
751.1148338338724	722.6088392641847	1298.3157866502231	1267.2630040759695	5.88
754.1940061587424	724.7492293486597	1284.6989451912882	1263.8063455548827	5.92
760.686426524808	729.3338956064215	1268.1329946742849	1249.8436160571227	5.96
765.284145623331	739.1789269819413	1248.988770570558	1231.1785401052946	6.0
768.8050342997388	738.964898179049	1228.4214555478954	1211.1639144143478	6.04
773.4001045609905	745.1308809746059	1199.6345213859322	1184.9886518307044	6.08
781.1672031373423	747.8209649602948	1174.8238680017446	1160.832937561973	6.12
787.9977779515799	759.1041354170429	1151.3821969188996	1139.7165396010807	6.16
795.0807073252028	760.87811390391	1133.217885307402	1122.0842834558487	6.2
803.6624681105485	769.4777193538738	1121.0079335479618	1108.069537607514	6.24
811.5311981654886	780.473192760395	1112.80783288824	1095.7868089808776	6.28
821.6246952058764	783.3484384016135	1102.5230305282173	1088.345791186007	6.32
830.3735399026878	793.3559092963626	1096.4401813203688	1083.5119559038314	6.36
838.3575075301948	808.9645351311201	1096.0926510487916	1082.0887168676147	6.4
844.6085040786202	812.5789830659955	1097.2344641300353	1086.614010854013	6.44
850.0600984218903	812.8108605456824	1095.8067842547255	1090.8816012093216	6.48
852.2796235045688	823.3378988967722	1097.949754078732	1096.1359622379002	6.52
856.0300297343185	818.1222179210151	1106.0647669671441	1113.6684233544827	6.56
857.8645537032284	826.9642580177515	1116.5477812616778	1125.628667218562	6.6
861.9780277956847	821.6575862389006	1128.4684378744537	1139.891333458318	6.64
863.2594759690743	828.4939838841987	1140.4153178787271	1135.2546146037764	6.68
865.8548104494498	821.8940046440556	1144.4460186020021	1143.1284352404502	6.72
865.7043104304032	830.1740766595947	1150.6945135471265	1151.2344135371006	6.76
867.5953638680897	832.5444868854797	1157.7794347084364	1161.42452587918	6.8
868.8932444532245	833.2738302338604	1159.4485137219147	1169.0002975899088	6.84
871.6573864755516	835.6559802478371	1160.471450664017	1168.8904298518125	6.88
873.7437302531029	828.2508209851111	1166.0435162074543	1166.7457072982486	6.92
873.2010707601111	830.3844784489406	1169.8336581659478	1170.0093337225217	6.96
872.6689072457742	829.0693985042951	1171.3573485720974	1171.6648669532724	7.0
872.6188716013924	833.0340688687659	1169.329495393611	1160.7102047838525	7.04
875.4433388478324	829.4765040473175	1165.6250067368178	1158.9400651761173	7.08
873.4319452606038	832.5183804893869	1162.918644746372	1155.9395481217682	7.12
871.9577251473294	826.7743662142385	1159.6802389801799	1155.4584646720716	7.16
870.5574422218609	812.552353045649	1156.608640106416	1149.3943094709905	7.2
869.8364380815973	813.1347161901714	1155.0582842305898	1145.3168992110893	7.24
869.1812817951705	806.914530469275	1158.6893315499685	1146.544293833263	7.28
868.5752006576735	804.1926537335247	1164.7095303339654	1157.0673133576802	7.32
872.4756748201767	804.9191957122688	1170.453127608865	1152.2100260697302	7.36
878.1290113404135	809.0824948371113	1171.4959245376422	1155.2970939745064	7.4
883.2153161226804	814.9711073654759	1175.9684445959494	1154.912181113288	7.44
887.1546946909396	824.6970438897798	1176.922359823959	1153.4510284467383	7.48
885.2563878844583	833.338574449054	1168.4579385889847	1147.9677565523698	7.52
880.1023389456618	830.1109168107836	1159.1618370716894	1134.2865188894336	7.56
879.2473615259696	834.376674740443	1148.5411582680226	1126.1263912429226	7.6
882.1379485177137	836.0316376736865	1139.923439901698	1114.2262341392295	7.64
887.5482654535277	836.0467613086477	1129.363481275031	1102.2233253247225	7.68
887.126457473313	840.8146363556474	1117.5848452796204	1088.9174675965037	7.72
889.5514300674096	842.1946467718047	1107.9847539284542	1078.518246561891	7.76
889.089701551926	846.3822267689566	1093.5315623246297	1066.8045114964498	7.8
889.2490560839526	850.5996988290959	1086.3521560129425	1057.4694208481014	7.84
892.23377164939	851.4673761694871	1082.1572164224917	1049.741726390335	7.88
894.1058909194481	862.7944751393038	1075.0186399333697	1048.0268482993506	7.92
894.1410694105141	858.4479397074641	1071.0987264360415	1043.904011798263	7.96
892.7344454804633	853.9851263085721	1068.1695535515885	1042.8832554112987	8.0
889.2675541186794	856.9870183073116	1063.5080824040429	1042.2431745904257	8.04
888.6298485104383	853.7074712496443	1062.5544149901677	1040.2537576180366	8.08
887.8775003802112	855.0661696886506	1057.5491776391314	1038.7923877419867	8.12
886.9800935445737	853.5701846831868	1057.5273653554625	1037.191910902421	8.16
885.1772918888223	852.4420998864459	1054.2786653484216	1034.2826727595518	8.2
882.5935334449949	852.707227972797	1050.517813769983	1026.738425975604	8.24
878.1525661234682	846.9311789669287	1049.2515565655815	1026.5093651908035	8.28
877.2927888264619	846.0885903350718	1048.5294646412628	1024.8905760776397	8.32
875.6611208990884	847.2327520293436	1050.0357728434924	1023.931851003262	8.36
874.9676326582775	851.9435468624056	1049.5536227476975	1024.8248129730764	8.4
876.6626243713946	844.8646705562152	1047.4150702524848	1024.196442311351	8.44
874.6501526788262	845.9539727191795	1048.001759848402	1023.3232023513126	8.48
876.655351810158	848.5084436315525	1048.4293254570648	1025.04765414989	8.52
877.5347352837163	845.8694592967718	1047.3192383273752	1022.2572682239548	8.56
875.3097270417067	842.8178604324372	1047.5032673067979	1023.2106575174242	8.6
877.5796195231085	844.6448370911472	1047.5067069073584	1026.1085467162252	8.64
874.7182026887542	840.3668332870551	1046.6081315568192	1023.3077819515494	8.68
871.8343574371181	840.1724587007737	1041.319531975153	1018.1169085449727	8.72
866.4324273637278	836.9068487544401	1039.4838367024117	1017.9407581182118	8.76
865.2100293273883	834.8153396324824	1034.1608417542996	1014.5043713944531	8.8
864.9227988347432	836.78900021814	1032.2985763915917	1012.2841471567962	8.84
864.851378811065	842.7627098940671	1033.5610916699884	1011.3418214281548	8.88
866.100354722474	839.2189451183589	1037.9723795319653	1012.9277389267339	8.92
870.0547132831965	841.2847011989232	1038.1615305531657	1014.1289900498734	8.96
870.4980434555367	849.6701018718941	1036.6117819656556	1017.9920783536459	9.0
872.7868034592489	847.6812864310996	1038.3962505435763	1018.6987869009436	9.04
876.3182800009761	848.7261543706518	1040.7025616166006	1021.0484926423917	9.08
875.9231774200499	854.5575029170705	1040.845935716094	1022.1583476908273	9.12
879.7743035383738	855.3238233375641	1040.569880533492	1025.0374437687817	9.16
883.2900228437875	858.0552416228633	1044.9744605848773	1027.6944076024365	9.2
887.7970939401919	865.5303397867606	1047.6590792534294	1029.7904150334973	9.24
893.0710394002513	872.8448303019727	1050.9509486530037	1032.79219377608	9.28
894.9038465169604	878.2429346073391	1052.8606448343935	1032.1953349139587	9.32
897.4213793640927	877.6818060361944	1055.9183495362313	1035.629166513636	9.36
896.9082054524318	873.6333401060132	1055.5479584242507	1034.5129326173378	9.4
892.6149331121337	868.169210157915	1051.6428228779107	1033.8550629984525	9.44
891.61798469263	866.9955975995655	1051.8254881726682	1030.4938235742486	9.48
890.8517436625723	872.7131640966531	1053.1481919584044	1029.9137100295907	9.52
889.0105446665162	866.1834407117105	1052.4501047322692	1028.9924906277286	9.56
890.8969208274431	870.8696340831392	1053.3051572934023	1027.8321941861368	9.6
891.2918631722971	871.5302543779513	1052.3431987978913	1028.9964910421295	9.64
891.8173694603472	875.6889013670501	1052.8389741316007	1029.9876236271584	9.68
899.2210249551699	876.1763578401068	1049.2228647186917	1037.1000297471846	9.72
899.903134923936	883.726167872967	1045.4605558870949	1039.4783426046556	9.76
904.6046984192772	883.6257461380058	1041.9633971258095	1049.0777429584916	9.8
907.9971468000693	887.0118650586361	1037.7934532540044	1051.7412449488006	9.84
909.6500922960535	887.4763985074941	1034.6327874578792	1055.1105395226734	9.88
913.1292588565551	892.830510028062	1035.8603469860502	1057.4789725736923	9.92
911.6639203093754	887.6428626000978	1037.4720632810695	1054.956690204152	9.96
909.4137242640871	888.8810676505288	1036.3411371215218	1061.9887888931896	10.0
909.6371598434644	888.8889827876936	1033.8885272971559	1075.89705414097	10.04
913.3667345810557	894.3517049864696	1038.5515435621967	1091.8009100561833	10.08
914.5930781206742	893.6471697435607	1034.1124388027915	1106.0212299327895	10.12
916.4398473788962	898.0220117174268	1024.836263742449	1001.7666102460571	10.16
915.864876517064	897.9150747809377	1026.4612724184392	1007.8409747314568	10.2
918.207479627654	902.4639277653897	1036.4763522971962	1016.6771946009519	10.24
923.3941552461536	890.5949311449472	1040.2269512914227	1022.893267419037	10.28
921.3984086358746	896.6613332971626	1040.811631006038	1025.9881415336974	10.32
920.5599085952618	889.3016331544459	1042.0713694580043	1024.526755014138	10.36
920.6967101793444	897.928916189108	1045.5680172177895	1025.3544838654907	10.4
918.6564448714014	902.1104544853908	1042.1138098512756	1026.9326389386158	10.44
924.3515225236719	901.8696841443353	1034.9621549265185	1043.0812587057062	10.48
921.9108753598466	898.4985675642745	1028.2837649066932	1043.3007413784896	10.52
922.9111130777278	897.998585193975	1023.2629930161276	1065.8701308189293	10.56
927.3386042324095	904.1263041042348	1015.2414411976547	1118.0251428280892	10.6
934.0470295027833	902.7921217643944	1024.2088336884867	1126.9715032450006	10.64
935.4395651196692	907.0558478617427	1045.601151264585	1128.7526299738038	10.68
940.1008347735147	902.9809711021417	1028.6470945248018	1121.822665849859	10.72
933.244618380548	902.5132617373475	1049.0722413874487	1078.4522421199881	10.76
925.1701400857129	900.6781838271583	1051.9016148177648	1011.1970406113052	10.8
922.302645825135	892.0572446379907	1022.5960053774079	999.1318091200886	10.84
919.2594859674487	888.6717315877936	1029.1380152905288	1003.1920537446051	10.88
915.9421303271176	885.8951648586535	1030.012335478717	1010.0315076120804	10.92
912.473651653096	884.9243698388531	1031.413358263976	1012.9030244191791	10.96
914.466170982053	889.6973876339421	1028.1707672755547	1015.9297706464365	11.0
917.1979876883785	888.1288112694426	1025.6894232644854	1013.5028455286424	11.04
915.159587964167	888.6881640098395	1020.2569498378784	1015.0494278288799	11.08
914.708081700519	887.3372471186236	1017.0807935308653	1016.6180136756349	11.12
913.981372454115	888.3996302370047	1013.74277482696	1013.5156343434318	11.16
909.9831759392289	885.0277710373376	1005.1277655848464	1010.5280805378435	11.2
910.977651542573	878.114753431579	1001.8762399028985	1011.3442227985265	11.24
908.9815795831295	872.3228989360969	1007.3263152800288	1022.6095741557439	11.28
914.02532458107	877.0933363518308	1005.0463703582793	1084.037127589736	11.32
919.4181738932114	875.1813929024868	1004.3915012455619	1097.8144481054514	11.36
917.221644681055	874.2246475624391	995.9502470903661	1094.453451789424	11.4
917.0515603065212	881.4043149278917	991.2550379064643	1094.9519388481797	11.44
914.3918841993262	878.5917436407595	1009.1944990272806	1082.8592352280793	11.48
907.1379897719783	870.8311229894231	1023.7705618207076	1079.4046674693266	11.52
901.37017751226	863.741867941915	1020.9280093097286	984.9168497467925	11.56
896.6856446292727	861.4982327485113	1011.2394706874031	968.0809741823081	11.6
891.162429931875	861.1006574980161	1017.7240408434454	969.2000447217691	11.64
887.7955298358214	862.3285321928489	1026.6037462374836	991.6029651515431	11.68
887.722677003317	862.1071935484281	1027.417279109714	989.6697525636878	11.72
892.3358090482014	866.0762303700576	1023.293322471712	994.2665203514604	11.76
894.326976828668	866.0720578986172	1027.7106854079505	1003.5518476857229	11.8
893.8049364438727	866.5073136885375	1022.7374381620384	1009.9619324366322	11.84
894.0907358854913	863.9801587962106	1011.781951153822	1017.7290838368334	11.88
896.5262409663769	865.6058692857266	1016.6160296240762	1066.0232446113203	11.92
907.9781717555211	863.6902242135554	1026.9965170488192	1072.7384053745777	11.96
904.372156767839	873.8294240579729	1021.2159661271692	1075.166694322635	12.0
893.4135919217347	861.1305267979288	1016.5387855600625	1095.445540176136	12.04
888.9333888675811	856.4691503812651	1015.2314972127572	976.616981052854	12.08
891.8385392949434	857.5735795674354	1016.6890448930963	977.7600282199207	12.12
893.7056550123172	863.8285530341175	1018.179714389446	995.8280991586005	12.16
895.1084731479738	862.5119137379425	1024.8736204568809	1004.1408854401326	12.2
894.7570187282253	863.6049064513095	1022.5019083069801	998.1256284875603	12.24
894.537971176953	864.7570835302927	1020.6671293079089	999.9342971354256	12.28
895.4264533341002	866.1194167516094	1022.0794951756186	1002.3459821574105	12.32
895.2608394717084	868.5284083630413	1021.4919292652789	997.3763448788154	12.36
896.0169355869491	858.8663935401878	1024.4109354016396	994.8953959775484	12.4
890.3892180812693	859.2945825759545	1019.947651373037	990.8591311089305	12.44
886.4423655920813	853.3603050952962	1018.6799339388363	994.8289826057389	12.48
885.0617722633655	854.2997242395849	1033.1856895277076	1004.9242961329743	12.52
886.759340984207	855.9054727531312	1044.0434663590445	1021.4145323204642	12.56
889.3162616898896	848.6601972849268	1046.7445364099465	1030.0704361226947	12.6
889.9879260034882	848.1890711722291	1049.5386365364284	1032.9545506063555	12.64
889.9094121693603	864.2763714130188	1056.6701539565686	1040.0903959225475	12.68
864.5723821263878	834.6556230303298	1075.5223700317497	1058.5508860945595	12.72
846.9236106773448	807.7588765433226	1110.4372594936124	1092.2968819901298	12.76
854.7617943852789	833.8005170441514	1142.7031696649713	1122.163961077273	12.8
867.5206055679663	821.7965688257658	1147.9998182430074	1120.4432737062775	12.84
861.9356750648747	848.0164679577825	1128.9955313289659	1105.8583936202706	12.88
855.7802652546211	834.3727888380856	1112.3311576802898	1081.7892694972336	12.92
858.1939039440102	829.1385444129866	1100.6051873906445	1072.3404226458958	12.96
862.8929688325294	823.4095308078533	1101.1645198457459	1073.863970978259	13.0
863.6930120683976	831.8436318412158	1102.569497127021	1073.3166133399368	13.04
864.3772312745448	829.2902804883071	1100.6006216596338	1072.3903696282441	13.08
865.9318858323331	839.7091743482008	1102.6100156425648	1074.3687041738242	13.12
867.0618686564051	837.5808948248449	1098.7538059931037	1076.7023983095162	13.16
869.632199431588	836.90117226003	1094.330477478621	1074.6089156555495	13.2
872.6028270514513	836.0960940927384	1097.3393642604835	1087.8066452111862	13.24
876.7855715163449	844.8876715841511	1114.7286645645672	1104.3613073675128	13.28
879.30716749449	844.5995368628015	1124.0263708426207	1116.9281784937068	13.32
878.6809020020279	848.5939810402066	1142.0696990038016	1134.720279770372	13.36
868.0061361349186	845.9725537859614	1145.1999437249754	1146.2665696108968	13.4
865.2996946708361	844.8387457959179	1150.4942362561517	1153.9594961964178	13.44
861.3507183656948	834.3195379209083	1153.2992990466216	1156.5802638735306	13.48
858.048649970458	825.9692500728653	1154.0359861287986	1157.3602126526694	13.52
857.5875711034712	826.2036079874074	1162.7309872687586	1162.554084134185	13.56
861.7152091773464	826.0550422111918	1172.4875642499899	1170.4983518881875	13.6
864.6950529718152	819.8537350999858	1183.8064569005246	1180.9298863817576	13.64
867.7977380942018	822.9596023211005	1200.376480113706	1193.1729521495156	13.68
872.613853373797	827.0629948375056	1208.2010178686319	1194.2420080275451	13.72
876.5307022017405	835.626404613234	1223.7160227706277	1196.0312364253116	13.76
883.4972561431275	838.2557047938033	1234.846695347047	1207.8729485808135	13.8
890.7867617623161	843.0803069551274	1237.955889840849	1217.8824221453451	13.84
898.748535347933	842.6579313027885	1250.040366087209	1218.1317587784717	13.88
904.6582585732463	856.6813799746615	1259.1118841131592	1208.1884066784687	13.92
907.9897677364551	865.6756532178701	1276.3439203268629	1215.0616824669157	13.96
911.1117227671159	868.22748005083	1273.9023916127119	1223.8845025565456	14.0
916.2951794332226	868.6355723277209	1265.7383910162566	1238.8988393141553	14.04
920.6615629212197	884.8709270546649	1262.3812355309772	1257.9514443229791	14.08
921.1284214060141	877.5590108145212	1263.3628575162397	1280.1874357849167	14.12
924.0923371423206	888.3740835092009	1253.8753105254095	1289.3636687370104	14.16
928.0727565894493	891.6098531854432	1248.6222113288027	1290.070144318147	14.2
931.8131325123325	889.9447787988714	1243.860890467325	1281.10315530442	14.24
939.1945341754541	895.7978657992352	1238.652492072903	1273.318553272227	14.28
943.4126143783966	900.5643315723383	1224.0639218147883	1255.0503321722938	14.32
950.3530475510062	907.5984344137582	1209.0419005720446	1233.8354242905843	14.36
964.4583867924263	913.5481131179034	1200.1676374174763	1211.9603940942854	14.4
980.3388422782701	928.5427505150658	1192.922610954868	1203.625739508229	14.44
999.4248116145075	950.7990132564994	1190.441628019562	1189.9894877077195	14.48
1018.4030981388984	959.494519794301	1172.870704633867	1173.2010317834292	14.52
1027.6623955417726	974.0322977988745	1160.7402462735308	1151.8579976152523	14.56
1033.8185081321146	984.1214453806181	1143.4811053671776	1124.8990067972416	14.6
1041.1003399769356	987.6233602863166	1128.9670859963446	1112.1504323158615	14.64
1049.144061683824	988.1718739842445	1114.6055243352234	1094.2243024589295	14.68
1048.6726835703587	987.4526412014416	1099.431533070962	1086.9690558931668	14.72
1061.531591966342	1002.3571649736815	1092.7575411091887	1082.1246118173099	14.76
1074.9090074966261	1002.7123220280614	1086.850062826006	1081.2850894930589	14.8
1083.372587387883	1025.0968956786037	1091.2594545861684	1086.7546317166334	14.84
1088.895248052535	1024.5077393815195	1092.9673183898235	1091.72983265353	14.88
1087.5161475661262	1029.7438209420766	1094.3303102461664	1092.4310499337068	14.92
1086.739994130054	1023.6954690579437	1089.1038491786883	1094.0866334333398	14.96
1093.6681559197957	1023.3320708804423	1092.4797483464044	1100.8215468018288	15.0
0.0	0.0	1096.8244469146023	1101.8799253278721	15.04
1121.1393905411867	1042.3388394927065	1097.5691124382954	1103.0945462256698	15.08
1163.3036509708766	1065.090985628432	1107.760085667665	1110.0359653067121	15.12
1206.1646927771067	1090.7803352386088	1110.0642658134736	1116.5606464390744	15.16
0.0	0.0	1108.2091449424895	1115.8905346806175	15.2
0.0	0.0	1114.0125636454363	1118.4330537904536	15.24
1228.1592395848434	1080.0417673687846	1109.1129341282126	1107.2907395972868	15.28
0.0	0.0	1112.2453679804846	1100.5283383650255	15.32
1171.5527636485895	1026.6650398981892	1113.0167422368681	1089.4207279307536	15.36
1127.9101626344986	1023.9671531998023	1116.5142652322925	1074.365378888545	15.4
1082.687645740518	1020.2707516740735	1115.8188626681283	1062.0458491278127	15.44
1066.7754512051729	1069.9111620242513	1122.8729106704147	1060.0878697134783	15.48
1049.3107067249493	1069.6211161600067	1124.0896071381317	1039.4152165608557	15.52
1028.3266325606326	1048.0057505188572	1125.0260378745172	1049.237169795886	15.56
1025.2385820030236	1042.7040305034657	1121.0317507950049	1039.1079047081173	15.6
1020.3830453313082	1038.9764911493064	1117.100586688542	1035.9566680927544	15.64
1014.6972675829087	1030.0708054559816	1111.0828268601028	1029.8841216965855	15.68
1005.9577156758752	1022.6887686323242	1102.6889597819998	1022.5409905177996	15.72
991.4889293394457	1016.2882552912502	1093.3484865577616	1016.3352565762673	15.76
987.4897594554318	1007.6790669663675	1105.4841321128165	1018.4271665611466	15.8
972.0873455612484	999.3179690657744	1116.6084679482947	1036.9262462470144	15.84
960.8920343149637	990.1995736128265	1123.8408956983017	1044.8760014966435	15.88
946.8182094453729	977.8441018060867	1128.7572723263984	1052.1845561533908	15.92
935.6967921143236	963.5522609071038	1133.4870519703077	1058.9270537889565	15.96
920.1840642461239	958.5996766849038	1137.612370381272	1062.6696991719973	16.0
905.1131131520094	949.0755297778973	1131.5167516278364	1057.405875473544	16.04
889.8358385652471	938.650423850954	1119.6751815228888	1050.421764650804	16.08
887.9139142535606	925.7316556223973	1109.3870057165636	1045.3318251114842	16.12
883.7249725646288	925.7198089410092	1099.7754723570065	1044.102502306781	16.16
883.7075482921684	924.120247665181	1095.0323555806651	1039.3908932374222	16.2
882.0953567352728	922.5513506072306	1094.6091096523744	1041.0148496083543	16.24
879.7714906389643	924.511984602369	1092.7081429580915	1041.4393606378183	16.28
880.2543188680921	925.6463282930198	1098.1752414368473	1046.7548939899552	16.32
882.7400831407032	931.6380211296057	1096.9030223480938	1047.6616432772232	16.36
885.1355076899059	934.4526935399895	1096.5352411381502	1050.2888476345008	16.4
884.9041624990392	933.1097270951658	1097.4838704186557	1051.6212137835244	16.44
883.5313741913501	936.0007414474554	1097.8533347982157	1051.8697180161666	16.48
884.794573501467	934.0655073056162	1098.3188204225785	1053.8654722147494	16.52
886.2163367467095	941.5748959175301	1098.793302489049	1057.0996274831866	16.56
887.2231338124631	927.7189252303459	1097.299002365777	1055.4215611714012	16.6
884.0381684767258	937.8756909068379	1100.464995986335	1058.024922636894	16.64
886.0400086501869	927.2234126756356	1102.307053673372	1060.430807095377	16.68
885.4701032773359	929.7045261072576	1102.1495156868275	1060.2253552665984	16.72
882.2648487777627	942.2275381233698	1099.8931417290617	1061.7611279565153	16.76
890.7154764818873	926.2918693759493	1099.7449208698367	1060.6794908873094	16.8
883.1072373858948	934.2189504064415	1101.566258138336	1062.7639897866159	16.84
882.4646922405482	937.6530766677412	1100.2259859919216	1063.1444994680603	16.88
887.3090184764266	930.2195992344881	1100.9499180169248	1065.5194742469207	16.92
885.7995603329447	935.4624549098162	1101.976539832037	1066.5089276199067	16.96
886.488388063765	929.3119060535251	1103.5085379045215	1065.405060266659	17.0
888.8453433944636	932.8346807533468	1103.2946331143755	1065.4830767399405	17.04
888.2920410172125	933.534408457204	1104.4022854120642	1064.9428049793962	17.08
889.3847013192899	932.6309820481192	1102.515489049836	1065.4601263408347	17.12
886.0631737511881	935.8591366928945	1101.7802627029605	1065.757121943938	17.16
889.4613929917138	927.1075859977194	1101.5261745853168	1064.9853404344997	17.2
888.3680265735828	933.4611189081514	1101.1663471123102	1068.6021439126775	17.24
891.704178101339	932.7009935777304	1102.8711034862615	1067.1170437272901	17.28
886.1848737781675	929.2900599357569	1101.6150971302156	1067.3800475599269	17.32
890.5680003746766	927.0532529090312	1101.8338840800195	1067.56270441417	17.36
886.9389948563343	941.3201679821392	1101.5593249671579	1069.1021938660003	17.4
889.0896737311712	932.9847469943674	1100.6081978156908	1067.6275039714715	17.44
885.9836104364317	935.3098681243196	1101.9152166152692	1069.2981465454232	17.48
888.4234756221496	936.2815214968072	1102.883835553593	1069.6458724732822	17.52
892.2737350576999	934.4598932521552	1102.404119604683	1070.0709426542794	17.56
894.3921618894303	925.3144503840692	1105.3277409000407	1070.274006538666	17.6
890.2385232312677	927.6318102554848	1103.4126444387061	1068.4248154236902	17.64
894.1224490363692	927.14524166498	1103.4416173423708	1070.6768331030967	17.68
887.3271407624512	938.4059691905987	1103.887056806703	1068.5181349821123	17.72
890.1828036235347	929.6877189607343	1103.4881074429538	1070.4880377159438	17.76
890.9814287988526	935.6099658230512	1100.398801539457	1073.068961543144	17.8
888.8987605764356	934.8484436867222	1105.8067712829838	1071.4454646563838	17.84
888.1565323489782	935.0419752793543	1104.9644491397894	1071.4156184002627	17.88
888.9664462345071	937.4582753430235	1101.2930274567093	1071.320689747989	17.92
894.6558999825702	929.7314656913114	1104.6439248250344	1072.7542856272732	17.96
886.9845193004667	930.1615436775339	1104.333508834046	1073.9857730664328	18.0
894.8234908353061	931.4378013686397	1103.0019222080805	1074.7264524211603	18.04
891.7960632528379	940.9468280333588	1104.1263663301966	1073.1330482116152	18.08
895.0975216524595	934.6885793821984	1104.492630433182	1075.8446846992244	18.12
896.5003746477468	921.9377763486091	1103.5141640615661	1077.9552244661127	18.16
888.9860940383371	931.0333604829185	1108.0102272744589	1074.8771570957483	18.2
891.1834313839597	928.0252983754042	1106.415553649289	1077.191826086534	18.24
893.5552432467271	939.0534239141318	1106.373861792531	1075.3813822547388	18.28
894.0325316290321	931.247666531033	1109.0265411687215	1076.3627440155392	18.32
893.3920163890941	939.0204101423449	1107.2891841899952	1072.7893605851589	18.36
899.4957189380335	925.281897070996	1114.0117697264486	1067.1436734595068	18.4
894.2813740298636	940.1786670812972	1123.6299739933565	1061.3779910182573	18.44
903.8099167958885	934.3090241393062	1134.0685188400655	1056.0226650963089	18.48
914.1335880825611	915.0311714242928	1151.0038113356688	1065.8812429397976	18.52
920.8790843092659	923.2201293890132	1169.6004983663943	1063.3586626538297	18.56
930.958344132609	922.2211529489871	1187.4908440413121	1065.5385229316425	18.6
944.1172434442491	956.0285601057052	1207.887369239676	1074.3212644684556	18.64
959.3138041119005	943.9547507484853	1227.6174501833561	1085.178663603754	18.68
970.9702679229039	956.1829552267995	1245.1376882774043	1095.576631323404	18.72
985.0807972365787	990.5010486716193	1266.7105404593717	1102.3671936779758	18.76
1009.1804495601182	1047.809955171749	1278.251980476586	1108.4891327102334	18.8
1027.4011907852562	1036.7840359147065	1288.711258449455	1106.1099599327415	18.84
1042.4100836579403	1041.1593513643277	1288.8693205588495	1105.8928231139357	18.88
1053.902414601589	1066.6474038323631	1283.8118283110239	1090.9060096678527	18.92
1055.7174222188887	1061.1450311751878	1279.5674768970578	1078.0254095029243	18.96
1063.105172246919	1090.726432082469	1267.6808730565654	1064.97969362022	19.0
1065.7653390601315	1073.2987514206995	1260.5438123727133	1051.7923486174411	19.04
1066.0714634497012	1076.3617555639369	1255.4313568684597	1049.7129049356058	19.08
1067.7436373393264	1076.0498560506712	1252.3361964630271	1039.0655920330225	19.12
1073.053949311063	1073.979504072519	1249.4842829110173	1032.9360991816686	19.16
1076.5810204658333	1074.1972571151834	1240.6138799774344	1036.2765696458932	19.2
1069.2765042089486	1053.083129649424	1240.1197248119347	1036.3523648489816	19.24
1064.3085051686958	1065.5268352286519	1240.310243709962	1035.8044949283446	19.28
1063.917235252801	1055.3934131969522	1230.728336449649	1039.8307633603913	19.32
1057.981624888662	1043.870297953014	1225.4131293535058	1032.3104272283333	19.36
1053.8113401670319	1033.3606102782176	1215.2729255098634	1022.9366022640368	19.4
1051.0115391421807	1035.5872593613842	1211.3450562115238	1020.6296512915487	19.44
1047.8983638935842	1034.0421897724532	1205.5984797950503	1015.7032710686906	19.48
1048.2362630820098	1034.633626934104	1202.2597033974553	1018.7652296916128	19.52
1045.1937655558663	1035.629493674743	1199.9754950794727	1019.3911210879428	19.56
1044.7971148537001	1043.4343148127853	1201.9262471771171	1021.3521390082525	19.6
1047.973194156464	1046.1195828489033	1202.053530724655	1023.1619476468138	19.64
1053.4655853464574	1052.6380221953405	1202.5135878766946	1026.9995832056277	19.68
1058.0396007584168	1054.3117104617495	1204.5840003238447	1029.317959480496	19.72
1056.6906473359095	1050.6308153903283	1203.24520924145	1027.164573065684	19.76
1056.5794590234989	1049.9383849448475	1207.301250718656	1028.2000017993646	19.8
1058.0035477688882	1048.4990687819975	1209.4412162426042	1030.1968753209019	19.84
1057.5828532085316	1048.993720077518	1209.9908108159962	1028.9913267591442	19.88
1055.198817668922	1052.5769082212146	1209.3549938918538	1026.5114013623752	19.92
1059.5026757600133	1048.3997245469313	1211.154832899028	1027.1443481232623	19.96
1054.2086632657902	1051.0711818664315	1211.6869640069533	1026.205825556987	20.0
1058.9836516800478	1050.5348590047538	1212.985989762243	1027.100802979118	20.04
1055.3552282381045	1057.488227109204	1211.9897198371982	1027.965615174306	20.08
1059.0294655871057	1049.422666609689	1214.8236925168965	1029.7901082187564	20.12
1057.2634724739205	1050.7211087356388	1211.7146387543423	1025.6395642389296	20.16
1058.6924894235256	1047.6208606767955	1212.5307971465168	1026.5077268679656	20.2
1056.685984855239	1053.8875297076236	1213.914746555955	1026.7811830456037	20.24
1058.3900479027063	1052.7910173776756	1213.972123479863	1025.6124255062869	20.28
1059.690970227424	1051.2221021750845	1214.64092241429	1030.5995861417175	20.32
1058.4688107886786	1047.8027843162333	1213.7524949427047	1027.5039777233796	20.36
1061.6409013625446	1052.5574910696982	1214.4660191253017	1029.451263457633	20.4
1058.6412372747448	1052.927138241701	1214.0142853186728	1031.4677312111448	20.44
1061.9608556336814	1054.3450460222537	1213.6548014426394	1029.4864270296052	20.48
1061.3360570915615	1050.4585769953653	1212.893608686198	1027.7957246166918	20.52
1060.0736013778574	1054.0361970515482	1213.1747253443498	1028.5356209597662	20.56
1058.360734948092	1048.5442631978017	1213.428744778032	1026.830873924194	20.6
1058.1218763674024	1051.4560042386067	1214.8374850786452	1031.952418994545	20.64
1059.7598330092558	1051.4942490685912	1213.092154966487	1028.6248186253458	20.68
1059.302633387809	1053.154553242198	1211.9470995807633	1028.559022839331	20.72
1059.677083632939	1055.3298179961662	1212.3921993611996	1028.9569292088354	20.76
1058.8531535352379	1050.8666697667938	1212.0399156707167	1027.3010183176182	20.8
1058.4976435595158	1049.0431381323222	1212.12398301063	1027.4411521096345	20.84
1060.6970361897318	1052.411772616081	1211.5377826150789	1028.1981342566567	20.88
1058.770035623086	1045.4885483349237	1211.6186103900707	1028.5728138194497	20.92
1060.4889103713017	1056.1719091472432	1212.0988269368245	1026.5717301776815	20.96
1059.3541458902089	1049.6804505029907	1211.9488593732347	1028.6291930098537	21.0
1059.4993890332275	1053.532491966402	1213.60673292856	1026.696935592848	21.04
1060.1454434517345	1053.7585511308632	1211.3458863106987	1030.2186079821486	21.08
1060.314182503766	1056.3440309345367	1213.7064748326475	1030.5008241976764	21.12
1061.0998638829058	1052.249947054716	1215.484144735493	1028.3813350540925	21.16
1062.2120746737944	1047.4614260421279	1214.6952938366273	1028.3576748689622	21.2
1061.3288022613365	1056.6788089750792	1214.1718043901858	1029.193184388722	21.24
1061.408780348513	1051.2315221396211	1213.1697202903351	1029.432524839888	21.28
1061.7652918222336	1050.2618119017707	1211.6915214050634	1026.4156982415343	21.32
1061.167537383781	1058.2484944384237	1211.6122416207597	1030.1486848460634	21.36
1059.6448230834446	1046.3794783027	1209.5307023132498	1023.8430378863386	21.4
1060.9941581159226	1053.1233275776656	1214.780125954131	1028.8107156773056	21.44
1061.0981835595626	1049.6759813567332	1208.5914758555853	1023.5171190282701	21.48
1059.8363070458838	1046.7276313257953	1216.8681484147241	1026.3505602725263	21.52
1061.1478257095787	1050.8081049110065	1211.1573157676194	1027.2164704815075	21.56
1062.1651429444307	1053.91220537691	1215.4416337541472	1029.0543023244923	21.6
1062.8999025613389	1058.4660039877783	1217.488879853617	1026.6610671602477	21.64
1062.4584269510033	1055.650414241968	1216.5771911672643	1028.8196937147504	21.68
1061.8001045773126	1056.2452316558308	1215.6196065039894	1027.705902238876	21.72
1061.6030972371336	1054.180766998687	1214.2616690704524	1027.5945909094664	21.76
1063.5431912610823	1050.8584832747329	1217.2549874524798	1029.0840716132468	21.8
1065.957611958618	1063.7289194554853	1218.5418770852357	1030.5609433563052	21.84
1066.8463044213188	1065.5117490021887	1218.667267815159	1032.9597537386956	21.88
1066.5193955520706	1058.5072718842341	1214.9266465281585	1033.15842907254	21.92
1066.5105535160878	1056.5124319611316	1217.3392198383922	1033.3569350991545	21.96
1068.3682862392518	1057.5555369836181	1215.9599745246444	1033.5665198139643	22.0
1068.6792009832993	1059.4967794249387	1221.2711783225488	1034.255395256235	22.04
1068.7846089126303	1058.9868804858943	1215.9544526474301	1037.4030072057994	22.08
1069.8694093562624	1055.187572535753	1219.859803554964	1036.2090564828222	22.12
1070.66049127729	1056.1440903582893	1215.6114810980596	1035.8220602015526	22.16
1070.643683451462	1061.4513532565143	1216.8746505673018	1036.351342712481	22.2
1072.8074792663374	1060.5670049794703	1216.318498686852	1035.1484594374701	22.24
1072.898650219166	1055.5354315552452	1217.5551336046703	1037.1442492409938	22.28
1073.7452996863346	1054.7006690126902	1218.15845545909	1037.889387402803	22.32
1075.1604413794907	1061.390594252127	1221.4570394833604	1037.695272426339	22.36
1074.4475592931008	1065.6806095849909	1220.523829237274	1039.9073412376424	22.4
1077.1544354663804	1068.5282777519894	1218.5243694111696	1041.0252219729482	22.44
1077.462042655116	1064.6943830350692	1225.5978000033863	1042.602777771667	22.48
1080.5498537298506	1068.5213835108746	1226.847899303666	1043.4963712646472	22.52
1081.68236678915	1067.5817223950735	1223.9920397095761	1044.7937796580793	22.56
1083.598716658881	1072.6561126257175	1231.09826430266	1048.389000632318	22.6
1085.1341121510293	1068.2183207119087	1233.0897964938006	1049.783267345675	22.64
1085.8650244413516	1073.0963586744313	1231.9069266924523	1050.3252645710343	22.68
1087.891047585097	1068.8626874233562	1232.3609574576876	1051.5406095116598	22.72
1089.433296111609	1073.1726667041016	1234.2050214817873	1053.1766680563608	22.76
1090.6488065813785	1075.5404411332638	1230.5274379661832	1054.8743437281591	22.8
1089.847339419299	1074.4965363323713	1236.3216803810544	1056.5621979456341	22.84
1091.7674695464525	1072.5141422993054	1236.4620435993322	1056.456673940668	22.88
1094.7892676542792	1079.5895363359973	1237.8797585321897	1059.2816392073287	22.92
1095.6489126428442	1087.513949413763	1239.3996208008446	1060.2063030570182	22.96
1098.0722078280953	1091.182386077928	1239.4217224873037	1063.6719918260808	23.0
1100.882773947668	1090.122000016472	1241.1691760072351	1064.785942309772	23.04
1100.3875563033532	1087.5467579819942	1235.1392723583008	1065.0605582358155	23.08
1102.847641123226	1095.9890641839042	1237.98477955941	1065.7214192616552	23.12
1104.1582737360998	1093.2786582397398	1236.4114533701033	1067.8438523817629	23.16
1105.331108179717	1087.5072556160055	1239.1298935042978	1070.549229172812	23.2
1109.5065629912526	1092.8629349705354	1243.7696600113657	1073.5889851501765	23.24
1115.1854540471525	1101.639351691018	1246.117206525826	1079.107613456172	23.28
1127.3508295548395	1106.13703025321	1253.113927772116	1090.1169312242228	23.32
1144.6695356623793	1126.0837943473277	1265.8400804813402	1107.5184572502212	23.36
1168.1938868787179	1141.2778525120532	1282.3868906197165	1128.858499243146	23.4
1192.8675385442325	1174.9435030374414	1302.1754107276465	1154.5976333969943	23.44
1218.9877750305488	1203.547394683373	1323.1667391088645	1181.5789274907218	23.48
1244.8836652089035	1226.705121583581	1343.717160256071	1213.8259757404032	23.52
1271.8135134910879	1254.7533323794767	1359.592052856806	1235.74498961482	23.56
1290.9647755012816	1283.432772674942	1381.7409139451415	1262.2126318159662	23.6
1308.2437536135901	1292.249567926186	1396.729794333733	1281.7821217180406	23.64
1325.234596643249	1308.7557113294636	1408.9311292118553	1300.1928001290214	23.68
1333.5460907194754	1322.6101429662558	1413.928699600342	1308.8810881697527	23.72
1340.7501848423028	1327.5344641142208	1420.5453922927247	1317.1964845258856	23.76
1345.1695713398362	1329.06771999391	1418.6249397338393	1320.0500472397982	23.8
1350.288365539147	1332.4649528198504	1423.7783421162758	1323.7493017311874	23.84
1350.9789047509516	1335.9112841754154	1424.656260872298	1324.5099366056825	23.88
1354.4645368220126	1336.0279571092015	1425.128627245086	1325.865817763867	23.92
1353.8019287737077	1337.718691125333	1425.9550575807518	1330.219158810185	23.96
1353.9930043456607	1341.5750353534747	1426.2305523159205	1329.765892899812	24.0
1356.1107409281774	1336.2483564487045	1427.032964614621	1330.9025920746737	24.04
1357.017568532127	1342.4156452556383	1428.7876464156973	1333.883927376873	24.08
1358.5698064643807	1339.9548111340346	1427.7168287478396	1331.7091301454761	24.12
1357.4320031874988	1341.5825109629236	1426.8912911427378	1333.849843687045	24.16
1357.4397378506612	1335.0130972231339	1428.3225302460928	1333.6116358582476	24.2
1357.0868905037087	1331.4836772373117	1428.1718055604417	1332.9242576446093	24.24
1355.3743420897977	1333.0609199859305	1427.8307790432514	1330.3557300299535	24.28
1353.8736159137795	1330.9499008722596	1423.1984802910795	1329.4700574334959	24.32
1353.4717607988218	1328.5312863073661	1424.2402178509558	1330.3260625376113	24.36
1353.8598305200385	1328.1744823562124	1425.562586042773	1330.0094379674813	24.4
1354.0171372930324	1335.0350218026026	1425.5290789926316	1330.6280512508806	24.44
1354.9940151009828	1335.043713194582	1424.598376655317	1331.0912042721382	24.48
1354.877571280665	1329.8419292068102	1423.9719765790796	1329.4095824045437	24.52
1355.9452920555073	1330.4025184906516	1422.7229641661297	1330.6749884353087	24.56
1356.158758417308	1334.4699937785003	1423.2263740314827	1329.7029105619727	24.6
1357.1456282648503	1338.7141653961762	1421.7298474690776	1331.5997935380701	24.64
1355.0890844447688	1333.279003136472	1424.8673743916693	1331.8462142515398	24.68
1357.3703626692868	1344.9597477483298	1426.016836274532	1331.6437949252534	24.72
1359.125452688229	1338.1876826545138	1426.166814372552	1333.1975108734603	24.76
1360.0451778948957	1342.6353876395851	1427.6994694286966	1333.6256887936843	24.8
1359.8472264541085	1332.4252377267192	1428.202888108448	1332.9191656641187	24.84
1360.588011043056	1340.8123641993873	1427.3299110319106	1333.1343925689187	24.88
1362.1267404225196	1338.8303430066644	1429.1993977133368	1334.7473559851585	24.92
1363.4344868728824	1345.8986016324782	1430.5852851415582	1335.8698317398034	24.96
1362.9673168525387	1337.4303177129534	1429.0244687693048	1334.7691213502671	25.0
1362.6406440111555	1332.166139980406	1429.486715374014	1336.2157793755075	25.04
1365.155294897121	1346.4578942672083	1430.7642303648333	1337.5905469170095	25.08
1366.6343556418997	1337.983775913297	1432.5239646635775	1337.054980274791	25.12
1367.0229839923572	1344.7277208769426	1432.6836552612695	1340.571621038727	25.16
1366.5165472122987	1343.7734878061012	1433.5841770048278	1342.3586376358844	25.2
1366.5253830963115	1340.2506043721776	1433.3214009378894	1340.5496440577012	25.24
1367.2931568863332	1342.853772891466	1431.562955746743	1341.2346784933425	25.28
1367.666963268737	1352.2899042880224	1430.19955126862	1341.684049532342	25.32
1367.406340887543	1343.6735623716022	1432.24610032634	1344.136582922286	25.36
1368.1586834344637	1358.0433509883644	1433.9941166879912	1344.154569919517	25.4
1368.2848812813236	1347.6707323119851	1433.354919907737	1343.5930476696392	25.44
1367.5274351134237	1343.9544578163984	1436.0205905652083	1343.6864139889074	25.48
1371.0367005964872	1349.6179610533427	1436.552159752173	1346.2920796056824	25.52
1371.6475386320624	1353.580781573542	1436.686078989961	1346.4851699510805	25.56
1374.3773156285608	1364.8587591055307	1437.250580208363	1349.8707883070128	25.6
1375.349159540558	1351.8540687023003	1440.9160277618985	1348.4144536753163	25.64
1374.307097119138	1352.5055155902148	1438.4631420975827	1350.5995523887852	25.68
1376.2655772625667	1353.7625477620463	1442.1816447971926	1349.9483419632027	25.72
1376.023443274553	1351.827751599056	1441.2864902447154	1345.0046671543114	25.76
1377.5319866857037	1351.977879335399	1444.4293723915564	1348.5745525858279	25.8
1376.9596924423022	1356.231689601739	1441.5286140934993	1348.7864610696508	25.84
1377.0625872566482	1348.8437650590931	1438.6647647791556	1347.294188681596	25.88
1376.459994092246	1356.3483847602524	1437.6427856431912	1345.0902588307627	25.92
1375.0245672764934	1350.2258249657552	1437.8637035411077	1346.563968637613	25.96
1375.9994422978505	1359.6991950807326	1436.9073226172277	1347.7420571507841	26.0
1377.1317409309024	1352.4457972051775	1443.0287084181878	1346.9573133463737	26.04
1376.1302444583152	1362.5506211520228	1441.4438130786752	1348.329316119879	26.08
1376.883378468071	1353.0449299548343	1441.421375528149	1347.1782384563376	26.12
1376.2020043093655	1363.5164546173373	1442.2102058804703	1346.835749907142	26.16
1376.5363482174769	1352.3909815457998	1442.724937544653	1347.7302560492797	26.2
1377.8598155675606	1359.5227811803181	1440.5717263641604	1346.2189036092811	26.24
1377.0732179184072	1357.0524154114348	1443.675175187557	1346.0511097312944	26.28
1378.2131510081979	1365.584786716812	1441.4816293865379	1346.8740559050898	26.32
1378.6051539069417	1356.6020076623988	1440.9975188248225	1345.5563632776336	26.36
1379.07641475085	1355.9600200214877	1441.4208143946837	1345.9390664801742	26.4
1378.29418911433	1359.0649294574603	1439.9533834459385	1345.2428341572058	26.44
1378.0180144695005	1362.364529647304	1442.0071475369125	1347.4353460158209	26.48
1377.1648841799904	1353.199964038852	1444.8290535928375	1348.2227304267612	26.52
1377.6268184746166	1357.2177142990904	1443.4016177851079	1347.219774849162	26.56
1376.2765546672633	1362.2632391126376	1441.9405875751597	1345.6639213610438	26.6
1376.0302232906809	1357.6938378281334	1440.651465360537	1345.7073828834023	26.64
1377.8155525371922	1360.9308226155779	1442.2390216786935	1348.435605558583	26.68
1377.9616332615994	1360.5121674083423	1440.6204310752153	1347.9917511275805	26.72
1377.2221442426737	1357.7669915956367	1440.8020985379158	1350.2401959418405	26.76
1376.7731363959647	1359.043277620446	1439.591857740115	1349.9503575362182	26.8
1374.8650971246118	1356.125084887198	1441.1857977455218	1348.3625736573606	26.84
1375.0770541772495	1357.1392708274896	1440.1729193020917	1346.7494921394205	26.88
1374.657728626732	1351.1011175655212	1441.9983129544532	1347.5187700626084	26.92
1375.4805294644948	1356.8149247276915	1441.8438938301324	1345.8614446000215	26.96
1375.3784328872282	1349.9047227895069	1439.5512499182332	1347.4176986581172	27.0
1374.0580851209274	1350.3786729375317	1440.8430322795325	1347.8341303137097	27.04
1374.031857331745	1349.916798975746	1438.3912437606957	1345.9129503090035	27.08
1373.8429426543692	1347.677772285523	1438.6012174541513	1343.6350892190424	27.12
1372.8526582599236	1350.8149356473907	1437.87953076443	1345.4429506407737	27.16
1373.0043780724588	1350.4108950856119	1437.6521353587482	1343.638442281996	27.2
1371.7829732057157	1350.3758185089625	1439.472301593356	1345.5156443054937	27.24
1370.1026722629808	1350.7055102200154	1436.9728695663691	1345.4207524580663	27.28
1370.521360821096	1350.0737254424375	1438.8523413817338	1344.7357325137218	27.32
1369.2506401292758	1352.1308432665019	1434.5675323288938	1342.5718501384383	27.36
1370.4789603443974	1347.4373256495928	1436.0948766792296	1343.7618876552206	27.4
1370.1348010228958	1349.1230529505265	1436.2656335190397	1342.7053056005118	27.44
1368.1433622221682	1344.1594197634197	1435.2378616385286	1342.92612084661	27.48
1370.1169853663966	1354.8202776914104	1435.7900002330102	1344.0217293455687	27.52
1370.609882068882	1346.2668862002258	1436.7335172692685	1343.7132514860957	27.56
1371.3458965345894	1345.275407388999	1436.3696110014992	1342.7517655384436	27.6
1371.3362561189197	1349.0662472168185	1436.1943208165537	1345.3431463125141	27.64
1370.525830248628	1348.3599228760277	1435.3134507963432	1344.0958695959948	27.68
1370.408890729266	1347.5235543627643	1436.3340350450426	1343.3412085436696	27.72
1367.4194606069882	1350.7889639252735	1435.248052189885	1344.251618236712	27.76
1368.2130042553188	1348.3043064008361	1435.6286424991818	1341.3321300526493	27.8
1369.0886383000811	1344.6090730663464	1436.313122190949	1343.8221587213009	27.84
1367.7988716640775	1344.0599938035236	1437.59104307062	1343.9319042961545	27.88
1364.4269492277224	1351.4472844520365	1436.5228058693938	1341.2688194444122	27.92
1364.6093948057319	1347.0967135449835	1436.2794509223702	1343.9445414309132	27.96
1365.9489009783747	1347.0939420672664	1434.6575827489826	1342.290154642539	28.0
1366.0907697547827	1343.4684829791863	1433.0393830065825	1338.0306650558412	28.04
1364.1623852756404	1344.410167582166	1434.3148010127452	1339.6444521694184	28.08
1365.3999152072874	1341.5832101171375	1433.9656587950474	1340.8039860791712	28.12
1365.0346061608473	1347.1242007019735	1432.0541833449179	1341.4782067867277	28.16
1364.1810558319646	1344.6557461627274	1434.0811455930707	1343.1204659032921	28.2
1365.2355911264297	1346.334014070466	1435.5268602553795	1342.0378707276861	28.24
1365.1168438855484	1346.0041086227131	1436.6189428313485	1343.0488167816284	28.28
1368.5585646922073	1348.0729284251493	1437.8160864059716	1342.2836735723617	28.32
1368.561251548591	1343.266972434035	1435.9298526443122	1342.3514495292034	28.36
1367.8719033156563	1343.178750515123	1437.8744430692568	1342.482687707895	28.4
1368.327563881548	1349.3068758007903	1433.7708129597559	1341.3460313025919	28.44
1367.9938351447609	1341.8516753843505	1436.5810906719878	1341.6332424690436	28.48
1368.3610172502372	1352.211662933584	1433.7472542559526	1340.0498748092202	28.52
1367.6518188923383	1341.8397756332909	1437.1772264588146	1339.552646189921	28.56
1367.8003031813282	1344.603484788839	1438.220437312936	1342.9209894481435	28.6
1366.498471308091	1347.2437634931666	1435.5425087027156	1341.5363031142533	28.64
1366.0090960655018	1344.0528068647036	1437.0456291795376	1342.6922141618759	28.68
1365.3717326923258	1343.4128556354212	1435.588831169683	1341.9788964619968	28.72
1365.5299228060305	1348.7163177661157	1435.8754218638637	1344.3500475531705	28.76
1366.9027174303478	1346.7621788397455	1435.9720154348079	1343.0019908249935	28.8
1364.6081199960636	1343.2324082917983	1436.5022477346406	1344.3095732438117	28.84
1363.6575728709872	1350.847371466184	1434.2903292977076	1344.3251722976058	28.88
1363.7945783895423	1348.7939199627606	1436.0215042097784	1340.9369174902804	28.92
1365.0060216889408	1346.2251479433362	1434.9381150971965	1341.6010256708203	28.96
1364.534554704565	1348.227242573901	1436.7646296690648	1340.4640655258884	29.0
1364.773388702929	1348.8560490696827	1434.8860918624566	1337.1185282124077	29.04
1365.6027933440894	1345.0935643618832	1435.1130590412085	1338.514790829321	29.08
1363.7567983142205	1348.5610195079496	1434.4796131219434	1338.6643527598708	29.12
1363.7846552978651	1344.5886446830118	1433.5646315294748	1337.7127914478583	29.16
1361.7964329947608	1348.4004674818002	1434.9443094701387	1340.3870945761655	29.2
1365.3471456276377	1334.32396442636	1433.5715952311784	1337.8899609565099	29.24
1366.0367477475952	1341.1419851200576	1434.0816421905988	1339.0242158567064	29.28
1366.7069853686396	1337.4149374294889	1437.2216846592898	1342.4243461966385	29.32
1367.4482183706502	1340.6411591972674	1437.2885378476656	1342.068616670649	29.36
1366.519741392119	1339.431882191373	1437.2657865097626	1340.9685867079684	29.4
1368.3624270622636	1333.6624563945952	1437.7108436900985	1342.2362970267443	29.44
1366.9564393387698	1336.338771865515	1435.7584730487554	1340.0455524422807	29.48
1367.3195781745517	1344.6857590847467	1437.0588689902954	1342.1199307958234	29.52
1368.312572593909	1342.708458835336	1436.5176203359408	1338.5790360055964	29.56
1368.950376328883	1340.741197235284	1436.6742444295987	1341.1434230378677	29.6
1370.5763978374655	1346.2186139777361	1440.208079991159	1342.0170076896065	29.64
1368.3486494637143	1348.2563937022776	1439.245554391815	1339.9701302912263	29.68
1369.0085732257855	1340.2345784682263	1437.6261702393297	1339.68546604624	29.72
1367.7056553521716	1344.6216940692534	1437.506760930147	1340.7363889179346	29.76
1369.5371108071156	1340.1883849289018	1439.4159636117076	1346.4033965583985	29.8
1368.7549209209458	1344.4412369999116	1439.1453532970213	1344.550132167923	29.84
1371.0037972482598	1341.4364755071051	1437.769849138357	1342.6902040494006	29.88
1365.9026494471868	1342.2438881069438	1437.1675311317447	1342.3258507909948	29.92
1369.3113621956252	1338.2408818782246	1436.9263996629925	1341.3965150554648	29.96
1365.2867276898005	1340.851801799408	1436.4817359894557	1339.5922033559316	30.0
1367.2553869206665	1336.4039709129495	1436.8754812078325	1343.40977190126	30.04
1366.8468569929614	1336.7438105592	1436.4777157043447	1340.2457663971325	30.08
1367.0289404502846	1335.3288077913123	1433.4044249018739	1336.152975965642	30.12
1364.7888348764077	1336.1004339967014	1432.5913303782377	1335.4208116866982	30.16
1363.5509027543978	1332.7569624080274	1434.4190523203224	1340.169179348274	30.2
1361.128510884412	1336.025246000364	1432.9329375457926	1338.6889369268251	30.24
1358.9762683988574	1333.8364160608312	1432.9697623890397	1336.0542908158372	30.28
1355.8955712687598	1331.437508183415	1433.6365024728686	1339.278763170385	30.32
1355.025492870849	1338.0964005555359	1431.653507869118	1340.2811771251295	30.36
1351.3088429371694	1345.223029725963	1430.3648366292489	1339.6841054483616	30.4
1348.2559977839778	1334.339460500451	1432.2274464227964	1340.1003580174709	30.44
1346.3816202277203	1339.3507621239728	1430.9837964497526	1336.0877790163038	30.48
1345.514905516971	1346.6450587163615	1430.2538541105412	1332.2365519848174	30.52
1349.8416625725179	1340.2964460219598	1431.1655734582157	1328.712471256081	30.56
1350.5878592264746	1340.8627259188138	1430.6695529123333	1328.1378208090966	30.6
1349.0160604644354	1337.2163218410726	1431.1757662130813	1328.4138878422752	30.64
1344.1771844820923	1334.5711430720658	1430.2315215715528	1328.7257493105872	30.68
1341.336004786805	1336.5167397752728	1429.5790658898763	1327.5671556650736	30.72
1339.538128666694	1323.8633638380225	1429.3782232277856	1325.630616762247	30.76
1332.614180276629	1315.3683556274025	1426.5593587686349	1322.9796889278118	30.8
1329.2711220977126	1313.0885860673066	1422.6206663079372	1318.6377137866766	30.84
1322.036910253641	1305.418376742335	1419.646366903268	1318.8026363087615	30.88
1315.3148712001832	1302.9430185170525	1417.3494713130613	1316.3609172106394	30.92
1297.7966238356814	1283.6428919344587	1410.6887417397875	1309.5367258840733	30.96
1271.345315060016	1262.6178157435745	1392.6898353643135	1295.393089503413	31.0
1232.0898603552089	1214.0114415671405	1370.3746498949315	1279.1999047227434	31.04
1190.4213834641828	1164.2061199967932	1346.6225283279919	1258.6090859964092	31.08
1146.3910897629867	1124.1272442377426	1319.974128787255	1233.698879322041	31.12
1104.1853629458583	1074.7147707907795	1295.8979780559916	1213.6868453121165	31.16
1065.0623285481756	1021.8827473310266	1265.6335350971715	1188.0700964400512	31.2
1028.2513554300222	988.923794618261	1239.4469859283631	1161.0644058884955	31.24
1000.8932206197421	971.9184723158322	1212.4744555123323	1146.8640705127511	31.28
972.2648754901178	964.1931833310335	1194.1612188484144	1130.6541281200955	31.32
946.6491719432462	958.0519799315733	1173.8018708180687	1115.5640884180164	31.36
921.4325368940277	930.9886467212776	1157.1275336621577	1102.7755602858863	31.4
897.3858288159014	904.8427374292636	1138.8004420129835	1086.2711252803367	31.44
869.9646496448606	881.0021152126958	1119.5278686475801	1067.9245863360081	31.48
847.7619432706259	863.8258171368113	1102.8009274946453	1044.082155636973	31.52
827.7259949826343	848.8127786748782	1081.830412359	1026.980892102104	31.56
810.6967586105234	832.5065551512043	1065.9036485531221	1015.2736946582793	31.6
805.6676209496748	827.5115881796263	1053.885955469054	1004.6580077995465	31.64
801.9302003644476	824.1553275912256	1046.4118587956623	1001.0607756755116	31.68
799.819559283463	810.3237796413563	1034.769181078937	996.9164384546418	31.72
797.9045189749136	819.1114518104278	1022.1754922451895	992.0320602327623	31.76
794.8536099637405	817.2226168879745	1015.4851836674621	986.9144731933973	31.8
794.9440969519578	819.320083449077	1007.5550748279544	983.9184809747372	31.84
786.8313836923513	816.1100830806538	1006.565441072401	975.6395216958258	31.88
783.1830343673396	816.493601624913	999.4737922238155	972.0075593119074	31.92
777.632914462617	809.2264576133002	997.531764262389	970.2784293004927	31.96
774.1235833876843	808.1964705024994	1001.1754112830229	966.5231857930662	32.0
771.408081431175	798.3091675181794	995.9294415780253	965.6619027644224	32.04
767.967828229666	806.2569020973968	1000.4671683302479	967.8659237157646	32.08
768.1007349674152	803.151498527443	996.1257061103172	969.4189620264597	32.12
762.2841026804037	802.5295456875946	999.4758511768993	968.4722175476089	32.16
760.6082906455479	797.9304811746049	997.4300835070242	968.1568250463546	32.2
763.7663240049628	805.6569124892039	996.0717264721609	966.8341847402783	32.24
762.3748838196146	790.3035550077415	1000.886826383459	971.0872491256165	32.28
766.1115494039068	806.268771876751	997.9681258147201	972.4236298994524	32.32
768.6499298805896	805.9603263283708	1002.0311371667138	977.7521709896182	32.36
771.8529182020209	803.8009563760435	1001.6173351607496	982.3802496212522	32.4
773.4229907937724	802.3381850070656	1005.2982100701772	983.7874258966416	32.44
774.4427018176253	811.6270472074069	1002.3309075136649	982.905246922047	32.48
771.0736691871267	798.3259702094274	1003.1805892202822	981.5229265697807	32.52
770.7824604477263	806.2577888114329	1003.5689963795749	982.9158995527957	32.56
769.2121716083534	790.3919915172794	999.3169728079977	982.1177646557855	32.6
767.996887579965	802.1400358212896	997.3146511176707	979.7688166535579	32.64
768.9623831827342	802.6355435920317	1000.2838719445328	982.0710199657509	32.68
766.9657208936923	808.7623662639782	994.8875195928932	980.786920043388	32.72
768.8127423085447	793.8185479319379	994.4342768230979	980.3993708139113	32.76
764.8031537805714	807.4246328356114	998.1503454072293	979.3743102917198	32.8
767.182178627781	801.3921369340708	995.7798453507454	979.7779591611608	32.84
765.923441161525	793.3522896504547	994.5092700347186	976.470235169989	32.88
761.9863105055603	791.2846464279114	993.5430695631901	975.7099523643126	32.92
761.9426083948956	778.8291658006212	987.4899497406027	977.6387097281267	32.96
760.0085357997743	790.5888543722627	986.1168174236865	978.010461257019	33.0
763.1676776987239	788.3343648864961	985.9827956315955	978.1191080589352	33.04
761.5244936291525	796.931000912203	984.0450292468964	976.9637470470587	33.08
763.8206742616482	785.9988981505624	986.1739169866026	977.2573802728288	33.12
764.1025784762057	803.2951345135367	986.2725847347903	977.5179333349713	33.16
766.3998538017753	794.3702094993544	987.3959183418759	977.933909764158	33.2
764.1492775166015	801.0021130127728	988.6133709589133	979.1069847046816	33.24
768.8079972339225	799.3697960237453	985.9853692725765	981.1469473911231	33.28
769.3128874051522	795.3364440294398	989.6653509655854	982.2904243008311	33.32
768.7988013263058	801.6712383290997	990.9990715425657	983.3137923237604	33.36
768.022144149191	813.1252744265527	994.014297578421	983.6085597851823	33.4
773.5051883109339	797.7926544437341	988.1265464593323	986.2497567022622	33.44
769.927678536439	794.9832930186021	994.1030181425697	984.1690031838402	33.48
765.9234518526802	800.4392877287648	987.5801136194109	985.1955683100324	33.52
766.563154912204	802.64635859534	985.4810339183068	984.5304849783446	33.56
766.3994079431909	797.3462138283985	992.4629137542357	984.8550308394855	33.6
765.4156799451716	795.0466791716556	993.3653493122416	985.6684177151282	33.64
768.2700086290171	793.62296034377	994.7325232562962	984.0971187514036	33.68
769.0616810775248	803.271326901071	994.8338049839825	983.8923549793703	33.72
769.0399513370613	797.5639783096149	996.1486134185503	984.0400661470863	33.76
765.9936370334535	795.6619812410255	999.8963783852345	985.9460977493131	33.8
763.3166182375992	798.0030887372322	994.1094931439771	985.5481711998966	33.84
766.8466600856797	795.0604067735673	993.8738505473177	985.9736407675138	33.88
765.9143476827755	796.1297771148097	997.514826380673	988.4981329383979	33.92
767.6905324992632	801.2745080981505	995.0983242667156	987.2748207306242	33.96
767.1369297341508	804.4581648639668	996.6960860755796	991.2256554168436	34.0
772.7263141011158	796.6911909478591	995.375957883433	993.0579979089733	34.04
773.2208262928516	803.8433673886174	1001.370530353669	996.0282611555954	34.08
775.3452647919961	796.7213971840691	1000.6079483039533	995.1284166102763	34.12
771.3010936450548	795.7287240862629	1000.9887306531616	991.9443848432834	34.16
773.0291234389932	793.7349732067414	1001.5855595337019	995.8291595730697	34.2
771.2498331607146	805.5811177515322	999.8267911989793	993.0606187853414	34.24
775.1128990947959	800.6115764763778	1001.6832528252829	996.5457724166985	34.28
777.5653188864898	801.3797731348548	1001.0679868329167	995.5517983635033	34.32
776.8541187241225	799.3434123963752	1000.8836452198046	993.1768388359831	34.36
774.9616301433111	815.6237614614807	999.7331455583717	991.200921580447	34.4
775.661527605815	795.3560525032847	1006.2773974248544	993.3445312843223	34.44
774.8372751891851	812.8636755036067	1004.0110982555606	994.4479419597263	34.48
776.293942172933	799.8572599929637	1008.0791243389413	998.6132004502246	34.52
775.3745427343548	814.8116690687547	1009.0698425153086	998.9015186450085	34.56
778.6195131955069	820.0609009620632	1013.6609870247876	1002.3227834026287	34.6
778.154598678574	827.683320483624	1016.1510070274825	998.137430436447	34.64
779.0233924922745	824.996042974808	1012.9344844407052	999.5818617691343	34.68
777.6521943130807	817.6871240806729	1017.5788974963313	999.963081685344	34.72
776.4506774578896	816.6690954963822	1015.7061592842462	999.3108046354107	34.76
777.5715546787682	815.3603153179956	1012.3383177371282	1001.0976996146778	34.8
776.1669443976015	809.4047567012267	1014.4995060989219	1002.8517370111545	34.84
776.4070840540563	818.1951770366654	1015.868227763506	1008.0447779898572	34.88
779.5757178547752	818.7137826233575	1015.9047046326436	1002.2390027213344	34.92
780.181002477613	829.3781653727608	1017.7177659553224	1006.1017557881214	34.96
781.6474242182258	822.7779868847058	1015.8268414270149	1010.607590413536	35.0
780.6637641061269	821.8204571701167	1015.5650349608668	1011.9909718876369	35.04
780.5172682089568	820.6140849128643	1015.8894649411945	1012.0330252521453	35.08
780.8431010547333	819.3353135725531	1014.8233843828086	1015.717205700696	35.12
780.1760182548473	820.4144229905208	1015.029437974747	1013.9344320957805	35.16
780.1662070629241	824.2983113019592	1014.5103003401708	1013.8707618462902	35.2
784.2974118276327	828.8949531609271	1017.7232497730313	1018.3435205859178	35.24
788.0754543129331	826.0571696319324	1020.2811190444725	1018.3844275726974	35.28
794.0007227152196	840.5774465542111	1031.6222236624478	1016.0611112902648	35.32
811.5063293425967	858.4549092805523	1041.4929453923053	1008.4899112876988	35.36
831.1472687790383	885.0341559140588	1044.671271308378	1007.4533308700453	35.4
861.9458931036584	920.8372229346098	1058.7913455320183	1018.5903720026478	35.44
932.1812193600485	983.521631956988	1113.891628263511	1054.325186851072	35.48
963.9197786859318	1026.2901956571002	1142.9598243137002	1083.404953648749	35.52
1003.2309759199258	1067.259391088625	1185.6874445001997	1119.7866763809393	35.56
1028.8996222496387	1104.2775406044161	1233.1955946929504	1163.1080150707485	35.6
1058.2656368695134	1148.1439718529502	1276.4117389886237	1208.3592787715293	35.64
1100.6892857187652	1191.15536598944	1321.3669821522071	1258.336153203695	35.68
1148.775511270378	1232.2140395533652	1373.5169188926996	1296.154605322549	35.72
1210.6496397213978	1307.688726134279	1430.805477947711	1334.4063230786385	35.76
1250.8185823641213	1333.908564644249	1472.1272298943913	1366.6426845343472	35.8
1264.2248691072652	1355.7328844378044	1488.5878283153495	1406.1314333276362	35.84
1267.6786565160376	1337.6941534561397	1493.8046261197342	1402.0616158795403	35.88
1254.2386287290465	1318.783507232651	1494.1446549784655	1387.3405227850294	35.92
1248.144919433991	1272.9713367075271	1493.6531049659168	1370.2838086147754	35.96
1248.609341738609	1294.7965431917773	1491.5935690300307	1343.231374528561	36.0
1254.8569297650172	1308.502429445537	1494.1524969165487	1325.955701145915	36.04
1256.9875607106535	1317.689843058905	1490.6979503711127	1319.2708889390117	36.08
1260.190522725287	1332.158253757009	1467.2041658141695	1308.8834954586591	36.12
1256.907172440802	1386.8004110762831	1456.8407290647954	1307.079239816155	36.16
1261.794104369987	1382.7014929193201	1435.2497117975981	1294.8476782047528	36.2
1287.77770723647	1402.8326517490784	1411.9291420068316	1282.694109780943	36.24
1323.888375796671	1454.488297935918	1393.894006324184	1273.6165300425635	36.28
1386.3732848302868	1535.3327109112934	1380.1845907987358	1266.427472249151	36.32
1484.9877111452786	1572.981288118516	1399.1186705589573	1294.6003884552852	36.36
0.0	0.0	1399.0363311825906	1318.7407176785969	36.4
0.0	0.0	1388.5078396427377	1295.7936464572467	36.44
0.0	0.0	1395.2180602854642	1285.8550213438318	36.48
0.0	0.0	1381.452441075738	1277.1742901766772	36.52
0.0	0.0	1378.424625571781	1254.8370170780188	36.56
0.0	0.0	1360.0476861308941	1249.4489796765886	36.6
0.0	0.0	1356.9115418453225	1214.921595278477	36.64
0.0	0.0	1341.752573233095	1182.8688306086735	36.68
0.0	0.0	1355.1215952864575	1178.1709310723531	36.72
0.0	0.0	1353.893158428278	1167.296012307156	36.76
0.0	0.0	1357.118808560389	1135.893126711196	36.8
0.0	0.0	1324.0957034086064	1151.295923447487	36.84
0.0	0.0	1335.5190315867217	1143.354448641903	36.88
1337.7255401803845	1135.3554279414159	1257.390271699663	1183.9971241918602	36.92
1359.8102065497274	1138.7858384868903	1235.861385113115	1120.2438145036867	36.96
1369.5835671161572	1109.4637448172189	1242.0400514707949	1098.214436464641	37.0
1355.830619596715	1125.812741658804	1272.9100484572273	1077.2760032823103	37.04
1354.6693088882241	1116.567164577913	1311.4567256791154	1066.8785339828944	37.08
0.0	0.0	1340.5575080056294	1051.5373225531166	37.12
0.0	0.0	1377.42329111104	1060.3596544964998	37.16
1292.8864922813216	1100.172697578454	1394.6463169374097	1066.3377746649835	37.2
1248.7130492573935	1123.124507102392	1402.5691162888952	1072.6910126424848	37.24
1267.9307388725433	1163.1237701928849	1408.0479043987448	1075.6715160829592	37.28
1248.7444787133884	1133.664468745423	0.0	0.0	37.32
1165.9363605106898	1073.3594738954894	0.0	0.0	37.36
1066.5483502566055	1012.6299078948958	0.0	0.0	37.4
1024.7398804670481	1054.316236880431	0.0	0.0	37.44
1113.0921097912535	1043.2611044807873	0.0	0.0	37.48
1139.875116142209	1057.4306191794744	1387.4915957565652	1040.4969854153067	37.52
1195.8678920149644	1052.3898235630897	1386.136083276601	1037.2374323892843	37.56
1176.3060947735207	1064.532773429021	1385.3660010068688	1030.8871337666944	37.6
1198.7950008090334	1080.8185961223412	1381.8373485196398	1033.0308665476516	37.64
1201.127508395411	1072.0842530470807	1380.2363405544975	1033.3120864194423	37.68
1172.9832657029226	1054.3752191683102	1376.9403339957837	1031.4525882283135	37.72
1224.8442799288985	1088.737948302447	1377.3220869507256	1033.5503632363568	37.76
1243.3419547593883	1115.5272507812158	1376.0717371409348	1032.4864564710329	37.8
1231.416925560774	1110.5687322320775	1371.5377526899035	1033.0478372864077	37.84
1240.1374479592046	1076.0133608677404	1370.4855487299149	1031.4948842350655	37.88
1249.0931970022039	1119.5564263441347	1369.7623910676518	1032.078782581536	37.92
1239.9134929741942	1121.4300783742349	1370.5280622665225	1033.0152317298268	37.96
1191.6765979321924	1044.6943178491626	0.0	0.0	38.0
1216.5399578540175	1111.7636860846042	1373.3915014038466	1033.282719459789	38.04
1191.4085986631178	1102.403053078522	1371.976912863915	1032.856353266039	38.08
1227.95396870673	1109.0494432997154	1371.0708966934071	1031.355916962125	38.12
1182.9107778519335	1071.0617464145273	1367.5927984370542	1028.527259175291	38.16
1204.851228168849	1087.4272410237086	1363.4717863951291	1026.6932339894015	38.2
1197.6779257139426	1080.9094465298824	1363.9910417091148	1028.912631398775	38.24
1192.6886348145742	1152.0477028220323	1365.0911378741737	1028.3933398746237	38.28
1206.9051096267044	1110.5027780131466	1368.729383886387	1028.4919756471836	38.32
1233.9855996872104	1106.8603306726952	1371.715086586944	1029.1590482652439	38.36
1234.1464125025846	1104.3005782328603	1370.2662737535686	1027.552851494537	38.4
1279.5840363912534	1126.231562845279	1371.1528748080777	1028.9961705009352	38.44
1368.5478297216669	1027.175773360482	0.0	0.0	38.48
1370.593130958204	1029.789367035695	0.0	0.0	38.52
1368.5986431057086	1027.3128224743984	0.0	0.0	38.56
1370.0045955355565	1030.8030503114192	0.0	0.0	38.6
1376.070300939755	1029.6769873975666	1214.0884439173994	1113.8282642604604	38.64
1381.166298824317	1032.6266086217042	1260.397809376129	1142.5867216600334	38.68
1386.5038626709772	1032.1401096214145	1222.510308904922	1124.0113627773696	38.72
1390.6488381085965	1034.5552359100645	1188.1351075055643	1127.8790799455246	38.76
1391.268739644449	1035.4929664396282	1272.9246647122784	1106.6214694721273	38.8
1390.7879264174876	1033.0579934350658	1215.390565993448	1077.0170013939733	38.84
1394.8705486947	1035.1235594330274	0.0	0.0	38.88
1394.6121966337173	1036.7538393875388	1227.4909856555494	1091.5613334331229	38.92
1392.9391627215946	1034.634998768275	0.0	0.0	38.96
1392.599265920417	1034.7584559126888	1198.7931595805276	1124.5690509143722	39.0
1392.320704273202	1034.1727083656542	1188.5842026326095	1122.963394266125	39.04
1394.7788796632137	1035.6729244234846	1077.7109275053363	1098.793376258738	39.08
1392.6808722728329	1037.5925309127088	1220.18334843543	1121.5126097331677	39.12
1392.07133560151	1037.2210762009129	0.0	0.0	39.16
1392.3324459040143	1038.067966173262	0.0	0.0	39.2
1393.2656057537968	1036.86495370948	1220.2664313479204	1124.6514563575827	39.24
1393.2954711570826	1038.2488156466077	1153.1721254080815	1121.3055578890496	39.28
1397.0587388969143	1037.9801909502705	1206.5961692974713	1112.05812856159	39.32
1398.8718206106605	1037.8594065619593	1197.1791103437579	1133.043338907417	39.36
1399.2295163930303	1038.7959346325417	0.0	0.0	39.4
1401.6308093489588	1044.2802667433268	0.0	0.0	39.44
1401.9701416271048	1045.8837411564778	0.0	0.0	39.48
1410.9708806644953	1048.9446319548047	0.0	0.0	39.52
1420.8272828285571	1053.6731035171233	0.0	0.0	39.56
1424.6975333897158	1059.9435726085298	0.0	0.0	39.6
1422.5622656274272	1064.6827317684492	0.0	0.0	39.64
1419.4155826321924	1075.3720765653002	0.0	0.0	39.68
1420.127603122733	1081.1551145758162	0.0	0.0	39.72
1398.818153951405	1086.6605845522995	0.0	0.0	39.76
1381.4563241676462	1087.2443658077561	0.0	0.0	39.8
1389.5413928060107	1093.693146418357	0.0	0.0	39.84
1375.1388539696536	1098.6532616339064	0.0	0.0	39.88
1361.0572839579454	1101.6731442561497	993.0867442683897	1042.9235707110922	39.92
1337.4650553190893	1104.0589356365035	0.0	0.0	39.96
1319.321544386509	1100.3024238041894	0.0	0.0	40.0
1300.617542573597	1096.340082787737	1125.3096147275603	1039.1566393728597	40.04
1308.1110570421229	1097.3482264218526	1058.1189322187417	1006.4246368640379	40.08
1313.3541864766082	1100.3684862759444	1113.6556242905167	1019.5249867616461	40.12
1307.0720895756801	1100.04272084245	1112.6647065189586	1007.1228170866482	40.16
1313.0720020000022	1098.2278927619182	1086.817680999765	1006.2219971784027	40.2
1299.467457976982	1095.739820132616	1119.793039653349	984.4711522539236	40.24
1255.3797090330108	1095.624278595258	1115.715795784269	974.3835587188725	40.28
1244.8367975466588	1088.6820568677417	1119.009508414918	978.8546898996248	40.32
1244.1839314400115	1087.9292904126974	1116.7887397334134	973.4179202812118	40.36
1229.3051897413172	1086.5232177560756	1108.4958611808272	976.2869171737138	40.4
1268.40171053795	1088.7831424440799	1110.3708356040472	981.6863820722901	40.44
1304.6737512597408	1089.1200476212634	1112.0206074085884	977.1211402933845	40.48
1312.5681567581348	1096.2532291659895	1120.6396315848078	982.9155877893036	40.52
1295.6394518052266	1098.025247453354	1113.4844761666134	982.1499613969103	40.56
1294.246058887351	1095.1905953894257	1115.717043751808	981.06060258872	40.6
