Event Start Trial Time [ms]	Event End Trial Time [ms]	Event Duration [ms]	Visual Intake Position X [px]	Visual Intake Position Y [px]	Event
1418.0	1488.0	70.0	837.0	472.0	Cap Off
1506.0	1596.0	90.0	863.0	501.0	Cap Off
1659.0	1779.0	120.0	907.0	522.0	Cap Off
1796.0	1866.0	70.0	922.0	582.0	Cap Off
1908.0	2158.0	250.0	929.0	630.0	Cap Off
2326.0	2486.0	160.0	983.0	682.0	Cap Off
2509.0	2589.0	80.0	958.0	617.0	Cap Off
2605.0	2725.0	120.0	899.0	523.0	Cap Off
2748.0	2858.0	110.0	867.0	439.0	Cap Off
2898.0	3008.0	110.0	884.0	391.0	Cap Off
3024.0	3274.0	250.0	891.0	385.0	Cap Off
3428.0	3498.0	70.0	935.0	410.0	Cap Off
3863.0	3973.0	110.0	1080.0	603.0	Cap Off
3993.0	4093.0	100.0	983.0	602.0	Cap Off
4168.0	4278.0	110.0	961.0	627.0	Cap Off
4297.0	4467.0	170.0	1006.0	613.0	Cap Off
4627.0	4747.0	120.0	947.0	398.0	Apply Tip
4847.0	5087.0	240.0	1030.0	442.0	Apply Tip
5127.0	5207.0	80.0	1037.0	456.0	Apply Tip
5574.0	5804.0	230.0	1059.0	469.0	Apply Tip
5843.0	5973.0	130.0	1071.0	421.0	Apply Tip
5996.0	6076.0	80.0	1038.0	405.0	Apply Tip
6166.0	6256.0	90.0	995.0	457.0	Apply Tip
6294.0	6374.0	80.0	985.0	477.0	Apply Tip
6416.0	6506.0	90.0	994.0	504.0	Apply Tip
6544.0	6694.0	150.0	993.0	482.0	Apply Tip
6823.0	6903.0	80.0	961.0	461.0	Apply Tip
6946.0	7126.0	180.0	996.0	454.0	Apply Tip
7132.0	7282.0	150.0	957.0	442.0	Apply Tip
7373.0	7623.0	250.0	969.0	427.0	Apply Tip
7645.0	7785.0	140.0	956.0	420.0	Apply Tip
8070.0	8300.0	230.0	951.0	439.0	Apply Tip
8341.0	9560.0	1219.0	962.0	458.0	Apply Tip
9580.0	9710.0	130.0	973.0	450.0	Apply Tip
9880.0	9950.0	70.0	1010.0	471.0	Apply Tip
10034.0	10234.0	200.0	1005.0	472.0	Apply Tip
10289.0	10499.0	210.0	973.0	462.0	Apply Tip
10564.0	10794.0	230.0	966.0	435.0	Apply Tip
10979.0	11059.0	80.0	909.0	749.0	Setting Units
11290.0	11360.0	70.0	879.0	702.0	Setting Units
11379.0	11469.0	90.0	887.0	668.0	Setting Units
11511.0	11901.0	390.0	896.0	623.0	Setting Units
11943.0	12043.0	100.0	901.0	601.0	Setting Units
12058.0	12368.0	310.0	906.0	587.0	Setting Units
12413.0	12893.0	480.0	904.0	578.0	Setting Units
12909.0	13119.0	210.0	919.0	589.0	Setting Units
13261.0	13441.0	180.0	610.0	467.0	Setting Units
13538.0	13698.0	160.0	751.0	371.0	Priming
13741.0	13851.0	110.0	842.0	367.0	Priming
13891.0	14031.0	140.0	869.0	369.0	Priming
14039.0	14139.0	100.0	906.0	411.0	Priming
14157.0	14387.0	230.0	950.0	417.0	Priming
14461.0	15650.0	1189.0	946.0	402.0	Priming
16029.0	16109.0	80.0	743.0	628.0	Priming
16296.0	16386.0	90.0	807.0	533.0	Priming
16410.0	16530.0	120.0	839.0	512.0	Priming
16846.0	17576.0	730.0	843.0	471.0	Priming
17658.0	18478.0	820.0	846.0	467.0	Priming
18499.0	18789.0	290.0	856.0	450.0	Priming
18999.0	19179.0	180.0	859.0	463.0	Priming
19235.0	19495.0	260.0	857.0	456.0	Priming
19894.0	20154.0	260.0	856.0	464.0	Priming
20306.0	20736.0	430.0	854.0	469.0	Priming
20825.0	22474.0	1649.0	848.0	475.0	Priming
24064.0	25233.0	1169.0	845.0	468.0	Priming
25275.0	25355.0	80.0	818.0	474.0	Priming
25690.0	25910.0	220.0	996.0	708.0	Setting Units
25975.0	26045.0	70.0	967.0	624.0	Setting Units
26052.0	26222.0	170.0	958.0	582.0	Setting Units
26382.0	26552.0	170.0	961.0	568.0	Setting Units
26594.0	28043.0	1449.0	934.0	538.0	Setting Units
28079.0	28339.0	260.0	920.0	528.0	Setting Units
28559.0	28679.0	120.0	369.0	643.0	Injection
28790.0	29070.0	280.0	674.0	552.0	Injection
29088.0	29238.0	150.0	855.0	525.0	Injection
29278.0	29358.0	80.0	928.0	512.0	Injection
29383.0	29493.0	110.0	963.0	499.0	Injection
29508.0	29618.0	110.0	979.0	490.0	Injection
29692.0	29762.0	70.0	1004.0	470.0	Injection
29780.0	29910.0	130.0	1005.0	456.0	Injection
30061.0	30311.0	250.0	998.0	411.0	Injection
30410.0	30610.0	200.0	1019.0	394.0	Injection
31749.0	31919.0	170.0	1200.0	170.0	Injection
31940.0	32010.0	70.0	1080.0	273.0	Injection
32031.0	32161.0	130.0	1071.0	315.0	Injection
32606.0	32676.0	70.0	1229.0	498.0	Injection
32750.0	32860.0	110.0	1178.0	461.0	Injection
33028.0	33138.0	110.0	1115.0	415.0	Injection
33159.0	33239.0	80.0	1121.0	407.0	Injection
33368.0	33728.0	360.0	1102.0	419.0	Injection
33905.0	34005.0	100.0	1085.0	429.0	Injection
34729.0	34929.0	200.0	1097.0	396.0	Injection
35047.0	35177.0	130.0	1086.0	420.0	Injection
35326.0	35456.0	130.0	1075.0	429.0	Injection
35624.0	35734.0	110.0	1059.0	435.0	Injection
35929.0	36019.0	90.0	1093.0	405.0	Injection
36076.0	36156.0	80.0	1119.0	448.0	Injection
36476.0	36586.0	110.0	1092.0	417.0	Injection
36758.0	36878.0	120.0	1080.0	401.0	Injection
37304.0	37754.0	450.0	1086.0	418.0	Injection
37774.0	38923.0	1149.0	1064.0	416.0	Injection
39592.0	39702.0	110.0	1065.0	410.0	Injection
39723.0	39823.0	100.0	1058.0	408.0	Injection
40146.0	40516.0	370.0	1038.0	415.0	Injection
40576.0	40676.0	100.0	1053.0	431.0	Injection
40713.0	41243.0	530.0	1043.0	404.0	Injection
43134.0	43224.0	90.0	622.0	532.0	Injection
43260.0	43440.0	180.0	761.0	559.0	Injection
43564.0	43774.0	210.0	867.0	487.0	Injection
43811.0	43921.0	110.0	906.0	451.0	Injection
43943.0	44243.0	300.0	923.0	436.0	Injection
44281.0	44451.0	170.0	914.0	424.0	Injection
44493.0	44613.0	120.0	907.0	394.0	Injection
45040.0	45150.0	110.0	1019.0	461.0	Setting Units
45189.0	45309.0	120.0	979.0	517.0	Setting Units
45331.0	45431.0	100.0	930.0	532.0	Setting Units
45513.0	45693.0	180.0	860.0	592.0	Setting Units
45793.0	46023.0	230.0	849.0	555.0	Setting Units
46043.0	46163.0	120.0	867.0	480.0	Setting Units
46458.0	47218.0	760.0	889.0	445.0	Setting Units
47342.0	47672.0	330.0	890.0	441.0	Setting Units
48126.0	48216.0	90.0	595.0	518.0	Injection
48387.0	48507.0	120.0	831.0	511.0	Injection
48556.0	48656.0	100.0	912.0	492.0	Injection
48681.0	48771.0	90.0	945.0	488.0	Injection
48829.0	49059.0	230.0	974.0	473.0	Injection
49081.0	49211.0	130.0	977.0	459.0	Injection
49261.0	49341.0	80.0	975.0	432.0	Injection
49650.0	49880.0	230.0	995.0	337.0	Injection
49897.0	50027.0	130.0	1001.0	323.0	Injection
50118.0	50188.0	70.0	992.0	328.0	Injection
50350.0	51120.0	770.0	980.0	329.0	Injection
51527.0	51787.0	260.0	1026.0	83.0	Injection
51944.0	52074.0	130.0	1004.0	65.0	Injection
52349.0	52429.0	80.0	1336.0	440.0	Injection
52507.0	52717.0	210.0	1239.0	370.0	Injection
52758.0	53028.0	270.0	1154.0	355.0	Injection
53046.0	53246.0	200.0	1124.0	354.0	Injection
53496.0	54296.0	800.0	1095.0	353.0	Injection
54425.0	54685.0	260.0	1066.0	363.0	Injection
54775.0	55545.0	770.0	1063.0	353.0	Injection
55563.0	59241.0	3678.0	1064.0	347.0	Injection
59321.0	59991.0	670.0	1049.0	348.0	Injection
60011.0	60561.0	550.0	1038.0	345.0	Injection
60711.0	60821.0	110.0	1046.0	365.0	Injection
61161.0	62610.0	1449.0	1042.0	346.0	Injection
62618.0	62788.0	170.0	1021.0	411.0	Injection
62812.0	62962.0	150.0	1036.0	393.0	Injection
63211.0	63301.0	90.0	586.0	559.0	Injection
63340.0	63460.0	120.0	697.0	513.0	Injection
63480.0	63610.0	130.0	783.0	488.0	Injection
63632.0	63732.0	100.0	840.0	472.0	Injection
63792.0	63872.0	80.0	866.0	459.0	Injection
63888.0	64258.0	370.0	869.0	446.0	Injection
64351.0	64441.0	90.0	826.0	356.0	Injection
64461.0	64551.0	90.0	744.0	371.0	Injection
65696.0	65786.0	90.0	961.0	449.0	Remove Tip
65831.0	65921.0	90.0	989.0	427.0	Remove Tip
65958.0	66068.0	110.0	1028.0	421.0	Remove Tip
66106.0	66376.0	270.0	1054.0	425.0	Remove Tip
66528.0	66618.0	90.0	896.0	573.0	Remove Tip
66697.0	66787.0	90.0	935.0	532.0	Remove Tip
66958.0	67078.0	120.0	948.0	492.0	Remove Tip
67359.0	67499.0	140.0	970.0	466.0	Remove Tip
67569.0	67849.0	280.0	959.0	468.0	Remove Tip
68176.0	68436.0	260.0	960.0	484.0	Remove Tip
68499.0	68569.0	70.0	942.0	475.0	Remove Tip
68655.0	69714.0	1059.0	947.0	465.0	Remove Tip
69895.0	69985.0	90.0	945.0	446.0	Remove Tip
70175.0	70265.0	90.0	1195.0	380.0	Remove Tip
70308.0	70398.0	90.0	1138.0	364.0	Remove Tip
70454.0	70574.0	120.0	1056.0	395.0	Remove Tip
70705.0	70905.0	200.0	1013.0	410.0	Remove Tip
71018.0	71108.0	90.0	1016.0	382.0	Remove Tip
71123.0	71193.0	70.0	1003.0	391.0	Remove Tip
71414.0	71494.0	80.0	1139.0	625.0	Cap On
71697.0	71787.0	90.0	1014.0	545.0	Cap On
71977.0	72077.0	100.0	989.0	554.0	Cap On
72093.0	72243.0	150.0	1008.0	553.0	Cap On
72366.0	72496.0	130.0	904.0	481.0	Cap On
72557.0	72627.0	70.0	911.0	523.0	Cap On
72694.0	72784.0	90.0	957.0	518.0	Cap On
72827.0	72927.0	100.0	963.0	493.0	Cap On
72967.0	73207.0	240.0	964.0	511.0	Cap On
73242.0	73422.0	180.0	954.0	522.0	Cap On
73474.0	73904.0	430.0	962.0	504.0	Cap On
73961.0	74141.0	180.0	923.0	575.0	Cap On
