Event Start Trial Time [ms]	Event End Trial Time [ms]	Event Duration [ms]	Visual Intake Position X [px]	Visual Intake Position Y [px]	Event
1409.0	1479.0	70	913.0	530.0	Cap Off
1519.0	1759.0	240	926.0	548.0	Cap Off
1779.0	2059.0	280	913.0	590.0	Cap Off
2079.0	2209.0	130	907.0	547.0	Cap Off
2229.0	2329.0	100	885.0	526.0	Cap Off
2349.0	2559.0	210	862.0	503.0	Cap Off
2598.0	2698.0	100	875.0	494.0	Cap Off
2748.0	2848.0	100	876.0	468.0	Cap Off
2868.0	3388.0	520	881.0	445.0	Cap Off
3468.0	3678.0	210	890.0	433.0	Cap Off
3788.0	3888.0	100	1030.0	402.0	Cap Off
4018.0	4108.0	90	931.0	390.0	Cap Off
4128.0	4228.0	100	934.0	416.0	Cap Off
4268.0	4508.0	240	923.0	441.0	Cap Off
4527.0	4657.0	130	890.0	467.0	Cap Off
4677.0	4907.0	230	882.0	504.0	Cap Off
4947.0	5157.0	210	890.0	525.0	Cap Off
5217.0	5327.0	110	972.0	534.0	Cap Off
5367.0	5447.0	80	945.0	549.0	Cap Off
5477.0	5617.0	140	1062.0	582.0	Cap Off
5667.0	5877.0	210	983.0	556.0	Cap Off
5917.0	6167.0	250	940.0	549.0	Apply Tip
6186.0	6306.0	120	905.0	535.0	Apply Tip
6336.0	6576.0	240	1031.0	447.0	Apply Tip
6616.0	6776.0	160	1022.0	451.0	Apply Tip
6896.0	7126.0	230	641.0	320.0	Apply Tip
7206.0	7416.0	210	840.0	291.0	Apply Tip
7436.0	7816.0	380	892.0	298.0	Apply Tip
7835.0	7945.0	110	927.0	280.0	Apply Tip
7965.0	8075.0	110	926.0	266.0	Apply Tip
8145.0	8315.0	170	917.0	246.0	Apply Tip
8395.0	8565.0	170	929.0	234.0	Apply Tip
8585.0	9175.0	590	946.0	233.0	Apply Tip
9235.0	9475.0	240	956.0	251.0	Apply Tip
9494.0	9594.0	100	951.0	265.0	Apply Tip
10214.0	10424.0	210	940.0	287.0	Apply Tip
10494.0	11024.0	530	959.0	274.0	Apply Tip
11114.0	11344.0	230	958.0	268.0	Apply Tip
11363.0	11663.0	300	959.0	287.0	Apply Tip
11953.0	12163.0	210	945.0	292.0	Apply Tip
12203.0	12713.0	510	935.0	300.0	Apply Tip
12733.0	13143.0	410	910.0	320.0	Apply Tip
13702.0	13962.0	260	875.0	322.0	Apply Tip
14012.0	14222.0	210	865.0	326.0	Apply Tip
14282.0	14602.0	320	836.0	347.0	Apply Tip
14711.0	14831.0	120	805.0	608.0	Setting Units
15011.0	15081.0	70	890.0	570.0	Setting Units
15171.0	15341.0	170	848.0	523.0	Setting Units
15381.0	15511.0	130	859.0	495.0	Setting Units
15531.0	15761.0	230	863.0	485.0	Setting Units
15781.0	16021.0	240	850.0	468.0	Setting Units
16061.0	17060.0	999	846.0	449.0	Setting Units
17170.0	17240.0	70	601.0	334.0	Priming
17300.0	17550.0	250	771.0	389.0	Priming
17570.0	17690.0	120	826.0	400.0	Priming
17730.0	17910.0	180	862.0	384.0	Priming
18020.0	18240.0	220	923.0	372.0	Priming
18279.0	18529.0	250	894.0	358.0	Priming
18549.0	18709.0	160	878.0	351.0	Priming
18799.0	18949.0	150	888.0	448.0	Priming
18969.0	19059.0	90	905.0	471.0	Priming
19249.0	19429.0	180	902.0	492.0	Priming
19449.0	19799.0	350	889.0	513.0	Priming
19818.0	20588.0	770	890.0	458.0	Priming
20648.0	20878.0	230	900.0	472.0	Priming
20928.0	21178.0	250	885.0	469.0	Priming
21348.0	21578.0	230	878.0	421.0	Priming
21617.0	21857.0	240	859.0	402.0	Priming
21947.0	22067.0	120	842.0	657.0	Priming
22197.0	22267.0	70	957.0	755.0	Priming
22287.0	22447.0	160	867.0	760.0	Priming
22617.0	22847.0	230	919.0	630.0	Priming
22887.0	22997.0	110	926.0	577.0	Priming
23017.0	23167.0	150	901.0	565.0	Priming
23376.0	23466.0	90	629.0	553.0	Priming
23476.0	23676.0	200	787.0	556.0	Priming
23716.0	23826.0	110	850.0	601.0	Priming
23846.0	24496.0	650	809.0	607.0	Priming
24536.0	26265.0	1729	802.0	587.0	Priming
26515.0	26665.0	150	763.0	646.0	Priming
26744.0	26824.0	80	789.0	619.0	Priming
26914.0	29033.0	2119	802.0	576.0	Priming
29053.0	29563.0	510	820.0	558.0	Priming
29603.0	29843.0	240	798.0	556.0	Priming
29883.0	30133.0	250	771.0	563.0	Priming
30152.0	30262.0	110	781.0	555.0	Priming
30282.0	30672.0	390	790.0	537.0	Priming
31302.0	31412.0	110	913.0	487.0	Setting Units
31432.0	31532.0	100	898.0	462.0	Setting Units
31582.0	31682.0	100	855.0	434.0	Setting Units
31702.0	31812.0	110	844.0	427.0	Setting Units
31831.0	32571.0	740	827.0	423.0	Setting Units
32661.0	32881.0	220	841.0	427.0	Setting Units
33001.0	34010.0	1009	842.0	421.0	Setting Units
34630.0	34730.0	100	653.0	626.0	Injection
34770.0	35030.0	260	779.0	618.0	Injection
35050.0	35660.0	610	882.0	558.0	Injection
35749.0	35859.0	110	943.0	411.0	Injection
36049.0	36129.0	80	917.0	399.0	Injection
36169.0	36409.0	240	894.0	401.0	Injection
36469.0	36629.0	160	882.0	364.0	Injection
36998.0	37108.0	110	874.0	372.0	Injection
37398.0	37638.0	240	862.0	409.0	Injection
37678.0	37908.0	230	845.0	434.0	Injection
38168.0	38508.0	340	846.0	154.0	Injection
38548.0	38658.0	110	877.0	176.0	Injection
38697.0	38807.0	110	911.0	169.0	Injection
38827.0	38927.0	100	931.0	158.0	Injection
38967.0	39187.0	220	952.0	127.0	Injection
39247.0	40196.0	949	965.0	114.0	Injection
40247.0	40417.0	170	984.0	101.0	Injection
40496.0	40916.0	420	989.0	122.0	Injection
40936.0	42105.0	1169	986.0	99.0	Injection
42145.0	42265.0	120	910.0	422.0	Injection
42285.0	44344.0	2059	914.0	480.0	Injection
44584.0	44664.0	80	1203.0	346.0	Injection
44684.0	44784.0	100	1156.0	353.0	Injection
44804.0	44924.0	120	1118.0	349.0	Injection
45064.0	45594.0	530	990.0	361.0	Injection
45613.0	46143.0	530	945.0	378.0	Injection
46183.0	49411.0	3228	912.0	411.0	Injection
49511.0	51940.0	2429	918.0	424.0	Injection
52270.0	52410.0	140	817.0	492.0	Injection
52429.0	52529.0	100	844.0	466.0	Injection
52549.0	52659.0	110	871.0	428.0	Injection
52699.0	53678.0	979	906.0	395.0	Injection
53729.0	53899.0	170	919.0	363.0	Injection
53969.0	54359.0	390	903.0	353.0	Injection
54378.0	55058.0	680	924.0	500.0	Remove Tip
55078.0	55168.0	90	888.0	455.0	Remove Tip
55228.0	55428.0	200	865.0	425.0	Remove Tip
55518.0	55688.0	170	835.0	366.0	Remove Tip
55768.0	55898.0	130	1105.0	399.0	Remove Tip
55967.0	56177.0	210	1071.0	388.0	Remove Tip
56367.0	56477.0	110	867.0	360.0	Remove Tip
56497.0	56577.0	80	852.0	351.0	Remove Tip
56597.0	56707.0	110	853.0	339.0	Remove Tip
56747.0	56997.0	250	888.0	312.0	Remove Tip
57017.0	57107.0	90	906.0	303.0	Remove Tip
57147.0	57427.0	280	914.0	293.0	Remove Tip
57447.0	58177.0	730	922.0	285.0	Remove Tip
58286.0	58426.0	140	933.0	287.0	Remove Tip
58536.0	58776.0	240	939.0	274.0	Remove Tip
58796.0	58976.0	180	945.0	285.0	Remove Tip
58996.0	59596.0	600	953.0	316.0	Remove Tip
59615.0	59725.0	110	933.0	330.0	Remove Tip
59765.0	60475.0	710	939.0	351.0	Remove Tip
60495.0	61694.0	1199	938.0	357.0	Remove Tip
61714.0	62693.0	979	940.0	337.0	Remove Tip
62713.0	62943.0	230	943.0	310.0	Remove Tip
62963.0	63223.0	260	917.0	340.0	Remove Tip
63263.0	63573.0	310	930.0	346.0	Remove Tip
63593.0	63743.0	150	1075.0	330.0	Remove Tip
63763.0	63943.0	180	1164.0	326.0	Remove Tip
63963.0	64173.0	210	1121.0	375.0	Remove Tip
64562.0	64632.0	70	433.0	647.0	Cap On
64652.0	64762.0	110	506.0	721.0	Cap On
64782.0	64872.0	90	588.0	704.0	Cap On
65232.0	65422.0	190	832.0	634.0	Cap On
65512.0	65602.0	90	885.0	606.0	Cap On
65732.0	65842.0	110	1097.0	298.0	Cap On
65862.0	65962.0	100	1043.0	321.0	Cap On
66032.0	66132.0	100	925.0	367.0	Cap On
66301.0	66541.0	240	895.0	388.0	Cap On
66561.0	66661.0	100	856.0	394.0	Cap On
66701.0	66941.0	240	834.0	392.0	Cap On
66961.0	67131.0	170	821.0	391.0	Cap On
67251.0	67381.0	130	847.0	378.0	Cap On
67401.0	67921.0	520	854.0	359.0	Cap On
67980.0	68210.0	230	865.0	363.0	Cap On
68270.0	68640.0	370	883.0	388.0	Cap On
68970.0	69140.0	170	690.0	369.0	Cap On
69170.0	69330.0	160	833.0	394.0	Cap On
69370.0	69600.0	230	828.0	403.0	Cap On
