Event Start Trial Time [ms]	Event End Trial Time [ms]	Event Duration [ms]	Visual Intake Position X [px]	Visual Intake Position Y [px]	Event
320.0	670.0	350	894.0	578.0	Cap Off
820.0	900.0	80	1002.0	589.0	Cap Off
919.0	1179.0	260	986.0	571.0	Cap Off
1259.0	1399.0	140	982.0	591.0	Cap Off
1419.0	1649.0	230	969.0	603.0	Cap Off
1689.0	1799.0	110	959.0	570.0	Cap Off
1839.0	1949.0	110	949.0	543.0	Cap Off
1989.0	2219.0	230	947.0	531.0	Cap Off
2319.0	2419.0	100	909.0	546.0	Cap Off
2568.0	3208.0	640	901.0	479.0	Cap Off
3248.0	3328.0	80	1149.0	436.0	Apply Tip
3388.0	3628.0	240	1077.0	448.0	Apply Tip
3818.0	4068.0	250	1096.0	505.0	Apply Tip
4158.0	4328.0	170	982.0	484.0	Apply Tip
4387.0	4497.0	110	942.0	450.0	Apply Tip
4517.0	4627.0	110	935.0	425.0	Apply Tip
4667.0	4947.0	280	948.0	399.0	Apply Tip
4967.0	5237.0	270	945.0	377.0	Apply Tip
5287.0	6047.0	760	956.0	365.0	Apply Tip
6066.0	7565.0	1499	974.0	339.0	Apply Tip
7586.0	8116.0	530	965.0	357.0	Apply Tip
8305.0	8835.0	530	962.0	342.0	Apply Tip
8875.0	9095.0	220	944.0	360.0	Apply Tip
9135.0	9385.0	250	932.0	361.0	Apply Tip
9534.0	9714.0	180	916.0	332.0	Apply Tip
9824.0	10084.0	260	909.0	336.0	Apply Tip
10104.0	10684.0	580	903.0	434.0	Apply Tip
10704.0	10834.0	130	885.0	553.0	Apply Tip
10854.0	11044.0	190	865.0	621.0	Setting Units
11273.0	11383.0	110	935.0	538.0	Setting Units
11403.0	11483.0	80	906.0	475.0	Setting Units
11523.0	11633.0	110	874.0	441.0	Setting Units
11673.0	11933.0	260	878.0	408.0	Setting Units
11953.0	12703.0	750	887.0	384.0	Setting Units
12962.0	13052.0	90	681.0	322.0	Priming
13072.0	13182.0	110	776.0	329.0	Priming
13202.0	13322.0	120	851.0	340.0	Priming
13342.0	14401.0	1059	883.0	443.0	Priming
14442.0	15571.0	1129	891.0	481.0	Priming
15651.0	15781.0	130	482.0	674.0	Priming
19689.0	20229.0	540	872.0	474.0	Priming
20308.0	21827.0	1519	874.0	472.0	Priming
21967.0	22077.0	110	876.0	521.0	Priming
22137.0	22397.0	260	883.0	471.0	Priming
22417.0	25275.0	2858	870.0	463.0	Priming
25355.0	25455.0	100	1248.0	636.0	Setting Units
25475.0	25615.0	140	1113.0	599.0	Setting Units
25635.0	25715.0	80	1016.0	567.0	Setting Units
25775.0	26135.0	360	888.0	497.0	Setting Units
26155.0	26245.0	90	827.0	461.0	Setting Units
26285.0	26455.0	170	832.0	420.0	Setting Units
26475.0	28754.0	2279	877.0	397.0	Setting Units
28783.0	29183.0	400	830.0	436.0	Injection
29343.0	29503.0	160	620.0	642.0	Injection
29603.0	29753.0	150	811.0	591.0	Injection
29773.0	29853.0	80	870.0	584.0	Injection
29873.0	29963.0	90	909.0	576.0	Injection
30003.0	30273.0	270	942.0	534.0	Injection
30292.0	30512.0	220	993.0	491.0	Injection
30572.0	30672.0	100	1007.0	437.0	Injection
30822.0	31052.0	230	965.0	358.0	Injection
31092.0	31352.0	260	954.0	328.0	Injection
31372.0	31502.0	130	962.0	313.0	Injection
31522.0	31642.0	120	980.0	302.0	Injection
31702.0	31882.0	180	993.0	282.0	Injection
31971.0	32211.0	240	997.0	288.0	Injection
32821.0	32921.0	100	987.0	304.0	Injection
32941.0	33171.0	230	977.0	308.0	Injection
33191.0	33431.0	240	1002.0	283.0	Injection
33451.0	33561.0	110	1021.0	257.0	Injection
33790.0	34620.0	830	1028.0	196.0	Injection
34670.0	35340.0	670	1046.0	157.0	Injection
35359.0	35489.0	130	1040.0	164.0	Injection
35509.0	36299.0	790	1012.0	177.0	Injection
36309.0	36589.0	280	973.0	225.0	Injection
36829.0	36919.0	90	1220.0	505.0	Injection
37068.0	37238.0	170	1096.0	519.0	Injection
37358.0	37468.0	110	1005.0	509.0	Injection
37488.0	37588.0	100	965.0	515.0	Injection
37638.0	37718.0	80	931.0	521.0	Injection
37758.0	38018.0	260	911.0	534.0	Injection
38038.0	38218.0	180	891.0	536.0	Injection
38318.0	38448.0	130	881.0	544.0	Injection
38508.0	40637.0	2129	912.0	561.0	Injection
40806.0	40916.0	110	919.0	565.0	Injection
40956.0	41466.0	510	921.0	536.0	Injection
41506.0	42705.0	1199	900.0	535.0	Injection
42805.0	44654.0	1849	889.0	537.0	Injection
44734.0	45464.0	730	893.0	535.0	Injection
45484.0	45604.0	120	910.0	534.0	Injection
45623.0	45713.0	90	921.0	538.0	Injection
46043.0	46183.0	140	755.0	472.0	Injection
46203.0	46273.0	70	826.0	421.0	Injection
46293.0	46403.0	110	866.0	378.0	Injection
46423.0	46533.0	110	914.0	337.0	Injection
46553.0	46673.0	120	951.0	310.0	Injection
46693.0	46873.0	180	981.0	258.0	Injection
46893.0	47103.0	210	995.0	210.0	Injection
47253.0	47673.0	420	1010.0	161.0	Injection
47692.0	47772.0	80	1060.0	109.0	Injection
47782.0	47862.0	80	1121.0	99.0	Injection
47922.0	48102.0	180	1131.0	237.0	Injection
48192.0	48452.0	260	1025.0	493.0	Injection
48472.0	48622.0	150	985.0	564.0	Remove Tip
48642.0	48732.0	90	949.0	571.0	Remove Tip
48772.0	48882.0	110	927.0	538.0	Remove Tip
48902.0	49032.0	130	921.0	493.0	Remove Tip
49091.0	49451.0	360	910.0	466.0	Remove Tip
49471.0	49581.0	110	875.0	450.0	Remove Tip
49601.0	49731.0	130	859.0	433.0	Remove Tip
49791.0	50001.0	210	869.0	404.0	Remove Tip
50071.0	50221.0	150	866.0	428.0	Remove Tip
50341.0	50431.0	90	871.0	457.0	Remove Tip
50451.0	50551.0	100	883.0	424.0	Remove Tip
50591.0	50851.0	260	893.0	371.0	Remove Tip
50870.0	51520.0	650	924.0	339.0	Remove Tip
51560.0	51660.0	100	945.0	322.0	Remove Tip
52390.0	52920.0	530	947.0	333.0	Remove Tip
53069.0	53619.0	550	974.0	371.0	Remove Tip
53659.0	54189.0	530	961.0	365.0	Remove Tip
54208.0	55008.0	800	936.0	363.0	Remove Tip
55018.0	55188.0	170	1023.0	357.0	Remove Tip
55228.0	55448.0	220	1122.0	353.0	Remove Tip
55468.0	55578.0	110	1165.0	336.0	Remove Tip
55618.0	55788.0	170	1135.0	312.0	Remove Tip
55887.0	55987.0	100	790.0	367.0	Remove Tip
56217.0	56297.0	80	969.0	736.0	Cap On
56317.0	56447.0	130	934.0	638.0	Cap On
56507.0	56617.0	110	912.0	542.0	Cap On
56657.0	56737.0	80	915.0	483.0	Cap On
57037.0	57157.0	120	753.0	112.0	Cap On
57177.0	57307.0	130	812.0	143.0	Cap On
57327.0	57417.0	90	849.0	189.0	Cap On
57437.0	57607.0	170	882.0	215.0	Cap On
57626.0	57716.0	90	932.0	241.0	Cap On
57736.0	57836.0	100	941.0	254.0	Cap On
57856.0	57986.0	130	913.0	249.0	Cap On
58136.0	58386.0	250	833.0	260.0	Cap On
58406.0	58806.0	400	820.0	247.0	Cap On
58826.0	59216.0	390	841.0	231.0	Cap On
59256.0	59366.0	110	829.0	236.0	Cap On
59425.0	59575.0	150	834.0	245.0	Cap On
59615.0	59805.0	190	621.0	273.0	Cap On
59825.0	59955.0	130	577.0	301.0	Cap On
