Event Start Trial Time [ms]	Event End Trial Time [ms]	Event Duration [ms]	Visual Intake Position X [px]	Visual Intake Position Y [px]	Event
1119	1479	360	956	476	Cap Off
1519	1789	270	942	507	Cap Off
1809	2319	510	966	515	Cap Off
2359	2619	260	921	505	Cap Off
2768	3438	670	946	561	Cap Off
3458	3718	260	965	577	Cap Off
3958	4158	200	971	582	Cap Off
4218	4638	420	943	585	Cap Off
4737	4827	90	931	605	Cap Off
4987	5247	260	935	604	Cap Off
5287	5657	370	953	586	Cap Off
5677	5877	200	931	565	Cap Off
5977	6077	100	1069	591	Cap Off
6236	6356	120	491	422	Cap Off
6376	6556	180	659	421	Cap Off
6656	6816	160	852	511	Cap Off
6876	7136	260	889	421	Cap Off
7276	7346	70	839	521	Cap Off
7576	7736	160	1097	565	Cap Off
7786	7906	120	1208	574	Cap Off
8025	8155	130	791	567	Cap Off
8405	8675	270	1314	582	Cap Off
8855	8985	130	701	547	Apply Tip
9055	9135	80	906	502	Apply Tip
9185	9285	100	953	525	Apply Tip
9305	9455	150	955	562	Apply Tip
9475	9585	110	965	550	Apply Tip
9604	10114	510	995	549	Apply Tip
10174	10414	240	1023	553	Apply Tip
10454	11703	1249	1052	570	Apply Tip
11723	11833	110	1069	581	Apply Tip
11853	12523	670	1087	582	Apply Tip
12623	12883	260	1097	579	Apply Tip
12923	14162	1239	1106	577	Apply Tip
14222	14292	70	1129	585	Apply Tip
14372	14752	380	948	574	Apply Tip
15001	15151	150	902	649	Apply Tip
15171	15251	80	926	651	Setting Units
15321	15531	210	996	601	Setting Units
15551	15721	170	992	573	Setting Units
15741	16900	1159	978	548	Setting Units
16970	17240	270	693	565	Setting Units
17260	17350	90	756	556	Priming
17370	17470	100	802	565	Priming
17510	18050	540	837	582	Priming
18070	18140	70	826	591	Priming
18220	18290	70	930	513	Priming
18309	18449	140	948	445	Priming
18469	18579	110	939	475	Priming
18639	18739	100	1105	509	Priming
18909	19139	230	931	558	Priming
19219	19299	80	879	560	Priming
19509	19619	110	822	563	Priming
19639	19869	230	870	525	Priming
19889	19999	110	897	446	Priming
20019	20269	250	912	404	Priming
20418	20668	250	917	385	Priming
20708	22597	1889	901	382	Priming
22657	22937	280	909	615	Priming
22947	23237	290	921	535	Priming
23277	23957	680	951	711	Priming
24006	24166	160	906	461	Priming
24226	24486	260	910	428	Priming
24506	25096	590	900	384	Priming
25156	25246	90	948	492	Priming
25285	25395	110	936	496	Priming
25855	26095	240	981	747	Priming
26155	26345	190	899	709	Priming
26405	26555	150	1063	609	Priming
26735	26895	160	1229	624	Priming
26935	27035	100	1127	601	Priming
27224	27474	250	626	393	Priming
27494	27694	200	707	392	Priming
27824	27904	80	1271	619	Priming
28074	28244	170	910	574	Priming
28294	28554	260	824	576	Priming
28893	29113	220	1061	600	Priming
29303	29483	180	1110	613	Priming
29553	29633	80	1067	609	Priming
30093	30273	180	766	576	Priming
30353	30473	120	759	573	Priming
30922	31102	180	818	574	Priming
31142	31532	390	780	564	Priming
31552	31842	290	759	573	Priming
31892	32142	250	531	380	Priming
32281	32371	90	1231	600	Priming
32391	32601	210	1180	596	Setting Units
32651	32821	170	1123	572	Setting Units
32841	34940	2099	1096	582	Setting Units
35430	35520	90	766	619	Setting Units
35689	35779	90	879	585	Injection
35959	36069	110	934	571	Injection
36239	36299	60	1021	548	Injection
36389	36499	110	1081	522	Injection
36519	36639	120	1102	458	Injection
36659	36749	90	1125	433	Injection
36919	37269	350	1117	445	Injection
37359	37639	280	1153	436	Injection
37658	38448	790	1111	457	Injection
38508	39308	800	1130	487	Injection
39327	39457	130	1119	498	Injection
39477	39807	330	1096	513	Injection
40227	40337	110	1141	565	Injection
40557	40667	110	1080	436	Injection
40687	41087	400	1051	449	Injection
41106	42375	1269	1056	415	Injection
42486	42876	390	858	731	Injection
42935	43065	130	1059	667	Injection
43085	43315	230	1120	630	Injection
43335	43455	120	1096	638	Injection
43605	43695	90	1233	417	Injection
43755	43855	100	1184	387	Injection
43875	44015	140	1241	310	Injection
44105	44305	200	1253	322	Injection
44464	44604	140	1042	661	Injection
44624	45094	470	1127	626	Injection
45144	45344	200	1016	663	Injection
45374	45534	160	923	667	Injection
45694	45854	160	1285	387	Injection
45974	46074	100	1265	394	Injection
46243	46333	90	1248	407	Injection
46353	46483	130	1235	401	Injection
46543	46783	240	1236	382	Injection
46823	47872	1049	1238	394	Injection
47892	48152	260	1183	365	Injection
48192	48482	290	1169	364	Injection
48532	49182	650	1203	387	Injection
49202	49632	430	1167	376	Injection
49661	49991	330	1233	285	Injection
50071	50151	80	1224	272	Injection
50191	50441	250	1262	235	Injection
50721	50911	190	1183	297	Injection
50921	51141	220	1187	285	Injection
51161	51251	90	1179	296	Injection
51271	51371	100	1171	313	Injection
51410	52030	620	1186	304	Injection
52120	52230	110	1099	364	Injection
52290	52570	280	1108	334	Injection
52620	52970	350	1095	387	Injection
52990	53240	250	1123	361	Injection
53259	53369	110	1132	369	Injection
53409	53559	150	1160	370	Injection
53629	53899	270	847	671	Injection
53959	54149	190	889	653	Injection
54259	54489	230	893	647	Injection
54908	54998	90	910	374	Injection
55168	55288	120	1179	609	Injection
55308	55558	250	1096	582	Remove Tip
55578	55738	160	1013	595	Remove Tip
55838	55958	120	1090	492	Remove Tip
55978	56118	140	1063	519	Remove Tip
56138	56388	250	1054	546	Remove Tip
56537	56667	130	1021	583	Remove Tip
56687	56807	120	1005	574	Remove Tip
56827	58016	1189	973	564	Remove Tip
58127	58257	130	972	549	Remove Tip
58336	58416	80	1141	531	Remove Tip
58456	58676	220	1127	540	Remove Tip
58706	59086	380	984	568	Remove Tip
59156	59316	160	1112	550	Remove Tip
59446	60036	590	922	581	Remove Tip
60055	60295	240	918	560	Remove Tip
60335	60835	500	917	536	Remove Tip
60955	61884	929	921	535	Remove Tip
62024	63133	1109	913	540	Remove Tip
63174	63874	700	896	550	Remove Tip
63893	63983	90	898	535	Remove Tip
64023	64133	110	944	514	Remove Tip
64593	64733	140	1058	505	Remove Tip
64753	64833	80	1089	573	Remove Tip
64853	64933	80	1018	559	Remove Tip
65552	65672	120	683	619	Remove Tip
65692	65762	70	773	565	Cap On
65832	65922	90	1058	500	Cap On
65942	66182	240	1032	502	Cap On
66202	66412	210	983	511	Cap On
66502	66712	210	1058	515	Cap On
66772	67002	230	1090	528	Cap On
67041	67701	660	1031	538	Cap On
67771	67871	100	1231	546	Cap On
67891	67971	80	1167	587	Cap On
67991	68121	130	1117	599	Cap On
68141	68251	110	1106	610	Cap On
68421	68631	210	950	611	Cap On
68690	68920	230	987	630	Cap On
68960	69140	180	986	613	Cap On
69220	69320	100	980	602	Cap On
69360	69490	130	1011	651	Cap On
69660	69770	110	999	572	Cap On
69990	70070	80	1007	549	Cap On
70090	70160	70	1015	539	Cap On
70240	70440	200	994	478	Cap On
70509	70599	90	988	462	Cap On
