Event Start Trial Time [ms]	Event End Trial Time [ms]	Event Duration [ms]	Visual Intake Position X [px]	Visual Intake Position Y [px]	Event
899	1009	110	615	668	Cap Off
1129	1339	210	972	756	Cap Off
1409	1519	110	927	801	Cap Off
1539	1659	120	902	847	Cap Off
1679	1869	190	899	814	Cap Off
1989	2189	200	935	800	Cap Off
2229	2319	90	913	817	Cap Off
2359	2469	110	925	816	Cap Off
2489	2839	350	932	825	Cap Off
2848	3118	270	970	768	Cap Off
3178	3288	110	1417	842	Cap Off
3508	3608	100	1232	744	Cap Off
3628	3738	110	1216	732	Apply Tip
3788	3998	210	1242	755	Apply Tip
4038	4148	110	1258	766	Apply Tip
4228	4408	180	1034	727	Apply Tip
4457	4587	130	756	751	Apply Tip
4607	4777	170	834	723	Apply Tip
4797	4967	170	899	690	Apply Tip
5007	5267	260	926	639	Apply Tip
5307	5387	80	922	649	Apply Tip
5427	5517	90	884	671	Apply Tip
5567	5837	270	931	673	Apply Tip
5897	6217	320	972	667	Apply Tip
6256	7026	770	989	649	Apply Tip
7226	8036	810	1017	645	Apply Tip
8095	8635	540	996	639	Apply Tip
8815	8885	70	997	658	Apply Tip
8905	9095	190	972	631	Apply Tip
9155	9735	580	958	635	Apply Tip
9824	9994	170	963	645	Apply Tip
10014	10354	340	978	638	Apply Tip
10394	10864	470	996	645	Apply Tip
11123	11193	70	984	646	Apply Tip
11213	11733	520	970	636	Apply Tip
11813	12023	210	964	619	Apply Tip
12373	12493	120	934	635	Apply Tip
12673	13572	899	939	641	Apply Tip
13752	13992	240	943	639	Apply Tip
14072	14342	270	845	572	Apply Tip
14362	14782	420	848	538	Apply Tip
14821	15041	220	871	521	Apply Tip
15061	15321	260	857	549	Apply Tip
15341	15571	230	875	547	Apply Tip
15611	15871	260	893	556	Apply Tip
15891	16001	110	908	570	Apply Tip
16190	16270	80	982	634	Apply Tip
16300	16570	270	824	693	Apply Tip
16590	16740	150	817	762	Apply Tip
16760	16960	200	829	808	Apply Tip
17040	17220	180	864	948	Apply Tip
17310	17420	110	891	903	Setting Units
17580	17710	130	910	819	Setting Units
17730	17840	110	912	789	Setting Units
17859	17969	110	893	765	Setting Units
18039	18119	80	870	737	Setting Units
18159	18259	100	846	718	Setting Units
18279	18409	130	832	703	Setting Units
18429	18499	70	821	693	Setting Units
18539	19528	989	801	683	Setting Units
19708	19868	160	809	696	Setting Units
20128	20218	90	755	535	Setting Units
20238	20338	100	793	579	Priming
20358	20578	220	827	637	Priming
20608	20888	280	860	502	Priming
20908	21278	370	877	487	Priming
21297	21937	640	887	476	Priming
21977	22167	190	872	483	Priming
22277	23136	859	877	939	Priming
23256	23326	70	884	622	Priming
23386	23736	350	854	889	Priming
23756	23856	100	848	870	Priming
23896	24376	480	858	873	Priming
24675	24775	100	494	425	Priming
24855	24985	130	645	461	Priming
25005	25085	80	695	482	Priming
25145	25235	90	706	490	Priming
25255	25505	250	718	509	Priming
25525	25785	260	730	520	Priming
25825	26085	260	697	532	Priming
26105	26335	230	711	535	Priming
26394	26774	380	745	547	Priming
26824	27604	780	791	566	Priming
27624	27754	130	872	576	Priming
27774	27844	70	850	582	Priming
28063	28733	670	842	564	Priming
28773	29003	230	868	570	Priming
29043	29463	420	820	573	Priming
29483	29593	110	853	505	Priming
29872	30572	700	834	493	Priming
30592	31092	500	822	504	Priming
31112	31752	640	832	468	Priming
31771	32041	270	812	545	Priming
32061	32151	90	790	572	Priming
32191	32601	410	792	601	Priming
32891	33141	250	1029	856	Priming
33160	33410	250	922	763	Setting Units
33430	33520	90	893	719	Setting Units
33560	33670	110	871	720	Setting Units
33690	34070	380	854	712	Setting Units
34090	35749	1659	878	701	Setting Units
35829	36299	470	889	687	Setting Units
36339	36469	130	902	691	Setting Units
37308	37438	130	1073	484	Setting Units
37458	37538	80	1048	485	Setting Units
37608	37738	130	909	526	Setting Units
37778	37848	70	1072	429	Setting Units
37888	38008	120	1031	438	Setting Units
38028	38138	110	1019	450	Setting Units
38157	38307	150	1034	470	Setting Units
38407	38487	80	595	729	Setting Units
38577	38787	210	687	708	Injection
38847	39047	200	792	628	Injection
39177	39507	330	867	570	Injection
39547	39767	220	877	524	Injection
39826	40036	210	886	509	Injection
40076	40316	240	943	521	Injection
40356	40616	260	1021	514	Injection
40646	40986	340	1275	458	Injection
41076	41436	360	961	494	Injection
41476	41706	230	969	422	Injection
41745	41905	160	936	408	Injection
41925	42814	889	931	392	Injection
42855	43814	959	939	405	Injection
43934	44104	170	1134	227	Injection
44274	44514	240	1118	158	Injection
44844	45024	180	952	435	Injection
45663	46962	1299	940	462	Injection
47332	47422	90	1223	69	Injection
47442	47532	90	1239	107	Injection
47572	47702	130	1180	166	Injection
47722	47842	120	1178	200	Injection
48341	48531	190	910	594	Injection
48571	49051	480	903	610	Injection
49201	49291	90	1166	241	Injection
49411	49651	240	1171	276	Injection
49731	49821	90	1043	254	Injection
49841	49961	120	1038	270	Injection
50130	50390	260	1061	288	Injection
50410	50640	230	1029	285	Injection
50680	51300	620	1048	299	Injection
51340	51890	550	1053	319	Injection
51909	52239	330	1077	325	Injection
52499	52679	180	912	693	Injection
52719	53319	600	911	666	Injection
53428	53708	280	1071	276	Injection
53728	53818	90	1040	287	Injection
53838	54288	450	1064	309	Injection
54308	54458	150	1076	313	Injection
54638	54708	70	1146	321	Injection
54728	54998	270	1165	320	Injection
55147	55777	630	1075	312	Injection
56107	57676	1569	923	678	Injection
58415	58735	320	1093	641	Injection
58775	58905	130	1200	654	Injection
58915	58985	70	1250	631	Injection
59025	59255	230	1082	674	Injection
59295	59405	110	931	717	Injection
59445	59575	130	1159	694	Injection
59595	59805	210	1126	696	Remove Tip
59885	60105	220	1475	744	Remove Tip
60124	60234	110	1423	703	Remove Tip
60444	60524	80	1233	651	Remove Tip
60744	60844	100	604	682	Remove Tip
60864	60934	70	643	660	Remove Tip
60974	61224	250	730	655	Remove Tip
61304	61504	200	983	610	Remove Tip
61564	62024	460	932	604	Remove Tip
62063	62183	120	911	636	Remove Tip
62223	62343	120	922	629	Remove Tip
62363	62773	410	936	619	Remove Tip
62793	63433	640	932	651	Remove Tip
63512	63692	180	949	630	Remove Tip
63742	63902	160	968	617	Remove Tip
63922	64212	290	1003	612	Remove Tip
64342	64702	360	979	636	Remove Tip
64772	64982	210	964	639	Remove Tip
65042	65172	130	982	610	Remove Tip
65321	65441	120	969	607	Remove Tip
65461	65551	90	921	637	Remove Tip
65591	65841	250	902	648	Remove Tip
65861	66051	190	896	659	Remove Tip
66171	66521	350	874	617	Remove Tip
66561	66791	230	833	608	Remove Tip
66811	67271	460	879	607	Remove Tip
67290	67970	680	922	599	Remove Tip
67990	68090	100	923	610	Remove Tip
68140	68360	220	922	626	Remove Tip
68380	68560	180	906	615	Remove Tip
68809	69189	380	900	598	Remove Tip
69209	70138	929	901	583	Remove Tip
70159	70409	250	928	597	Remove Tip
70578	70768	190	1214	601	Remove Tip
70838	70968	130	862	587	Cap On
71128	71308	180	1119	596	Cap On
71358	71768	410	848	625	Cap On
71808	72038	230	847	600	Cap On
72077	72227	150	854	569	Cap On
72257	72467	210	820	658	Cap On
72507	72607	100	836	662	Cap On
72627	72807	180	853	659	Cap On
72907	73027	120	854	637	Cap On
73047	73137	90	846	625	Cap On
73527	73607	80	893	626	Cap On
74046	74216	170	659	353	Cap On
