start_time	end_time	App	Cap	Gauge	Pad	Pen	Safety	Tip	Action	sequence	Dict_value
1.355	1.465	282.7	0.0	183.2	691.1	9.0	582.9	1600.0	Cap Off	DADDADD	1683
1.628	1.718	274.8	0.0	1600.0	678.6	7.0	567.2	1600.0	Cap Off	DADDADD	1683
1.754	1.864	266.3	0.0	1600.0	672.7	12.0	571.5	1600.0	Cap Off	DADDADD	1683
2.065	2.145	298.2	4.0	246.6	796.2	33.0	491.3	1600.0	Cap Off	DADDBDD	1692
2.188	2.398	320.5	0.0	295.1	848.7	81.0	485.1	1600.0	Cap Off	DADDBDD	1692
2.485	2.605	305.0	0.0	244.1	806.7	21.0	529.5	1600.0	Cap Off	DADDADD	1683
2.625	2.735	311.7	0.0	252.4	814.4	28.0	529.1	1600.0	Cap Off	DADDBDD	1692
2.774	2.954	329.6	85.9	253.0	832.1	30.0	520.1	1600.0	Cap Off	DBDDBDD	1935
3.086	3.196	332.1	276.9	281.2	842.5	14.3	529.4	67.1	Cap Off	DDDDADB	2168
3.258	3.338	341.1	430.6	272.1	848.0	0.0	545.6	1600.0	Cap Off	DDDDADD	2169
3.374	3.454	340.0	329.7	301.7	867.1	0.0	1600.0	32.0	Cap Off	DDDDADB	2168
3.506	3.656	342.0	371.4	304.0	879.3	1.0	1600.0	17.1	Cap Off	DDDDADA	2167
3.773	3.883	808.4	381.4	506.7	1600.0	434.3	21.8	1600.0	Apply Tip	DDDDDAD	2181
4.134	4.204	883.0	367.9	585.5	1600.0	519.6	1.0	547.5	Apply Tip	DDDDDAD	2181
4.273	4.363	881.7	376.0	589.5	1600.0	519.9	0.0	550.2	Apply Tip	DDDDDAD	2181
4.407	4.517	898.2	365.7	604.1	1600.0	536.5	0.0	567.0	Apply Tip	DDDDDAD	2181
4.554	4.664	907.8	364.5	611.3	1600.0	544.1	0.0	573.3	Apply Tip	DDDDDAD	2181
4.687	4.837	921.8	345.9	635.1	1600.0	566.7	13.3	300.5	Apply Tip	DDDDDAD	2181
4.854	4.954	918.9	347.4	631.6	1600.0	563.5	5.0	590.2	Apply Tip	DDDDDAD	2181
4.973	5.263	905.1	1600.0	616.9	1600.0	550.3	0.0	577.9	Apply Tip	DDDDDAD	2181
5.287	5.467	879.4	1600.0	590.4	1600.0	514.4	1600.0	539.9	Apply Tip	DDDDDDD	2187
5.507	5.617	738.3	1600.0	520.6	1600.0	394.7	61.1	397.5	Apply Tip	DDDDDBD	2184
5.672	5.892	549.1	1600.0	480.6	1152.8	232.4	8.1	1600.0	Apply Tip	DDDDDAD	2181
5.936	6.026	433.4	895.2	463.3	1002.7	161.0	0.0	1600.0	Apply Tip	DDDDDAD	2181
6.066	6.186	331.3	927.7	327.2	852.6	0.0	95.5	1600.0	Apply Tip	DDDDABD	2166
6.204	6.314	325.4	952.3	348.1	857.6	12.2	60.7	1600.0	Apply Tip	DDDDABD	2166
6.486	6.796	353.0	1600.0	359.3	881.5	7.6	15.8	1600.0	Apply Tip	DDDDAAD	2163
6.945	7.025	378.1	1600.0	356.8	894.1	17.0	19.4	1600.0	Apply Tip	DDDDAAD	2163
7.172	7.422	342.0	1600.0	365.9	857.9	17.0	0.0	1600.0	Apply Tip	DDDDAAD	2163
7.443	8.103	353.1	1600.0	349.5	862.5	0.0	10.4	1600.0	Apply Tip	DDDDAAD	2163
8.255	8.385	335.0	1600.0	365.1	854.8	18.0	0.0	1600.0	Apply Tip	DDDDAAD	2163
8.445	8.675	326.2	1600.0	363.0	845.4	14.0	0.0	1600.0	Apply Tip	DDDDAAD	2163
8.955	9.465	345.1	1600.0	371.3	866.0	22.8	0.0	1600.0	Apply Tip	DDDDAAD	2163
9.501	10.011	343.0	974.8	377.3	866.4	21.1	0.0	1600.0	Apply Tip	DDDDAAD	2163
10.05	10.13	379.0	927.6	405.4	902.5	47.5	191.3	11.4	Apply Tip	DDDDBDA	2176
10.19	10.3	375.0	1600.0	376.6	896.8	25.6	299.2	7.0	Apply Tip	DDDDBDA	2176
10.344	10.484	373.0	1600.0	360.7	888.7	27.7	397.5	24.0	Apply Tip	DDDDBDA	2176
10.622	10.702	407.0	861.5	66.6	791.8	0.0	1600.0	292.0	Setting Units	DDBDADD	2088
10.77	10.86	408.0	884.2	1.4	776.5	10.0	1600.0	355.0	Setting Units	DDADADD	2007
10.912	10.982	416.4	845.9	9.0	807.0	3.0	1600.0	344.2	Setting Units	DDADADD	2007
11.018	11.158	416.7	809.4	8.9	834.3	19.4	1600.0	361.7	Setting Units	DDADADD	2007
11.549	11.649	415.6	804.5	21.0	877.6	55.0	412.4	1600.0	Setting Units	DDADBDD	2016
11.709	11.859	439.7	790.7	14.0	895.6	65.0	411.2	1600.0	Setting Units	DDADBDD	2016
12.1	12.22	399.3	831.5	8.0	840.4	21.0	467.5	1600.0	Setting Units	DDADADD	2007
12.259	12.359	427.1	806.7	0.0	879.4	45.0	428.4	1600.0	Setting Units	DDADBDD	2016
12.553	12.623	436.5	790.4	0.0	892.1	45.3	419.8	1600.0	Setting Units	DDADBDD	2016
12.691	12.771	441.9	792.9	26.2	903.9	47.4	405.9	410.6	Setting Units	DDBDBDD	2097
13.518	13.748	548.4	918.7	541.9	1126.5	211.0	359.4	185.3	Priming	DDDDDDD	2187
13.94	14.02	361.2	1017.5	458.0	944.7	96.3	487.8	54.8	Priming	DDDDBDB	2177
14.209	14.449	364.0	998.6	438.3	941.9	75.0	471.4	28.9	Priming	DDDDBDB	2177
14.541	14.711	362.4	1006.1	442.2	940.8	80.0	475.9	32.0	Priming	DDDDBDB	2177
15.007	15.277	396.0	931.1	391.4	961.1	31.9	411.7	19.2	Priming	DDDDBDA	2176
15.656	15.836	0.0	1374.8	490.4	436.0	406.4	884.0	450.7	Priming	ADDDDDD	729
16.006	16.116	0.0	1600.0	507.5	441.0	419.1	892.2	461.1	Priming	ADDDDDD	729
16.29	16.37	0.0	1600.0	527.4	447.9	439.1	905.0	479.6	Priming	ADDDDDD	729
17.238	17.438	0.0	1600.0	515.8	453.3	439.9	888.4	493.0	Priming	ADDDDDD	729
17.488	17.568	5.0	1600.0	502.1	470.2	415.3	864.2	467.3	Priming	ADDDDDD	729
17.62	17.74	1.0	1600.0	502.1	472.7	402.9	866.1	442.1	Priming	ADDDDDD	729
17.906	18.106	10.8	1600.0	536.7	430.1	445.7	911.1	489.1	Priming	ADDDDDD	729
18.149	18.309	1600.0	1600.0	526.1	463.9	427.6	885.3	466.0	Priming	DDDDDDD	2187
18.455	18.735	24.2	1600.0	546.6	407.2	461.6	933.1	506.6	Priming	ADDDDDD	729
18.759	18.869	0.0	1600.0	559.5	393.4	466.8	943.7	506.0	Priming	ADDDDDD	729
18.884	18.984	0.0	1600.0	589.5	391.4	489.5	964.3	519.6	Priming	ADDDDDD	729
19.154	19.514	27.3	1600.0	553.3	411.1	465.7	944.2	510.1	Priming	BDDDDDD	1458
19.537	19.637	0.0	1600.0	553.9	407.2	458.5	947.3	493.0	Priming	ADDDDDD	729
19.655	19.935	0.0	1600.0	561.3	434.7	475.7	959.9	517.2	Priming	ADDDDDD	729
19.957	20.047	0.0	1600.0	575.6	363.9	494.1	986.9	537.6	Priming	ADDDDDD	729
20.087	20.337	0.0	1600.0	563.5	374.0	476.7	965.4	515.2	Priming	ADDDDDD	729
20.638	20.768	0.0	1600.0	551.3	399.6	451.2	956.8	481.5	Priming	ADDDDDD	729
20.786	20.896	0.0	1600.0	528.0	407.9	431.6	938.9	469.3	Priming	ADDDDDD	729
21.142	21.302	0.0	1600.0	572.3	404.1	467.4	973.0	496.1	Priming	ADDDDDD	729
21.355	22.284	0.0	1600.0	571.1	406.6	464.3	967.5	493.0	Priming	ADDDDDD	729
22.355	22.565	0.0	1600.0	575.5	402.9	469.1	972.1	497.0	Priming	ADDDDDD	729
22.602	22.862	0.0	1600.0	578.0	415.6	466.5	966.4	489.0	Priming	ADDDDDD	729
22.924	23.324	0.0	1600.0	576.3	399.4	472.7	975.3	500.0	Priming	ADDDDDD	729
23.454	23.704	0.0	1600.0	579.9	404.5	471.2	973.9	495.0	Priming	ADDDDDD	729
23.724	23.814	0.0	1600.0	603.3	376.6	501.0	1006.3	529.0	Priming	ADDDDDD	729
23.906	24.206	0.0	1600.0	582.4	399.2	476.1	977.9	501.0	Priming	ADDDDDD	729
24.293	24.383	0.0	1600.0	588.1	398.1	480.1	982.9	505.0	Priming	ADDDDDD	729
24.543	24.783	11.4	1600.0	650.0	360.8	547.4	1047.1	569.5	Priming	ADDDDDD	729
24.862	24.932	5.0	1600.0	637.0	356.7	544.9	1040.7	575.0	Priming	ADDDDDD	729
24.955	25.055	0.0	1600.0	570.4	414.5	474.4	958.2	507.1	Priming	ADDDDDD	729
25.143	25.263	414.6	1600.0	85.1	777.6	0.0	538.9	289.4	Setting Units	DDBDADD	2088
25.374	25.464	432.0	877.2	0.0	811.4	32.6	525.1	390.0	Setting Units	DDADBDD	2016
25.501	25.631	414.1	1600.0	6.7	829.8	18.8	500.0	381.9	Setting Units	DDADADD	2007
25.655	25.775	422.9	845.0	0.0	859.8	30.9	479.7	393.6	Setting Units	DDADBDD	2016
25.791	25.861	415.6	852.9	0.0	855.3	27.6	485.2	392.1	Setting Units	DDADBDD	2016
25.945	26.055	437.4	829.9	0.0	878.7	47.5	471.0	420.3	Setting Units	DDADBDD	2016
26.07	26.2	422.7	847.6	0.0	867.7	30.0	483.7	405.8	Setting Units	DDADBDD	2016
26.221	26.731	413.5	855.8	0.0	864.1	17.0	490.3	1600.0	Setting Units	DDADADD	2007
27.05	27.17	176.6	1190.0	387.5	788.4	15.5	689.7	4.1	Priming	DDDDADA	2167
27.19	27.28	254.0	1123.3	407.1	863.3	37.0	606.8	2.8	Priming	DDDDBDA	2176
27.344	27.704	342.0	1043.8	448.1	944.4	86.0	504.7	39.0	Priming	DDDDBDB	2177
27.723	27.953	379.5	992.1	439.0	972.7	80.0	449.1	31.6	Priming	DDDDBDB	2177
28.04	29.299	392.6	971.9	436.9	979.9	72.0	430.8	28.2	Priming	DDDDBDB	2177
29.392	29.472	407.3	1600.0	426.9	985.2	62.8	414.5	27.8	Priming	DDDDBDB	2177
29.662	29.732	0.0	1600.0	526.6	464.9	422.6	886.7	451.6	Priming	ADDDDDD	729
29.768	29.878	0.0	1600.0	538.4	448.8	439.7	904.4	470.6	Priming	ADDDDDD	729
29.941	30.021	0.0	1600.0	564.1	418.0	475.0	939.3	512.3	Priming	ADDDDDD	729
30.062	30.152	0.0	1600.0	571.4	412.8	482.2	948.2	520.9	Priming	ADDDDDD	729
30.211	30.321	0.0	1600.0	584.4	410.4	496.4	965.7	536.1	Priming	ADDDDDD	729
30.372	30.582	0.0	1600.0	588.5	398.8	506.4	979.3	553.1	Priming	ADDDDDD	729
31.041	31.191	0.0	1600.0	575.3	401.8	495.5	969.7	544.3	Priming	ADDDDDD	729
31.341	31.441	0.0	1600.0	569.0	400.7	490.2	967.7	540.6	Priming	ADDDDDD	729
31.489	32.468	0.0	1600.0	561.9	411.1	480.5	955.7	527.7	Priming	ADDDDDD	729
32.986	33.766	0.0	1600.0	560.3	404.3	481.3	961.2	531.5	Priming	ADDDDDD	729
34.01	34.27	0.0	1600.0	590.8	389.6	510.8	989.3	556.3	Priming	ADDDDDD	729
34.339	34.469	0.0	1600.0	596.2	389.0	515.9	993.2	560.2	Priming	ADDDDDD	729
34.569	34.819	0.0	1600.0	565.4	412.5	482.0	960.3	530.5	Priming	ADDDDDD	729
35.139	35.359	0.0	1600.0	572.7	403.3	492.9	969.1	540.4	Priming	ADDDDDD	729
37.055	38.834	0.0	1600.0	584.1	425.2	493.0	963.3	532.0	Priming	ADDDDDD	729
38.985	39.185	0.0	1600.0	572.3	416.6	488.5	961.7	533.1	Priming	ADDDDDD	729
39.207	39.387	0.0	1600.0	554.7	414.2	482.0	951.6	537.6	Priming	ADDDDDD	729
39.422	39.512	0.0	1600.0	558.5	415.6	483.4	959.9	536.5	Priming	ADDDDDD	729
39.534	39.664	0.0	1600.0	556.2	440.0	467.2	948.2	513.1	Priming	ADDDDDD	729
39.816	39.886	457.5	1600.0	0.0	807.0	24.0	539.4	384.9	Setting Units	DDADADD	2007
40.146	40.216	424.2	1600.0	0.0	828.6	23.6	541.6	396.1	Setting Units	DDADADD	2007
40.424	40.504	431.6	844.1	0.0	880.2	15.3	497.3	394.2	Setting Units	DDADADD	2007
40.526	40.826	436.6	835.2	0.0	887.7	25.0	485.7	383.0	Setting Units	DDADADD	2007
40.954	41.084	433.8	860.0	9.2	873.9	59.0	492.6	404.3	Setting Units	DDADBDD	2016
41.106	41.226	410.4	892.0	5.8	845.3	30.4	517.4	372.3	Setting Units	DDADBDD	2016
41.241	41.351	423.1	881.5	0.0	868.1	43.0	495.9	388.6	Setting Units	DDADBDD	2016
41.555	42.514	418.5	887.9	0.0	865.4	35.0	500.7	386.8	Setting Units	DDADBDD	2016
42.552	42.752	421.5	884.7	0.0	855.6	22.0	507.0	370.3	Setting Units	DDADADD	2007
43.014	43.084	305.5	1600.0	882.3	0.0	494.9	1375.7	1600.0	Injection	DDDADDD	2133
43.124	43.214	308.8	1600.0	815.4	0.0	422.5	1600.0	385.9	Injection	DDDADDD	2133
43.25	43.33	324.1	1600.0	723.0	0.0	354.4	585.0	327.6	Injection	DDDADDD	2133
43.394	43.524	1600.0	1600.0	606.0	0.0	322.0	1600.0	1600.0	Injection	DDDADDD	2133
43.544	43.804	334.9	1600.0	629.4	0.0	254.2	375.4	227.9	Injection	DDDADDD	2133
43.824	44.024	491.4	1600.0	497.0	0.0	125.3	1600.0	104.7	Injection	DDDABDB	2123
44.041	44.121	454.5	1600.0	447.0	0.0	573.6	1600.0	66.4	Injection	DDDADDB	2132
44.274	44.384	431.0	1600.0	394.6	0.0	37.0	1600.0	16.1	Injection	DDDABDA	2122
44.539	44.629	434.0	1600.0	393.7	0.0	42.1	1600.0	20.6	Injection	DDDABDA	2122
44.813	44.933	416.4	1600.0	377.2	0.0	29.0	1600.0	6.7	Injection	DDDABDA	2122
45.023	45.183	407.0	1600.0	357.7	1.0	19.0	1600.0	0.0	Injection	DDDAADA	2113
45.652	45.732	404.1	1600.0	55.2	364.6	81.4	1600.0	397.1	Injection	DDBDBDD	2097
45.749	45.859	419.4	1600.0	56.0	371.0	96.0	1600.0	399.8	Injection	DDBDBDD	2097
45.921	46.101	411.1	1600.0	42.6	356.4	81.6	1600.0	385.7	Injection	DDBDBDD	2097
46.46	46.53	0.0	1600.0	470.9	381.2	431.3	1600.0	451.8	Injection	ADDDDDD	729
46.657	46.787	0.0	1600.0	559.7	461.9	526.1	1600.0	535.0	Injection	ADDDDDD	729
46.808	46.898	0.0	1600.0	569.3	458.5	526.0	1600.0	527.8	Injection	ADDDDDD	729
46.942	47.102	0.0	1600.0	590.2	458.3	531.4	1600.0	532.9	Injection	ADDDDDD	729
47.139	47.249	0.0	1600.0	599.6	433.6	517.3	1600.0	515.9	Injection	ADDDDDD	729
47.272	47.372	0.0	1600.0	603.2	456.5	534.8	1600.0	531.9	Injection	ADDDDDD	729
47.542	47.772	0.0	1600.0	591.0	439.3	517.7	1600.0	514.2	Injection	ADDDDDD	729
48.208	48.448	0.0	1600.0	613.0	478.2	552.0	1600.0	549.3	Injection	ADDDDDD	729
48.507	48.577	0.0	1600.0	601.4	459.6	535.2	1600.0	532.3	Injection	ADDDDDD	729
48.641	48.871	0.0	1600.0	590.5	445.5	521.8	1600.0	518.2	Injection	ADDDDDD	729
48.941	49.121	0.0	1600.0	607.4	452.8	532.9	1600.0	528.1	Injection	ADDDDDD	729
49.161	49.301	0.0	1600.0	598.1	431.0	514.6	1600.0	508.9	Injection	ADDDDDD	729
49.318	49.688	0.0	1600.0	596.3	444.9	523.1	1600.0	519.0	Injection	ADDDDDD	729
49.76	50.25	0.0	1600.0	616.5	475.0	552.3	1600.0	548.1	Injection	ADDDDDD	729
50.535	50.615	0.0	1600.0	625.5	490.0	565.8	1600.0	563.0	Injection	ADDDDDD	729
50.715	50.835	0.0	1600.0	622.5	484.2	560.9	1600.0	558.5	Injection	ADDDDDD	729
50.956	51.046	0.0	1600.0	608.8	471.7	542.8	1600.0	542.4	Injection	ADDDDDD	729
51.468	51.628	0.0	1600.0	633.8	484.8	565.4	1600.0	561.6	Injection	ADDDDDD	729
51.709	51.919	0.0	1600.0	621.6	482.4	557.0	1600.0	554.9	Injection	ADDDDDD	729
52.209	52.299	0.0	1600.0	600.9	464.6	537.2	1600.0	535.4	Injection	ADDDDDD	729
52.389	53.308	0.0	1600.0	597.8	455.7	531.0	1600.0	529.0	Injection	ADDDDDD	729
53.328	53.418	0.0	1600.0	613.8	478.9	550.8	1600.0	550.4	Injection	ADDDDDD	729
53.476	53.586	0.0	1600.0	586.7	443.1	517.8	1600.0	516.3	Injection	ADDDDDD	729
53.608	53.738	0.0	1600.0	600.9	457.8	532.0	1600.0	531.5	Injection	ADDDDDD	729
53.753	54.203	0.0	1600.0	618.5	474.6	551.9	1600.0	549.1	Injection	ADDDDDD	729
54.308	54.688	0.0	1600.0	613.3	469.4	547.4	1600.0	543.1	Injection	ADDDDDD	729
54.984	55.684	0.0	1600.0	1600.0	481.8	554.1	1600.0	551.5	Injection	ADDDDDD	729
55.705	56.135	0.0	1600.0	1600.0	469.6	546.1	1600.0	542.0	Injection	ADDDDDD	729
56.223	56.393	0.0	1600.0	1600.0	467.8	545.6	1600.0	542.7	Injection	ADDDDDD	729
56.504	56.674	0.0	1600.0	1600.0	475.0	549.8	1600.0	546.9	Injection	ADDDDDD	729
56.713	56.863	0.0	1600.0	625.1	475.2	555.3	1600.0	549.7	Injection	ADDDDDD	729
56.904	57.004	0.0	1600.0	627.1	466.5	550.4	1600.0	545.8	Injection	ADDDDDD	729
57.191	57.281	410.0	1600.0	293.6	0.0	20.4	1600.0	9.2	Injection	DDDAADA	2113
57.303	57.413	382.9	1600.0	1600.0	0.0	21.0	1600.0	0.0	Injection	DDDAADA	2113
57.593	57.883	490.9	1600.0	268.0	0.0	14.3	1600.0	7.3	Injection	DDDAADA	2113
58.021	58.631	498.2	1600.0	303.2	0.0	40.3	1600.0	20.9	Injection	DDDABDA	2122
59.165	59.235	823.7	356.7	1600.0	1236.8	695.3	60.7	819.3	Remove Tip	DDDDDBD	2184
59.312	59.422	782.4	367.8	689.7	1600.0	645.7	5.0	698.2	Remove Tip	DDDDDAD	2181
59.554	59.624	835.7	358.2	713.5	1600.0	674.1	1600.0	728.8	Remove Tip	DDDDDDD	2187
59.661	59.811	865.4	374.9	758.1	1600.0	674.2	23.4	690.1	Remove Tip	DDDDDAD	2181
59.854	59.974	895.4	424.7	808.0	1600.0	665.0	0.0	663.1	Remove Tip	DDDDDAD	2181
59.992	60.102	874.7	464.2	787.3	1600.0	605.5	0.0	599.4	Remove Tip	DDDDDAD	2181
60.121	60.231	831.9	497.4	751.8	1600.0	551.2	0.0	546.3	Remove Tip	DDDDDAD	2181
60.253	60.363	709.0	624.3	692.0	1600.0	442.6	2.2	431.7	Remove Tip	DDDDDAD	2181
60.522	60.632	258.7	1600.0	440.0	774.2	41.0	111.6	1.4	Remove Tip	DDDDBBA	2173
60.673	60.953	270.1	1600.0	473.3	794.7	58.2	43.2	9.5	Remove Tip	DDDDBBA	2173
61.139	61.319	288.2	1600.0	468.1	802.6	44.4	7.2	0.0	Remove Tip	DDDDBAA	2170
61.403	61.493	300.4	1600.0	490.7	822.2	69.0	0.0	28.6	Remove Tip	DDDDBAB	2171
61.509	61.779	276.9	1600.0	441.9	772.0	22.0	0.0	1600.0	Remove Tip	DDDDAAD	2163
61.803	61.903	277.9	1600.0	434.2	765.8	20.0	0.0	1600.0	Remove Tip	DDDDAAD	2163
62.09	62.31	291.7	1600.0	410.9	775.9	5.4	12.2	1600.0	Remove Tip	DDDDAAD	2163
62.353	62.553	281.1	1600.0	429.5	767.2	9.0	1.0	1600.0	Remove Tip	DDDDAAD	2163
62.7	63.01	301.5	1600.0	437.3	786.3	16.0	0.0	1600.0	Remove Tip	DDDDAAD	2163
63.099	63.169	309.2	1600.0	434.2	794.9	12.0	2.0	1600.0	Remove Tip	DDDDAAD	2163
63.362	63.472	283.6	1600.0	437.2	777.4	17.0	2.0	1600.0	Remove Tip	DDDDAAD	2163
63.658	63.818	306.5	1600.0	428.3	792.6	2.0	15.3	1600.0	Remove Tip	DDDDAAD	2163
63.912	64.122	317.9	1002.1	440.1	808.7	17.0	6.0	1600.0	Remove Tip	DDDDAAD	2163
64.188	64.278	289.8	1600.0	521.3	833.2	83.4	17.9	1600.0	Remove Tip	DDDDBAD	2172
64.319	64.399	442.5	1600.0	656.6	1056.0	234.3	0.0	1600.0	Remove Tip	DDDDDAD	2181
65.181	65.301	908.8	437.7	1600.0	1600.0	635.7	1600.0	301.9	Remove Tip	DDDDDDD	2187
65.318	65.408	913.1	424.3	1600.0	1600.0	644.2	0.0	305.6	Remove Tip	DDDDDAD	2181
66.019	66.129	1600.0	0.0	1600.0	1600.0	951.9	371.1	1003.8	Cap On	DADDDDD	1701
66.211	66.291	1600.0	43.0	1600.0	1600.0	790.0	271.7	812.6	Cap On	DBDDDDD	1944
66.378	66.568	855.0	0.0	703.0	1600.0	548.2	131.5	550.9	Cap On	DADDDBD	1698
66.59	66.66	563.3	0.0	530.3	1073.2	275.8	1600.0	1600.0	Cap On	DADDDDD	1701
66.78	66.85	249.6	125.4	382.6	713.7	10.3	593.3	1600.0	Cap On	DBDDADD	1926
67.51	67.72	251.1	175.0	285.0	673.4	4.0	661.9	1600.0	Cap On	DDDDADD	2169
67.74	68.0	245.4	153.4	283.3	661.3	0.0	668.2	1600.0	Cap On	DDDDADD	2169
68.135	68.295	209.4	118.6	139.8	603.4	0.0	700.7	1600.0	Cap On	DBBDADD	1845
68.885	68.965	410.9	48.0	1600.0	853.5	0.0	492.1	1600.0	Cap On	DBDDADD	1926
69.057	69.187	412.6	53.6	145.3	835.7	5.0	509.2	1600.0	Cap On	DBBDADD	1845
