Thumb_R	Index_R	Time
0.0	0.0	0.04
0.0	0.0	0.08
0.0	0.0	0.12
0.0	0.0	0.16
1394.7381094106017	1365.2951316100973	0.2
1395.2426313446056	1366.857962522922	0.24
1391.1418966488106	1363.3677968445581	0.28
1389.3396025486563	1359.2437969288492	0.32
1385.707221749856	1356.2882614064863	0.36
1382.4704092874829	1354.0843200965053	0.4
1376.8768978341634	1350.1679539632612	0.44
1367.2746998966477	1334.2895069444735	0.48
1344.2500342063072	1307.3163715413484	0.52
1312.7723637837055	1278.0328978561429	0.56
1278.94675905499	1235.047882812305	0.6
1240.5798907621013	1190.0261987310078	0.64
1201.3259164016251	1142.5579504539307	0.68
1165.7228241883245	1097.8824532899914	0.72
1140.3852498821334	1072.2965944584935	0.76
1123.2295882293581	1048.0749613914857	0.8
1119.02480514033	1039.162192446027	0.84
1125.7932217950158	1040.0980740819382	0.88
1140.178068899487	1047.6523385057217	0.92
1148.1403186339187	1061.0308146302582	0.96
1148.4907676293976	1068.9428708885498	1.0
1145.222033612258	1066.4407134748953	1.04
1137.7794601398627	1060.9478197919532	1.08
1127.820323650053	1060.2215528105849	1.12
1120.314381271581	1055.2927123452323	1.16
1114.2441500815655	1050.4480091867379	1.2
1107.8084909965412	1043.2534738327536	1.24
1102.0797871242817	1038.8845537387022	1.28
1100.8726840019926	1040.9788462546255	1.32
1096.5455226412441	1044.97730353206	1.36
1101.2865644978701	1048.3905813736787	1.4
1102.233530110804	1044.0603208598864	1.44
1099.3726350965526	1044.3199975983694	1.48
1101.6220195669991	1041.5512788487285	1.52
1100.4048156940287	1050.7364210003907	1.56
1101.2258791526476	1050.4980949885576	1.6
1103.548346436453	1053.0620991006965	1.64
1109.8350701157335	1055.6703661628678	1.68
1121.3962300576159	1060.41789463238	1.72
1125.1708016534146	1065.2311865276902	1.76
1133.1301113139752	1070.6033739646773	1.8
1138.8414922886623	1077.517654409199	1.84
1145.5222398762432	1091.3728872893641	1.88
1161.4254478363578	1111.7261308829793	1.92
1161.661446061286	1124.0704201858014	1.96
1163.4429958655267	1136.808195087703	2.0
1168.1627095756203	1151.7189621976586	2.04
1170.6827128444684	1151.5704667569623	2.08
1189.1412083626713	1147.0497824931394	2.12
1195.5132415486564	1168.158436600953	2.16
1193.1981233862668	1176.1649486247454	2.2
1193.7870869777234	1155.0349817626345	2.24
1192.5505298304981	1147.0470216537212	2.28
1192.1342632264902	1138.5213074823728	2.32
1190.0179853263653	1117.213324666871	2.36
1182.7173301284456	1081.9443618820026	2.4
1157.3998449627497	1055.0216262550152	2.44
1127.543103168154	1052.9856186132972	2.48
1102.3142187811366	1050.5443042153997	2.52
1095.2430071246042	1061.447394113356	2.56
1086.1007765280567	1035.6567116289227	2.6
1089.3162698798806	1067.3436180488666	2.64
1090.3248256322308	1091.1049383435238	2.68
1086.4646586392441	1074.025350544184	2.72
1081.8151070238544	1064.9232878307055	2.76
1093.2387641158252	1071.4295942356016	2.8
1118.7821979418482	1107.6992094870345	2.84
1150.644026844472	1155.7802405541963	2.88
1161.7062273731776	1174.4209512978707	2.92
1165.5966387787337	1171.3426552981514	2.96
1171.2992833794756	1182.349997710994	3.0
1182.4958947355422	1171.1290330237566	3.04
1200.1500700585793	1193.9141270931063	3.08
1219.6833378156766	1218.2403329744473	3.12
1248.0594881120821	1238.8241622015485	3.16
1270.5480698439544	1267.6680724150276	3.2
1308.4351712463658	1296.1723643407797	3.24
1346.5779324117123	1337.6759257198587	3.28
1386.714666581666	1363.2383521231825	3.32
1438.9055216959516	1404.466782216345	3.36
1478.9193303399632	1453.5984767852224	3.4
1494.1020656960525	1474.4537868075383	3.44
1497.8600826144932	1485.2852512975458	3.48
1493.1901012586054	1492.6504342538087	3.52
1478.1682127717704	1474.9293791594328	3.56
1453.9893392171375	1435.1432465094717	3.6
1441.970680387179	1422.0986899101997	3.64
1436.0340222012164	1418.1867042248525	3.68
1419.6398692643365	1407.097490669925	3.72
1392.878089253503	1387.6365727583157	3.76
1377.5085260189962	1368.3550162611823	3.8
1352.943165676289	1347.4470536070148	3.84
1326.5825907634262	1328.4855554143908	3.88
1314.7963762730526	1317.221455412747	3.92
1301.5393946129855	1312.4908563675356	3.96
1296.4081426957093	1311.8186822959374	4.0
1298.7820660453576	1317.2270813549787	4.04
1297.59676984386	1317.9733626420198	4.08
1307.334768458979	1326.9968696000094	4.12
1326.689750686553	1333.007514072579	4.16
1344.6555317331408	1341.503078825748	4.2
1356.1602370262985	1348.3810425702006	4.24
1367.2876953216905	1356.117030697822	4.28
1377.4788671120007	1365.8378645853875	4.32
1376.5696477034644	1364.5508293553955	4.36
1368.140510597675	1359.5044149833157	4.4
1356.293149416159	1351.260297438808	4.44
1340.709732505788	1336.827180122422	4.48
1329.9682881330236	1323.3469395136565	4.52
1311.5384314297596	1302.8981468097295	4.56
1294.2302980073891	1288.3762647547062	4.6
1276.7014884523521	1277.5827118840011	4.64
1264.9991734446064	1263.0695354747895	4.68
1250.163476437462	1248.2832836716987	4.72
1236.628160129056	1229.0310933799965	4.76
1217.1906068850467	1209.3914096278893	4.8
1199.8728700823392	1200.9836742562543	4.84
1205.4344642335254	1206.511840338825	4.88
1217.0618898993678	1216.8920134603695	4.92
1233.0293555757228	1227.766883747994	4.96
1256.943107316698	1244.5760546176598	5.0
1281.4367963520644	1260.7420710392237	5.04
1309.4075456798778	1270.47432222314	5.08
1313.1194394192833	1272.211499298544	5.12
1312.8828088314951	1267.9301450832854	5.16
1306.6689739931012	1255.8716114875947	5.2
1296.212173613608	1244.030261729406	5.24
1277.535041249061	1224.1937457255392	5.28
1262.5852796098727	1198.34606167137	5.32
1246.7455006825269	1180.2830486155701	5.36
1229.7220966142177	1163.3320666472232	5.4
1207.691956429275	1153.5337523927556	5.44
1188.8459987179103	1151.790163743784	5.48
1181.1527692118157	1146.0969170553599	5.52
1173.9421439203734	1144.8326908287381	5.56
1167.31497663543	1137.8613173345032	5.6
1160.5191828660486	1126.4163731420874	5.64
1151.2365911757759	1124.4954330125145	5.68
1154.7062079529828	1134.4412228265528	5.72
1161.8649474588365	1138.7438245116634	5.76
1164.917776566929	1142.981134022003	5.8
1168.5025636153027	1145.1506932662369	5.84
1173.5448780949819	1145.8747397770765	5.88
1173.9584933424808	1149.4952988029313	5.92
1178.07597625729	1155.425781085105	5.96
1180.32038108498	1152.678065776941	6.0
1176.3694081865333	1145.141793869141	6.04
1165.1302367721637	1123.102796152385	6.08
1146.4568011862323	1108.7258928797278	6.12
1132.4120512988134	1091.5406991050033	6.16
1119.0963560585612	1077.8628054292565	6.2
1105.2845426438425	1069.7634626609895	6.24
1104.317080505651	1065.386574537061	6.28
1110.13057074809	1072.1410640887357	6.32
1116.374119893059	1081.1836850764887	6.36
1113.3274678369653	1079.244407519795	6.4
1110.3829654140459	1073.1482836545877	6.44
1099.3922502323373	1059.4129604203808	6.48
1090.1256509250097	1049.9877544012602	6.52
1082.708545362927	1042.6739826623566	6.56
1074.1116515228082	1032.2939715712598	6.6
1064.0313212082535	1021.530982647488	6.64
1054.1491841488494	1012.7983086088764	6.68
1048.2655493716575	1005.9508633510662	6.72
1047.5704517383099	1006.4110483298815	6.76
1046.128086266767	1005.5257971325134	6.8
1046.3697387559962	1004.5517275402937	6.84
1044.5094356009974	1003.2805630438598	6.88
1044.4972261200303	1003.2401943652699	6.92
1045.2722517405039	1000.2857220772577	6.96
1042.455803509378	999.6237875086805	7.0
1039.681189296163	996.6434340744175	7.04
1036.7880429475608	996.0420400942556	7.08
1036.9065604860937	1000.1759046577316	7.12
1035.8811446863153	1000.2004401263088	7.16
1037.7487269363576	1005.9266464760757	7.2
1036.9850767544929	1002.1548537869022	7.24
1036.1537997491678	1001.5597545122516	7.28
1037.2416708066166	1001.4807247579928	7.32
1034.3129891927367	998.8006959014411	7.36
1031.6227262334642	996.8036436375454	7.4
1034.4306710420117	998.388441826301	7.44
1036.7651098283748	1001.4173356207347	7.48
1036.8358134367681	1002.023234278136	7.52
1034.5851786498379	1003.6813940834036	7.56
1035.533186753143	1003.3870121743672	7.6
1035.7566563913615	1002.6286569639346	7.64
1031.165886549491	1001.5406479478723	7.68
1029.5398126580087	1005.203363264786	7.72
1027.1823580817809	1000.350878945565	7.76
1024.1128835825446	997.6457318535707	7.8
1021.1600325209994	992.9875470548156	7.84
1020.8800875892002	993.3582764088532	7.88
1014.6958928031177	986.0788972844452	7.92
1012.319808337169	982.4013962042011	7.96
1008.8854724799977	946.8381546636045	8.0
1016.6365206880183	942.5056126590332	8.04
1018.0019684424677	970.0299527401515	8.08
1031.8910251983916	991.325460155081	8.12
1036.7959509696955	1000.8497114274305	8.16
1032.9822775386683	1002.1189085193216	8.2
1025.1723639688564	1001.7970319140363	8.24
1021.4929706177218	1001.465110615468	8.28
1017.4735431173989	1011.0332640305686	8.32
1017.2317401712828	1026.8457899996852	8.36
1001.6016968901574	1034.212760052808	8.4
993.3579554302477	1032.8359726826309	8.44
1003.2503650938867	1024.5740310696326	8.48
1008.2056894624052	963.2899756161472	8.52
1029.9346049805742	956.8047861547753	8.56
1040.4093793519569	959.2743435165943	8.6
1039.1866048554098	968.1174552240411	8.64
1028.7489450475766	986.5719754787839	8.68
1027.496810472861	990.002956525206	8.72
1016.060848598235	994.7845337343109	8.76
1014.7745374925255	1000.7824410022093	8.8
1016.5750190248478	1024.3498825160343	8.84
1008.974003581945	1014.6955754371958	8.88
1020.384287163979	1011.6939506465179	8.92
1025.1316386233016	976.051029284585	8.96
1035.3815383235706	962.976525069961	9.0
1038.0656653434842	975.1742315161241	9.04
1041.946778405765	990.0410996300866	9.08
1039.2315993231086	1003.0266852994001	9.12
1039.5185619445294	1011.7413774782945	9.16
1036.4564041983324	1009.6307631336848	9.2
1037.7483109382056	1013.6399197357274	9.24
1034.9230548997402	1012.6511562254198	9.28
1024.382135966775	1014.0903326810353	9.32
1023.4954292791303	1016.2600203726715	9.36
1023.3200501557998	1016.8039432430573	9.4
1019.3498999591743	1019.8385572826952	9.44
1018.98729955527	1021.4355423788544	9.48
1030.6783156074912	1019.3189476377753	9.52
1038.9383151328889	990.5972451084659	9.56
1060.9251145510989	976.6735823023545	9.6
1072.168320034472	1008.0607220445022	9.64
1072.7784309935914	1027.85956767967	9.68
1071.8541687877523	1031.6214433614844	9.72
1072.3101343330234	1045.062080995468	9.76
1071.2476116919074	1040.9989565799435	9.8
1068.771785070762	1052.6461669439186	9.84
1058.7054441873463	1049.4808749025892	9.88
1052.5465290164418	1041.3657816434318	9.92
1045.133379789028	1033.882448987885	9.96
1040.799269095871	1033.965163790506	10.0
1042.506405896722	1025.8751744792257	10.04
1039.9852200444261	1031.4762817283236	10.08
1028.6720763897802	1030.1397845219249	10.12
1023.0970560299884	1027.2606085730895	10.16
1019.9833730308825	1024.4568953729652	10.2
1018.554015075883	1012.112061774206	10.24
1015.9344712740144	1008.3351795221815	10.28
1011.1991983795878	994.7275129016544	10.32
1005.2637639343626	991.9260285310728	10.36
1005.8246563548121	989.0890680898808	10.4
1006.9635338062993	995.0283586540793	10.44
1034.8033660958624	1013.957594923975	10.48
1057.9381769517195	1050.3515093235076	10.52
1091.731004281899	1082.3868140624822	10.56
1117.2121496928826	1102.4541059922558	10.6
1126.4385351776027	1106.5512465885618	10.64
1141.5056037897682	1116.1207816837698	10.68
1152.6395463277822	1130.335136346576	10.72
1174.7938759482442	1160.675855014255	10.76
1196.6678955435975	1190.6057216878082	10.8
1223.174269623493	1226.1299459342345	10.84
1253.5939094772073	1264.434361596919	10.88
1287.3277005485102	1302.0834591800428	10.92
1340.7446528472092	1355.955752136473	10.96
1389.5274843346099	1399.4528658644522	11.0
1433.1828437386616	1438.2323047571997	11.04
1466.5655729761247	1466.3850602993773	11.08
1492.1807443957075	1493.582667675111	11.12
1502.1224143809523	1507.690149498008	11.16
1509.3666949469948	1509.0067488684047	11.2
1513.2729972193213	1510.9877069077158	11.24
1518.4704759333251	1512.919848458905	11.28
1510.8359067981664	1507.0105455430773	11.32
1517.849919385484	1511.2023263042915	11.36
1518.5303979972418	1512.402536613187	11.4
1513.669454337086	1505.5372958898502	11.44
1513.999764143443	1511.094212847457	11.48
1511.9285264196849	1524.899600458466	11.52
1502.1433526264582	1538.6885166828856	11.56
1500.7085278360516	1533.3811524294417	11.6
1483.9236064889208	1514.5388744304546	11.64
1450.8517276194777	1476.3098224005544	11.68
1410.7368284554143	1415.3775206444413	11.72
1344.8640624873156	1333.9102902112663	11.76
1268.681097216854	1262.03026056488	11.8
1243.0429719947563	1208.4322530233392	11.84
1214.1991048794807	1176.3840143142645	11.88
1186.1181134474225	1151.8878808244756	11.92
1167.2367995353925	1146.1488520781359	11.96
1179.0664667332928	1141.7731943992567	12.0
1172.8316753866966	1135.6671021242234	12.04
1164.847156096406	1135.8855393564968	12.08
1161.509173975855	1131.1839995202308	12.12
1160.0953838930457	1125.4590625953565	12.16
1150.7139131546753	1126.4614950472708	12.2
1143.3858146651057	1121.3516361528536	12.24
1134.9135785440403	1115.5031129822978	12.28
1137.3241244661301	1112.413640237875	12.32
1133.6164601432515	1106.1216499814127	12.36
1130.1956213889275	1099.0302504924737	12.4
1131.1674081018584	1096.5786604262114	12.44
1129.334875036161	1093.995833527663	12.48
1131.9226160680896	1101.0268595354423	12.52
1135.7805242066127	1098.616771663494	12.56
1135.3597681110361	1098.4624736279798	12.6
1138.0930380096281	1105.9116838642794	12.64
1136.459636145799	1101.5467819406504	12.68
1133.8970167265618	1100.6364520848406	12.72
1139.2014278172564	1099.4585870589322	12.76
1145.6321369772352	1098.9367165710744	12.8
1144.772726961831	1099.897183453232	12.84
1145.4013332955803	1099.8072611244231	12.88
1146.0916794040013	1099.1072788786598	12.92
1141.3540845459224	1097.2547295618826	12.96
1136.9441176430237	1093.6239369474501	13.0
1130.584609885955	1089.8256218098215	13.04
1131.4470957161127	1087.9148469846875	13.08
1128.0158674439167	1085.8821089079233	13.12
1129.0225881044964	1087.0838712459883	13.16
1125.9609751945634	1088.0905453011896	13.2
1122.638078234	1085.436130668162	13.24
1120.6715796975554	1086.1758474645776	13.28
1121.660790540031	1083.4408562109634	13.32
1124.7824596841635	1088.6078139901597	13.36
1129.1639982486017	1092.6777144127072	13.4
1126.9292281155938	1092.5230754408437	13.44
1126.702275237621	1090.0582793824258	13.48
1125.9178459665902	1088.6200496487945	13.52
1125.1779521120661	1087.2742243344896	13.56
1120.0209576406326	1083.3262534401529	13.6
1120.7083701747288	1084.5744281502216	13.64
1121.4491752153167	1086.738152962998	13.68
1122.8141076336615	1088.4035919679845	13.72
1121.0024718556751	1086.9551049340344	13.76
1121.5827395234949	1087.8891726096851	13.8
1119.131695028016	1086.6509664134387	13.84
1120.7908357774525	1080.099264767313	13.88
1119.4495536418938	1082.7020344382042	13.92
1117.0557295692397	1082.9666514306346	13.96
1116.1828533304256	1082.8584793560806	14.0
1117.7848355168564	1085.996961360028	14.04
1115.6636793387	1082.2645946975767	14.08
1117.132326484655	1085.4591742069777	14.12
1118.3236058301309	1085.2240727077972	14.16
1117.7021128470797	1086.1756700286576	14.2
1118.3682810549594	1088.2703398588988	14.24
1117.5204644673206	1083.1282430636606	14.28
1117.7056661929053	1087.2411703592886	14.32
1120.6562723187792	1086.552163032922	14.36
1120.9032461351412	1087.5653912924433	14.4
1125.258844586188	1092.498723435772	14.44
1123.7260269351352	1091.2326854716596	14.48
1123.3544809052742	1092.9086910861984	14.52
1124.2552456185656	1090.680714241626	14.56
1126.0593791860972	1092.3818900637675	14.6
1127.676791578027	1095.445131611475	14.64
1136.971156939256	1099.5653521215972	14.68
1143.7976945351988	1107.7413650223525	14.72
1149.7873783172513	1119.009625894179	14.76
1161.0128736692686	1132.3285155875121	14.8
1176.5880852173668	1146.941387386541	14.84
1205.0763774596862	1149.694296585007	14.88
1231.0463924448695	1153.8143436398673	14.92
1256.1770754030304	1163.6415950519602	14.96
1275.9336488153253	1153.5394903196766	15.0
1289.9597810858359	1134.8640119151898	15.04
1298.0916091789734	1135.3469823545527	15.08
1306.0112761974012	1118.966289315731	15.12
1306.4288898652844	1103.154265635974	15.16
1305.2897128871834	1089.0111435148633	15.2
1296.6410591440292	1089.2812162513299	15.24
1285.4943124516565	1084.1443620597015	15.28
1267.5314222909074	1079.4048542885887	15.32
1261.3141507482742	1079.5342431796496	15.36
1266.7079866613506	1078.8541865911425	15.4
1260.8530952885335	1079.9247666356791	15.44
1267.2522340988578	1080.7600843803982	15.48
1265.6755168100124	1084.670000433113	15.52
1276.563218531502	1085.9191102144596	15.56
1267.4973611203577	1090.90800690765	15.6
1267.9654851845644	1093.3619933647751	15.64
1264.08748001456	1088.4993196606615	15.68
1263.550735502486	1089.717159597992	15.72
1267.1336557093648	1090.298256416333	15.76
1269.1885285629107	1093.0847905056573	15.8
1265.5294579298895	1093.86859506007	15.84
1258.1522755129379	1091.7262306464193	15.88
1260.9468104248565	1092.6414620656758	15.92
1256.1872788508454	1093.9898635110226	15.96
1263.5934041777093	1094.7276189069582	16.0
1260.0563493358047	1092.860030650593	16.04
1263.848155771858	1090.8453894858274	16.08
1265.6751274278	1090.9886751645631	16.12
1267.6029907369025	1092.241799112642	16.16
1262.3851929893758	1089.8880160044062	16.2
1252.9690393110925	1085.6209521179321	16.24
1255.9939302897174	1084.4299644589735	16.28
1253.9411502493122	1083.0532136248887	16.32
1245.0874062520802	1085.3727363727546	16.36
1246.5093283463589	1079.5864343660953	16.4
1248.4605028311119	1076.5475836273192	16.44
1249.065023780607	1074.88357676789	16.48
1249.1778094113156	1076.1451055749612	16.52
1239.4397272951758	1072.3615871392144	16.56
1248.9790425205122	1070.8746557305794	16.6
1241.813221352904	1071.486541531009	16.64
1230.588386656008	1071.3508560318542	16.68
1238.5827822474932	1068.729166924894	16.72
1239.6866521025725	1068.1658822246734	16.76
1238.598632925701	1068.2928429508338	16.8
1242.9038660874817	1067.141042302269	16.84
1239.6155006415183	1066.9377752708413	16.88
1237.3934611827235	1065.7559576224469	16.92
1235.682017638659	1065.8975663340761	16.96
1241.5609859812043	1066.279045166899	17.0
1234.19896253435	1066.078170346944	17.04
1234.8657736179327	1066.0223892878419	17.08
1234.623662866819	1066.7656044404696	17.12
1240.481399450149	1062.1237979352743	17.16
1243.5347374936625	1062.7104208890555	17.2
1235.802132649162	1062.3795011563066	17.24
1236.9437565735525	1060.5965636154785	17.28
1235.1488097723898	1061.5654274160227	17.32
1236.7703451738982	1064.083117752993	17.36
1235.6366221201981	1065.250785658867	17.4
1236.9415339988382	1063.1915190380391	17.44
1232.7651308997768	1066.1827481865673	17.48
1233.8088447604298	1063.0993238548556	17.52
1231.8571145646872	1059.7178595452897	17.56
1234.2835568020212	1058.8656697507297	17.6
1234.1937053941813	1058.759852261178	17.64
1236.3888565008554	1061.3707695370563	17.68
1232.6516757451118	1060.3614932729586	17.72
1232.6873463574607	1062.3720904723332	17.76
1231.6383784955528	1059.350485576939	17.8
1237.6953163022336	1057.7215665882495	17.84
1231.0994107415404	1061.1614136088037	17.88
1238.0374366642611	1058.8027820765951	17.92
1233.5855161866884	1061.3821346456364	17.96
1232.0603616693904	1059.2569187725799	18.0
1232.3301661287883	1059.7952784025322	18.04
1239.3271122096664	1060.4640120324352	18.08
1237.3126017714503	1059.9800515009922	18.12
1232.9962964410665	1059.1880527836686	18.16
1232.4956459733687	1058.997036434959	18.2
1232.3299081728483	1058.6388451233056	18.24
1225.634972102358	1063.2602361589113	18.28
1231.171875597356	1058.272768147728	18.32
1232.9912166048355	1058.6902601176962	18.36
1236.813281515695	1061.2738262077871	18.4
1233.4094426767808	1066.6547059798677	18.44
1243.7735136547412	1069.2597040503185	18.48
1243.229160463331	1075.4564478558943	18.52
1240.3546890811583	1084.7104098920488	18.56
1257.929094706532	1091.6252865840365	18.6
1259.296530094287	1104.99574413188	18.64
1271.5788433129842	1118.467710614448	18.68
1287.4276597378077	1133.352100078608	18.72
1290.1326597098976	1144.174180805149	18.76
1296.738511402752	1150.4318925665873	18.8
1290.603604417758	1153.3811840247397	18.84
1295.6513056575384	1155.523369327532	18.88
1299.7711395498545	1158.0475010140576	18.92
1298.7628017879733	1160.3486276689114	18.96
1296.7535710965085	1166.8056018881177	19.0
1307.6055717950285	1170.4932486270184	19.04
1301.3136176464122	1175.0357266190304	19.08
1303.4563142728293	1178.3702411889747	19.12
1308.4179842098663	1184.4225123580022	19.16
1310.1391752119744	1189.1789389467529	19.2
1312.3716622133527	1190.8375495998712	19.24
1317.454573420398	1194.8441623509125	19.28
1310.7163418502987	1194.9449195448888	19.32
1312.883566063597	1194.341913441748	19.36
1312.77406582644	1196.8750121104706	19.4
1316.0172535297997	1198.7849241508802	19.44
1311.2654105076467	1201.3690322486887	19.48
1314.646951267477	1198.533094733901	19.52
1306.2026220760972	1203.105918156625	19.56
1308.9094218971095	1203.533800565605	19.6
1311.2926589730164	1202.2003971461459	19.64
1304.8440593494963	1203.2174466045713	19.68
1310.9065270047681	1203.539119419641	19.72
1304.1646453300186	1204.5777762060309	19.76
1302.4777563437501	1204.7708672553442	19.8
1303.7646212799727	1204.221443752832	19.84
1308.607217675276	1201.0508978834378	19.88
1316.0105028584446	1203.7147411341625	19.92
1323.6164160449941	1214.4295385429189	19.96
1328.8873949942235	1219.2341553987467	20.0
1329.12058121303	1219.8168970679462	20.04
1331.704331021401	1223.9881982022057	20.08
1322.1483562340368	1224.9280894620372	20.12
1325.4614269623555	1228.4359762812296	20.16
1344.050339007501	1234.919951757054	20.2
1336.23008559607	1240.5569059566258	20.24
1322.6515690026422	1243.057005783347	20.28
1331.9049118165474	1243.7028645504847	20.32
1325.461614187204	1244.5117772598135	20.36
1327.05373661171	1247.944129939929	20.4
1329.745053060883	1247.3919855808756	20.44
1338.6314735728813	1251.217248715285	20.48
1330.0364109650627	1249.8078852712767	20.52
1328.6403298018452	1253.7297407093965	20.56
1333.544375079232	1253.1842677036489	20.6
1333.1398611661439	1253.077432823725	20.64
1330.8750186547031	1252.544780669715	20.68
1331.3954045518901	1251.933531960034	20.72
1333.9243633878634	1254.4904494446612	20.76
1331.0955821955479	1255.2054491966417	20.8
1336.4914319842821	1256.001439597845	20.84
1337.665438741508	1256.1920409361935	20.88
1337.3846989445765	1256.0797804924969	20.92
1341.2407397945544	1257.828297987222	20.96
1342.8405080247833	1255.7082581153313	21.0
1335.6703949178477	1257.2037561432667	21.04
1350.880055465288	1254.571562358295	21.08
1335.510769488648	1255.3076649744385	21.12
1346.7738946768523	1255.2277899401597	21.16
1344.5916465585435	1256.2617629999377	21.2
1344.5483469694636	1256.8142920241557	21.24
1346.428344252063	1252.9142112657748	21.28
1338.8733891489273	1254.5908115101793	21.32
1347.7953518027282	1253.5249276630486	21.36
1343.7100945328784	1252.6174473618378	21.4
1346.5997384983177	1252.299932729335	21.44
1336.7511393234463	1253.3742844998615	21.48
1342.4000334094815	1248.8965841277463	21.52
1338.2897706301037	1252.4116030277946	21.56
1345.458925982384	1249.357477456705	21.6
1344.5513377042162	1252.1700731989304	21.64
1346.5246177269564	1252.5646687454694	21.68
1340.5640421842886	1251.8997883681857	21.72
1346.4713324769803	1250.0676104456281	21.76
1344.5750078676788	1252.253359471453	21.8
1345.6550498738488	1251.7743767422346	21.84
1339.5242410465476	1254.762043236099	21.88
1346.0834375910586	1254.2034023596239	21.92
1346.1372941771847	1249.5989659491559	21.96
1342.561716554053	1251.646815161982	22.0
1343.9518129507878	1252.05838589938	22.04
1344.3161206099176	1253.6862153990244	22.08
1345.6311154984774	1252.2274789499168	22.12
1349.1969963522688	1253.4506084088814	22.16
1348.0820118786592	1253.002191720858	22.2
1348.5461417334468	1251.896193791552	22.24
1346.644303673895	1256.0720236368168	22.28
1351.5028993477827	1253.9333388904145	22.32
1346.0343871136586	1256.0557071267158	22.36
1348.1553675081168	1258.3790336647728	22.4
1351.279681022741	1257.891164942932	22.44
1346.195946887238	1259.1242054397476	22.48
1349.065560435624	1257.105220878578	22.52
1344.9781377136596	1261.190639814157	22.56
1354.6625680190766	1256.5364972763828	22.6
1346.5876471543384	1258.8323316249844	22.64
1345.8938610516639	1259.592099573426	22.68
1351.5254003443254	1257.5229497532846	22.72
1339.7626722445098	1259.6684504481607	22.76
1351.2247526232043	1259.030138553192	22.8
1356.1123130834264	1254.968976424705	22.84
1348.239761663155	1258.3562982098174	22.88
1353.0363604841953	1257.8279605551054	22.92
1355.394389606914	1253.211958300167	22.96
1343.668898225529	1255.2106612576483	23.0
1353.4904974008525	1252.5935143920572	23.04
1350.5899594833456	1255.2237842409254	23.08
1351.719782140809	1255.0294420470818	23.12
1346.5284036092603	1254.4502134090205	23.16
1353.3582482306763	1256.0325616634743	23.2
1357.4580274688121	1255.432658501938	23.24
1349.7712830526666	1257.5833127826068	23.28
1355.9109637540298	1254.0299580436154	23.32
1350.3063347928703	1255.2925172562511	23.36
1356.2864133983342	1253.6253182522535	23.4
1348.3234560956785	1253.9253486885796	23.44
1352.7341480944401	1255.4382241626358	23.48
1350.061785379838	1254.2550264876052	23.52
1346.4197125253036	1253.7472691668167	23.56
1346.514748022439	1255.199212028542	23.6
1356.716423187448	1253.4710566042747	23.64
1349.1104926894955	1252.6498754555453	23.68
1347.939019321969	1254.768616757097	23.72
1352.5189861190195	1250.4038381962719	23.76
1348.9299663674312	1255.4745138457445	23.8
1348.132373928511	1249.0332034298344	23.84
1347.1907370828217	1254.4997861056445	23.88
1350.0823528423423	1255.2529402276955	23.92
1350.1116869791138	1255.3014706931133	23.96
1349.3753693486767	1254.262817217972	24.0
1352.9870978843514	1255.6053004478351	24.04
1354.6184897486412	1256.2970541886739	24.08
1349.7909703762662	1251.497189502962	24.12
1354.2827432679992	1257.6959012725276	24.16
1348.8711815853007	1254.4991110785938	24.2
1353.8506423450674	1259.4166309995358	24.24
1356.22085096187	1258.101633676411	24.28
1354.2621767810053	1259.2206979367284	24.32
1355.1489750370158	1257.5920675141317	24.36
1349.046841248775	1258.061556138545	24.4
1356.730502369796	1257.1729930076888	24.44
1354.8264407864135	1257.9122172796733	24.48
1347.0093884548724	1258.58730151437	24.52
1351.9916508925767	1253.2201811771604	24.56
1351.925029420596	1257.5444767657934	24.6
1352.1259472234206	1258.5938159786438	24.64
1350.6782290018195	1256.3202200130202	24.68
1353.828514364273	1255.731684520877	24.72
1353.529259948101	1255.8601122777281	24.76
1351.4277508096793	1257.9837650488976	24.8
1353.8914432418908	1254.8640705319424	24.84
1352.5411262138157	1257.3780696930512	24.88
1347.5557015436875	1256.6450494327892	24.92
1351.362732168326	1253.3390171235012	24.96
1346.6770642795907	1254.2452825644737	25.0
1357.3522885619486	1257.53548171565	25.04
1347.867241391605	1259.2451459564509	25.08
1356.8241109298704	1256.9096929178263	25.12
1348.8490165157873	1255.950096629059	25.16
1350.2592095552232	1255.9931302455993	25.2
1353.8344723537061	1256.5114404839787	25.24
1348.4109567141868	1254.7212315336742	25.28
1343.898298413404	1255.3831806311646	25.32
1351.1316479259315	1254.3997134842582	25.36
1346.5074029764266	1253.6672855332222	25.4
1351.6057907818458	1252.5052636521439	25.44
1345.9651833543594	1255.6654897393876	25.48
1346.270525435377	1253.092406633061	25.52
1346.9810481349898	1252.3767717591827	25.56
1348.810287162155	1252.2288060185822	25.6
1350.0658026141878	1254.7451416498457	25.64
1347.941928464192	1254.352687135703	25.68
1344.0201223019087	1254.793693300395	25.72
1349.6160902237061	1255.315179840711	25.76
1345.546934064911	1254.233721322665	25.8
1347.3898234803382	1253.7117864298075	25.84
1350.031640837549	1252.3721565248104	25.88
1354.5731046290896	1251.1322891513332	25.92
1350.763260068508	1252.217107908248	25.96
1357.7000952327649	1251.5842471898445	26.0
1353.670322293168	1251.1968092489717	26.04
1354.3339868944677	1250.5295832990687	26.08
1349.6151651237287	1250.08425315629	26.12
1351.7519188968824	1249.5990781446794	26.16
1349.8443300175372	1250.8258225897982	26.2
1348.8823942178187	1253.4946019479403	26.24
1349.7010327647733	1253.095428933148	26.28
1344.0580100595166	1253.2096039847274	26.32
1353.657736757154	1248.042447001025	26.36
1348.9893454201815	1252.715945951111	26.4
1354.5514564094308	1253.1091734058618	26.44
1350.5594875287904	1246.9100362937909	26.48
1343.6413212132745	1250.469641958471	26.52
1350.6412807109668	1247.179913134137	26.56
1344.5761998864796	1249.6989464047301	26.6
1349.0395210212132	1254.7333175992192	26.64
1347.7897269964042	1248.0364014953634	26.68
1347.908199269922	1247.2501567299807	26.72
1345.9941937650938	1254.9042577845173	26.76
1348.1069461949546	1246.6983894379607	26.8
1343.9482017083956	1253.3621168947723	26.84
1343.867865026806	1249.0865191508599	26.88
1343.4843861802724	1249.0025779187206	26.92
1341.919307937541	1241.3279689666902	26.96
1344.5628595819703	1241.8761914657462	27.0
1341.8447267439633	1243.3617825461372	27.04
1340.8858374917259	1235.7804153304075	27.08
1335.30313578422	1237.3245258702989	27.12
1337.2506526469626	1234.3836599623828	27.16
1333.3250296608146	1220.7075959620884	27.2
1328.2818186632371	1223.6538514555352	27.24
1327.1274883423405	1212.002226353713	27.28
1324.9887956926996	1211.152653451836	27.32
1329.740905976845	1207.7514697169577	27.36
1325.9965022641882	1202.652142514015	27.4
1318.6673136688732	1195.7377769445989	27.44
1309.3928172227454	1181.9822841770524	27.48
1294.4796187164304	1167.977247782209	27.52
1273.4418880719259	1148.204899699603	27.56
1264.0511622068232	1136.744019196354	27.6
1254.2839805904605	1118.9904861619561	27.64
1270.298024622742	1107.2295186420063	27.68
1273.869744812101	1104.6904745362995	27.72
1260.818281183767	1109.5787920242847	27.76
1235.9204954601742	1109.1522294771546	27.8
1221.4007826350721	1109.6844256959162	27.84
1201.4894432812562	1122.9189689368366	27.88
1187.0431003005226	1122.6134103668844	27.92
1185.5783615129483	1131.7401028528875	27.96
1177.5488972902867	1135.1512492418287	28.0
1174.5489436327985	1142.6645489322345	28.04
1167.33820724898	1140.7287379549668	28.08
1158.2316555536897	1133.353167226957	28.12
1154.202749449282	1128.0972800519824	28.16
1151.3827405653903	1125.1867764430622	28.2
1152.5593647912237	1121.122169039882	28.24
1148.1829722167683	1116.8480506733745	28.28
1143.8030352130181	1111.9124416553589	28.32
1140.447538994099	1108.6343550426698	28.36
1142.2390206593984	1104.104209725288	28.4
1141.037631691856	1105.7021267248344	28.44
1137.2379471471377	1104.2960078411481	28.48
1139.4325101926443	1101.2589355519262	28.52
1139.8294991615744	1103.3848939099212	28.56
1140.53763813358	1109.6016988425902	28.6
1148.5678604214565	1117.2108359398967	28.64
1157.4931353279833	1122.4668784136122	28.68
1161.4301850217855	1130.048799659182	28.72
1168.1439282047095	1129.8852775452383	28.76
1165.6418336910006	1131.293313561741	28.8
1162.971129130998	1128.4480588993422	28.84
1166.4482927490174	1127.9047959346244	28.88
1169.2351534860472	1129.1533202614494	28.92
1167.0496470372655	1133.589003880769	28.96
1167.5270214622892	1133.3022423294728	29.0
1168.3165694977565	1130.9821314397414	29.04
1164.5429711694644	1130.5773274780024	29.08
1167.816492302288	1132.2280570010219	29.12
1164.172050680694	1128.1321849417327	29.16
1167.1628460849486	1129.9316752719008	29.2
1162.0887368317146	1128.9997235278363	29.24
1166.1156413543747	1132.0640323822586	29.28
1167.5777971169778	1129.2364278344294	29.32
1169.6684614556523	1133.655964310184	29.36
1168.1721827685067	1130.8153661346169	29.4
1169.3075439474092	1132.6416960465594	29.44
1167.1307128717804	1132.4712038146374	29.48
1166.4702025715142	1131.616286227917	29.52
1166.3560656281156	1131.2500107159922	29.56
1165.912567732869	1129.2491789803457	29.6
1164.8567109902338	1129.8383975086845	29.64
1165.4545389838074	1127.7195063364206	29.68
1165.3495922398822	1126.5399919387714	29.72
1166.3573624802202	1126.5583971432975	29.76
1164.5764717944994	1127.1423769041864	29.8
1165.8439910920179	1126.1092811044596	29.84
1163.647013600866	1125.54818787513	29.88
1165.1192865085768	1125.9435323624982	29.92
1162.191422658283	1124.0842252186267	29.96
1163.2323688856773	1126.5935657808175	30.0
1161.966997277787	1123.3072946323687	30.04
1161.4861362235083	1125.1568884094772	30.08
1159.267803877423	1126.0993629517613	30.12
1162.4146468687782	1125.880476284454	30.16
1161.519332600087	1126.7057126871834	30.2
1160.9031728377033	1125.1379004425507	30.24
1161.9584884202675	1126.4749140016563	30.28
1160.3028965013084	1128.2900503210665	30.32
1159.360783778588	1126.2527629316317	30.36
1157.9381325444213	1124.3637299034667	30.4
1159.023744357238	1122.5352220372915	30.44
1157.1486262345286	1121.3087324094654	30.48
1157.1700650997066	1121.5040074618878	30.52
1157.0006256077584	1121.5996321182683	30.56
1156.5692432292303	1124.8862905435085	30.6
1151.9162455986827	1126.1413471379253	30.64
1152.5476221187319	1128.1308220764504	30.68
1151.1197070050057	1126.891370731624	30.72
1154.1478692576493	1125.9353820276388	30.76
1156.9889220473635	1125.3813654826663	30.8
1156.1075888717448	1125.901821543804	30.84
1154.2555442847245	1126.1773000512233	30.88
1154.3688429290064	1125.0171521677198	30.92
1153.9606589762486	1123.5364044449107	30.96
1153.9282505876333	1122.8430516315284	31.0
1152.657027877818	1121.3323948893321	31.04
1149.9522993368391	1123.724975134397	31.08
1148.3110913160604	1124.1731732516835	31.12
1150.627174113221	1127.4181348481764	31.16
1147.777886470303	1126.4744411514087	31.2
1148.9858730354174	1126.3199677372895	31.24
1147.085173347337	1126.2847782418773	31.28
1149.9127571028725	1123.2857693002272	31.32
1150.4670390250337	1122.1286672104459	31.36
1150.0325878189149	1122.3422484225957	31.4
1153.8070102293643	1121.0343502344897	31.44
1151.9024888096183	1121.621212954158	31.48
1148.003989640051	1125.7891275634458	31.52
1147.7950856048901	1122.2589907290403	31.56
1149.1841865190752	1124.5710554641119	31.6
1149.7055122861118	1122.8986594331668	31.64
1151.3035821694266	1121.501874421595	31.68
1152.123573270405	1120.6971186012547	31.72
1153.189793383109	1121.5062626404015	31.76
1154.2157349429121	1121.472524615795	31.8
1157.4017665338572	1123.099074739785	31.84
1153.4866694014204	1126.8477357688287	31.88
1157.423115207598	1127.3384589703278	31.92
1167.251420814612	1122.0396015123163	31.96
1167.8962211238245	1118.758940242908	32.0
1167.6902265754559	1112.9362587832359	32.04
1163.527984198497	1109.9200053591196	32.08
1160.9993591099435	1105.4212543614603	32.12
1157.9481971237371	1104.6972580927581	32.16
1159.2634165008346	1102.4790504930431	32.2
1155.2588254064501	1095.40676846472	32.24
1156.5927229243541	1101.457635064287	32.28
1150.2867613656797	1096.3092502707186	32.32
1153.3273294172077	1100.9270441754263	32.36
1149.3135455805718	1100.786143151419	32.4
1150.301722120243	1101.0678961656565	32.44
1151.7766485390296	1101.313838158385	32.48
1151.9315117703554	1102.1258758225204	32.52
1154.2974446115168	1104.100561858035	32.56
1157.223189855251	1104.4698304369213	32.6
1157.6518169293142	1103.5150239878426	32.64
1151.4036298274477	1103.2266754836742	32.68
1151.0262765740413	1115.595571310006	32.72
1174.6739497306735	1135.9662160882629	32.76
1205.2165684549766	1176.8312793641524	32.8
1272.2182586633162	1239.159576690089	32.84
1346.5849824308361	1314.4704698255982	32.88
1422.25282028546	1398.0298021516114	32.92
1497.4677661070223	1483.1693866908531	32.96
1563.5882252348138	1552.7401152946895	33.0
1615.3919394846616	1587.3952007403402	33.04
1663.7698501658435	1631.3880198652203	33.08
1692.1694215338875	1659.6296814158688	33.12
1710.1106718740045	1653.7719453802042	33.16
1713.5387985147402	1681.505569856857	33.2
1748.7098009824133	1657.6124441649185	33.24
1769.0812287896597	1659.817640922231	33.28
1785.6075789803149	1619.687610341139	33.32
1818.5108983322664	1762.3417628036993	33.36
1844.4489407712006	1770.7267588686204	33.4
1869.5355965934677	1796.2372760358442	33.44
0.0	0.0	33.48
0.0	0.0	33.52
0.0	0.0	33.56
0.0	0.0	33.6
0.0	0.0	33.64
0.0	0.0	33.68
0.0	0.0	33.72
0.0	0.0	33.76
0.0	0.0	33.8
0.0	0.0	33.84
0.0	0.0	33.88
0.0	0.0	33.92
0.0	0.0	33.96
0.0	0.0	34.0
1658.085639496815	1693.916468208018	34.04
1597.0996148109741	1657.465758939439	34.08
1534.274373055674	1533.718916300821	34.12
1485.6255079341422	1399.6409176902002	34.16
1441.8381994467404	1320.7051867856749	34.2
1418.0998995380085	1240.0457387432468	34.24
1359.5868638036466	1196.1794394206968	34.28
1337.8239958378822	1167.8241279829954	34.32
1314.6676027475698	1111.4706573767446	34.36
1288.7797176204397	1105.966729291781	34.4
1281.7119184017633	1086.3458003248859	34.44
1244.8711169003689	1071.4911642269349	34.48
1240.4261618294188	1073.9552492721784	34.52
1181.8860605507425	1074.1460321993923	34.56
1197.2738789220148	1058.0390280968325	34.6
1188.1815915623608	1047.9188536031115	34.64
1189.5510923613033	1054.3145937870247	34.68
1181.0815807847616	1049.5724410621458	34.72
1141.1611697852604	1049.1127648103525	34.76
1172.1621745507261	1096.6138420605073	34.8
1182.7136205476531	1102.613013673288	34.84
1188.2010460013096	1087.2378775672964	34.88
1168.4502509723586	1064.6268727390297	34.92
0.0	0.0	34.96
0.0	0.0	35.0
0.0	0.0	35.04
0.0	0.0	35.08
0.0	0.0	35.12
0.0	0.0	35.16
0.0	0.0	35.2
0.0	0.0	35.24
0.0	0.0	35.28
0.0	0.0	35.32
0.0	0.0	35.36
0.0	0.0	35.4
0.0	0.0	35.44
0.0	0.0	35.48
1059.8315095063879	993.4182798613666	35.52
1065.3555333195172	967.9783182866302	35.56
1086.0384173130085	978.9926661028021	35.6
1076.841339427099	965.6810804459394	35.64
1069.0071344061555	959.3332440932562	35.68
1053.3939080805167	961.1912184600693	35.72
1084.3195456483656	950.83828564696	35.76
1080.021155369997	959.2433214181602	35.8
1068.0560336017459	964.2809084973816	35.84
1076.2055635984084	968.8414764809136	35.88
1054.4697168718405	966.8069644954437	35.92
1048.429779409496	973.5621360300225	35.96
1053.3326589892936	967.6147377265	36.0
1066.2688029943624	964.0722619318594	36.04
1056.8734455213441	962.6631987566752	36.08
1030.7563006741395	976.8010860629298	36.12
1017.3688516253565	968.3829447788528	36.16
1016.2973410140115	956.5516831876723	36.2
1032.035487721273	952.1726747586961	36.24
1028.8224395464545	951.7174610126887	36.28
1024.0605448195984	958.4637158651315	36.32
1024.0195110897891	955.210735442668	36.36
1022.6513979366358	958.2843889297482	36.4
1015.5134028901278	962.7913256568944	36.44
1013.1362575397025	962.032998338721	36.48
1013.4265201114125	957.0285524864605	36.52
1015.5405248100151	956.225397498199	36.56
1016.194229024377	949.8181805253137	36.6
1012.7296905088075	947.1990620893324	36.64
1009.2217865417648	947.2904911258523	36.68
1009.7985629620142	943.1135191774086	36.72
1009.7093250148691	945.1194122519837	36.76
1006.8209008459837	945.3501614154172	36.8
1001.2537865690442	946.9225420183324	36.84
999.8279396913832	940.7083207164414	36.88
997.1152100197144	953.3277766862102	36.92
993.6644862916933	958.9315396587004	36.96
991.614911873542	962.2323001317685	37.0
994.3748553589195	961.5117920103032	37.04
992.780083454016	958.7393667541348	37.08
991.1349481674375	957.9107314803792	37.12
986.3693343041887	956.2333491958998	37.16
983.5430818112478	954.7587136223708	37.2
983.522719487578	958.7413921377209	37.24
978.8618561916547	953.6015871836663	37.28
974.3708181205175	953.7375509224562	37.32
972.6672546804588	952.1471233646976	37.36
972.9185407650166	950.570300034193	37.4
966.5592557819953	951.5330041966239	37.44
964.1344034119649	944.7859874790873	37.48
955.9541244252437	940.6961048628735	37.52
950.4542070468949	935.3576105526188	37.56
941.0065951990242	932.8594688105977	37.6
932.9142449660048	924.9119230766989	37.64
923.3701717605063	915.780543989181	37.68
912.3162505884183	900.1425937875508	37.72
891.0570046910861	884.8852813044928	37.76
871.9718172185618	870.2393909548388	37.8
853.5952993618904	855.0569062992936	37.84
833.7579687236806	842.1627777570316	37.88
821.1112318533326	830.0891983901853	37.92
808.1900939801236	810.8780008149475	37.96
798.8844398155018	806.5829903350163	38.0
788.5994443834373	799.1141352623264	38.04
774.675834140316	787.2021938274081	38.08
763.9091887523526	773.7130022299299	38.12
752.4344639171544	772.3122742221727	38.16
742.5517270862348	767.1865387093728	38.2
734.6323479086161	760.5917963053388	38.24
726.7249055844975	759.2639103248781	38.28
719.815584267143	754.1417565604278	38.32
710.4612981692187	750.2700531491506	38.36
707.805600487433	749.684914046651	38.4
705.4036151841786	746.0337703231672	38.44
703.1531824967873	743.5706093263201	38.48
698.898871982252	743.4486024330567	38.52
696.4636757507529	744.8353489493448	38.56
693.4054675048043	739.5571114639272	38.6
688.6798340154918	740.1961621973625	38.64
681.8382094881027	740.1342362665135	38.68
677.9560985816208	731.1054750777641	38.72
676.1669063469454	726.812148433008	38.76
675.3772114361361	723.6936035049058	38.8
673.5883400883328	721.763382277112	38.84
671.9745281047085	721.9511258830465	38.88
669.9063443236089	723.5990575096803	38.92
666.6949058293228	726.9204103120326	38.96
667.7050178763885	715.1557190741239	39.0
667.289781525604	718.0059526472069	39.04
666.133796018242	718.4404865712872	39.08
662.4930428783323	719.4756163307004	39.12
663.027067486169	713.871515305108	39.16
664.0951043865441	717.7837421663688	39.2
663.5179362225676	715.5970852596897	39.24
662.8777343584375	720.1958933000891	39.28
660.4324477883241	711.89808268876	39.32
663.8573420261268	715.1753194091781	39.36
659.8331256110257	713.3315982441918	39.4
658.9557178824823	714.8995818523215	39.44
660.8559382598579	714.3651758059048	39.48
659.5046519679147	714.4607715464664	39.52
654.7978739872669	717.2428214009061	39.56
659.2298395562149	716.9362808993315	39.6
658.5184010081804	721.3163874757863	39.64
658.0626554408659	723.7173407948841	39.68
654.9438193087647	715.0744964778369	39.72
654.3515522528603	715.9756545914468	39.76
655.0788182602089	712.891157863136	39.8
654.5193282643052	719.2589140232786	39.84
650.3597052296675	719.0362307602383	39.88
651.790678013482	716.960931734726	39.92
651.1013577393586	710.9480704211717	39.96
652.1195035184388	705.6550548828483	40.0
648.5127621160909	714.2692354360113	40.04
647.4269522336821	709.5525332663101	40.08
648.7055344834455	708.5380632408176	40.12
646.1651335889912	707.2079283046368	40.16
642.9811253223202	706.9781080791223	40.2
642.4850655753702	702.6756876643944	40.24
642.290046599281	702.6941429910655	40.28
640.7930720483727	703.6342138589615	40.32
643.0984146970075	709.7904591428193	40.36
639.353051124613	708.5789473680031	40.4
637.7381898099142	708.205839373775	40.44
636.9066286690095	712.5681079712957	40.48
636.6855594442677	705.9341371929187	40.52
637.048281868296	700.5303905371964	40.56
638.8127551850226	708.4384007802646	40.6
636.8380063282682	702.7595826564042	40.64
639.9704837228965	708.4449797090584	40.68
641.357901445299	706.6229847132471	40.72
642.3775783881542	706.5822463585704	40.76
640.8347982796358	703.0229523655007	40.8
641.3695006420701	704.211528789464	40.84
644.7027901785991	698.9778278080597	40.88
642.5029712388325	704.0611549865534	40.92
638.1579528310031	701.8635422409707	40.96
642.8637671839084	702.4789829089673	41.0
639.4349032407247	700.2376396620549	41.04
641.3537057866771	714.8190876808598	41.08
643.9310502097152	701.3753001635052	41.12
643.5133453250771	706.0699779046628	41.16
641.7888291746111	709.4731548348207	41.2
640.4887818708984	704.4472152517426	41.24
643.808439654428	712.638978679596	41.28
644.0714856677912	703.8988964378867	41.32
645.177863438669	713.082941221875	41.36
645.664771029135	710.8739751862486	41.4
647.6721885019372	706.811135551041	41.44
646.6252623288176	706.7662452532386	41.48
648.0014625029391	716.5707524810379	41.52
645.7555616552896	712.2565609962251	41.56
647.7706652049479	719.6661028204219	41.6
649.8618819465513	712.140226493414	41.64
646.6873230932141	719.1265084558546	41.68
647.9054003003874	710.1089001964262	41.72
649.3385903848092	713.538664700928	41.76
648.64098794364	708.0413753873638	41.8
650.8463410494633	713.4374297338721	41.84
655.0495795250566	712.9465145680296	41.88
655.7550502857891	715.3034363212992	41.92
652.854903443216	712.9490844475782	41.96
655.3144846855669	717.0272662655235	42.0
654.4605634865775	712.641012157595	42.04
656.479299518037	719.5959189612304	42.08
654.5646450902435	711.5531540317816	42.12
652.1883758591333	711.5740258467589	42.16
655.871834526432	717.3822557887767	42.2
657.447922724765	715.7834574716749	42.24
655.1017588790189	715.560553002946	42.28
660.0776523761717	718.1833962225807	42.32
661.6951394834855	726.2119320803032	42.36
664.1567786499294	728.2148294095905	42.4
667.599284310024	724.7735563328822	42.44
673.1032752801758	728.3464011992949	42.48
677.0606882268455	729.3412677759229	42.52
679.2659195863104	724.0030381715358	42.56
681.9827180523877	724.6201175565342	42.6
682.5484405936032	723.1920740127689	42.64
682.4864980191985	721.0706898294867	42.68
683.1033400191953	727.9345304089204	42.72
679.0948836870275	719.1826656338145	42.76
677.9690885726064	717.9764069551799	42.8
678.5970467899801	722.9721983165134	42.84
678.256921013351	724.4683897010148	42.88
679.8690536703673	727.1772049461138	42.92
672.6303286602994	715.1781823587586	42.96
677.6456343064967	712.7014010956403	43.0
679.3016410052627	716.1364074360313	43.04
674.7532244853169	717.3269088688861	43.08
672.9988540865947	717.2116873277685	43.12
677.3703160265667	713.1805561899964	43.16
675.5223584006135	719.2429415673805	43.2
672.4686783118283	707.0032665048172	43.24
672.3667485404249	715.8964772376227	43.28
675.266136057446	717.3129041818967	43.32
675.3772760513599	716.5687416649937	43.36
677.3646898601419	711.920280797913	43.4
675.3483949266935	721.1872231578586	43.44
675.4277418514631	711.2671443307619	43.48
676.0827784441175	719.4697077623174	43.52
674.9774959654453	713.6253932889285	43.56
672.6580367120199	720.6206467798278	43.6
671.4472531562155	713.2135099975795	43.64
669.0323068507195	717.7854260692213	43.68
670.9904953509905	714.5024492907853	43.72
669.6399396362343	721.1534233718546	43.76
672.1274823824158	715.7580596493472	43.8
669.3955360751175	724.3555231116183	43.84
671.1962092380508	717.2406693961269	43.88
668.1154503713274	719.0035430636993	43.92
669.3958493709258	712.6998452415318	43.96
669.4137487088468	717.9779613033276	44.0
669.1295181200368	716.3879896019984	44.04
665.3950009319589	716.8957379263259	44.08
663.6971838910835	715.9330094617862	44.12
661.3595605676138	713.5417114226295	44.16
660.6070668332638	709.4611847698296	44.2
661.0853669152922	713.0779028395774	44.24
658.852220974961	713.7308397986058	44.28
658.6721022985112	715.0581912162229	44.32
657.8697904174276	709.5238005852564	44.36
657.8307400553398	708.6479347998343	44.4
660.347329215368	703.2302438151996	44.44
656.9884566938915	707.839997783525	44.48
650.927708896365	702.9897616485747	44.52
653.938094919972	707.3902312223756	44.56
651.8351435963795	704.2367396519411	44.6
654.4869082002112	707.5831726452088	44.64
651.4923715245486	699.7646704227825	44.68
653.4528975532021	708.8122258070024	44.72
650.099389303279	701.8326415994901	44.76
650.3680894800735	710.2301732578603	44.8
653.0048434695686	702.6521596238022	44.84
652.867274221353	707.4485173131746	44.88
651.9752324556318	706.021452485723	44.92
650.640649568107	710.562792033631	44.96
649.4154092897745	705.8894999426246	45.0
648.8964768742269	712.6251441536958	45.04
649.2410256613605	702.2089611809515	45.08
648.368040483428	706.8547206549442	45.12
648.3520955648614	710.6800199654781	45.16
649.0205481206776	707.7207582095816	45.2
648.9726875285094	713.6523391106459	45.24
649.4071381383358	708.6964103432564	45.28
649.8927790824998	708.3755824257543	45.32
648.5966219135523	709.1506516719329	45.36
649.0536342255426	703.5514028835307	45.4
650.6559355128716	708.7534760846703	45.44
648.1148083209634	702.9910385915753	45.48
648.9187591218124	707.4487011522343	45.52
651.2468883791462	706.0664112833597	45.56
648.8280458300172	705.3986938289761	45.6
649.4651216498432	704.1992595561418	45.64
648.5274373335723	707.0019620889246	45.68
646.4453450799206	702.0072378215164	45.72
647.7153489150181	704.9259112869797	45.76
648.5302158674726	700.6653204382667	45.8
646.1974865386111	707.976359942011	45.84
651.7725255544987	708.8558488248932	45.88
650.1275456376096	707.9395678728429	45.92
650.301193916342	709.9619586623618	45.96
650.5014883197674	701.6616153809525	46.0
651.5901083949831	710.5356198635438	46.04
653.4442688420482	706.8626841935568	46.08
648.0414692891297	708.5759996113463	46.12
647.267056695332	703.2202895768415	46.16
647.4810466471926	709.5830485072443	46.2
651.6184625927236	705.5197775352586	46.24
648.4350498877185	705.0844547374588	46.28
650.7934330644382	709.6183350395542	46.32
650.8751451963419	708.5108783164179	46.36
649.3608643836321	713.3031210541451	46.4
645.2502615983736	707.4261256775696	46.44
644.6188910013486	708.0354806286215	46.48
646.9896929589803	700.4044326233685	46.52
644.8405104559196	702.9496454980319	46.56
643.8080425589416	704.7012117967381	46.6
643.9104083030884	704.9448568158784	46.64
642.208241576659	701.2439681673909	46.68
643.0313851019041	703.7225886420678	46.72
643.0475358634691	702.1866981496855	46.76
643.2393973434641	704.6246622017497	46.8
641.0056888402424	702.8520286857508	46.84
642.5137141267332	697.875982920049	46.88
641.2650281779373	703.4629710529993	46.92
640.8524267137672	704.2148810203665	46.96
640.2502005354926	702.0498921446572	47.0
641.6570064061964	701.5942113089975	47.04
636.8242869297998	704.7118646127791	47.08
639.4438275041849	704.4543406818419	47.12
641.820310304933	702.4222321310748	47.16
645.1305311311788	706.7603589009125	47.2
639.0543512742034	706.4881157836242	47.24
640.3703344906311	707.9803627235694	47.28
637.5979968338075	703.0188753389513	47.32
638.7620713407575	700.4348554167073	47.36
640.2073589390026	697.5124527366271	47.4
641.8776980419276	704.1373345835873	47.44
640.6161949867233	704.2059479132059	47.48
635.3201388505626	705.0523261581253	47.52
639.6731568663776	705.0669022908404	47.56
637.4001517038524	704.0681593094931	47.6
636.8929810097321	698.7295124403646	47.64
639.520410903435	703.1846781687619	47.68
636.6434763731793	700.6116814825297	47.72
638.2716510871949	702.6937922256552	47.76
639.2930479975055	694.1125487918532	47.8
637.366428582705	698.8638834108725	47.84
639.9980781677991	699.491379872454	47.88
640.530755037625	700.7215377779224	47.92
643.241772197921	705.2667636490064	47.96
644.0581731975051	704.3051204396444	48.0
649.0625689681186	696.9996314318151	48.04
659.2382905957759	681.8519847321826	48.08
675.3496830492616	713.5803410302705	48.12
706.6685044018072	728.6379247148948	48.16
733.2555321078289	739.0781282273933	48.2
751.8276771812892	756.8488626046059	48.24
771.0360649765557	769.1445224319751	48.28
787.2134859713151	779.6025111307086	48.32
798.8212599727495	795.0786365584463	48.36
809.8636116266097	789.8415111815588	48.4
818.1317562526496	786.5279348007826	48.44
822.3270583063395	794.2718722536558	48.48
827.9274142043188	806.4369247029344	48.52
833.1114944931664	810.4030116631316	48.56
836.3763355986529	814.8186196789605	48.6
841.8431395346473	807.0946835635885	48.64
848.4839533330804	806.9019703316989	48.68
857.7420930977598	814.695252132696	48.72
867.6823190278923	825.0094873086655	48.76
879.2118098795612	833.8237315157129	48.8
892.2822432647667	839.9690415925318	48.84
909.1404203698647	843.7210252460217	48.88
929.742534913181	835.6777840515961	48.92
952.6274508836152	835.4992016691169	48.96
960.2157648158733	857.2035447410076	49.0
931.7788684040091	879.5052148347804	49.04
959.1492451463323	948.3125535334364	49.08
982.4809581455438	970.6768623879105	49.12
978.0274429101828	997.9786607264298	49.16
985.0715161302261	1022.2612676039895	49.2
986.9479343665271	1035.3241703384126	49.24
1011.3669652119	1049.3927088500045	49.28
1035.0181314164095	1065.976550107068	49.32
1036.2846283466026	1065.5528501801705	49.36
1045.022310118474	1085.2910662181152	49.4
1071.437107386189	1144.0677513434239	49.44
1086.0998898736325	1148.061529529151	49.48
1105.9406258911288	1161.4829781612038	49.52
1125.0474719253493	1193.0014080046453	49.56
1145.894924561414	1202.108495974747	49.6
1171.4973884990002	1206.1240034418588	49.64
1181.659695420832	1221.8996712204428	49.68
1185.927939232593	1225.9063083935544	49.72
0.0	0.0	49.76
0.0	0.0	49.8
0.0	0.0	49.84
0.0	0.0	49.88
0.0	0.0	49.92
0.0	0.0	49.96
0.0	0.0	50.0
0.0	0.0	50.04
0.0	0.0	50.08
0.0	0.0	50.12
0.0	0.0	50.16
0.0	0.0	50.2
0.0	0.0	50.24
0.0	0.0	50.28
0.0	0.0	50.32
1049.2751307399549	1070.1482190077732	50.36
0.0	0.0	50.4
1112.410052169056	1034.1087552940642	50.44
1077.6488573232816	1005.6021563452523	50.48
1038.843740792782	975.7503364198396	50.52
989.5888548084583	938.1906391323502	50.56
959.517030891536	909.6607618658156	50.6
928.3095357569979	886.128260283947	50.64
914.0482420760052	861.0684950005041	50.68
896.983949365702	842.8299947705541	50.72
885.8621891382028	834.4676706005203	50.76
863.918822227568	823.6461906081726	50.8
866.0989303193433	819.0000867122621	50.84
887.3540222845564	851.7829197944998	50.88
938.2991386369727	911.662867062736	50.92
1005.9110388946093	987.1768472248033	50.96
1082.0598636995103	1055.4493744521724	51.0
1129.83804979016	1107.0473819474043	51.04
1149.1223068178606	1127.8865695096006	51.08
1159.4826352749917	1136.0493380666967	51.12
1170.3850835117871	1140.293593764923	51.16
1181.461563710778	1144.1044341511165	51.2
1176.973358493171	1136.8579688808552	51.24
1175.6223951579627	1130.4878745159353	51.28
1170.827852270285	1129.3893339459564	51.32
1172.5282477735627	1129.5319250866385	51.36
1175.8294505538147	1141.5551157642174	51.4
1182.9115507724737	1143.204408170547	51.44
1184.685332241532	1151.2667376545105	51.48
1190.454317425669	1156.2450882824894	51.52
1195.0919843134532	1165.2105628523657	51.56
1202.6345520556529	1174.9938249320446	51.6
1211.4601498495556	1182.6392002924101	51.64
1208.6533316428618	1185.481776594929	51.68
1202.2861297282552	1172.9009245107072	51.72
1196.0779164826076	1176.7767831076283	51.76
1180.6414139042304	1175.1135031052631	51.8
1170.2301037693655	1165.770903632346	51.84
1159.736206624613	1156.6381359263846	51.88
1162.7739077122421	1155.1263232152603	51.92
1170.424315321316	1153.9774545420357	51.96
1175.2165698353856	1160.0671796527238	52.0
1187.3282763921611	1172.6751058629725	52.04
1200.804546373631	1192.54301011752	52.08
1202.7008164679357	1189.8471484855984	52.12
1204.222031486209	1183.9137917942203	52.16
1194.1405344669652	1178.2144315957714	52.2
1185.0225687025134	1162.9803124297405	52.24
1174.1500132935817	1147.4476044654543	52.28
1160.033904945904	1132.3223113246372	52.32
1144.7864032545606	1116.7470998195981	52.36
1131.2468581591022	1096.296555094578	52.4
1118.4927063176115	1082.370983333108	52.44
1104.1595592498786	1070.798958930535	52.48
1090.4889925760388	1052.020406998502	52.52
1076.6400516478457	1034.510592748607	52.56
1066.444235601585	1025.5803744205698	52.6
1051.961982285014	1016.5284549655872	52.64
1048.3825481246433	1009.8359134849546	52.68
1042.551573401782	1007.2210953990591	52.72
1039.4940235709532	1002.7479149568712	52.76
1037.841783663482	996.4054262290251	52.8
1033.731145405009	992.1913452958856	52.84
1034.6547045387192	987.6513688358473	52.88
1034.6174614727786	988.7959793760942	52.92
1033.8321870548898	990.1552795753055	52.96
1027.3473672588575	986.0208161969769	53.0
1019.9820747992349	983.6295043682034	53.04
1028.0552071216102	985.2731474527129	53.08
1030.4778152364001	987.3721938131906	53.12
1032.5380878644307	991.4824862174656	53.16
1034.9235580553839	992.1626668661369	53.2
1028.630101667891	992.8417629660448	53.24
1030.4616672883965	993.2694761464709	53.28
1026.90621145928	996.1266602749292	53.32
1025.2476685161328	997.3541786008933	53.36
1024.2791629017581	996.5125322403694	53.4
1024.8112304865967	997.3527177503294	53.44
1021.0505026705597	994.565145923461	53.48
1021.542980482526	996.0910739060803	53.52
1019.751368017898	993.2332900741616	53.56
1028.9111584069813	991.181420664046	53.6
1031.7269491741838	984.545007914921	53.64
1031.2112166061825	954.0887854162498	53.68
1029.5676839270566	949.0429068841593	53.72
1030.7718523891663	957.5772306674749	53.76
1039.0296774640224	967.826061389512	53.8
1040.8359301370022	968.0554352310807	53.84
1044.9014951906815	969.3104895238538	53.88
1041.2735653180084	964.361067652022	53.92
1032.7193134901866	961.316896044594	53.96
1016.5747677392129	959.589826064569	54.0
1013.7754583004133	963.1055832124936	54.04
1015.5982965262946	974.2776637538121	54.08
1015.319686475751	982.0726231581384	54.12
1019.211160971751	989.5134521644684	54.16
1026.0063312483412	986.5575966815155	54.2
1027.1104348445353	988.1656715843361	54.24
1030.5806598370732	990.1036117153426	54.28
1034.005936842552	984.1632617351496	54.32
1028.0067298211789	967.6348820933877	54.36
1031.7769695097936	955.0283060619919	54.4
1030.0796489882894	947.0646904120996	54.44
1029.157780447097	948.5907844119597	54.48
1014.7209473241252	968.2092194738142	54.52
1001.4837564092437	995.1486963496609	54.56
1001.9951231952206	1012.0810311487434	54.6
1001.0004531752633	1011.9886525713509	54.64
1004.7881969530522	1014.2305769697319	54.68
1009.577883920107	1012.0675517341666	54.72
1015.9523938173375	998.5878054447218	54.76
1022.4576129652157	994.9480514732737	54.8
1021.6902166558509	1002.0958706775895	54.84
1023.4577685796643	995.8978873100666	54.88
1020.3697222315752	990.4155788591855	54.92
1017.9568632829313	978.7241361832909	54.96
1018.7570776675088	961.9398017740992	55.0
1004.6517603044201	992.5640112128133	55.04
999.308521312944	1002.8406612894886	55.08
1002.2596074019087	1002.2134413105334	55.12
1008.4274987279214	989.8419992451687	55.16
1017.7731689302461	991.1748910419869	55.2
1021.1225619837436	987.0985848164373	55.24
1028.973438443429	980.9924233913658	55.28
1026.1465180764442	966.3548881775783	55.32
1026.9292228188867	952.5810519241402	55.36
1023.2341394581659	941.2056979384436	55.4
1021.7694734914295	944.7918969582566	55.44
1007.8765123823229	974.1498609604051	55.48
1002.535634355984	1014.6104770497645	55.52
1001.024958224644	1010.6386478354868	55.56
1004.7728522531186	988.2889109097133	55.6
1019.5108110479143	979.3983236999346	55.64
1022.9157331189404	978.7720089528691	55.68
1025.9010956164557	965.3103711990605	55.72
1021.4915480273658	949.4521739040497	55.76
1017.6868997963348	946.114645115723	55.8
1024.059419197703	948.1322812391315	55.84
1012.717415090402	990.5509346638141	55.88
1008.4988036274846	1025.7538387642298	55.92
1006.6228483223175	1022.3693943841406	55.96
1006.5878146173659	1023.1298314511669	56.0
1007.5907852658088	1023.4974425043177	56.04
1009.9904602586918	1018.7959156133983	56.08
1010.803598000549	1015.7214843385832	56.12
1008.1088829427181	1005.835107372195	56.16
1006.4866104432574	996.6679341652529	56.2
1008.111394928432	984.758245100965	56.24
1007.6319588217302	992.3265458440344	56.28
996.9396973727911	1005.0325794706254	56.32
992.336070845336	999.4910880942948	56.36
990.0198042944135	1006.4289917689628	56.4
994.0432192488641	1003.941438212929	56.44
996.490340160304	1000.7177347777024	56.48
996.6031608691222	990.3457830158962	56.52
999.5957290739207	983.3099551580801	56.56
1003.736728716028	976.7579973494071	56.6
1003.3897811872167	966.9667599829385	56.64
1000.9039922046222	962.7119026434843	56.68
998.4353431695359	954.9776345357271	56.72
997.5758801741754	947.44206255418	56.76
996.3003445499274	941.907282986726	56.8
993.7180683960925	938.3097284890185	56.84
995.3085562116598	935.346177823221	56.88
996.1261808387494	935.1233352532937	56.92
996.5727327571652	936.3260874471117	56.96
999.8751024144918	937.540029725331	57.0
996.8803583146495	933.8641968354768	57.04
1001.6768122318939	933.0021405245055	57.08
1005.9462281190005	918.7701961457218	57.12
1003.3464818821245	906.5379558610138	57.16
998.3492221185573	908.6689584302432	57.2
1000.9565121636546	939.0606105543078	57.24
984.6451495625307	982.8136702810566	57.28
990.6325778793623	980.0675058397245	57.32
988.6555976603654	983.1159318670291	57.36
997.0900653013492	964.7543251710943	57.4
1002.3767583262354	957.4830939073557	57.44
1004.3894717086172	953.7590812990882	57.48
998.5700114863055	946.9069039408078	57.52
994.7394041755239	940.522519087512	57.56
993.0619118873728	937.048100664615	57.6
989.4279372694784	930.8877355081516	57.64
999.358703716029	949.5787189461946	57.68
1017.2910676011452	953.6902555748883	57.72
1024.719993598877	964.5071331660691	57.76
1033.6374907674438	975.4078307767027	57.8
1040.0234101667227	988.5346477161553	57.84
1059.9190062270761	1013.0150749624165	57.88
1086.6532991549811	1055.346427352397	57.92
1108.972946503661	1102.828020023401	57.96
1125.0384455187652	1140.1567704701688	58.0
1136.694043680236	1147.8117914016946	58.04
1155.0690393149914	1150.0353428246935	58.08
1157.7610182259407	1162.8767539967137	58.12
860.9082687659114	884.3480073979457	58.16
831.4964368435186	851.1564797467594	58.2
815.7825146616702	808.555519356036	58.24
812.3898131043628	802.8816485058774	58.28
805.2909097957266	808.4462081050323	58.32
0.0	0.0	58.36
812.2101573075146	801.3110098382015	58.4
827.7737684281998	812.08469846555	58.44
835.0982730551896	804.2183452683138	58.48
837.9522211050524	808.9669706032543	58.52
843.2955165799627	797.9867604062176	58.56
843.7035628774341	802.2434651176962	58.6
845.4942263904315	805.9675182469125	58.64
846.3510437100842	805.1198984340284	58.68
847.8761269776667	806.951648155409	58.72
844.1056957223974	811.1333863096232	58.76
841.5987728844678	805.7772165631237	58.8
843.1593369333084	804.4183506182932	58.84
0.0	0.0	58.88
840.8341565046517	794.3198295548665	58.92
835.0483780878897	806.4324968137345	58.96
835.064550489741	796.2206045296142	59.0
815.6666904741463	763.760639809968	59.04
786.3752898313143	721.36889033846	59.08
760.0345043152503	678.9894283898606	59.12
742.7766526899424	658.1218517857837	59.16
683.623382777154	653.1991130274611	59.2
695.1929423793918	619.6403107976976	59.24
699.6787042282031	619.8176876770704	59.28
735.0428231844925	640.3626534928172	59.32
780.1432898175591	660.5931174732713	59.36
824.4868029179075	676.3139007574227	59.4
769.1056052976686	684.7631082492173	59.44
817.1047656965053	690.1210716974831	59.48
822.1793005619212	703.5866990481951	59.52
820.0765453798596	715.0493948809036	59.56
855.4646765763484	721.9988492109667	59.6
882.9923526883213	735.5179606779574	59.64
872.9233391216334	743.8407134942885	59.68
896.8925818299882	747.0965272085257	59.72
862.7736582122045	748.3513368712001	59.76
905.5376574177056	748.398384823025	59.8
907.4949992018313	749.0047232366231	59.84
892.2653925254824	748.4759853908024	59.88
881.1098840340428	743.5259555357306	59.92
845.6442632794615	738.7171394114062	59.96
1086.9103242767446	1083.851114305784	60.0
1082.044810566333	1102.1279349588333	60.04
1095.5784582086096	1087.4368018663079	60.08
1103.068393906035	1109.133434964042	60.12
1125.70251990873	1091.6963426251536	60.16
1126.9287767750309	1105.7260364237363	60.2
1138.4039482114263	1108.4806225270254	60.24
1144.4446207858434	1104.2417243582938	60.28
1141.4188299902214	1101.0221291568134	60.32
1124.3523148505208	1135.8156856125804	60.36
1115.099395865161	1089.4250138905272	60.4
1107.6481181072868	1089.0804557004756	60.44
1105.3443546860349	1071.9182409104337	60.48
1100.896759916168	1059.9794220663907	60.52
1108.3064980659638	1054.3720349888827	60.56
1109.2633569756117	1059.633484072916	60.6
1123.5332156460324	1049.1134334126318	60.64
1128.008499142085	1062.5237781116423	60.68
1134.9139062060042	1062.8782345922646	60.72
1134.7520584497952	1056.6417900278277	60.76
1132.2754439232356	1052.8460320906377	60.8
1129.313896245767	1052.2198187130348	60.84
1117.7988166848595	1052.0151025552138	60.88
1115.815704461772	1057.8256436632741	60.92
1112.2662879714246	1059.3423236386202	60.96
1118.2756714827296	1065.2795594090662	61.0
1121.6364922806629	1069.2522151446785	61.04
1119.3457852212957	1065.336651434029	61.08
1126.5500688879706	1068.700091191556	61.12
1131.4258699111547	1069.890917905423	61.16
1131.2261228354084	1075.0401184938821	61.2
1125.5757999879986	1070.5867587897437	61.24
1114.01035344741	1065.1609540034021	61.28
1105.3706094839465	1057.9377332677832	61.32
1101.1039267914518	1046.0361989453145	61.36
1096.5936333075983	1038.560288912639	61.4
1090.2789223890627	1031.2127355669536	61.44
1088.4427500250574	1025.2373064676353	61.48
1090.3262525853024	1026.0363923438888	61.52
1091.6737239172635	1021.5775900157403	61.56
1090.2845331939252	1011.0960613657655	61.6
1081.5200614955172	1006.297585791934	61.64
1079.3848112030344	1002.0591953005278	61.68
1077.1073258272393	1003.781951587193	61.72
1081.8909037781145	1012.481941633913	61.76
1085.0332845833689	1004.5046561298873	61.8
1081.6486861142553	1009.7434138560366	61.84
1080.9806339079983	1009.0350291680663	61.88
1081.3753358515864	1008.0323802007398	61.92
1083.2000212634302	1010.9086899616601	61.96
1083.3570256386834	1012.7896029010624	62.0
1086.0228450942589	1014.4353761521992	62.04
1091.1257594394667	1021.1576360508681	62.08
1095.4625471623071	1024.8008380581475	62.12
1093.5009482564144	1025.3630599664955	62.16
1091.8479050061785	1024.749487046724	62.2
1091.0072787592558	1024.4426755452753	62.24
1090.085918132917	1021.6944609874942	62.28
1084.922487475554	1016.9751156369499	62.32
1085.6988032328206	1014.4010469010872	62.36
1084.9848738227524	1015.6786583448308	62.4
1082.3372384151244	1011.512700086875	62.44
1083.475405206475	1006.6814188691811	62.48
1078.8139264739416	1003.5720846999789	62.52
1080.2647717863365	1001.0881335513382	62.56
1074.2147581785407	990.6137212191163	62.6
1068.888083555975	979.3061077767007	62.64
1061.0779167936353	967.4183518571298	62.68
1050.330337578016	959.8377856848844	62.72
1038.5649202695045	952.8928359474446	62.76
1028.53163721889	949.966656615371	62.8
1020.5874273832696	951.2705444051271	62.84
1034.263793493559	971.4632141051338	62.88
1043.6957074760505	1014.6914655979921	62.92
1059.7359572150217	1061.7772217099584	62.96
1090.190071971302	1089.0472928551885	63.0
1118.318309295907	1102.0299213846001	63.04
1146.4780196622455	1110.473830540972	63.08
1156.9907117926705	1126.559389595493	63.12
1153.178488769126	1130.1016348450992	63.16
1009.6206649977863	1022.5882812905996	63.2
1005.7475102073599	1010.9612447200886	63.24
1008.3881971917159	1040.2135773847053	63.28
1027.8802392626155	1031.298425600657	63.32
1040.5142497928325	1035.4125286999133	63.36
1028.3385580827635	999.4120575973823	63.4
1003.8025196385927	963.9426183561077	63.44
998.0302021314783	928.4774095392497	63.48
980.3189545892155	863.1407768432447	63.52
942.0660525376264	846.3171296244795	63.56
930.8328271092621	853.088134858618	63.6
948.0770360501295	882.091714158054	63.64
968.659397204728	922.4935416457076	63.68
970.1346045396673	935.203796515762	63.72
975.7969812900856	937.7964261969457	63.76
969.2944784242806	929.673819727159	63.8
961.1701085326413	921.540099260316	63.84
958.457358647949	918.7227090009803	63.88
955.0433903576753	921.5263160924186	63.92
950.184260376554	909.9698401958393	63.96
947.1727383553468	904.9805415341733	64.0
945.2940958637757	901.7652049231174	64.04
951.5206009910096	903.0555153817984	64.08
954.4897729705978	893.7114072086837	64.12
949.5270736965657	884.5337270480932	64.16
952.2187565042493	875.7054653175434	64.2
959.0631591063054	870.4903941585437	64.24
964.886355850745	884.01779370429	64.28
993.772853733415	924.1371638857428	64.32
1068.5210953476735	991.2946154564372	64.36
1160.973812029701	1080.3675244871577	64.4
1282.3758638345053	1182.864176206981	64.44
1320.414831410791	1281.8351827546535	64.48
1283.1680842425283	1302.4574639865023	64.52
1384.060382422658	1347.8498847237925	64.56
0.0	0.0	64.6
0.0	0.0	64.64
0.0	0.0	64.68
0.0	0.0	64.72
1472.2651754000221	1453.0938486377324	64.76
0.0	0.0	64.8
0.0	0.0	64.84
0.0	0.0	64.88
0.0	0.0	64.92
0.0	0.0	64.96
0.0	0.0	65.0
0.0	0.0	65.04
0.0	0.0	65.08
0.0	0.0	65.12
0.0	0.0	65.16
0.0	0.0	65.2
0.0	0.0	65.24
0.0	0.0	65.28
0.0	0.0	65.32
0.0	0.0	65.36
0.0	0.0	65.4
0.0	0.0	65.44
0.0	0.0	65.48
0.0	0.0	65.52
0.0	0.0	65.56
0.0	0.0	65.6
0.0	0.0	65.64
0.0	0.0	65.68
0.0	0.0	65.72
0.0	0.0	65.76
0.0	0.0	65.8
0.0	0.0	65.84
0.0	0.0	65.88
0.0	0.0	65.92
0.0	0.0	65.96
0.0	0.0	66.0
0.0	0.0	66.04
0.0	0.0	66.08
0.0	0.0	66.12
0.0	0.0	66.16
0.0	0.0	66.2
0.0	0.0	66.24
0.0	0.0	66.28
0.0	0.0	66.32
0.0	0.0	66.36
0.0	0.0	66.4
0.0	0.0	66.44
0.0	0.0	66.48
0.0	0.0	66.52
0.0	0.0	66.56
0.0	0.0	66.6
0.0	0.0	66.64
0.0	0.0	66.68
0.0	0.0	66.72
0.0	0.0	66.76
0.0	0.0	66.8
0.0	0.0	66.84
0.0	0.0	66.88
0.0	0.0	66.92
0.0	0.0	66.96
0.0	0.0	67.0
0.0	0.0	67.04
0.0	0.0	67.08
0.0	0.0	67.12
0.0	0.0	67.16
0.0	0.0	67.2
0.0	0.0	67.24
0.0	0.0	67.28
0.0	0.0	67.32
0.0	0.0	67.36
0.0	0.0	67.4
0.0	0.0	67.44
0.0	0.0	67.48
