Thumb_R	Index_R	Time
0.0	0.0	0.04
0.0	0.0	0.08
0.0	0.0	0.12
0.0	0.0	0.16
0.0	0.0	0.2
1398.671917928945	1370.583070031414	0.24
1397.4584042776967	1365.6238412524328	0.28
1397.5599030691328	1366.3421772373842	0.32
1396.2171230273893	1365.097764451505	0.36
1396.0106276367617	1362.3144586560093	0.4
1394.1815732781467	1363.4859583817158	0.44
1394.1388859675246	1363.00599382828	0.48
1395.1774911711298	1361.4280413847507	0.52
1393.7993374085654	1361.2323978048346	0.56
1395.3752892232096	1361.9043194327037	0.6
1396.1608361925466	1362.313436264813	0.64
1399.092041354393	1363.0883292154633	0.68
1401.4813787554428	1363.6783132156445	0.72
1400.6552925991832	1365.520101943816	0.76
1389.598564703955	1358.345289426257	0.8
1367.036892697335	1341.8451375785974	0.84
1324.1954642373883	1298.1220580250977	0.88
1290.179596212178	1247.855185329647	0.92
1248.3034994919665	1216.7415819467424	0.96
1213.5328008732397	1169.6725989736574	1.0
1186.506430362246	1119.6683461775556	1.04
1167.376252680118	1093.6901761308147	1.08
1170.8179596744299	1074.7971963658083	1.12
1165.0066660103532	1079.8277876080638	1.16
1162.7129242102426	1086.945949758311	1.2
1162.5340500175332	1097.4249671799869	1.24
1163.6254890029438	1105.6943100544809	1.28
1171.3984921981403	1109.3528701285204	1.32
1176.2191193481976	1120.5061300782027	1.36
1168.030902303712	1125.1701080428004	1.4
1175.0948235793505	1123.134351187981	1.44
1172.686255027944	1126.44113964485	1.48
1161.8697365901596	1127.791358299199	1.52
1071.0225429063628	1055.8075496095303	1.56
1079.2601167013152	1059.6658680717214	1.6
1077.1580192897004	1091.3899165972043	1.64
1077.4838201905602	1071.5054758224157	1.68
1092.4907524684754	1095.911335664545	1.72
1106.587181090798	1142.839049792478	1.76
1104.2469980528447	1125.8320160849569	1.8
1093.1854269641149	1167.6546387734945	1.84
1068.954996885343	1094.499471437324	1.88
1067.0453230498595	1091.1185646776719	1.92
1225.546790139383	1223.8475976003185	1.96
1235.4170924731206	1192.9112343790673	2.0
1236.4432921181774	1158.8604168210713	2.04
1213.5413975471406	1118.9331648254642	2.08
1170.647949973972	1060.0271839422935	2.12
1133.172999383156	1105.759494771685	2.16
1105.7755114303695	1008.6510117178849	2.2
1087.5820277399882	1016.3464953472932	2.24
1081.202955596578	1020.9463410281227	2.28
1070.3118744668773	1032.2631369621777	2.32
1060.7116846482832	1015.3017340567619	2.36
1039.0442520524455	1025.6003545619656	2.4
1031.023946034729	996.0930603218795	2.44
1036.8250209435064	990.1696455266551	2.48
1087.8608124729424	1030.0380502121604	2.52
1151.1161720160703	1122.7923856000486	2.56
1196.2591583853182	1158.051050826355	2.6
1231.0075631652494	1174.921037741892	2.64
1241.6213140516984	1179.925326037611	2.68
1228.6987861383918	1178.5206103198343	2.72
1218.940726991025	1193.754534154993	2.76
1193.5223747554521	1195.3152528530254	2.8
1190.1633169998183	1199.7307373361623	2.84
1204.1710564410898	1190.8979468115656	2.88
1190.6477361926395	1188.7032812809625	2.92
1203.8757705396467	1180.328193376697	2.96
1209.9962082266409	1188.3973580281781	3.0
1209.9114754042375	1194.964616341923	3.04
1173.5035503193742	1204.8499915294885	3.08
1192.2731050874554	1203.2850651469248	3.12
1210.1368925099525	1194.8944486186078	3.16
1213.823685319136	1199.6858127736539	3.2
1215.1784182629303	1206.638940608593	3.24
1207.987311950967	1204.5664895744967	3.28
1204.4187549083529	1198.9194113696776	3.32
1190.7349727169433	1193.3498586222706	3.36
1201.0673289559193	1190.318289528816	3.4
1213.1671026920894	1180.5516704691067	3.44
1211.477725904309	1175.182158027872	3.48
1220.4990991045113	1188.8974973874485	3.52
1223.2092514937208	1194.570422188561	3.56
1231.1634513551483	1214.2742626565812	3.6
1249.9652536617878	1233.717672913585	3.64
1267.6229481177645	1264.9218903201593	3.68
1272.603244433302	1283.2734784604147	3.72
1280.1303989774879	1290.5093290416855	3.76
1278.071616240569	1289.515911675975	3.8
1260.5673604322235	1301.9973167559097	3.84
1287.1544935039778	1302.1513907340968	3.88
1264.4801965985368	1282.7995632849177	3.92
1256.2284499230348	1252.1110560417458	3.96
1242.4930632142637	1258.9821475904942	4.0
1241.4632413701827	1254.375159588334	4.04
1235.255531215755	1257.1242243161298	4.08
1234.431705937065	1245.2504762089393	4.12
1228.9860372311805	1187.2901175867314	4.16
1229.3285620074319	1213.1349123965838	4.2
1230.323083273887	1219.6832301972008	4.24
1241.123283748886	1244.06693390474	4.28
1272.6488665997385	1266.8691296715476	4.32
1292.6357694730677	1262.4239318928978	4.36
1322.907654380962	1294.6053037140223	4.4
1352.7581474551553	1323.7403915611849	4.44
1371.956608298841	1340.559917748561	4.48
1383.6472898577097	1351.7030107981768	4.52
1391.7475221000675	1365.5463151850827	4.56
1394.4677930825583	1362.4448884017213	4.6
1392.1987645261158	1361.9066994870873	4.64
1381.55164374846	1362.2100842470788	4.68
749.5039416840509	727.0013699292741	4.72
705.5215117157505	656.8315351314286	4.76
681.3694139005279	631.2370157974075	4.8
656.246009465409	581.1041323586174	4.84
646.0149401017699	555.1090267697555	4.88
640.9219624637553	546.7756128981976	4.92
638.4014421894485	556.3454017514342	4.96
644.5179105746362	550.4560656852691	5.0
638.978821664353	553.25471065019	5.04
646.5427798823529	544.6225563662815	5.08
647.0255525774301	540.6171077811878	5.12
644.8248614768147	491.8237554268262	5.16
651.5475055255464	517.6792358516966	5.2
656.582845819798	554.9407888749361	5.24
655.7188413494113	558.6548625038197	5.28
660.3089201491886	565.1109846507597	5.32
666.7623748227575	598.7352094943844	5.36
684.8426257074225	606.8661336831925	5.4
706.5562920464964	623.0232147782626	5.44
735.2435517609933	649.224201880785	5.48
775.3730838761471	732.2821433870648	5.52
819.848513692545	735.0624309049942	5.56
868.4839931772335	790.7186613994604	5.6
924.5069339756288	840.8651440607656	5.64
971.7718108688504	896.7243620605775	5.68
1008.1743929021924	948.2542412725921	5.72
1051.5070444833111	988.3881611216228	5.76
1081.445214577438	1028.665333578572	5.8
1112.2262962767286	1062.4647057505392	5.84
1131.5957961071335	1077.2721415131014	5.88
1137.878371627738	1093.866463871254	5.92
1140.9087060109312	1101.2047232987181	5.96
1145.632149954438	1141.5398243725542	6.0
1144.8541189272603	1103.5902485238387	6.04
1138.807288792688	1100.726598886521	6.08
1131.5199972918733	1098.3126590641364	6.12
1126.5120719097445	1123.7426684080667	6.16
1118.9348569553931	1130.1959622901475	6.2
1115.3042082188158	1100.7015766583565	6.24
1116.9265493629493	1146.1039426492482	6.28
1116.0303895530699	1138.2937276601865	6.32
1116.9348115318853	1144.6513731840405	6.36
1117.8370164620155	1140.753058960679	6.4
1118.045939805333	1139.9062408043374	6.44
1117.196747783162	1146.5410069527597	6.48
1114.2916514118579	1142.7504719688	6.52
1117.6305638884542	1141.2504618589683	6.56
1117.8949037225545	1138.321109652232	6.6
1113.1958090600315	1147.4295499493833	6.64
1110.9333666799612	1133.7694121349873	6.68
1113.6068890901718	1131.9103163046686	6.72
1121.0479399108515	1136.768534871619	6.76
1120.0291894034133	1133.6231081559563	6.8
1120.8944218044755	1137.9622242701241	6.84
1121.016765662146	1133.3405850794136	6.88
1116.9562378430032	1142.637491837711	6.92
1120.915691814784	1138.958745818451	6.96
1116.3290589912713	1134.0094633266726	7.0
1114.9011922200525	1134.6231969452435	7.04
1113.7070871906005	1134.3387439605503	7.08
1117.4336907426825	1136.7252311540608	7.12
1105.5900048031122	1131.6867467555794	7.16
1103.590764142387	1136.8152468221597	7.2
1107.6092983197268	1127.1046531864079	7.24
1103.0728066681227	1123.300888907062	7.28
1106.6559045286997	1114.7451759838532	7.32
1108.5712031249889	1128.5197334663562	7.36
1105.5449654714994	1136.462482492379	7.4
1109.0838638363714	1129.281205003524	7.44
1105.0125598907223	1124.851096513539	7.48
1109.786148207343	1128.9905041771246	7.52
1111.732214294799	1142.7277424444026	7.56
1113.3886616815803	1137.0281469966164	7.6
1114.287875950331	1138.919221883961	7.64
1111.1928776964148	1136.2936259503622	7.68
1124.3892303161986	1162.413567988223	7.72
1127.902043308412	1164.6935218038245	7.76
1124.76456716458	1171.7043099506616	7.8
1133.1708600106856	1167.3392563000914	7.84
1130.3406612656959	1152.2624871283986	7.88
1125.1915397809837	1159.794077060639	7.92
1129.5469219322827	1150.810002962143	7.96
1129.451104590961	1149.9025179139182	8.0
1124.1565841726606	1159.0063125645672	8.04
1126.391392978112	1153.9229085583415	8.08
1120.4864535038741	1155.4683853365727	8.12
1113.7063901274557	1134.0491963439877	8.16
1102.2300605606406	1122.2728680734874	8.2
1096.1326391357868	1132.9723034042777	8.24
1093.1546920794792	1134.6495562276682	8.28
1100.0701258128183	1143.6405753740294	8.32
1105.6234986031911	1119.755841312577	8.36
1107.3090322687422	1112.9002708583212	8.4
1112.4630608874188	1146.8347738691202	8.44
1105.869787023738	1130.9297754676613	8.48
1098.597883014588	1142.1148023915036	8.52
1097.0599285632327	1125.2438738414735	8.56
1101.3061608048415	1137.7087225158248	8.6
1102.142320812699	1134.1110637402414	8.64
1103.293672670154	1120.6542495828496	8.68
1098.7185988390086	1114.2615232319517	8.72
1090.3577465507938	1122.3383482309425	8.76
1085.3650698955553	1105.8031301514418	8.8
1084.6560467821178	1114.6613142611293	8.84
1090.2427361676655	1106.9030399955882	8.88
1093.3966749047863	1109.1275978082463	8.92
1094.0978012253722	1112.1694423397878	8.96
1106.0663988563867	1110.2748907630005	9.0
1108.168317903057	1137.5812452800428	9.04
1110.4979880237959	1128.1751617656228	9.08
1102.9127684364144	1120.2223235739236	9.12
1095.9130215633054	1097.5316484274201	9.16
1086.0034004142592	1104.484793150394	9.2
1093.2823976485665	1118.087207590042	9.24
1094.1965941348635	1125.7783302058144	9.28
1103.700157935482	1135.8078918729152	9.32
1110.604692697637	1138.7171880182818	9.36
1114.7910550686247	1131.420110769101	9.4
1115.3164462898333	1133.374209948759	9.44
1115.2296124180461	1136.802640514922	9.48
1116.1358676397874	1134.8555712919515	9.52
1112.2527657672042	1142.488735001598	9.56
1109.8959757932378	1123.6766882983056	9.6
1103.1562081556863	1122.7201946574937	9.64
1099.3627203734907	1123.4426523926707	9.68
1093.0469274753843	1118.430937071148	9.72
1098.8676691168962	1119.0652830543593	9.76
1093.5730806736858	1130.7690802084883	9.8
1098.3895497043156	1117.8953296198881	9.84
1112.2364305167991	1125.1514726479631	9.88
1113.6792371898914	1138.0808165344754	9.92
1122.3240230676645	1129.5524457694216	9.96
1122.547660396889	1145.4190860143706	10.0
1122.9261728814588	1144.2836389263198	10.04
1121.2930848782971	1145.7877137326113	10.08
1121.0604109645424	1139.8171534685637	10.12
1117.013916290738	1143.6417246567808	10.16
1119.7927882380345	1146.5434018576896	10.2
1109.1463241879019	1145.1332038190917	10.24
1112.4769089004517	1124.4698097987396	10.28
1109.7936607582544	1132.341595652598	10.32
1102.2187505888428	1107.5328539197594	10.36
1107.7284253091693	1120.8704222642955	10.4
1100.4642224476352	1110.1579409762937	10.44
1105.9742407862893	1114.3409581946053	10.48
1101.0835820090495	1113.7739064951713	10.52
1097.750111369218	1117.7521264132772	10.56
1089.2127514674842	1095.836820752177	10.6
1091.673999561424	1105.0053525555804	10.64
1083.3600294467926	1098.8463253065133	10.68
1072.7652007058548	1093.5210488856826	10.72
1066.8321122740049	1095.2690988651073	10.76
1058.4290605143635	1084.8569893661715	10.8
1053.0422225320162	1080.537911092675	10.84
1069.3545410856586	1100.2890403841016	10.88
1115.0858928583295	1118.9296726852597	10.92
1146.1559370543134	1140.5049916210912	10.96
1150.3008348112542	1151.575637664643	11.0
1143.343276708393	1173.3180698401525	11.04
1144.7926269668264	1174.4654902442053	11.08
1139.774211364111	1117.8806124820546	11.12
1135.5213417751331	1112.991015479712	11.16
1135.7529138439397	1147.3548689844758	11.2
1135.2356702777704	1172.833628271125	11.24
1138.4418178084359	1140.5586845452212	11.28
1132.7019480764416	1141.9544138336241	11.32
1131.9867217686324	1125.5756856267471	11.36
1130.3873548683216	1110.5434977705406	11.4
1125.6094913950244	1095.9516293604868	11.44
1135.2985916641355	1097.0002074082752	11.48
1127.7827693682916	1098.2216901075708	11.52
1124.6060776580696	1092.9917263768284	11.56
1125.7344277476402	1096.2596845232938	11.6
1124.0832834598875	1105.1966052311486	11.64
1114.9813929620566	1094.463387557844	11.68
1107.2283398114	1074.4626826248953	11.72
1088.9476509847018	1061.6831743105968	11.76
1070.5638952779352	1047.055596698282	11.8
1052.9986847767218	1028.0710716105714	11.84
1032.02705164014	998.5324078328605	11.88
1003.9644081155394	1010.8562692184537	11.92
966.610734638431	974.3588089773527	11.96
931.9130895353145	969.2017674783559	12.0
893.2159192742523	856.926694558187	12.04
853.6296447344755	843.069717170695	12.08
816.9892884846423	769.4759061126538	12.12
792.733360214407	791.0075504558383	12.16
772.2172261214286	750.3053233207044	12.2
750.9462186950365	761.9469593412895	12.24
738.6867617486611	722.6487600009667	12.28
740.8206790633614	706.6852487664659	12.32
754.598519970233	739.1407181601916	12.36
770.6173463437216	721.1086204655464	12.4
784.4906920110534	738.026335115083	12.44
794.1791865380742	771.1589188809834	12.48
799.5724434555453	741.5510768121854	12.52
780.367980847906	768.6225444546332	12.56
749.9429642035656	742.446530478376	12.6
709.0613909045553	657.9707026756042	12.64
664.1732608166616	640.5971556882155	12.68
631.9614563116871	587.0607637368606	12.72
609.2762811764023	598.8383947430061	12.76
603.450221286481	580.3467558980126	12.8
594.2567260448643	576.5859246833128	12.84
596.3123423183542	580.7490019639495	12.88
601.9580881241712	571.3150991671802	12.92
611.3867058003395	567.6451334410862	12.96
621.8986829433675	582.9027867332004	13.0
637.1462037612171	598.7847837597764	13.04
657.127889836752	615.3629476151974	13.08
688.8776575630866	676.5548962556969	13.12
720.6543231920813	704.7453804773241	13.16
748.6953039587594	720.1981069955981	13.2
776.803697281015	756.263297113253	13.24
796.9087410176829	787.0906502158055	13.28
802.957553007764	827.7538941937696	13.32
819.9479433915621	849.0944060860729	13.36
837.8268151170304	878.3696642245088	13.4
849.1077242643964	887.6660555693859	13.44
865.4887450062567	916.8398689942414	13.48
880.880795821924	901.7229929376825	13.52
883.5681138211228	922.0535885820728	13.56
888.2710012653638	914.6017494863298	13.6
892.0935766299182	939.9989350987099	13.64
896.2733141798298	922.6492944972268	13.68
893.9761208993818	931.9805335942358	13.72
892.7099443307994	933.4369781366177	13.76
893.9204844742392	915.3312093224151	13.8
890.5022664981514	930.9589673961474	13.84
893.4172703299255	930.41595935604	13.88
896.2437419459816	930.5776623005078	13.92
896.3451636938339	946.6248026707913	13.96
896.683340150108	930.2337671493272	14.0
893.0967529200967	942.8935468043737	14.04
897.2592745069966	940.6446065439387	14.08
898.6059794843776	959.3751218260379	14.12
901.7270499596849	943.00669498919	14.16
903.1656970063916	970.7483049308083	14.2
905.9150000770942	948.4649533684783	14.24
901.9023992025018	971.0961193742943	14.28
900.8550379869699	966.9805761309368	14.32
901.6951668280046	975.9190864377889	14.36
903.8311522693358	965.9367487200644	14.4
908.1078803068062	959.9082358332048	14.44
908.5435853414727	946.6111025463185	14.48
909.202948406344	965.175687331026	14.52
907.5167505173113	972.4228496729434	14.56
909.456506151415	963.1673576046452	14.6
908.5509068119663	973.3950014060388	14.64
910.5114033374522	959.1460770502582	14.68
910.7496001603329	964.5738834334722	14.72
918.9277467864923	959.0052053826427	14.76
927.186309947028	963.0543745478008	14.8
937.8128573806396	968.1331366112032	14.84
950.9556389025605	983.8303790435685	14.88
961.7793986587627	995.3225734641372	14.92
975.2285070758381	1020.7021399157626	14.96
996.7552311036967	1072.5226780121689	15.0
1018.1464868818573	1095.035964424312	15.04
1040.4785173938185	1123.344918883969	15.08
1066.2422050949142	1165.8722359906394	15.12
1088.4500939711127	1156.758328429159	15.16
1095.0591795207336	1165.7715177348014	15.2
1105.8053470804207	1162.3253303348054	15.24
1110.7673010140713	1160.8777569226145	15.28
1119.2082691708474	1167.7043509412533	15.32
1132.6966957186455	1177.9264485635354	15.36
1140.5137419481011	1179.4755422928922	15.4
1146.07317545912	1218.0289835967008	15.44
1150.6984096974882	1233.2893625609984	15.48
1146.5376004557866	1217.879831672329	15.52
1149.2294639182837	1233.9350415582112	15.56
1149.5750619860385	1223.6715097211543	15.6
1147.7218443139745	1219.70973885252	15.64
1148.9015100566512	1218.7987940118078	15.68
1149.7703682992844	1228.996104378793	15.72
1146.4299514480076	1212.5378659773787	15.76
1139.0758373793783	1208.6344140951708	15.8
1139.7833006135875	1204.1812359867542	15.84
1142.064156073643	1214.406223115011	15.88
1139.9781379642636	1213.295252652064	15.92
1141.6034026388552	1214.729380069918	15.96
1136.553331089629	1210.6896423339742	16.0
1138.146736229778	1196.7259375934764	16.04
1133.250132125976	1224.0194073722512	16.08
1126.5407979140944	1180.7040233786506	16.12
1134.269461449764	1234.657701146545	16.16
1126.8620139412867	1173.7246676240727	16.2
1126.76663343482	1222.702466072086	16.24
1125.982684091318	1214.712589694341	16.28
1122.0572586995102	1170.495258962899	16.32
1121.3121641772489	1208.0636908863848	16.36
1122.7048244964278	1179.4702451483888	16.4
1123.8803542138562	1208.9859029613042	16.44
1125.2013915291743	1205.68381775911	16.48
1123.7355441688935	1189.9508668513852	16.52
1116.61960524464	1185.340732808489	16.56
1120.220967533373	1207.2788358080027	16.6
1117.7792824976295	1191.4135236032866	16.64
1113.9586853831051	1197.2312341174509	16.68
1113.7633565138551	1182.0860685851699	16.72
1115.42682653279	1188.2407841989364	16.76
1112.8885271147856	1162.374333708221	16.8
1113.6947145772658	1175.4400729712831	16.84
1112.4083274262364	1156.9043491442917	16.88
1113.0320155036218	1175.933345078007	16.92
1106.8329591237837	1155.1348068697473	16.96
1117.059790309746	1174.7749276392792	17.0
1107.8490627177803	1150.4705738847454	17.04
1108.8259132483684	1173.388941741758	17.08
1106.8102457854757	1167.4673971243897	17.12
1110.6768466335272	1158.5596556556734	17.16
1105.2052627520193	1181.5676324372255	17.2
1106.913753698116	1151.5477002097493	17.24
1109.505787178453	1171.5207784758886	17.28
1106.3623338088476	1166.0936635344929	17.32
1106.9049590100394	1145.609128262177	17.36
1111.656651626283	1183.0889758887504	17.4
1104.281410798202	1140.961511167885	17.44
1112.1153120983172	1168.2394564246074	17.48
1105.696344175177	1169.9293839650943	17.52
1109.1562951740793	1171.9122775920896	17.56
1108.1289169038585	1175.2161463518057	17.6
1109.6436766686359	1156.5461791905318	17.64
1111.6563275656454	1168.995292394391	17.68
1114.0530324814458	1180.632656881376	17.72
1108.7888738334148	1142.3045339615805	17.76
1111.8418406070236	1170.012599878427	17.8
1108.5829963143276	1169.0166210988643	17.84
1110.9525863876013	1144.8826027423274	17.88
1107.542776574912	1164.8427067872667	17.92
1106.6921752026115	1155.7971551403527	17.96
1107.0796761261668	1148.2468760829424	18.0
1105.3451817689904	1153.8601864139966	18.04
1108.4611512601641	1177.351435121589	18.08
1105.8702563171305	1165.5221810856472	18.12
1111.6038380819082	1180.9050978022674	18.16
1106.885093239351	1156.1545592945106	18.2
1108.8714736646036	1168.1344066428042	18.24
1112.7806640061353	1174.4910621707118	18.28
1118.4312727624654	1184.6328923569042	18.32
1133.4723590843166	1191.8265549718644	18.36
1146.656317414322	1198.2172300057662	18.4
1170.181929656093	1231.8111727721355	18.44
1180.9077496460786	1245.2658064994266	18.48
1190.2748929218587	1264.6192279373292	18.52
1204.446554802653	1274.5232817448123	18.56
1221.989385271605	1296.3726421592005	18.6
1242.3264838698162	1331.131835549204	18.64
1253.9335879420967	1327.863004432631	18.68
1271.3457110768622	1353.1461044432492	18.72
1293.0475686047546	1379.9633937420087	18.76
1303.7698450782716	1390.5716691040564	18.8
1318.009074219248	1406.3975665447408	18.84
1327.5072574920885	1423.5589295753819	18.88
1339.1070288742128	1423.2021936030803	18.92
1352.686701292468	1440.033946486446	18.96
1357.1905798829787	1443.1096499984094	19.0
1355.714444061553	1440.755664133886	19.04
1357.8231982252098	1435.0770943543496	19.08
1358.3244060309007	1439.161116121512	19.12
1358.8921817076027	1440.2685870686423	19.16
1362.8045577348798	1436.51539776929	19.2
1360.303821788241	1451.3447847082134	19.24
1365.3428644749981	1448.9870105453315	19.28
1363.889312235839	1440.1390547170602	19.32
1362.2297703321024	1439.7140294773474	19.36
1362.9302409191519	1444.2987916510149	19.4
1362.686955591203	1435.1623251100016	19.44
1359.4575894737206	1446.8319563109517	19.48
1362.4931830917214	1447.081749285853	19.52
1361.0075553900197	1449.2408357919883	19.56
1361.7898602250525	1450.3427887619098	19.6
1363.38093934903	1454.4726931537728	19.64
1361.470337669647	1445.7114246981746	19.68
1362.5599738597843	1451.521580177265	19.72
1359.2459858202633	1443.5236609626493	19.76
1363.2004504235229	1448.147760928008	19.8
1360.761712181333	1441.6005783339954	19.84
1363.093086741936	1443.2644464192515	19.88
1362.3235941177325	1446.1187987866854	19.92
1362.1069629350588	1446.7335423885334	19.96
1362.648783205953	1441.5260657458352	20.0
1362.5976103352086	1448.5967607929124	20.04
1361.9651109104764	1451.998477187002	20.08
1361.2563990891454	1448.7060255900572	20.12
1363.5042606721752	1444.6861044751843	20.16
1363.5715494992214	1439.5084874023867	20.2
1362.3834931205913	1443.5012586458722	20.24
1361.3771292495655	1445.3371587854197	20.28
1361.1382201758076	1435.8592084491593	20.32
1360.8255298839858	1437.8663055805057	20.36
1362.2617354666302	1432.5774621905393	20.4
1358.3086808316318	1437.0164676745126	20.44
1358.1901275402797	1435.8550339624062	20.48
1358.0391446413123	1443.5012651508785	20.52
1357.4887116524208	1442.4429194406955	20.56
1359.3407419832972	1449.289207989376	20.6
1356.676892273109	1448.7411741370622	20.64
1359.7319214416184	1455.8347872871732	20.68
1358.7485467967695	1447.2626569188196	20.72
1357.5331480963425	1450.559568593153	20.76
1358.5801293072204	1449.643882377128	20.8
1358.6744866298202	1447.104622613618	20.84
1358.556726305958	1435.2441956474404	20.88
1356.3555391796945	1430.5956929522936	20.92
1360.2798794507835	1441.9946664551758	20.96
1361.8418467393533	1444.2817124104606	21.0
1362.092354008916	1451.1871378305325	21.04
1360.0234105140903	1441.103335679779	21.08
1361.3479138756668	1459.0653337912443	21.12
1361.924424831111	1455.1497230128575	21.16
1361.8953083800516	1454.3592528399113	21.2
1362.3785608815335	1447.1054496953648	21.24
1361.1454710881578	1455.3218107719968	21.28
1362.7003627006486	1459.4621256873224	21.32
1359.4374027777967	1458.6762835146562	21.36
1360.4878964827287	1456.293361145524	21.4
1361.8112549702046	1451.0435775645653	21.44
1359.974586922745	1454.0275807271885	21.48
1360.3679241947493	1449.8217233127268	21.52
1360.1650332705565	1449.0506419699357	21.56
1360.9379301888532	1447.2661998764197	21.6
1363.1000157429764	1453.5556361696415	21.64
1361.5289557080625	1438.9762101331573	21.68
1360.9590944267795	1444.3033722788712	21.72
1357.5021347531451	1435.0379106877838	21.76
1358.5220395484203	1437.9085465071146	21.8
1362.3908828768328	1452.2819966918762	21.84
1362.2707510587136	1459.5099388050576	21.88
1362.13236643432	1468.1235855893453	21.92
1362.4837826990963	1450.8277076158863	21.96
1361.688027564079	1456.2988146050072	22.0
1364.1500996287011	1459.1919453216126	22.04
1361.6629948424784	1451.37447855672	22.08
1364.6322007135504	1451.1839370187176	22.12
1366.695364559473	1441.3873949893627	22.16
1365.0240829135785	1445.9589788624	22.2
1363.3620494726053	1442.2345636871926	22.24
1363.6504863781563	1437.0374417211517	22.28
1363.206082143584	1447.0123368946274	22.32
1365.7410183389475	1442.3852143107206	22.36
1368.4589921704478	1450.84923618108	22.4
1363.8787090826736	1452.7108005956259	22.44
1362.4497336413488	1446.3911727682794	22.48
1366.511576193324	1449.867854692255	22.52
1363.3009107365713	1433.8890893339096	22.56
1364.8066817176787	1437.815038323111	22.6
1360.816058520578	1434.1166375257758	22.64
1363.1250168985844	1442.485091570283	22.68
1363.8453854752333	1433.375681879658	22.72
1363.0219543837027	1433.5079121872	22.76
1361.4360284274312	1438.0406981662793	22.8
1363.012266438938	1437.4457197563822	22.84
1360.5567407473661	1439.49731396297	22.88
1361.0627327274883	1439.1575948742427	22.92
1359.953991820183	1433.2395934804786	22.96
1364.133754619013	1439.1150782946074	23.0
1361.8716493440288	1435.4036039235577	23.04
1361.113094591034	1429.2993717221248	23.08
1363.9205940046306	1429.223500717317	23.12
1364.3715134954516	1436.6496401533695	23.16
1363.1638670264003	1439.228654815429	23.2
1358.4210425308343	1439.408790864057	23.24
1359.3277826057565	1446.1967014194702	23.28
1360.6132345143385	1451.6838659167574	23.32
1358.3774827501945	1437.8872012503684	23.36
1359.8257660567324	1448.5952730865797	23.4
1360.0859625786807	1454.7372078539056	23.44
1357.6833976217456	1451.8056173375192	23.48
1356.7899915487967	1440.0427844358721	23.52
1357.02659150688	1435.5769394738072	23.56
1359.2961938335643	1444.188409244758	23.6
1358.4081541945825	1433.3660858723172	23.64
1358.0439281796262	1440.8529994568055	23.68
1357.4614697295528	1458.378843505122	23.72
1357.7333876437754	1451.3601209733276	23.76
1358.0867298146536	1448.1449588150113	23.8
1358.9392548607375	1450.463802201628	23.84
1357.3961932034472	1445.0477561631765	23.88
1357.0527967241264	1438.538822233265	23.92
1358.1226447168244	1436.7441952649983	23.96
1357.6948788626426	1439.5351076340094	24.0
1359.5061523323695	1440.6591143006256	24.04
1358.5069892980744	1450.3197491047586	24.08
1357.6386964761418	1443.8907924728785	24.12
1357.7952676948255	1440.0254225338447	24.16
1358.7965662209228	1449.9508574688252	24.2
1358.9112146465502	1446.8492402879594	24.24
1353.7431692743985	1422.3973232203357	24.28
1355.2697274559769	1442.746282142892	24.32
1355.8381192076527	1440.6545885907367	24.36
1356.4821374787891	1444.6976462363466	24.4
1355.4066670895438	1446.6331607379568	24.44
1356.8597810789527	1446.0919255340639	24.48
1358.4668477227433	1440.554316950614	24.52
1355.4502328927188	1442.5452593624395	24.56
1355.1819689551846	1442.9869275365295	24.6
1354.5190387277937	1434.8376734611657	24.64
1353.4704180758183	1449.2443573265523	24.68
1353.0084549120013	1444.235823762465	24.72
1354.1247263196103	1444.904318238345	24.76
1352.5594276789025	1438.4281247064857	24.8
1350.8840114453317	1448.7429128941346	24.84
1353.6750283749952	1441.3316703533812	24.88
1354.6849153294845	1445.8253640268354	24.92
1352.5563155701661	1439.088642934917	24.96
1354.411386040802	1444.2897797629448	25.0
1351.437713024408	1442.032221248512	25.04
1351.5814415434454	1445.2719056535561	25.08
1350.9449911921295	1439.7193067370463	25.12
1352.673043965523	1438.7298116774225	25.16
1351.8119691412837	1437.243584930883	25.2
1352.7353462262663	1442.7758086725473	25.24
1350.0401710943986	1446.0283495796655	25.28
1351.7872979917572	1434.678902478667	25.32
1350.4602015661767	1436.6434560423033	25.36
1350.147841668422	1440.4868666513137	25.4
1346.5648794203094	1434.943584796236	25.44
1348.7768467688607	1427.0663830120488	25.48
1350.0083251000121	1435.4570095932281	25.52
1348.8634586068524	1433.3501373970873	25.56
1349.7976125703292	1452.4636291354357	25.6
1347.0039829386162	1433.186469139729	25.64
1348.57048161052	1427.2576507300785	25.68
1347.4748168396918	1438.0490762499414	25.72
1345.8636927997948	1424.2414062198243	25.76
1347.5835918260484	1432.8132972279698	25.8
1349.056673981036	1438.9713179551434	25.84
1349.8142552491242	1438.8439778316267	25.88
1345.8161451474762	1434.0523009010951	25.92
1347.8802735627967	1436.0399398266802	25.96
1348.413023241111	1433.0766240385174	26.0
1349.068686946133	1440.804855339048	26.04
1350.484123155022	1435.5091147469373	26.08
1348.7591753765566	1447.4386406499173	26.12
1348.6447834139362	1454.1727200569262	26.16
1348.7128172177888	1431.47120480941	26.2
1351.6103172879843	1443.1137143430187	26.24
1350.1939557814123	1455.370181696735	26.28
1352.2184762961638	1431.3138483211908	26.32
1351.1156100346436	1441.3994417922806	26.36
1352.3633588847297	1449.696704710468	26.4
1349.604753176717	1443.7126273405438	26.44
1349.7923770532386	1436.149613660502	26.48
1348.420693318189	1433.6692635663094	26.52
1346.5589691733994	1424.3924437245323	26.56
1348.6261712848195	1427.7788078417866	26.6
1347.54398812572	1423.3556352031958	26.64
1344.018987847987	1424.610021259474	26.68
1343.5945560452221	1417.7899960631223	26.72
1339.0877507785399	1427.5770349759046	26.76
1334.6521442333262	1410.7356307450248	26.8
1326.4924124240142	1397.3686496746775	26.84
1316.791930255903	1391.6192316638537	26.88
1304.0649265363031	1371.490389072994	26.92
1284.6789634077352	1360.8670480226392	26.96
1268.0257449147323	1343.7185226554866	27.0
1249.735842552734	1342.764791839618	27.04
1227.9412106886107	1336.2195866184675	27.08
1209.3091301869504	1309.5542071947038	27.12
1195.127167999903	1299.0974329113621	27.16
1183.2115606039918	1302.0593270572383	27.2
1163.1409409295409	1272.2402104316066	27.24
1267.8314381422672	1157.9626047513664	27.28
1138.423037690802	1273.0351872714918	27.32
1250.2788435148123	1132.5148694161987	27.36
1122.7854338916602	1232.5202340750516	27.4
1097.1928086441949	1173.2570580822842	27.44
1074.2929588442091	1167.5501883378656	27.48
1047.74800468589	1104.8538351585432	27.52
1020.4080561842903	1071.7064074621571	27.56
1000.6610322492243	1026.2616565866776	27.6
972.5817525261297	913.817494837466	27.64
953.2892427862773	981.7836905129649	27.68
946.1573279643802	940.0067926545173	27.72
940.5216868751751	907.5652514497923	27.76
932.9141063709122	936.1684989250308	27.8
927.4938824604754	911.3236604629653	27.84
931.2473175389039	956.6646955442972	27.88
934.8110872618687	969.7125437041939	27.92
961.8057689723687	996.8281946229127	27.96
977.1067811728817	997.926053799644	28.0
984.3690943235596	1000.033872982831	28.04
989.470609968938	997.4663974371944	28.08
992.1832012271923	1028.8354757499972	28.12
995.2004513803982	1006.9145058429737	28.16
994.8904378631494	1017.5586886185193	28.2
995.0738516251978	1016.172779806781	28.24
989.086532412248	1009.1433084859937	28.28
985.0925040475577	986.5825561625097	28.32
989.6765659427932	988.5264198996836	28.36
997.7308459529187	982.33192363065	28.4
997.4873961196884	985.3224599407789	28.44
995.7283652779089	968.8323505780372	28.48
992.273912104072	978.2606371185536	28.52
984.6505769651084	959.742921205457	28.56
983.4606445798122	982.6416926334143	28.6
980.0633784231202	959.568389228236	28.64
974.8212810372629	971.8872431057919	28.68
978.8995326243623	976.5957389918664	28.72
979.5660286089305	964.6602544777783	28.76
982.6112368930608	984.2307319142799	28.8
977.8178752819358	963.1224816961927	28.84
976.710698729334	979.9596512783463	28.88
978.0512122661455	971.7114849260322	28.92
977.2238957345483	960.0247961065564	28.96
977.7866728937826	980.0361538217005	29.0
974.5180913651836	963.2019315756191	29.04
975.6164583877771	963.6409402212561	29.08
975.3880053856752	978.1340779278064	29.12
976.6063633122651	967.204724573385	29.16
976.5546655633888	963.7143027386172	29.2
978.8184075147749	958.322912101634	29.24
975.1391134665976	969.3215731460934	29.28
977.2125323181535	966.2541264161222	29.32
977.6958380421418	971.7370564363074	29.36
975.4819257557917	969.0827064582099	29.4
976.6933197355903	979.7361046869586	29.44
974.9455689188138	955.6102157740654	29.48
971.6319776667845	950.9296230423469	29.52
970.0887329833947	955.2703439657698	29.56
974.5416087195008	962.3048351778659	29.6
970.0058791372743	964.560523609269	29.64
972.0937913795138	964.4331421390644	29.68
975.8009373264011	963.4595924772817	29.72
978.6784250227031	958.2905460799602	29.76
980.3117652110107	981.0338378802262	29.8
978.2774589726712	960.9475373666401	29.84
980.315909399209	970.9913613493227	29.88
979.6554477195081	963.1996126465523	29.92
979.3047187168514	962.8691156179542	29.96
980.7072129968157	976.8627507325468	30.0
979.8342620323689	979.0733953707514	30.04
976.8936034525607	954.6642803046967	30.08
978.6029587229278	958.1760243165871	30.12
977.7759695173958	965.9490376086901	30.16
975.8001211991316	960.8115829240407	30.2
976.2804574390409	966.0028355340879	30.24
976.6021883770773	961.705744455556	30.28
983.1648272885908	980.625033418805	30.32
980.9459641435694	960.1364201079	30.36
979.2124706298496	958.0679289196515	30.4
985.8586513660049	985.679937517383	30.44
977.3632269090162	953.4626713729427	30.48
980.8353834240959	968.7097203397776	30.52
980.2391359295772	962.3518717138722	30.56
980.1455321810897	972.023226034105	30.6
984.3612639166854	974.5116760069924	30.64
978.8237414482696	975.427154745726	30.68
981.989388793991	976.3005045495926	30.72
986.0769748942408	986.942541634129	30.76
995.6860340177423	993.6870360104913	30.8
1011.2329816019968	1020.2151028954361	30.84
1030.3801312192022	1046.7716111859318	30.88
1071.0801580474642	1071.7332656602364	30.92
1105.314263841331	1100.3222468757294	30.96
1138.5488806925864	1150.5756509926355	31.0
1178.6439489065015	1197.403275808774	31.04
1225.1596008934087	1255.6832026975205	31.08
1270.2847528822206	1305.6359948794395	31.12
1333.263251827012	1382.2682537764852	31.16
1393.6644425168627	1435.5025720542699	31.2
1453.54512406148	1454.6534067852758	31.24
1497.0597586128285	1558.0503575522741	31.28
1524.6827793696557	1574.358683319291	31.32
1552.2109526177303	1613.9724931869732	31.36
1569.6298501152032	1655.288879368614	31.4
1581.0002063630343	1669.8691205346508	31.44
1601.3827842920507	1673.3317450752145	31.48
1593.363045880266	1620.1778123310273	31.52
1593.1136155084555	1579.487258395873	31.56
1584.2663118332337	1520.888135063928	31.6
1586.760861081307	1488.7183935514452	31.64
1598.312221770002	1562.8294968010669	31.68
1610.9553995874335	1566.727203505888	31.72
1626.2994921393033	1579.5074326105048	31.76
1641.5924165901645	1609.4651983612744	31.8
1662.3560551497455	1651.5383485090024	31.84
1675.3133742542254	1669.5481899106683	31.88
1665.4162287585839	1642.324915151466	31.92
1629.8843415308866	1604.1856325896872	31.96
1577.4238377052363	1550.1818085379216	32.0
1517.3899231728542	1487.468616483932	32.04
1466.3863902910985	1441.5209937533475	32.08
1433.591027344325	1416.97840984519	32.12
1430.590474257728	1412.072990191023	32.16
1451.988446509454	1425.2786940368785	32.2
1489.3000351133567	1458.4981998599799	32.24
1516.4189615651037	1492.100947913546	32.28
1468.8534455430404	1517.632301556943	32.32
1483.4155344216442	1541.6438133893678	32.36
1482.3989816481928	1550.0074493360748	32.4
1422.3645111784222	1529.856673067266	32.44
1400.9905451469178	1504.51006316692	32.48
1423.8004326415144	1521.9218240148434	32.52
1411.535798207983	1518.8018799439517	32.56
1383.0757976895293	1519.3724690196175	32.6
1395.061022144944	1501.0049580574725	32.64
1368.645675333583	1487.711597150952	32.68
1373.2068505484815	1439.589998018056	32.72
1357.5563560803528	1499.1585641390907	32.76
1367.2931444928156	1470.0152235768487	32.8
1355.276612545049	1462.758358019823	32.84
1360.0366413944296	1466.4212987965197	32.88
1354.414516179211	1467.6692521934558	32.92
1357.4371759158294	1440.103994374841	32.96
1349.2740128556632	1453.0041078951995	33.0
1373.8356928080536	1466.593168864656	33.04
1362.2729076796145	1432.4725295571468	33.08
1351.0777245110328	1467.7242480463235	33.12
1360.9096974456654	1460.0606706243223	33.16
1358.8998780297534	1452.3435297430622	33.2
1364.4761262098987	1454.6855909147173	33.24
1369.2417901244746	1458.1338481878445	33.28
1348.2611600099588	1461.1890536843525	33.32
1347.9581898710858	1450.5970302361834	33.36
1357.2543303102475	1442.287370555147	33.4
1348.2269959094551	1461.6236725497793	33.44
1351.2639169712365	1461.463352415621	33.48
1348.0938107537681	1465.4661795798195	33.52
1351.1820761933484	1460.3083330334848	33.56
1341.8763999734133	1464.1665672356285	33.6
1345.8944633566489	1450.0670694931569	33.64
1344.423366379441	1465.9709687249792	33.68
1355.1034922775334	1456.8073480046235	33.72
1348.5071274411414	1464.4340085984868	33.76
1357.2922821655532	1444.4496117762208	33.8
1353.1929179003243	1469.7996784640793	33.84
1345.9863150865963	1462.2917211931187	33.88
1339.7916610753034	1431.795791438081	33.92
1344.8915961227035	1467.696226192827	33.96
1342.580960104296	1442.7723208401771	34.0
1350.3602890485229	1464.792792988494	34.04
1343.7332836049657	1423.3335451702726	34.08
1342.2162710685411	1460.69191264932	34.12
1340.457952266137	1456.958947153246	34.16
1336.589131146527	1445.7532181897172	34.2
1351.108339379879	1437.4817553251132	34.24
1347.2759255327223	1440.340976305053	34.28
1343.594497646965	1453.5179353988633	34.32
1350.357037896779	1451.3811969364704	34.36
1358.417080783562	1451.25372273919	34.4
1348.4712351652456	1443.403804389491	34.44
1353.2696296709128	1467.5085474840732	34.48
1352.6071956400851	1441.6553167723066	34.52
1352.9961270736073	1446.2670823573287	34.56
1350.2923989170904	1449.3841070537494	34.6
1343.8264649617709	1442.9545872873446	34.64
1350.4983830570925	1453.1452642785544	34.68
1351.5852897498514	1461.1714752368225	34.72
1351.3852042993437	1432.5843045084328	34.76
1352.4376709452165	1464.9155704667387	34.8
1353.3627097348601	1431.3995068687207	34.84
1349.578959559095	1438.796679134362	34.88
1347.3326145469491	1437.8987141337566	34.92
1353.6154308180185	1449.287806690175	34.96
1348.5106087798647	1430.8443653642228	35.0
1347.828594527266	1437.8674952429196	35.04
1344.9178267985521	1452.1391697077274	35.08
1352.4563389752575	1444.2215500313644	35.12
1345.2230229816466	1448.0422241884992	35.16
1358.8386511708975	1441.1983916086556	35.2
1365.2259967558725	1444.4661080828378	35.24
1356.016688798303	1440.9516928747948	35.28
1351.222386390435	1447.5715113244598	35.32
1357.3866676584735	1442.9071762686822	35.36
1365.85110454335	1419.1886528556656	35.4
1362.6426614079653	1429.4167857046968	35.44
1358.0184493408237	1435.3258945223151	35.48
1359.7257593805277	1417.6163888815342	35.52
1358.39584499653	1380.0118095494179	35.56
961.8497283659095	881.6770927526227	35.6
932.5265251554522	869.0775034465951	35.64
900.5968936872559	851.3163499532113	35.68
877.4730933040454	829.590414887229	35.72
851.7726263349177	816.0418663579362	35.76
829.0931228072119	812.7896402346671	35.8
808.6708293961262	790.0274438067785	35.84
785.7244547528915	780.22596413598	35.88
771.2913892495039	767.1184868176356	35.92
761.9483028347421	769.2267209886012	35.96
750.7592427941972	759.5419942097827	36.0
736.9415096492656	756.0679059516714	36.04
727.5999692093721	753.0284035790421	36.08
711.4658588557502	750.0612194982075	36.12
702.8614509612828	738.0591547514622	36.16
693.1938756138719	741.5931560324168	36.2
687.9914639185636	728.098373741897	36.24
685.9275710469021	735.1029706220112	36.28
681.8653942090818	732.4948667314487	36.32
676.3249086945623	728.3515688318937	36.36
673.1717085695306	725.7782725476951	36.4
677.7676909019805	717.1162810358702	36.44
668.8660937679564	713.5032711534125	36.48
671.3342984892039	716.0792898380571	36.52
670.4673195275728	708.7709578686495	36.56
670.9384862275348	714.828025320487	36.6
665.2603591022144	708.8430834804668	36.64
660.0942495019244	711.6512467581102	36.68
657.9670900492093	706.5147887916531	36.72
655.5420686783873	705.9336351791729	36.76
653.229790503193	709.0522930452632	36.8
658.4304649724523	799.6898255643332	36.84
645.89759639669	696.262841876062	36.88
652.7968288259128	696.3108356228461	36.92
646.1894752378364	694.1857386239677	36.96
651.4500508785533	763.7807943730485	37.0
636.3969828633312	724.9525545954745	37.04
642.4921598827882	698.1474336621338	37.08
663.6003443002445	800.6974828419898	37.12
640.952345454915	702.1368164824314	37.16
640.0243551998182	697.8678265821093	37.2
640.6720188517112	698.1087537185856	37.24
646.629549979108	691.1457059766868	37.28
645.5644395523344	699.9039819693181	37.32
648.3132520680816	760.4409441782889	37.36
634.35108574128	711.8933376332836	37.4
637.7871577381301	700.2224139845297	37.44
642.6868434483501	703.030086064628	37.48
643.796494455083	707.018238066783	37.52
641.0693749797914	703.0883448633243	37.56
644.0644302025161	706.147595475136	37.6
638.6568348021467	703.6695854146908	37.64
655.9023995174388	789.580404664658	37.68
639.1588106343601	697.8019909605235	37.72
646.5205851606846	696.6075318032241	37.76
650.5011181271851	766.5510228809388	37.8
644.2349259833611	716.7944555986583	37.84
641.5866028074782	697.8978043249558	37.88
649.4751636921021	768.3799377902944	37.92
639.486185954761	726.4986320057744	37.96
640.4592927398974	699.8440343304824	38.0
652.3084435031369	787.9550193092109	38.04
634.0407601739296	723.2434451764138	38.08
638.9934180267701	697.3395736234778	38.12
637.6219038498385	698.48680652137	38.16
632.5234180308213	708.9365860378607	38.2
634.6681966488092	691.2881384696667	38.24
637.908683573299	687.7778564321894	38.28
643.4259434529669	751.1764969252241	38.32
630.397503277926	726.9735320112778	38.36
640.317625550214	689.2421580292605	38.4
645.9846616015648	754.8869904393453	38.44
634.9978479593077	707.6675690459984	38.48
638.3107490808737	696.8712835367556	38.52
667.1327555996808	806.379862711952	38.56
635.6805116701036	692.4657727075004	38.6
665.9735831097382	810.5622240424645	38.64
638.2370068705643	694.960474732607	38.68
642.419834092341	697.2919435979554	38.72
661.4092661597313	788.4301741510784	38.76
641.8409956846311	694.3480435809887	38.8
642.6340138338786	698.0131450520663	38.84
643.7590630121596	694.1001382451981	38.88
643.4492903714743	697.9088494259717	38.92
646.0582926458892	695.4463892290146	38.96
641.9645412089919	698.0375340719801	39.0
646.8115718947985	695.1848672490008	39.04
644.5766930771869	708.8605621636334	39.08
646.5130630634305	704.9915723010686	39.12
645.8538027980197	695.2893234289957	39.16
641.9698792090508	698.8305400686738	39.2
648.3963863423008	696.1630095905202	39.24
642.2219587140632	701.5479075457168	39.28
652.940861285301	699.343288428879	39.32
647.3407593237993	706.035463641042	39.36
648.5371529986019	700.1285571141188	39.4
653.2050053761353	696.6027200262686	39.44
642.0097638890696	702.8609900377404	39.48
654.0201480799907	704.5968091967651	39.52
645.6956111826822	696.6735717268805	39.56
651.3162037168321	704.4262105040275	39.6
644.7393860812905	701.7794700305443	39.64
649.6855547392443	702.1855457550362	39.68
646.4043406691393	703.1332407169717	39.72
648.9128235639291	701.3672163657695	39.76
651.9618886028632	699.321756571043	39.8
647.8478107520899	704.629964271715	39.84
649.702000128553	702.5858524024616	39.88
645.8667268498301	696.9511802946905	39.92
650.4740098348359	706.5703793485281	39.96
652.4748214133965	710.2374492558085	40.0
647.5161790034948	707.1266329531127	40.04
652.1135063391714	704.8692693309794	40.08
650.435089155334	711.9340389904735	40.12
655.7980959818477	706.5499195814346	40.16
654.9366843615264	707.5403521514538	40.2
651.6297777076544	709.8995564765123	40.24
652.8068296875016	709.7877006928907	40.28
657.9700537509041	709.5041217248847	40.32
655.1417833247781	718.3824958811126	40.36
659.0977094899273	708.4560930138216	40.4
656.6771109037244	706.1233264345243	40.44
660.2322974202763	708.5222443566034	40.48
658.4946749854751	707.1472251224817	40.52
654.342227606497	709.133432917826	40.56
656.2311301609808	704.9419747281562	40.6
657.3220120668614	705.1729292094667	40.64
666.7166545720675	774.35143814605	40.68
660.3269024309018	705.7574347710078	40.72
679.5763889027293	802.2059377855267	40.76
663.0984230111997	708.7480689147873	40.8
663.0135258169117	710.4203324811775	40.84
667.3266163493728	709.6774600997	40.88
667.4385782290925	716.0844223616918	40.92
668.383341343356	710.9982329773934	40.96
663.491523385444	713.1201687647407	41.0
668.2250090024281	712.10678602727	41.04
667.4329527687731	717.3674778345769	41.08
668.033885569992	714.4171540198201	41.12
672.3092015315632	709.6780873833771	41.16
671.1564590747529	721.523103737769	41.2
669.7849348661074	719.0669839408188	41.24
673.1113805405857	717.0552891664876	41.28
667.4584697412023	722.3399942196221	41.32
668.7072940997496	724.8753348753442	41.36
670.8577872714529	712.9142356733836	41.4
668.0354651998181	715.9684725478585	41.44
666.7962730279959	714.19736164438	41.48
664.6642127433171	712.0341047240123	41.52
667.8877706059736	716.6121740342678	41.56
666.2272576068567	720.4418810000526	41.6
670.8347139330967	709.4494703244843	41.64
665.574168966164	718.180002044057	41.68
669.4687674251742	715.9635988800756	41.72
666.181630722139	719.1289322923012	41.76
666.361705997844	712.9641438319599	41.8
665.3970500017605	718.0016897118327	41.84
666.9179841339244	713.8040330189792	41.88
668.3304286454105	720.4070256266915	41.92
667.333363378943	719.0243635869122	41.96
667.0584923597304	717.6335094779896	42.0
667.1537386695057	715.1484477974719	42.04
663.7919640102988	720.0272405522967	42.08
665.399165591638	713.6632175494339	42.12
668.2749748385165	714.2549366149168	42.16
664.8118649816461	715.954556081711	42.2
669.7229441467177	716.6613406608034	42.24
665.1711559182442	709.259578944746	42.28
667.9921913529564	718.2414672279067	42.32
659.1259375166728	720.8969795668335	42.36
661.3993133734103	714.9095759030737	42.4
666.9809966919308	711.8956724425958	42.44
667.2966809158507	716.0607138760544	42.48
662.1525455971635	717.7307957961756	42.52
664.8350988635647	712.1241476954297	42.56
660.538753058788	713.3056988837498	42.6
664.679152204657	708.8014736552535	42.64
663.2795240784019	718.876301292353	42.68
661.1296236776119	711.2751431815664	42.72
663.3034951945943	713.0059925015773	42.76
662.3155059271046	709.4628558530101	42.8
663.0660975552779	710.6902452715425	42.84
661.4016943853858	712.7647104065641	42.88
659.2017833316261	713.4932161315054	42.92
662.6898986843125	709.3169721896644	42.96
660.3868386301784	717.7417091299964	43.0
660.7437682243087	711.5108233479859	43.04
664.518272768977	707.5326859909737	43.08
663.7120260667684	717.7069804786781	43.12
664.2774973206022	706.7196867723917	43.16
662.8463962858299	709.7849674400017	43.2
659.9993025023326	716.7792537037221	43.24
659.1817015542132	710.4619974382963	43.28
658.8647922035528	708.1553417240917	43.32
657.0189606425309	718.5611993900465	43.36
659.4398866102637	715.9882522942197	43.4
653.3989138841395	707.8456410637176	43.44
660.818183745314	711.462917283382	43.48
664.6984559430892	772.0085501974152	43.52
651.4399666247926	728.4510846917826	43.56
659.3047319838882	710.4571971846051	43.6
657.5654232321573	756.7967576061426	43.64
655.270775465324	709.6854510930169	43.68
655.9046850631271	761.540817679472	43.72
653.6356118519741	704.9189521155361	43.76
650.2979391642665	764.5830260658688	43.8
653.1903679463989	700.5752252663581	43.84
651.5263283906144	702.1062146039953	43.88
651.1145073027518	702.2930792495096	43.92
651.0129239047781	701.7267260903945	43.96
649.5498304538711	699.4252742153908	44.0
651.6443433289062	706.5067067379734	44.04
654.1488612827746	707.3395796814766	44.08
653.3887080254842	706.581921769574	44.12
650.2706948746574	704.9573719368803	44.16
651.6644302116454	707.8364018961978	44.2
648.4959089120123	705.8731641672338	44.24
648.9554463067885	709.5337606941036	44.28
653.1575157888776	702.083762103647	44.32
648.6050628743982	709.1324390747257	44.36
650.7966490437617	704.6478762242755	44.4
650.8649416513397	709.5777146439558	44.44
652.2653353703658	710.3739795812116	44.48
653.164477290784	702.6294340330808	44.52
652.4255309598497	701.2491200330836	44.56
648.9113119325585	707.0116638679683	44.6
650.2570628336199	702.4218527723582	44.64
652.9875133409498	697.0619190130958	44.68
651.6029752024401	706.9556056880318	44.72
649.5416627288029	709.367910484968	44.76
650.5989324827688	703.5669586885884	44.8
651.4125638042494	707.1074946497654	44.84
649.3913889753997	758.4043414556319	44.88
652.1822877400572	698.2476519512551	44.92
646.9078622073237	703.055947806792	44.96
645.7850468405858	708.1643994198133	45.0
649.4679720429707	709.9292530040528	45.04
648.3771025484059	703.6988917461172	45.08
652.2551875454038	702.5379310458891	45.12
646.7379251255305	707.1267272257128	45.16
647.0258153168685	701.4941181757538	45.2
659.1678550493233	792.5814189093256	45.24
649.1692041526264	705.9568994469665	45.28
651.7902174281239	749.3861386370487	45.32
645.944186565232	702.2407107436611	45.36
649.325344223128	703.2297214133316	45.4
648.1497718769082	699.1474313379445	45.44
648.4689829893102	709.2801907437246	45.48
651.0324125995904	707.3373074816067	45.52
652.7701512155556	705.1199294708745	45.56
661.1786366814297	713.5760720991723	45.6
661.6253803070753	714.0677945871348	45.64
670.4337629083774	714.7025977000783	45.68
680.9486840859055	727.8957225663115	45.72
687.558807013466	727.4469039458357	45.76
701.3736231580687	739.2581032690979	45.8
708.5708220128328	752.6774528490829	45.84
726.1350772279794	768.4060965585763	45.88
738.8156908401401	779.1601424861933	45.92
756.1408612078619	780.37040292092	45.96
776.8979217097586	778.7427818875309	46.0
795.3659932250998	796.2880119333603	46.04
806.4046887733347	819.3341294708655	46.08
823.2086262790642	825.8244725216772	46.12
844.2952347427022	851.8421217388103	46.16
862.3282713142398	857.515089673355	46.2
878.5209757114314	878.940404002679	46.24
891.074005249206	884.8637607302995	46.28
905.349887990521	900.9270825699269	46.32
1337.8558935339377	1145.2668969346314	46.36
1326.7473178373984	1141.4424395252513	46.4
1325.1409111536016	1146.9369379218645	46.44
1326.7169308356438	1154.316126794248	46.48
1324.3589626141481	1156.6895805086328	46.52
1321.6020792903084	1157.4058194837426	46.56
1314.500107315818	1155.5905836920094	46.6
1310.6105266709853	1151.2734628916076	46.64
1305.4880670157927	1151.1884616850325	46.68
1305.9270092962697	1146.3285826891758	46.72
1304.1383858774889	1148.2965447318838	46.76
1302.9381139765303	1148.6200102817334	46.8
1305.824015917599	1147.8980329076358	46.84
1307.1537838140562	1148.8108020413447	46.88
1302.805987507774	1146.9852437944253	46.92
1300.3972064624513	1145.9828520296194	46.96
1300.0364999218407	1147.8442000719724	47.0
1300.625920007499	1149.759328010618	47.04
1298.1447576894495	1152.7506613908731	47.08
1297.4374030285207	1155.215136585743	47.12
1307.4149933871204	1167.920664558867	47.16
1319.0113507649698	1178.6130550818584	47.2
1348.748405109932	1225.7399572877341	47.24
1383.2212985554047	1286.6880640981944	47.28
1418.9543665174194	1352.4954506986662	47.32
1439.4678954603569	1375.5188426096151	47.36
1437.618647009772	1394.6139314693958	47.4
1413.4533494727193	1382.5208909060902	47.44
1371.9774193815078	1350.732424621136	47.48
1323.1675258506334	1310.17316445085	47.52
1276.4031034871734	1282.4359833679528	47.56
1234.876587339755	1247.924002098579	47.6
1202.4382992734047	1212.6294399908095	47.64
1182.3138036816174	1190.838945863914	47.68
1168.2898259981189	1165.5582143762742	47.72
1152.9130914960522	1170.8797215247614	47.76
1155.6848124474184	1185.3927465870645	47.8
1151.170432725393	1171.466219536133	47.84
1155.8971711841043	1208.2443526766822	47.88
1167.6325187341051	1197.2176226262216	47.92
1180.334728710292	1261.330127106061	47.96
1196.7833793072596	1241.2680833395966	48.0
1198.281939872321	1240.8616584090917	48.04
1197.9568568895907	1248.2096740527074	48.08
1213.1188234493513	1262.4843382701997	48.12
1218.723496946132	1252.7241587466037	48.16
1195.820410492541	1250.5376589694079	48.2
1190.6193867341551	1238.948155372062	48.24
1188.1003693712323	1210.4363670184723	48.28
1186.645554879528	1181.989677849379	48.32
1179.4433815876328	1136.5037821005324	48.36
1174.6492699316007	1122.0365470122535	48.4
1165.3165132573708	1113.944359866071	48.44
836.1977877457512	897.4081324363244	48.48
787.4480721429035	821.9354233189931	48.52
750.1665550891195	780.7212060539641	48.56
718.8384243003588	746.7599494864921	48.6
700.1259166600099	702.0043269805792	48.64
690.0821127159351	704.0778937557415	48.68
679.1081017921238	684.8332739192206	48.72
655.3027347307457	667.1604648444147	48.76
641.301678714727	645.6328836189317	48.8
631.2387285425698	648.268110107866	48.84
628.7744579885419	637.1795943607956	48.88
623.5226064513183	632.1168174382651	48.92
618.9819932899189	623.3134557145532	48.96
619.5227634719324	629.3918837542219	49.0
618.5352206153475	627.4347283730904	49.04
621.2327269441266	616.3905580444926	49.08
613.4069373224528	607.5404878543451	49.12
609.1108984306253	609.619799941301	49.16
609.9758562158054	617.1444172029301	49.2
621.1461589280133	582.9485133149217	49.24
644.1710880323302	663.9228387093995	49.28
673.2978487701686	706.4855201923465	49.32
711.2620448228149	750.5377681442098	49.36
762.2074729358363	708.3485142736537	49.4
820.274346675975	841.2124144661841	49.44
871.9947594646981	878.2140318679757	49.48
927.8755382418316	997.7834725337376	49.52
985.3978698775579	1013.9059441510939	49.56
1022.9906414900465	1090.1926197952928	49.6
1055.4340763740158	1108.3568719951409	49.64
1084.6419755850789	1158.6758386330107	49.68
1093.0799698660414	1188.2834163316943	49.72
1112.7184147923433	1192.329201438334	49.76
1133.299536738995	1156.8017155353575	49.8
1131.7573916482186	1156.8195161868564	49.84
1136.810653258062	1155.6608201524527	49.88
1138.670747316303	1154.671161805055	49.92
1141.8953514716848	1169.3178712099009	49.96
1144.218680473866	1154.3385120203068	50.0
1147.2485503566515	1193.1864007083518	50.04
1147.7152055615202	1155.5429873167436	50.08
1151.019112392951	1176.859748308425	50.12
1144.115336770455	1171.6848214227543	50.16
1132.1974361541702	1138.4952734427964	50.2
1131.9218453048961	1155.408566065776	50.24
1124.6169107719468	1139.8995329181707	50.28
1125.9822957481754	1165.133672041212	50.32
1121.7115990705395	1142.070819844549	50.36
1119.4570130718366	1162.3452201093035	50.4
1122.3537771319548	1144.0038840086502	50.44
1119.086689109336	1147.9003376609085	50.48
1110.1902445778699	1138.5832341471394	50.52
1107.5577428520862	1126.3046125926542	50.56
1108.7863974575969	1116.4862068340688	50.6
1106.7269552615394	1140.4997978272866	50.64
1107.515595788013	1138.709544036599	50.68
1107.3471638534609	1122.0008372875213	50.72
1099.4758212466359	1107.7019739291968	50.76
1092.7446316050357	1108.0915731573841	50.8
1090.2089250486308	1102.6678790139365	50.84
1092.2510457135836	1105.9415220536691	50.88
1087.763450980051	1101.200027057652	50.92
1088.0210415512986	1086.6045678779014	50.96
1093.0089574442225	1088.263464011454	51.0
1090.7456056706524	1102.5104706023023	51.04
1080.6399071908813	1083.7828855341522	51.08
1095.6908390752471	1095.2803456035595	51.12
1089.7531524874707	1084.2930164678348	51.16
1073.8247015634097	1097.1426347583767	51.2
1036.0131539908816	991.7434554072346	51.24
1035.2386184852592	988.9492332656823	51.28
1030.949601573735	987.8971151931731	51.32
1030.6632268029741	986.0336849563759	51.36
1029.2053568651124	983.9574952357923	51.4
1027.1066136568757	982.3117551220259	51.44
1025.0930845348128	982.713034061955	51.48
1028.9880349808707	983.9345729358763	51.52
1029.3640589086624	985.6471707703237	51.56
1028.944627652619	980.7535661835464	51.6
1019.7211997611058	963.3051916876624	51.64
1009.3590722844577	925.4029556479032	51.68
1000.7379767604774	948.3366178871174	51.72
992.1023752703343	968.4089589131144	51.76
992.3788356946703	970.6051924851132	51.8
990.2956995316184	967.0753865191936	51.84
992.8498932100395	967.253494515029	51.88
993.3962376003849	959.4527083712259	51.92
1003.7592326406257	964.5532177449963	51.96
1011.3825961474398	971.5195791721111	52.0
1017.7756232832429	969.6495697719239	52.04
1031.3056322537143	950.750201675278	52.08
1024.1134023399109	921.6732626373171	52.12
1020.7441758146922	926.7758157585566	52.16
997.7633627581039	946.6248615861088	52.2
991.2580511660146	966.0708247551345	52.24
987.7474224486683	980.0184775827331	52.28
993.8497495256335	973.164263066952	52.32
1007.3668016820283	964.1052876370892	52.36
1010.3125779064648	961.8064766013189	52.4
1019.8434089933213	953.0201550241626	52.44
1022.5936292660731	950.6539611152049	52.48
1029.4260928949107	939.3328330066455	52.52
1031.9469908628737	929.4197202237333	52.56
1021.8747226898289	938.4263884506078	52.6
1003.1748718274404	960.8452855038549	52.64
999.4640161554643	968.2346645468049	52.68
1000.0707705748005	967.0901300083627	52.72
1003.2616173654259	967.6631592939343	52.76
1013.2561595807387	966.1868538050936	52.8
1022.3436086460395	968.6342429383269	52.84
1026.6716638596574	955.1024193228828	52.88
1015.9438904826928	925.7693677695455	52.92
1011.4052382423432	910.7365171639786	52.96
998.7378861705738	935.3396344893571	53.0
984.9312292356384	959.1289771843788	53.04
986.7089725232154	956.2118654061773	53.08
995.281623283426	951.8992257918031	53.12
1005.3241835077158	953.4115414281442	53.16
1021.3151009731913	941.3144588985654	53.2
1021.3754810976582	913.0841195212306	53.24
1021.7806573853537	906.0423675808958	53.28
1011.0325273422802	902.3764922905591	53.32
1009.6844203066431	937.1917295144983	53.36
993.1465869882711	958.1946931663128	53.4
990.4755366861172	957.9343949652492	53.44
996.6134834901687	959.1070887787903	53.48
1003.5182505516469	954.4334063544662	53.52
1011.0532573268509	949.8785708281886	53.56
1017.405127703546	938.2689278209583	53.6
1010.6848610251809	912.912614406021	53.64
1011.2054582757718	905.3456293623344	53.68
1002.9691640565626	909.4522948615097	53.72
982.2186075806388	935.3439996272984	53.76
989.0793513929495	953.6413909750453	53.8
985.507555522095	955.8107964485841	53.84
999.1549659268062	949.1527974610124	53.88
1002.1334800439869	941.1406366575629	53.92
1006.8858030067752	929.981899729117	53.96
1008.8797880546663	911.1993069727081	54.0
1002.0599015939861	897.0826276754201	54.04
1002.8711638704525	897.6193372915005	54.08
998.2373420816283	930.7248664901058	54.12
991.2259853374339	945.1469706281949	54.16
987.2267369182317	941.72364622834	54.2
994.1177788268357	941.2089123543288	54.24
993.105347463377	942.5605617601293	54.28
991.567631903282	934.8098556039822	54.32
981.663172119766	920.7770215364059	54.36
984.3355209672751	924.5336798932514	54.4
992.5192971128316	928.95893200153	54.44
1004.2270088241968	933.7646421124707	54.48
1008.5072185816998	947.4255796180782	54.52
1010.9272536610364	954.0985914966452	54.56
1009.2345343485097	963.0442109868956	54.6
962.7569050499345	917.4006084083434	54.64
887.7643273621549	849.6239781505013	54.68
813.3421689019157	749.3040388888385	54.72
736.8589502469739	655.148855498521	54.76
682.2770689772558	581.820250446531	54.8
656.172541429509	518.3299752107587	54.84
626.1804598877486	465.5522067780236	54.88
609.1147703142793	430.04904591124955	54.92
582.3663735954239	433.66712967410365	54.96
581.2338253658344	426.72107108402435	55.0
590.3043568154967	407.87803321656764	55.04
589.481344361988	556.5634684739334	55.08
1139.8473369320268	1133.6455574352924	55.12
1129.2226995735177	1116.5311887967225	55.16
1117.5662409134554	1097.0009932696078	55.2
1106.7245692192766	1079.3836022737162	55.24
1103.6085310159365	1071.280936541329	55.28
1101.6987962310498	1067.1271918624823	55.32
1103.2417253570313	1064.8719615976727	55.36
1103.7743191682985	1065.1541421252057	55.4
1106.6471525218876	1068.5279012068588	55.44
1114.080978702408	1072.5286648201907	55.48
1124.998919773968	1073.349592412785	55.52
1136.7383616648856	1081.7157235886234	55.56
1142.231215629328	1088.060071566155	55.6
1151.519738724608	1097.7795692379352	55.64
1169.4571844157183	1111.4200213687943	55.68
1196.3332462312317	1135.790118139054	55.72
1227.3242092062924	1163.1634261497823	55.76
1252.355699288175	1193.230630030846	55.8
1282.876465396521	1231.0335849546163	55.84
1318.6512756991365	1280.695264388961	55.88
1362.1586279946423	1333.5528957173583	55.92
1402.312622989004	1382.6189184050463	55.96
1434.393145344514	1416.9471827515558	56.0
1458.8167027044713	1429.4942676260093	56.04
1461.8873100158542	1432.302129729777	56.08
1449.1207529253825	1426.1298448572954	56.12
1426.8982872692393	1411.499494570017	56.16
1401.7279288164175	1380.8973024050435	56.2
1353.6220786758229	1334.0810840410936	56.24
1300.8927906091947	1282.1925223835226	56.28
1245.2212410755026	1228.784962259844	56.32
1199.8581026461547	1185.1941716725498	56.36
1171.683115496365	1142.5724697387252	56.4
1141.8333179413899	1112.4892230206754	56.44
1110.206159422313	1089.461129159172	56.48
1094.4883775935036	1069.5751828894465	56.52
1084.7322871530707	1060.4852185300426	56.56
1083.402197314645	1064.2745843551177	56.6
1088.2797985725583	1094.3837180433152	56.64
1085.8840995247256	1108.7204086842337	56.68
0.0	0.0	56.72
0.0	0.0	56.76
0.0	0.0	56.8
0.0	0.0	56.84
0.0	0.0	56.88
0.0	0.0	56.92
1146.5914406738086	1129.651291493366	56.96
1138.9095192547343	1103.606010151422	57.0
1109.7950663258803	1070.5980586631028	57.04
1096.3187141131496	1060.0280608576184	57.08
1099.0774720099976	1064.3783411259542	57.12
1106.7572679497814	1086.3853974714038	57.16
1114.832691211719	1110.9013600165313	57.2
1132.0410468468367	1103.5374913281578	57.24
1144.3119850924038	1115.2293690319634	57.28
1159.0209583069277	1119.843263411559	57.32
1162.1547974147934	1127.0393636716153	57.36
1152.7815064966758	1123.2865435187828	57.4
1148.813092365834	1110.9957919883175	57.44
1146.695135287707	1105.625164335196	57.48
1138.6517997547628	1098.0672656119073	57.52
1132.2622918932643	1089.8208716002725	57.56
1118.1810954170278	1082.5126208255033	57.6
1112.8622325695537	1074.6763856607317	57.64
1109.8022597347624	1067.0607734788398	57.68
1102.5980627235745	1055.103651337392	57.72
1090.835895824517	1044.2974936051914	57.76
1075.8085039872822	1029.9780247640522	57.8
1066.140409813683	1018.7528233541178	57.84
1063.8194282288916	1008.0114068363811	57.88
1058.364395443217	1003.4004812974765	57.92
1055.299055814311	994.6184340130152	57.96
1051.6418573484377	986.8154302860479	58.0
1047.1972420348827	982.6962578965882	58.04
1044.323042127988	977.6278202817978	58.08
1046.7402634463767	976.56890754607	58.12
1048.389628283223	978.0368625738271	58.16
1049.6064931051467	975.8189655600007	58.2
1047.1642208217406	970.4127450498776	58.24
1042.36899656916	961.0947584063587	58.28
1039.7939323990088	958.5758461867682	58.32
1038.0690755924547	950.5999720752152	58.36
1041.2568016198586	945.5100640137956	58.4
1040.8321198267531	949.2849073787355	58.44
1039.6003868312298	950.4855890086523	58.48
1038.283298850153	954.9096660634426	58.52
1041.9865086158586	1129.6705504207628	58.56
1035.4505554376758	1115.9978302334177	58.6
1031.4033161325963	1119.257703298385	58.64
1029.6807676617175	1116.169395489591	58.68
1030.1204397188355	1135.3093806132563	58.72
1024.8502169725218	1130.0058563901694	58.76
1025.341295929567	1119.8719802830792	58.8
1020.6117098935046	1111.5646402709954	58.84
1017.4377796297697	1105.888201659096	58.88
1015.4640737302321	1102.7840924374239	58.92
1011.7885743520969	1091.751225878049	58.96
1015.1409947385633	1094.0165205843593	59.0
1014.5958423327833	1104.4624594253196	59.04
1012.4050385170937	1099.6413115824844	59.08
1013.3708377943933	1103.0756217671997	59.12
1011.8406478970115	1093.15056432398	59.16
1014.2880176291422	1091.1803946117896	59.2
1013.0048215225156	1107.8884603313713	59.24
1016.1739198895709	1100.3508635811495	59.28
1015.0660685684301	1084.751321391325	59.32
1015.664618065352	1071.0170677663714	59.36
1014.0859649580573	1087.9654793175969	59.4
1008.1205035009331	1076.3167015533427	59.44
1006.0620122260419	1079.6928608345204	59.48
1004.9412983298041	1079.2694568424133	59.52
1007.1090383330877	1081.5092762570987	59.56
1015.3233740843276	1084.5617275045597	59.6
1014.2800712168157	1078.9153263394876	59.64
1018.2571053490168	1097.1688167651744	59.68
1009.5596315346132	1111.437898203017	59.72
1007.6235433055325	1104.4975511701014	59.76
1004.2408568389485	1121.1604431061123	59.8
1007.0376780817562	1117.8512543137444	59.84
1009.4699966663452	1129.5626230908028	59.88
1013.6621207385225	1126.9832428592772	59.92
1017.8586495148056	1138.9060523786538	59.96
1019.4501337490555	1133.0227791150317	60.0
1017.1876147260773	1137.8392721616308	60.04
1017.6064531835636	1137.3103177131813	60.08
1015.746278585334	1123.2216258235997	60.12
1014.4294615505293	1125.84830047641	60.16
1014.3816964379176	1126.9062942291641	60.2
1012.4687156206885	1122.3384851783708	60.24
1011.4982648666361	1130.5398412229943	60.28
1011.4340775352734	1112.4656894864347	60.32
1011.1951855571082	1131.7534840174108	60.36
1011.5452420465538	1127.8790658757437	60.4
1013.9682673419588	1136.3559923282871	60.44
1014.7472872058735	1137.2784125379756	60.48
1014.6839614151755	1122.8021835639452	60.52
1014.6602681588229	1126.92858630193	60.56
1013.2986367566624	1123.8917439024056	60.6
996.12457395318	1133.6414962065446	60.64
976.3110175514755	1108.0978436417683	60.68
984.124961296129	1038.8757006379888	60.72
979.945501131845	1014.0938857857203	60.76
975.2036567253854	1008.1314054987736	60.8
959.8649302889639	1043.98497195298	60.84
951.7077925317118	1017.3287860379086	60.88
947.8285203264494	1019.0704811723195	60.92
956.6856896471711	1004.1038191298218	60.96
968.8225191589675	992.1218842131738	61.0
973.8256433740822	983.548297447785	61.04
981.6695849810242	1002.4035401626458	61.08
996.7976079816164	994.0282253544391	61.12
1061.9478556381928	1057.5768824819145	61.16
1147.9010583086872	1140.0200606118647	61.2
1210.0433552080617	1205.499648847334	61.24
1253.993770284553	1239.9735869181566	61.28
1296.2336107612325	1270.9156856937134	61.32
1326.6979726260038	1290.3554737153513	61.36
1340.1163141841794	1302.8760102945962	61.4
1352.41990823172	1309.8127939963304	61.44
1368.47661844293	1322.2034730717864	61.48
1366.4285028492825	1318.3121090394584	61.52
1361.40099264107	1318.022799773605	61.56
1364.636993079812	1325.1734399568932	61.6
1363.3990493750543	1329.534884503097	61.64
1364.3470465494627	1333.1907177252235	61.68
1373.3273225564797	1340.109637683748	61.72
1377.082936766395	1344.1757092549751	61.76
1382.0625121963008	1342.781948997001	61.8
1389.7776918283466	1347.3627784471419	61.84
1392.0197374871439	1350.276319954388	61.88
1395.6663968593796	1354.0321091404653	61.92
1396.3958957004388	1354.0599785268253	61.96
1393.552751239331	1346.8509967091595	62.0
1390.22415483281	1346.5812350879007	62.04
1384.435229675531	1337.5304672607933	62.08
1378.7584664835576	1330.6159492059335	62.12
1367.0654827452397	1319.8047655477365	62.16
1354.5016544777645	1304.9325616161989	62.2
1344.12617601255	1294.8927213057286	62.24
1339.359529411103	1287.6495673010834	62.28
1330.9983664091562	1278.5470737568762	62.32
1317.7659814897022	1266.7741547174458	62.36
1307.5949175201063	1257.4226835983313	62.4
1305.6316941282266	1257.04358416166	62.44
1313.719260633334	1264.5821916688453	62.48
1338.5774459628956	1280.280913663716	62.52
1355.194020230242	1304.0940616125229	62.56
1355.866144378519	1318.3331514281338	62.6
1361.281615401072	1331.5287887780519	62.64
1362.2944288953945	1346.337452042869	62.68
1368.0188851604873	1353.5375354120636	62.72
1375.8325364059917	1362.336027769036	62.76
1386.8025850058857	1367.7645880005384	62.8
1388.291526573588	1368.317201547772	62.84
1394.7581700189403	1371.6146000414456	62.88
1396.8350354575507	1378.865326051105	62.92
1401.656846081222	1385.4152089062452	62.96
1411.072027877317	1390.8350701552715	63.0
1411.7370407653102	1386.5873580437085	63.04
1406.530020312287	1385.7953320924396	63.08
1407.4928375278205	1383.3215432443371	63.12
1404.9103074363325	1382.7599552770407	63.16
1406.556467459765	1380.0176272674526	63.2
1401.2035538326666	1378.525706516655	63.24
1405.886802175659	1377.4769105272017	63.28
1399.2323920558879	1375.1962206983712	63.32
1398.0385596759586	1374.8061350771918	63.36
1397.6950719504239	1372.3812324302414	63.4
1387.5695018277327	1368.352766776985	63.44
1391.2837324849243	1368.0146137995287	63.48
1388.7923817906947	1367.8156290423624	63.52
1385.156038791816	1363.638489619534	63.56
1386.3533364296286	1364.4608915450847	63.6
1382.0354228331046	1362.7922853354128	63.64
1380.1137968512562	1362.1963648677613	63.68
1382.6212015971855	1361.299229435319	63.72
1384.6974472193665	1358.0193749551356	63.76
1379.7719014313059	1356.5913948378102	63.8
1380.3849812926387	1355.825650466552	63.84
1378.9218560697907	1353.607816874716	63.88
1369.9660587324831	1348.9516755394195	63.92
1371.44496715357	1347.4758745611005	63.96
1369.4694297581327	1346.0420487720726	64.0
1367.6566712843428	1345.3188966543169	64.04
1364.2188715422042	1343.2596577269671	64.08
1367.443219258516	1345.8861359367188	64.12
1368.146431243789	1341.857617271146	64.16
1367.6673508295135	1343.996519031306	64.2
1364.0531896741506	1345.1924931861122	64.24
1359.513304901796	1342.624134343939	64.28
1366.5917901490739	1343.0064636658378	64.32
1364.3756598607795	1348.290163025567	64.36
1370.0552591483358	1345.1292844293157	64.4
1365.904177093795	1348.9965472899246	64.44
1367.1278643403623	1347.2347296772684	64.48
1370.33645040889	1348.201835455682	64.52
1366.7219915522878	1347.6519519883343	64.56
1368.058834864867	1347.10458035716	64.6
1370.630030408246	1348.758075867864	64.64
1369.4634617192119	1348.1240032703706	64.68
1369.3775186387213	1346.5437337855487	64.72
1370.6237770060159	1348.153402585942	64.76
1367.6349565734768	1345.038866148851	64.8
1371.124280732897	1347.5387935039485	64.84
1375.2485033696494	1346.3727332536262	64.88
1375.1587507642332	1348.8311234923	64.92
0.0	0.0	64.96
0.0	0.0	65.0
0.0	0.0	65.04
