Thumb_R	Index_R	Time
0.0	0.0	0.04
0.0	0.0	0.08
0.0	0.0	0.12
0.0	0.0	0.16
0.0	0.0	0.2
0.0	0.0	0.24
0.0	0.0	0.28
0.0	0.0	0.32
0.0	0.0	0.36
0.0	0.0	0.4
0.0	0.0	0.44
0.0	0.0	0.48
0.0	0.0	0.52
0.0	0.0	0.56
0.0	0.0	0.6
0.0	0.0	0.64
0.0	0.0	0.68
0.0	0.0	0.72
0.0	0.0	0.76
0.0	0.0	0.8
0.0	0.0	0.84
0.0	0.0	0.88
0.0	0.0	0.92
0.0	0.0	0.96
0.0	0.0	1.0
0.0	0.0	1.04
0.0	0.0	1.08
0.0	0.0	1.12
0.0	0.0	1.16
0.0	0.0	1.2
0.0	0.0	1.24
0.0	0.0	1.28
0.0	0.0	1.32
0.0	0.0	1.36
1222.7493306672711	1235.9356022558152	1.4
1149.590151125745	1154.7759365006282	1.44
1078.172602731926	1084.6967898866994	1.48
1021.9575452787872	1025.773732777059	1.52
974.0001928016436	976.8402004427614	1.56
941.4571838041263	936.09361430956	1.6
922.3609297600542	898.5580519569162	1.64
921.3200923207693	892.7707987856628	1.68
946.9103653273601	896.7805403301189	1.72
977.4487751834506	908.8934609596247	1.76
986.1814992298978	917.268868884005	1.8
1000.3592001163798	927.2952579945704	1.84
1011.3395429404271	948.6012987401687	1.88
1017.5716247759766	968.6101964247391	1.92
1019.729712805228	981.3801021563376	1.96
1021.0012638834129	996.5984144529394	2.0
1018.3673725571532	996.6715392432882	2.04
1012.4313567545485	984.6307314762929	2.08
998.3457633885122	975.8586278382493	2.12
990.2073748774786	969.6345573358751	2.16
982.1426151025097	965.2124521453742	2.2
976.9341853495372	960.1971336018175	2.24
978.4517344911858	960.6210519506988	2.28
981.5072577946901	965.2426068706791	2.32
986.6196735789634	969.5781693572941	2.36
987.7027929703294	972.8140827766765	2.4
991.5939061920272	975.8600409335164	2.44
996.3565340456072	982.7756319588464	2.48
1002.4811160800357	988.8878596516753	2.52
1010.5676595202658	997.4561974236595	2.56
1019.3705427859412	1006.2094902697098	2.6
1030.0478680469666	1019.6591830494626	2.64
1041.8583013939467	1034.7155227555154	2.68
1047.3723582134676	1040.0415821474805	2.72
1027.1704676108286	1014.681966185218	2.76
993.242947953745	975.5136514769474	2.8
966.7503109787461	963.7775663007221	2.84
948.8811632886433	959.3586138234048	2.88
948.005092271568	942.5073463365497	2.92
952.9154178832134	943.630508259468	2.96
961.3721760273862	942.0036398426299	3.0
971.1339259229253	942.1219035887839	3.04
971.3532604497043	936.5001626560121	3.08
961.7720978436503	921.564018887773	3.12
957.665673075755	920.3070086235938	3.16
960.6016623187293	927.9012933240701	3.2
965.046545688197	939.3189371908712	3.24
967.8100152562166	952.1435737024048	3.28
974.6953505470146	958.0599328374337	3.32
994.8338302416543	971.8962275325913	3.36
1011.8006536034165	990.7243118374294	3.4
1025.1296315279235	1001.3618349144814	3.44
1033.6009806622267	1010.1702888031177	3.48
1030.7922327528013	1011.662203924946	3.52
1026.2276301796007	1006.0088816779752	3.56
1022.4621752523689	1002.2400512791461	3.6
1016.3555833103669	993.1113644670954	3.64
0.0	0.0	3.68
1141.060631468143	1146.832045956554	3.72
1128.7668743731829	1142.4899351084837	3.76
1104.7607484272392	1148.9280324405306	3.8
1081.902500037118	1124.5716489604406	3.84
1069.152948050118	1087.2616724875877	3.88
1036.1636601133735	1090.3173508007787	3.92
1016.6305633139365	1090.2402806626444	3.96
999.120019917484	1070.7638836738026	4.0
996.2396784298602	1026.2759907492446	4.04
989.3456092873524	1013.6593286074718	4.08
977.778641149639	1008.8219645401092	4.12
969.0927413587035	1000.6694191939581	4.16
958.7601605624695	984.5775978391597	4.2
950.8215109038706	981.901905103376	4.24
956.5517946498013	981.910169663301	4.28
964.3297560907083	980.2744058807036	4.32
973.1474083982621	1006.9950355173637	4.36
987.8568442243227	1025.571614817685	4.4
991.4666364274166	1026.8296993538786	4.44
1001.4369910536269	1041.1594049787068	4.48
1001.4055554124753	1064.3738929943638	4.52
1013.7610843745971	1049.3251383388797	4.56
1029.7363617375538	1067.8474592162843	4.6
1083.4631358274085	1082.5494617884608	4.64
1150.327040691837	1124.2655734397242	4.68
1219.319243431341	1178.3810184209538	4.72
1288.9070050258165	1237.6455450502372	4.76
1334.4563463066652	1290.0387284370647	4.8
1356.4770982354817	1323.7574561165018	4.84
1356.3560135307837	1339.8276106771657	4.88
1348.8112558530083	1342.081426733456	4.92
1339.3749448496146	1331.2918689773771	4.96
1320.1595496407433	1309.2754176887047	5.0
1292.5818318684626	1274.5300069260622	5.04
1263.9227388071192	1242.6031057465077	5.08
1230.8442850110944	1210.6797852906159	5.12
1202.2813192207936	1180.6938857123516	5.16
1176.5107403390855	1154.3391422856344	5.2
1157.9013202269653	1140.9907238955616	5.24
1150.0804756868579	1136.5490996357346	5.28
1144.8903055547262	1139.019361249913	5.32
1145.2483815182486	1142.4769808856006	5.36
1150.3022446200678	1150.1379102642513	5.4
1160.8106361615921	1164.615957530614	5.44
1173.5569054818197	1174.1675710535633	5.48
1183.9674824534147	1176.8215036551862	5.52
1184.8181506227058	1177.0639175640554	5.56
1180.1954131342875	1167.7180987505049	5.6
1178.292861538393	1159.0818926686286	5.64
1166.7203843388359	1141.0722173654142	5.68
1151.0259970339653	1123.0130111378126	5.72
1136.3077229489552	1113.151839778228	5.76
1124.8433274928973	1101.0736172788795	5.8
1119.1823275666459	1092.9544170131433	5.84
1109.1209471001018	1087.782589755812	5.88
1098.3156373321792	1069.4735746452716	5.92
1090.056252590104	1059.2478600584136	5.96
1079.5814159746496	1054.9982661282988	6.0
1075.0733051855896	1047.3777530671873	6.04
1072.2889023196813	1046.9702847812216	6.08
1070.982995256077	1044.2016387178717	6.12
1070.1095563589884	1042.7984030475936	6.16
1067.886217794136	1041.5908265560863	6.2
1062.8156620736024	1036.5304020159995	6.24
1060.3195781990307	1035.5968472417187	6.28
1058.4221640901255	1034.0092223670697	6.32
1060.537727068301	1033.6513200827053	6.36
1060.7526601147038	1034.1479519369566	6.4
1061.2031834326785	1034.4193865040313	6.44
1059.8501297591233	1031.0218866675357	6.48
1060.886314995836	1033.6234981266832	6.52
1061.3005386662269	1033.8403561160376	6.56
1063.1374008390092	1034.196453254561	6.6
1061.9702990288529	1033.8912619004186	6.64
1060.91225921211	1031.571000499034	6.68
1060.4943087753738	1033.0397506664588	6.72
1058.5587287602293	1034.0320481351644	6.76
1057.5540445883532	1033.6226126723893	6.8
1055.0489951739683	1029.705737378984	6.84
1054.9360962958592	1032.4161265229602	6.88
1054.0618132581687	1032.942751303025	6.92
1054.3425146522989	1033.5105319315119	6.96
1052.17504984476	1034.333726978676	7.0
1050.354893918478	1031.6483326403718	7.04
1048.1844637289453	1026.5120102517853	7.08
1045.4463287864617	1024.5916170754706	7.12
1044.694937397264	1024.7567072755453	7.16
1041.6985512871443	1023.2520294504135	7.2
1040.8011512478024	1021.605613023154	7.24
1038.7912989082627	1019.358089468779	7.28
1038.4723374935	1018.784913536712	7.32
1039.1772218267126	1022.7738338454591	7.36
1040.4767188079074	1023.9848128711326	7.4
1038.3388445870228	1024.552290516601	7.44
1039.3322656244093	1025.4360927023558	7.48
1039.4758205121816	1023.2482309288636	7.52
1042.4421325374865	1027.3419232509807	7.56
1042.6935659972148	1028.8860550316024	7.6
1046.5814241049006	1031.5265286292022	7.64
1049.2120058617381	1035.2237979404122	7.68
1051.4054278541898	1034.9442313092839	7.72
1052.6893659161076	1037.4292085296554	7.76
1055.425807087447	1038.6400304519764	7.8
1056.0722433298456	1038.6909615420689	7.84
1056.5666778099674	1042.679196031906	7.88
1057.0577165201591	1045.6642420425048	7.92
1055.0656632109942	1052.306279948273	7.96
1051.4884717983687	1058.413760951698	8.0
1054.2812935926913	1082.540291668239	8.04
1051.7013304107327	1131.1023104784765	8.08
1053.2212861186918	1146.8166119609884	8.12
1049.9049635092224	1143.763724729915	8.16
1044.0176842914875	1132.0550362564386	8.2
1043.6961464257183	1118.9314152093953	8.24
1039.7445421862533	1060.060026262275	8.28
1037.0795981668655	1007.2518890556028	8.32
1034.6298827150065	999.7772597603454	8.36
1036.8420590345374	1014.9858652387564	8.4
1040.0175453478425	1008.8779893423227	8.44
1042.575077161103	1004.768486526262	8.48
1031.8999677675904	998.9852558402273	8.52
1031.770834487289	998.5312280118239	8.56
1030.4770323860093	999.555028825634	8.6
1027.834685489343	1000.6495547122471	8.64
1029.0185516716028	1002.7606176600452	8.68
1024.727493957856	1002.7471154580331	8.72
1013.6356004072575	1004.177294563921	8.76
1002.9971641546762	1021.6262526372249	8.8
993.1876405540089	1091.9836512783313	8.84
1003.3548630722918	1088.2580811640735	8.88
1012.1339787307575	1083.434736022024	8.92
1035.5930845941964	1053.7764930862156	8.96
1041.932651548351	959.8359038485165	9.0
1002.8470771865038	944.0490955349243	9.04
999.1336274193269	958.1086996458247	9.08
1002.1225664428698	985.4563261965009	9.12
1011.5509140818488	983.7925170732192	9.16
1005.8405742177732	983.5490127316755	9.2
1005.2054682418288	984.4445992473985	9.24
1006.2160088580445	995.983061408542	9.28
1000.7273002515665	994.51813207028	9.32
998.390879921675	996.1911551847663	9.36
994.3335743697056	1002.0743750671732	9.4
990.702137495653	1011.2743595211683	9.44
993.0305452142005	1013.9753982188084	9.48
1002.4253154579432	1094.3496475916374	9.52
999.6911031108218	1108.6045921918208	9.56
997.0362576568959	1101.3430628739948	9.6
984.7484734813023	1114.918850193188	9.64
992.7689521738712	1114.9550227430243	9.68
1008.3131108170363	1077.185422156699	9.72
1023.1629043268188	969.4320486040322	9.76
993.2728462248882	953.0883750872237	9.8
1005.5813854095891	956.2345891054098	9.84
1009.8750831859958	978.432866631703	9.88
1010.3329252745385	975.319800341066	9.92
1006.8285826102926	981.6484471284447	9.96
1008.3171283178963	988.1912192143515	10.0
1003.7093850248781	987.9442287740087	10.04
1008.7723655373997	1039.7487738033296	10.08
999.6484943694484	1052.567396978365	10.12
1019.63521927439	1099.1894208036151	10.16
1022.6191792539092	1082.3652460448593	10.2
1014.8611488826191	997.9350146736739	10.24
1018.1389789249807	971.0809699716673	10.28
1011.9117016912536	972.4749073196054	10.32
1014.5585376338151	996.0340407814974	10.36
1019.6904674621106	1003.1817194222602	10.4
1018.8585754080943	999.1594070549538	10.44
1017.1459006207591	1002.8156098598016	10.48
1013.0854909441092	1004.1161382025284	10.52
1009.8943114959739	1007.7783876069096	10.56
1008.6162793514975	1066.4572636252624	10.6
1010.6419223697137	1031.3973765798974	10.64
1019.2742688377676	1060.3822361233463	10.68
1030.438630425373	984.4829495560933	10.72
1059.309348032128	974.3379496731416	10.76
1043.7253816931518	978.6896610840806	10.8
1040.260770525918	984.2716076850533	10.84
1039.746842459274	986.9317866644027	10.88
1040.736753321632	1004.806695557129	10.92
1036.3853894967422	997.1984400607296	10.96
1038.0260337042014	995.6629713185514	11.0
1038.3328439757993	998.825654384217	11.04
1037.0434740761887	1002.9083721225966	11.08
1037.5954201064046	1005.523400138088	11.12
1037.6718673149496	1027.156957452257	11.16
1029.4466822700979	1020.0027537544438	11.2
1024.2141623133882	1014.2939580376294	11.24
1032.200448196673	1028.4361051174521	11.28
1033.5182283382549	988.759201637672	11.32
1022.5322950878445	967.7547369708391	11.36
1024.3699453355066	985.0082331487416	11.4
1025.7164425130866	1000.0834735102061	11.44
1030.387490400623	1003.2014194674431	11.48
1032.478724117901	1007.5264561269073	11.52
1033.2894625063457	1011.7335891026542	11.56
1037.9026073419118	1012.4601521121084	11.6
1040.7271045554514	1015.0421682132901	11.64
1052.954925615638	1023.6957763159868	11.68
1094.911822435769	1065.3183244937593	11.72
1134.761850530711	1113.7973055099912	11.76
1156.8225380420492	1134.6175134696778	11.8
1162.9537576633293	1138.1863129942124	11.84
1148.9280671400816	1126.9171318293977	11.88
1139.0042759001237	1118.40594494098	11.92
1131.41727574827	1112.440749694778	11.96
1129.3470337471563	1106.2282235963144	12.0
1130.2017926521235	1102.1333349407855	12.04
1132.8301863413974	1101.951952608743	12.08
1128.543483929783	1110.6315487029485	12.12
1127.2241263419203	1123.482877311645	12.16
1131.2020098199746	1130.3129616524964	12.2
1130.597742473179	1137.2486541004632	12.24
1130.1693824831802	1148.8035965752952	12.28
1133.904343894654	1153.5861262747662	12.32
1138.2438865685162	1159.3565662361116	12.36
1150.254190384045	1172.7165985143363	12.4
1158.3189047973055	1183.100511178181	12.44
1164.4888239761606	1191.8180248461954	12.48
1168.4151924550185	1196.3608518478147	12.52
1180.453446038685	1198.8957571104588	12.56
1184.7855335430052	1201.6867374229155	12.6
1187.2158384388413	1204.321411233045	12.64
1190.2437083185398	1203.0087923411352	12.68
1194.320998652349	1199.8566076244729	12.72
1191.7908905136114	1197.881468114922	12.76
1189.3775005421444	1195.7385665385668	12.8
1191.9007074322656	1189.9887008280866	12.84
1186.361554142709	1184.1258262528356	12.88
1189.0556551124864	1181.5240815202128	12.92
1193.7521746984687	1184.7287445939696	12.96
1196.1053381055883	1179.2798556064306	13.0
1210.320036191196	1178.2489800939732	13.04
1220.1875662643554	1165.8201060831286	13.08
1232.9362390011402	1126.6871115653653	13.12
1241.4691702455127	1090.2287928730343	13.16
1236.6662503952502	1069.9256029357748	13.2
1230.7987277725515	1059.8413423380944	13.24
1223.5438563820092	1054.236807214155	13.28
1218.9352192219283	1062.1238664092236	13.32
1227.1116405636706	1071.7115420975767	13.36
1233.349770597133	1083.7670337307175	13.4
1236.5994078750753	1100.366216845007	13.44
1246.7768915590816	1105.4849682926094	13.48
1245.5635288317396	1109.3820518957177	13.52
1222.2940301451529	1104.0775001717864	13.56
1206.1915327214606	1086.1060088387078	13.6
1178.6332477414599	1062.2623357804325	13.64
1152.0215403653085	1047.1449144824032	13.68
1115.4170776438289	1016.8327974110596	13.72
1098.4541757208176	1010.2281070007539	13.76
1089.3680821774265	1014.6701360278558	13.8
1081.2614192167307	1000.288098809239	13.84
1076.6063531084228	967.723191799456	13.88
1073.5344639908556	963.2229246303832	13.92
1067.0027412279835	950.2211524929864	13.96
1060.107350491278	926.5302798179525	14.0
1066.1118046705133	912.2621120155826	14.04
1065.6459118468517	911.9018991705747	14.08
1069.4241151942572	919.0038125616487	14.12
1072.2246579283917	918.482734648359	14.16
1078.232821721996	933.0055681375214	14.2
1089.72455181345	940.1851401740109	14.24
1098.5407972784938	960.0542303092428	14.28
1104.6069285004523	1004.488251489797	14.32
1121.247986755294	1035.925425589106	14.36
1135.3876078062597	1054.1745743028555	14.4
1145.7399687563598	1064.689333310561	14.44
1154.2359505957704	1067.4495509110618	14.48
1156.1862918370837	1067.3832316517362	14.52
1147.9475835966336	1065.405034759633	14.56
1143.1819431218275	1065.7514421882868	14.6
1133.5139054870979	1059.3516417253338	14.64
1121.837942436668	1054.750243321134	14.68
1115.357841265258	1051.2634358277312	14.72
1108.5230716370156	1052.2831713859052	14.76
1104.9445891949792	1049.1584102023162	14.8
1105.9415854325885	1051.5852328655399	14.84
1105.382680661088	1052.3377710978227	14.88
1104.6503839629545	1054.098113734148	14.92
1105.7142287481502	1054.5533250483375	14.96
1100.6215150977898	1053.3392031550418	15.0
1103.6039587695834	1054.536690702599	15.04
1103.3656275139417	1052.4727725182183	15.08
1100.0638755737396	1051.1278825764593	15.12
1100.5502921272996	1050.1869075665252	15.16
1096.558191037024	1053.4672130311285	15.2
1099.515095011589	1052.5971212143947	15.24
1099.3304234246223	1052.6332682261057	15.28
1100.589577209165	1053.095666808544	15.32
1099.165370676573	1052.994340165391	15.36
1098.048453532788	1051.8240083931983	15.4
1098.94585387091	1051.535414682711	15.44
1101.2779644280172	1052.5090637369601	15.48
1102.5485350487745	1052.6327462813724	15.52
1109.7198938853924	1052.9020848354126	15.56
1118.4309501769783	1050.1861783804593	15.6
1120.162427865639	1034.522007492071	15.64
1125.8209795706	1015.4306954722409	15.68
1146.631754740655	993.9540279226226	15.72
1164.5338639774257	983.8069018492098	15.76
1195.128052054325	985.6677286441433	15.8
1230.7505939018868	991.3207251494509	15.84
1247.7097080903757	998.2152853387848	15.88
1261.7338981026323	1013.8094826534777	15.92
1270.0308481429968	1033.3419188912992	15.96
1273.031487246529	1049.4153016917921	16.0
1273.641086128248	1060.4458655678923	16.04
1274.5033659567273	1066.8221397372097	16.08
1270.249581129062	1050.7909026238344	16.12
1265.9414007152218	1050.9881333655755	16.16
1265.300361554918	1050.7393950239955	16.2
1263.7531663684792	1050.0412606846585	16.24
1262.4819796124061	1046.7350595661467	16.28
1256.1649189402708	1045.1922014152556	16.32
1254.5955982248897	1036.7580221021967	16.36
1246.4001338274736	1026.6970285549824	16.4
1241.369240712081	1013.1248984055766	16.44
0.0	0.0	16.48
1226.4336257669227	989.2978398608454	16.52
1204.3411452922585	983.2727798571098	16.56
1190.206623806404	975.1341434731315	16.6
1184.9526030227532	971.599489385662	16.64
1168.7042242542582	963.4572866679358	16.68
1160.5240009042377	956.5689189552147	16.72
1151.527657868496	946.5901076509742	16.76
1142.895701107133	942.1841153604445	16.8
1131.3945531527702	940.1475130326982	16.84
1128.9572113497732	936.7658892326224	16.88
1128.4464396638841	938.1981698503583	16.92
1129.6807788078675	940.367922105449	16.96
1128.4637751584498	940.0719210258669	17.0
1124.45598298647	941.1491934848694	17.04
1127.5455231899516	939.5736548224882	17.08
1119.3311977324474	931.7051296902523	17.12
1118.0044699223233	931.2306751464197	17.16
1113.8553223114911	928.2079866588042	17.2
1110.6851038714312	926.9953593593692	17.24
1107.9352341465883	924.2177448202784	17.28
1106.3601373951635	924.3749747057695	17.32
1104.740629367917	924.5836162032682	17.36
1103.5266080923116	921.3020933372779	17.4
1104.4542801606926	922.5273479495693	17.44
1100.6277024569713	920.1989570005296	17.48
1102.3693010069264	922.7147058974876	17.52
1104.9454668202475	923.2918033050784	17.56
1105.7304446149165	922.9906266172064	17.6
1102.3940532706602	922.8443574947815	17.64
1096.1795631141633	922.0051209849124	17.68
1100.7296330570298	921.9329477796932	17.72
1100.1324429050126	925.3348579238536	17.76
1101.8455644341225	924.4096086824162	17.8
1102.6299969127597	926.3887304159053	17.84
1101.0685204096405	924.5573370762006	17.88
1103.1278506759593	924.4914571102582	17.92
1099.3024794268388	924.6796280938879	17.96
1102.952065713512	923.5510355415365	18.0
1102.8679215711682	926.5350557425243	18.04
1106.8932220368415	925.6062015038285	18.08
1101.552348757156	925.9046451372337	18.12
1103.2048978184582	927.2848093821527	18.16
1104.5606434102451	930.5692666884158	18.2
1101.5751022389538	929.8816464709877	18.24
1101.6463266172962	929.0699639121381	18.28
1097.2790526627423	928.8780160150844	18.32
1102.1056610320684	927.6753242736123	18.36
1099.6011306697703	929.3805594468128	18.4
1099.6691698052161	930.5156786423731	18.44
1099.3227984440857	930.2477359473484	18.48
1098.7431630688163	930.659824777577	18.52
1103.266081973573	928.1400961128656	18.56
1097.7554499823477	927.6804710612417	18.6
1102.8983494214156	926.8211536844037	18.64
1102.2151526281043	931.1359273410386	18.68
1100.935779138577	930.7811439057624	18.72
1102.225605083713	932.17159352671	18.76
1102.5013253198267	930.8903248084537	18.8
1098.9974765482552	931.8290690929034	18.84
1102.5340842701453	931.224212961466	18.88
1100.7574600075664	932.7996425537953	18.92
1103.7280390864564	930.2986562726585	18.96
1105.4396158784734	932.3743662226633	19.0
1102.8792757317642	931.9767330380316	19.04
1105.1242924504031	929.9939944887859	19.08
1101.5218812531264	931.7021594097451	19.12
1107.6020551618906	934.1787073246405	19.16
1123.3388384925706	949.7098187204473	19.2
1158.7802301539823	997.1603078190728	19.24
1217.4499742678342	1079.6951709607492	19.28
1300.2746930984028	1188.9063084503746	19.32
1395.6456736934522	1309.8574426127118	19.36
1502.9646137564657	1462.9426052917631	19.4
1616.9614637119464	1612.7065957294324	19.44
1716.449281977957	1782.841241142163	19.48
1770.4182335439596	1838.7954083567922	19.52
1836.6471157772705	1891.5100356355508	19.56
1888.2606131278	1953.4552852513566	19.6
1929.3845958183288	1984.9575006903285	19.64
1962.117465902137	2026.2262303510859	19.68
1993.02285807039	2070.1790365561833	19.72
2019.6452576073016	2107.8229574825837	19.76
2057.9663715713696	2131.756585222393	19.8
2085.4775052254195	2149.0186759175936	19.84
2105.729571908391	2149.8633245310907	19.88
2110.29962350302	2140.2140402870737	19.92
2121.993010861235	2145.2198244992883	19.96
2121.6045613770925	2146.0556621475857	20.0
2120.478686594785	2144.8284379734623	20.04
2114.726640912416	2131.7961287853927	20.08
2125.383392747845	2143.1715286097024	20.12
0.0	0.0	20.16
0.0	0.0	20.2
0.0	0.0	20.24
0.0	0.0	20.28
2118.8118441401134	2004.8674973348448	20.32
2107.954764966704	2151.148458158873	20.36
2122.1977545230657	2121.8060937197633	20.4
2128.2104302567977	2153.329342038189	20.44
2129.524166182138	2143.3364856247686	20.48
2129.730285290042	2147.113396627364	20.52
2125.3582401412964	2135.122605010833	20.56
2121.3165347275913	2128.3442027296637	20.6
2128.8266721872433	2143.1324599811173	20.64
2126.7671272131583	2145.2630595046385	20.68
2127.2822803898466	2145.653444825123	20.72
2124.1245231473686	2130.5110821988087	20.76
2126.0879627547815	2145.7355687403547	20.8
2127.1749949021532	2144.216378674071	20.84
2130.092525821296	2147.5993641305877	20.88
2128.6899830473562	2147.1297136596672	20.92
2129.4677484132976	2144.5693528841207	20.96
2126.318988616571	2140.465215196791	21.0
2124.5915786217774	2136.3290810432745	21.04
2120.6690351780067	2139.4560855767595	21.08
2119.5602324314436	2130.8816128066487	21.12
2119.406840447727	2135.8492590446112	21.16
2120.509487557698	2140.8962230061893	21.2
2125.236184018966	2152.1438059228285	21.24
2127.3796307924795	2158.489447038464	21.28
2124.0829817637837	2151.833398905855	21.32
2124.8770590891622	2144.4792090183423	21.36
2122.329539373241	2141.6813797597206	21.4
2123.1234448555056	2142.8912609933855	21.44
2126.0160718868988	2139.517393533512	21.48
2127.2791605244142	2143.52140613573	21.52
2124.9392727816476	2134.831428920256	21.56
2124.407224806976	2135.980905413055	21.6
2128.9421730561444	2146.979984453285	21.64
2125.680002160616	2143.5166854865847	21.68
2121.5086476499287	2151.429123636102	21.72
2119.892083357981	2151.5702280561	21.76
2126.352108176463	2150.1189336893503	21.8
2120.0216911367515	2142.3278038748726	21.84
2122.1607060095075	2153.937102568144	21.88
2130.9549032245595	2153.5993858199654	21.92
2127.00985852389	2154.4623860786055	21.96
2125.715623690393	2154.3009656938852	22.0
2118.902033217793	2142.572703202033	22.04
2123.039726691347	2153.082713117953	22.08
2125.7098276896368	2154.1968029589325	22.12
2124.468469112801	2156.58731039472	22.16
2123.763214228932	2161.1678860191796	22.2
2122.6325022189653	2155.4359276095606	22.24
2126.8400942035373	2160.806658092163	22.28
2126.703946934915	2160.482343080512	22.32
2122.242516149345	2161.7097396201743	22.36
2126.2004721827384	2160.632069966454	22.4
2130.0234205317906	2155.2510618995598	22.44
2130.0585295287888	2157.648416869952	22.48
2129.0191937249688	2151.354511048515	22.52
2128.5026637540295	2151.2737012327984	22.56
2125.8100948554593	2149.5527672397902	22.6
2126.6031096572774	2149.233564545763	22.64
2122.2348923432714	2152.1986209366914	22.68
2126.2982877109703	2152.381320196303	22.72
2129.3973726668605	2155.3312080812566	22.76
2127.2118032284675	2148.9804193874447	22.8
2131.8477703816607	2157.6849982785807	22.84
2130.834518752376	2157.1422837665673	22.88
2128.2430617335413	2150.9951602564865	22.92
2129.3098727847378	2154.6992529739914	22.96
2134.370637997935	2155.480026667348	23.0
2136.133146233368	2159.4863005732263	23.04
2134.032506590406	2149.272843776489	23.08
2136.1267523360857	2159.997753690774	23.12
2134.710948875153	2161.4196490530526	23.16
2134.843279133641	2159.1799756925725	23.2
2136.866445478914	2159.880517580133	23.24
2132.9729658794886	2156.179779176231	23.28
2138.7728019653887	2159.3077317343746	23.32
2136.496176924306	2163.2352886260173	23.36
2131.9859375539313	2152.03753844659	23.4
2132.2849607531875	2146.8738887579493	23.44
2136.8509560675425	2160.064814018934	23.48
2136.2082845113805	2156.594582511132	23.52
2131.2808388615804	2145.6298016515416	23.56
2137.645238713692	2155.8026514834487	23.6
2137.8826469394135	2157.737708840223	23.64
2138.176660723011	2160.9458948794804	23.68
2140.0004044246252	2163.125863383359	23.72
2138.364489448394	2160.0969108448667	23.76
2140.0497374705187	2160.0371007783497	23.8
2140.173417178831	2165.850861265264	23.84
2137.1434427776776	2156.680949692039	23.88
2137.7192744336708	2159.1869451619114	23.92
2137.7166299973887	2155.254938259871	23.96
2137.061235569229	2153.6508470705553	24.0
2134.5312838561576	2157.4688398120134	24.04
2134.909938816014	2162.3736254853097	24.08
2133.089485741357	2150.1512964957437	24.12
2134.837448588472	2149.8127415610916	24.16
2133.4878052319827	2148.6581162941056	24.2
2136.8426959137005	2158.0003342402956	24.24
2135.426911680233	2156.3617074611752	24.28
2131.223865089913	2147.7093486673293	24.32
2138.767310115439	2160.0865585802317	24.36
2132.290331782054	2153.402912857947	24.4
2135.6707644317034	2156.792138302626	24.44
2135.3604736057187	2153.1903132672774	24.48
2138.685390047189	2164.5341029934757	24.52
2135.407723073865	2157.290707571763	24.56
2138.7141709867055	2153.964658255074	24.6
2132.2633098622387	2152.8650890641948	24.64
2135.26414423995	2161.207676557784	24.68
0.0	0.0	24.72
0.0	0.0	24.76
0.0	0.0	24.8
0.0	0.0	24.84
0.0	0.0	24.88
0.0	0.0	24.92
0.0	0.0	24.96
0.0	0.0	25.0
2120.6885721505214	2018.4017701858568	25.04
2107.3042878753245	2163.252858375245	25.08
0.0	0.0	25.12
0.0	0.0	25.16
0.0	0.0	25.2
2122.3010872789946	2015.73599701759	25.24
2119.0647511796838	2154.1929217755815	25.28
2128.1921526119663	2151.1977442770694	25.32
2132.125245022535	2150.608124996278	25.36
2134.462667265395	2156.2013012117413	25.4
2134.662025010511	2147.7522474607326	25.44
2135.3852311601863	2158.452288891369	25.48
2137.3571825956637	2156.611968856672	25.52
2136.0048145465685	2159.5290187183214	25.56
2135.4194177458116	2154.01094047413	25.6
2141.544176366669	2160.2645830330603	25.64
0.0	0.0	25.68
2119.3614682849607	2042.1315612935828	25.72
2098.2359831251665	2159.8806091305246	25.76
0.0	0.0	25.8
2122.6935086998706	2027.7844603905687	25.84
2122.319852316461	2139.3375495069618	25.88
2128.895244321652	2148.9716958068525	25.92
2134.976904230159	2151.7000868533078	25.96
2136.0139341195586	2149.702070598404	26.0
2135.3201889886323	2146.384419964415	26.04
2132.9619420217878	2146.985423242206	26.08
2136.499466697691	2152.9381526306665	26.12
2135.097032143505	2156.137687071228	26.16
2135.4578386840385	2161.265403076989	26.2
0.0	0.0	26.24
0.0	0.0	26.28
0.0	0.0	26.32
2120.807062800207	2031.4893584326985	26.36
2116.9531580116063	2169.0507378123007	26.4
2133.828118987684	2147.072469634592	26.44
2132.5212406551004	2150.50230982308	26.48
2131.8167311988036	2143.0108391858935	26.52
2133.107640515154	2150.3206657360283	26.56
2133.8172472585284	2150.716184729349	26.6
2136.5493986622178	2161.6012839207497	26.64
2136.7296512279145	2144.239727556541	26.68
0.0	0.0	26.72
0.0	0.0	26.76
0.0	0.0	26.8
0.0	0.0	26.84
0.0	0.0	26.88
0.0	0.0	26.92
0.0	0.0	26.96
0.0	0.0	27.0
0.0	0.0	27.04
0.0	0.0	27.08
0.0	0.0	27.12
0.0	0.0	27.16
0.0	0.0	27.2
0.0	0.0	27.24
0.0	0.0	27.28
0.0	0.0	27.32
0.0	0.0	27.36
0.0	0.0	27.4
0.0	0.0	27.44
2117.5441115135122	1999.8657874968055	27.48
2096.207344212922	2156.056912013794	27.52
0.0	0.0	27.56
2119.683625291253	2003.549547103377	27.6
2117.058491168894	2165.8984038907747	27.64
0.0	0.0	27.68
2109.671103841782	2087.2095757742327	27.72
2129.463442201304	2144.685461349687	27.76
2129.425219606888	2130.2301643551746	27.8
2131.1839166937507	2143.316372623049	27.84
2130.043842399469	2143.013425163405	27.88
2134.0374339792547	2164.2640517210025	27.92
2128.2747718598034	2141.551554659563	27.96
2135.5754143421873	2162.0283324576276	28.0
2131.4478168823307	2154.3751786670623	28.04
2134.0947268786645	2153.386836052269	28.08
2136.4440345390412	2161.525173984284	28.12
2133.3916071803524	2160.103765853113	28.16
0.0	0.0	28.2
0.0	0.0	28.24
0.0	0.0	28.28
0.0	0.0	28.32
0.0	0.0	28.36
0.0	0.0	28.4
0.0	0.0	28.44
0.0	0.0	28.48
0.0	0.0	28.52
0.0	0.0	28.56
0.0	0.0	28.6
0.0	0.0	28.64
0.0	0.0	28.68
0.0	0.0	28.72
0.0	0.0	28.76
0.0	0.0	28.8
2104.1370499711566	2053.0468463352217	28.84
2122.45368142899	2148.905044239664	28.88
2125.0452420012643	2136.5931420199163	28.92
2127.5032102679547	2144.3077024803424	28.96
2125.4175225408703	2136.8741706832834	29.0
2126.7606494989245	2144.043889211482	29.04
2123.3897034554616	2136.738954343355	29.08
2117.8048611892073	2151.2250314738417	29.12
2112.764939860005	2156.1008062833776	29.16
2105.997474919238	2154.870726188071	29.2
2096.546637026328	2150.8279298679513	29.24
2090.246522728115	2147.198824622029	29.28
2076.4364839505292	2149.3929615367024	29.32
2066.931619351819	2144.81137767324	29.36
2059.945110557901	2147.2527823123137	29.4
2053.907700126345	2132.685728653212	29.44
2044.1973013599172	2131.968801713646	29.48
2043.9230971666495	2140.644554084293	29.52
2036.186875457854	2099.3651373787147	29.56
2038.4392908989134	2116.149421228621	29.6
2044.4693310521645	2116.684947819792	29.64
2062.9409336385806	2145.8140007365228	29.68
2070.4395292578615	2136.5972162906446	29.72
0.0	0.0	29.76
2082.5232805280707	2100.1248684340917	29.8
2101.6146102789694	2086.58904677532	29.84
2100.6525399364805	2056.3910130676763	29.88
2114.815187040883	2078.279779541608	29.92
2085.0488386363013	2099.591110857282	29.96
2030.7360081636677	2125.2591408080993	30.0
2051.394576013246	2146.4250460578755	30.04
0.0	0.0	30.08
2076.7238908483155	2139.07410811045	30.12
2107.220818087702	2158.614661580269	30.16
2107.9004950749	2128.649584903543	30.2
2096.791726495742	2143.900241496926	30.24
2068.7470030209424	2134.9826229641735	30.28
2035.2115847384566	2103.32043860866	30.32
1962.1738137207433	2024.5971474972475	30.36
1878.6143657529865	1960.3883808005528	30.4
1774.8173089276154	1854.8446182547727	30.44
1649.0852685970463	1707.7598926268813	30.48
1532.9332673450292	1578.9075337517797	30.52
1427.6084151432221	1474.676241791997	30.56
1333.8952678176743	1404.0742399525257	30.6
1271.209571418189	1317.2764472907618	30.64
1210.3960170834773	1258.516332064431	30.68
1156.0436355156844	1187.7323774411427	30.72
1109.4125622587242	1136.3274168534704	30.76
1063.5654385845312	1040.537591347847	30.8
1027.2724355484768	1002.0709125285455	30.84
999.1174610439799	943.9909555888663	30.88
971.9448514586696	931.4977373338851	30.92
960.8805362240088	938.6921011507981	30.96
962.4383042673114	908.819035592227	31.0
962.3104020526448	914.1508692174835	31.04
964.9367346454978	897.3533179265628	31.08
967.7075740837981	890.9294616916468	31.12
980.0405092708676	887.4526818279468	31.16
985.9287974866127	900.0247673987263	31.2
993.2705709614746	924.7755364078376	31.24
995.6449305952839	925.9065499106667	31.28
985.4485320365521	920.666221603826	31.32
974.5033246679849	910.2068167775212	31.36
962.562207909259	907.4480591480661	31.4
948.1150570105466	897.4692483621983	31.44
939.4496654602676	883.3730418378517	31.48
931.2356793400268	909.949485397702	31.52
921.7286486780342	892.2873862127946	31.56
917.5930762761411	865.3083385410456	31.6
900.050178279382	874.0018608795982	31.64
896.9578725132461	839.475970254392	31.68
892.2226202766748	842.2309288113842	31.72
896.8967461938397	865.3773919362765	31.76
886.1114823511516	863.2371957054808	31.8
888.9354671596064	856.2917944202113	31.84
888.754524523961	847.3318847092224	31.88
883.7128859856495	849.4902966179385	31.92
886.6981557845437	831.5327035629795	31.96
884.0491734199231	827.411497523265	32.0
882.1967869426842	836.5229083737349	32.04
889.4446544848031	855.9360419472166	32.08
883.6096111401071	834.0328708833529	32.12
890.5787000474576	855.1479672781459	32.16
883.728356153317	838.4598706531344	32.2
883.0808784108129	826.4479316038365	32.24
887.1534179633531	796.4752274516366	32.28
888.8999761185057	846.3951235240507	32.32
890.3025442816713	850.9993792463857	32.36
887.3157339776428	856.5950087443041	32.4
885.6365451909764	845.6013524913802	32.44
883.8627312839246	825.5695950156683	32.48
888.9084209053713	850.5372469353116	32.52
890.7574345300443	844.6199114435441	32.56
893.0183567423024	851.4299976893252	32.6
886.7380688415477	846.2900559191315	32.64
893.3405028080974	819.0104796150415	32.68
885.955010051371	856.774659237032	32.72
891.922622468017	840.6775133281278	32.76
891.1095840639447	847.2469632455034	32.8
891.9271357631164	858.2257071163986	32.84
891.6416104932282	850.3267244201489	32.88
892.030985262033	853.265914604809	32.92
891.3134993989382	872.3447108164103	32.96
889.7553411084033	869.6016387135362	33.0
888.2048392099149	833.7049880055808	33.04
889.4907625166801	840.3096303896	33.08
889.2818574197204	854.9743312317624	33.12
890.8778893112935	846.4058632717591	33.16
889.8661491997323	862.91916084571	33.2
889.9433999844631	839.9707781515528	33.24
894.6853102732604	833.5715002505489	33.28
888.6651916190699	860.6720578775346	33.32
893.1524931411248	863.9623979573142	33.36
893.2572019552457	858.3794799311601	33.4
890.2250958857551	850.5883141243119	33.44
891.3384190253172	858.7932447644617	33.48
892.3225179743685	846.8701026421468	33.52
890.4554786364756	871.4671337219695	33.56
889.5896170021954	866.5499676394853	33.6
890.2399399883275	852.4576433819373	33.64
894.2713957723946	861.6491943983501	33.68
888.8050646185368	844.6257461338262	33.72
889.6885932387593	847.2868301472408	33.76
892.8313037752662	841.1394035895644	33.8
892.1562242474587	861.5977205345603	33.84
885.9515819933707	836.4988134179216	33.88
889.1682873653733	828.2888196130216	33.92
885.8530933666489	853.0550121557782	33.96
892.5937440812155	834.3070488278637	34.0
895.0613598016686	859.59859552504	34.04
900.0815039355945	849.649421064678	34.08
909.6363486276445	858.0769572919882	34.12
913.6526492579418	849.178914917141	34.16
930.2697795639334	865.0044335467717	34.2
948.1887173121214	912.6244434515837	34.24
959.9535431129381	941.2890238853277	34.28
974.8024400485525	926.8652050226194	34.32
988.0200097340245	934.7398609101778	34.36
1004.4774907157116	959.5857604889679	34.4
1016.5815245646083	975.5271791146126	34.44
1029.2404556978265	984.2191055805403	34.48
1036.7786974219518	1025.422415719585	34.52
1051.7780875465728	1065.9855894619088	34.56
1080.1821568272633	1098.1643368205637	34.6
1103.3728312226337	1123.9310304505825	34.64
1126.462633252564	1150.7467976365792	34.68
1152.10442116149	1174.9667671195664	34.72
1179.4316097100639	1202.0836842816673	34.76
1215.3401449098737	1276.3775929913925	34.8
1253.5810278173183	1295.2100363278523	34.84
1264.9564584754	1305.866376467664	34.88
1307.573650011768	1290.3564360878793	34.92
1335.530540688632	1264.7473379584428	34.96
1402.2354498265015	1348.9523226975334	35.0
1516.7914338301987	1455.763403473058	35.04
0.0	0.0	35.08
0.0	0.0	35.12
0.0	0.0	35.16
0.0	0.0	35.2
0.0	0.0	35.24
0.0	0.0	35.28
0.0	0.0	35.32
0.0	0.0	35.36
0.0	0.0	35.4
0.0	0.0	35.44
0.0	0.0	35.48
0.0	0.0	35.52
0.0	0.0	35.56
0.0	0.0	35.6
0.0	0.0	35.64
0.0	0.0	35.68
0.0	0.0	35.72
0.0	0.0	35.76
0.0	0.0	35.8
0.0	0.0	35.84
0.0	0.0	35.88
0.0	0.0	35.92
1350.7036307894498	1105.5892619124168	35.96
1343.4521736154445	1129.8572734227487	36.0
1363.3812389206762	1115.0264232541567	36.04
1372.7974638233209	1110.2664865966444	36.08
1357.3266003897313	1099.0112614865295	36.12
1359.5200819171523	1123.484707829121	36.16
1373.7399762855273	1152.8495148102074	36.2
1366.9730533145516	1155.4508277414914	36.24
1326.0273301293016	1140.8579653979843	36.28
1299.621839216817	1122.1991242234844	36.32
1249.0610997321828	1105.3646458150897	36.36
1261.755646474179	1101.074015097968	36.4
1241.2681734662483	1100.886271192328	36.44
1224.1163809744653	1084.8695418267462	36.48
1222.0808102086617	1095.594444144793	36.52
1221.4284729163037	1086.9018133949733	36.56
1218.487662469951	1092.330984140702	36.6
1193.843931507615	1087.265829870609	36.64
1184.921664718403	1086.0511980958102	36.68
1176.233735470275	1079.0335449659597	36.72
1195.8440125700417	1066.97176575875	36.76
1187.6548472159789	1078.6843992637507	36.8
1168.970029999396	1064.6121349922923	36.84
1206.1677275900233	1073.828222716986	36.88
1213.5639043574008	1084.884903186543	36.92
1224.3348127229192	1090.158221511268	36.96
1210.9707650990774	1083.5350329185571	37.0
1207.2733139861716	1086.1984642060613	37.04
1191.2324358142157	1088.5649051159776	37.08
1438.7834481187283	1068.838104289344	37.12
1436.468662393825	1067.2316130740771	37.16
1438.7805729309948	1067.5834826976816	37.2
1438.26083975075	1068.99870922988	37.24
1438.9079910977712	1068.5541843219453	37.28
1435.4249988658237	1066.747172533532	37.32
1437.4671953310085	1064.1801431789486	37.36
1434.0004141422182	1062.3864938931886	37.4
1435.4790784653878	1062.1908310760236	37.44
1435.4390275632493	1065.0022128734074	37.48
1438.4135699003073	1068.2226035328	37.52
1442.0310906321981	1069.539986131437	37.56
1443.0774454176544	1070.509952114233	37.6
1443.5237295143213	1073.2358192972551	37.64
1447.5045541601191	1076.856701217084	37.68
1450.3514581341017	1080.5368598780665	37.72
1451.6418546302646	1082.3898576425124	37.76
1453.990034975683	1086.3139090568247	37.8
1463.092619368961	1091.1996661112466	37.84
1470.2342861812454	1097.7712433366617	37.88
1478.167316862977	1103.729178410757	37.92
1482.8215680061976	1108.8707845073807	37.96
1484.8240422310585	1116.335901441764	38.0
1490.1343403506958	1118.1943255803574	38.04
1493.8554997578797	1120.626273145859	38.08
1493.155605447882	1123.0045281269404	38.12
1494.1950498288786	1127.1703273065418	38.16
1495.4194369705478	1132.0540392349449	38.2
1501.393500521027	1136.550531008251	38.24
1501.728587595825	1140.7656376445907	38.28
1462.4667018555895	1148.067720266999	38.32
1354.672714336065	1148.2367065515218	38.36
1235.5587327010667	1150.4134622284266	38.4
1265.4642684140442	1148.8800744214793	38.44
1255.1162055914765	1148.4791182799452	38.48
1223.7431845083868	1145.7577787697185	38.52
1221.980379398958	1137.5060890870795	38.56
1250.0225742957061	1130.8064662919785	38.6
1453.304722573129	1131.1450308321548	38.64
1454.7332019881646	1125.2298705009366	38.68
1442.1443812892426	1117.6663822888468	38.72
1432.7778939294576	1111.4941106702538	38.76
1427.4528854360124	1105.6950038138607	38.8
1420.7921806538807	1099.3479018371327	38.84
1415.2255777294658	1093.920238739703	38.88
1409.3667976437375	1091.0593609008486	38.92
1407.2733453230876	1087.162225609559	38.96
1405.922305867979	1084.678315050701	39.0
1402.4692745966283	1084.608982111404	39.04
1398.8645737612062	1083.4276374863623	39.08
1396.3647137855567	1079.2670204026406	39.12
1392.2490246827344	1076.6283307080043	39.16
1390.5381103963305	1076.4145319461002	39.2
1391.5333370664023	1076.025083046952	39.24
1389.0899669977846	1074.6426613020742	39.28
1391.9547632811812	1075.006775108494	39.32
1393.8687186549741	1076.5443801814724	39.36
1394.9784243430558	1078.6566246480181	39.4
1395.0645738769783	1079.0597785891089	39.44
1394.888242338362	1078.482359664797	39.48
1392.8508014817942	1078.7802978188251	39.52
1393.411208502741	1076.9064746042447	39.56
1395.0316399650585	1077.8836538671032	39.6
1394.5278194225793	1079.9179268190655	39.64
1394.6030236520683	1078.822597298172	39.68
1395.1595186600819	1079.3268237770903	39.72
1395.7669601512016	1078.4435933370291	39.76
1396.3166273706577	1079.3290725118084	39.8
1397.784852931494	1081.7162898859192	39.84
1396.1769623515747	1081.5049890547446	39.88
1395.3854442655413	1078.4478890788748	39.92
1395.7564665079312	1080.2515658661168	39.96
1398.8716578842739	1080.046580639708	40.0
1400.815057162105	1081.8220906532108	40.04
1403.0949858575218	1083.505902719518	40.08
1402.5503815052684	1086.043709013327	40.12
1402.6439058315282	1085.363916329776	40.16
1404.680262382596	1086.1402275167734	40.2
1405.5079007855372	1085.861676061328	40.24
1406.285281973523	1088.0990505856857	40.28
1405.922007601104	1085.720174353741	40.32
1403.8278219156987	1085.2840785139438	40.36
1406.3034121942912	1084.5410145786288	40.4
1408.0278537042543	1086.5338635988344	40.44
1408.9927007989138	1088.9545031749597	40.48
1410.8549627522796	1088.5979940986008	40.52
1411.7869411969193	1092.4855800404198	40.56
1411.30333968786	1090.287617270177	40.6
1411.940655361379	1091.9758751662318	40.64
1413.0528532309102	1094.1687402795671	40.68
1415.0324500052307	1095.1958452412853	40.72
1415.0714780597184	1094.7925252419109	40.76
1415.2528396765301	1096.629718431414	40.8
1414.6604501393297	1098.1103605231685	40.84
1414.3742131090949	1095.6742610606648	40.88
1411.4613869434402	1094.5797488436	40.92
1411.5728768159922	1094.7351675679051	40.96
1412.5050030027091	1095.8876103155872	41.0
1411.8887367313569	1094.9255981574156	41.04
1413.1840931285826	1096.2922120103972	41.08
1412.5341405889303	1097.5519871756762	41.12
1410.80504794003	1095.7735178841863	41.16
1410.1049604927384	1096.1347299707097	41.2
1408.179307496551	1095.1117833654355	41.24
1407.2704487007682	1093.7115521864584	41.28
1407.4571072952235	1094.513154060871	41.32
1404.7283833474514	1091.4578779662252	41.36
1404.280610542038	1087.8643776976423	41.4
1404.1495195389782	1089.2585232735178	41.44
1406.0468868288938	1091.8838956072466	41.48
1401.4790490952946	1093.879902636641	41.52
1401.5273010896124	1094.4767632756812	41.56
1403.1582240565792	1093.5308965395927	41.6
1405.186435426541	1095.0868623708693	41.64
1405.2316603519105	1096.6330338540622	41.68
1405.8525652710473	1096.4611572997142	41.72
1405.9120155711905	1096.4971522696053	41.76
1405.5610776265228	1096.0711625545998	41.8
1406.5199061602748	1095.852796300393	41.84
1405.4825641267723	1096.093230736743	41.88
1405.7246947462666	1096.5987021505707	41.92
1404.6836864000686	1096.0195308038842	41.96
1403.9720055302537	1095.486893553339	42.0
1404.5522817673661	1095.3512916238176	42.04
1403.4052560524356	1094.8701313591603	42.08
1403.418190486354	1094.7524492173818	42.12
1404.1587878549342	1095.987741390361	42.16
1403.8440642942523	1095.8832265343124	42.2
1404.7602075347709	1095.5714686324948	42.24
1406.475591400734	1096.750958325281	42.28
1414.4298270798754	1102.0996845932539	42.32
1425.4288493710403	1113.469709915619	42.36
1443.578679669177	1130.104761062212	42.4
1463.181955127961	1149.9175619075406	42.44
1487.0527085493313	1175.3230055577972	42.48
1510.7413749904931	1199.6465162931604	42.52
1534.775723954847	1226.6955281388923	42.56
1559.2469605793428	1250.7672466975657	42.6
1585.1846562210717	1276.4198312058847	42.64
1610.0832173909484	1302.089326912134	42.68
1629.3514838313274	1322.2557166430574	42.72
1643.9466338639393	1335.9402972867983	42.76
1651.4922401521721	1347.9250574998266	42.8
1659.9572215532396	1355.6905282063406	42.84
1664.162174745972	1358.5319091292936	42.88
1675.8386577591905	1363.549751259669	42.92
1694.395795440627	1375.7380015690237	42.96
1744.2828603961066	1406.831429353466	43.0
1565.4901145007232	1488.7981023125528	43.04
1542.6695661472136	1574.5827554592693	43.08
0.0	0.0	43.12
0.0	0.0	43.16
0.0	0.0	43.2
0.0	0.0	43.24
0.0	0.0	43.28
0.0	0.0	43.32
0.0	0.0	43.36
0.0	0.0	43.4
0.0	0.0	43.44
0.0	0.0	43.48
0.0	0.0	43.52
0.0	0.0	43.56
0.0	0.0	43.6
0.0	0.0	43.64
0.0	0.0	43.68
0.0	0.0	43.72
0.0	0.0	43.76
0.0	0.0	43.8
0.0	0.0	43.84
0.0	0.0	43.88
0.0	0.0	43.92
0.0	0.0	43.96
0.0	0.0	44.0
0.0	0.0	44.04
0.0	0.0	44.08
0.0	0.0	44.12
0.0	0.0	44.16
0.0	0.0	44.2
0.0	0.0	44.24
0.0	0.0	44.28
0.0	0.0	44.32
0.0	0.0	44.36
0.0	0.0	44.4
0.0	0.0	44.44
0.0	0.0	44.48
0.0	0.0	44.52
0.0	0.0	44.56
0.0	0.0	44.6
0.0	0.0	44.64
0.0	0.0	44.68
0.0	0.0	44.72
0.0	0.0	44.76
0.0	0.0	44.8
0.0	0.0	44.84
0.0	0.0	44.88
0.0	0.0	44.92
0.0	0.0	44.96
0.0	0.0	45.0
0.0	0.0	45.04
0.0	0.0	45.08
0.0	0.0	45.12
0.0	0.0	45.16
0.0	0.0	45.2
0.0	0.0	45.24
0.0	0.0	45.28
0.0	0.0	45.32
0.0	0.0	45.36
0.0	0.0	45.4
0.0	0.0	45.44
0.0	0.0	45.48
0.0	0.0	45.52
0.0	0.0	45.56
0.0	0.0	45.6
0.0	0.0	45.64
0.0	0.0	45.68
0.0	0.0	45.72
0.0	0.0	45.76
0.0	0.0	45.8
0.0	0.0	45.84
0.0	0.0	45.88
0.0	0.0	45.92
0.0	0.0	45.96
0.0	0.0	46.0
0.0	0.0	46.04
0.0	0.0	46.08
0.0	0.0	46.12
0.0	0.0	46.16
0.0	0.0	46.2
0.0	0.0	46.24
0.0	0.0	46.28
0.0	0.0	46.32
0.0	0.0	46.36
0.0	0.0	46.4
0.0	0.0	46.44
0.0	0.0	46.48
0.0	0.0	46.52
0.0	0.0	46.56
0.0	0.0	46.6
0.0	0.0	46.64
0.0	0.0	46.68
0.0	0.0	46.72
0.0	0.0	46.76
0.0	0.0	46.8
0.0	0.0	46.84
0.0	0.0	46.88
0.0	0.0	46.92
0.0	0.0	46.96
0.0	0.0	47.0
0.0	0.0	47.04
0.0	0.0	47.08
0.0	0.0	47.12
0.0	0.0	47.16
0.0	0.0	47.2
0.0	0.0	47.24
0.0	0.0	47.28
0.0	0.0	47.32
0.0	0.0	47.36
0.0	0.0	47.4
0.0	0.0	47.44
0.0	0.0	47.48
0.0	0.0	47.52
0.0	0.0	47.56
0.0	0.0	47.6
0.0	0.0	47.64
0.0	0.0	47.68
0.0	0.0	47.72
0.0	0.0	47.76
0.0	0.0	47.8
0.0	0.0	47.84
0.0	0.0	47.88
0.0	0.0	47.92
0.0	0.0	47.96
0.0	0.0	48.0
0.0	0.0	48.04
0.0	0.0	48.08
0.0	0.0	48.12
0.0	0.0	48.16
0.0	0.0	48.2
0.0	0.0	48.24
0.0	0.0	48.28
0.0	0.0	48.32
0.0	0.0	48.36
0.0	0.0	48.4
0.0	0.0	48.44
0.0	0.0	48.48
0.0	0.0	48.52
0.0	0.0	48.56
0.0	0.0	48.6
0.0	0.0	48.64
0.0	0.0	48.68
0.0	0.0	48.72
0.0	0.0	48.76
0.0	0.0	48.8
0.0	0.0	48.84
0.0	0.0	48.88
0.0	0.0	48.92
0.0	0.0	48.96
0.0	0.0	49.0
0.0	0.0	49.04
0.0	0.0	49.08
0.0	0.0	49.12
0.0	0.0	49.16
0.0	0.0	49.2
0.0	0.0	49.24
0.0	0.0	49.28
0.0	0.0	49.32
0.0	0.0	49.36
0.0	0.0	49.4
0.0	0.0	49.44
0.0	0.0	49.48
0.0	0.0	49.52
0.0	0.0	49.56
0.0	0.0	49.6
0.0	0.0	49.64
0.0	0.0	49.68
0.0	0.0	49.72
0.0	0.0	49.76
0.0	0.0	49.8
0.0	0.0	49.84
0.0	0.0	49.88
0.0	0.0	49.92
0.0	0.0	49.96
0.0	0.0	50.0
0.0	0.0	50.04
0.0	0.0	50.08
0.0	0.0	50.12
0.0	0.0	50.16
0.0	0.0	50.2
0.0	0.0	50.24
0.0	0.0	50.28
0.0	0.0	50.32
0.0	0.0	50.36
0.0	0.0	50.4
0.0	0.0	50.44
0.0	0.0	50.48
0.0	0.0	50.52
0.0	0.0	50.56
0.0	0.0	50.6
0.0	0.0	50.64
0.0	0.0	50.68
0.0	0.0	50.72
0.0	0.0	50.76
0.0	0.0	50.8
0.0	0.0	50.84
0.0	0.0	50.88
0.0	0.0	50.92
1346.99298569206	1265.6337472534533	50.96
1349.808097833723	1267.9819996138374	51.0
1350.4172172388985	1266.5183422547984	51.04
1353.743050640482	1269.0105888390954	51.08
1356.8434927306423	1275.3527553131619	51.12
1361.5263133616568	1273.587837033912	51.16
1361.49465272782	1268.9608330140443	51.2
1361.2348960877273	1274.0784188566856	51.24
1363.2192924091207	1271.3261681959336	51.28
1361.0935937208842	1271.2634121436581	51.32
1359.4632310771321	1270.016611598571	51.36
1357.069200150356	1266.0263753372406	51.4
1356.5691924936923	1263.6139347717642	51.44
1351.516001344708	1259.1700153129489	51.48
1345.5424414567003	1253.854134504879	51.52
1342.0021820921745	1249.4997012152999	51.56
1330.3963424035983	1244.1546680481438	51.6
1314.073740683664	1249.9789694801218	51.64
1295.569198100126	1229.1335653469298	51.68
1276.4402343068157	1211.919155493504	51.72
1253.812720305359	1177.7919748397428	51.76
1213.6344088246558	1121.3276594806134	51.8
1206.5449407248939	1096.4803835969303	51.84
1102.5607745749653	1061.073254264208	51.88
1080.291533139647	1057.354280226466	51.92
1144.107712158497	1089.8247101785248	51.96
1139.1020568062759	1091.532105249114	52.0
1153.4200207048627	1133.152565038901	52.04
1186.7866922072826	1166.6783367961139	52.08
1155.1884670965605	1131.1287099678295	52.12
1147.9797360583145	1129.7839524976214	52.16
1405.3557833054388	1127.9482287623348	52.2
1401.8781324396007	1128.0470912840399	52.24
1399.114111925269	1127.5606937647078	52.28
1398.7371103101673	1125.6141374347303	52.32
1397.844670527817	1126.1484772396168	52.36
1399.940138695355	1128.3083141687	52.4
1406.241312166709	1136.0939123159612	52.44
1408.481313746004	1139.5785228315551	52.48
1408.637852619874	1140.0653477236388	52.52
1409.4068308132369	1141.7617826578412	52.56
1408.895584442301	1142.767724977788	52.6
1410.9899596068135	1145.0156764732703	52.64
1410.982095342339	1146.5031559956903	52.68
1411.3758148556226	1146.4359388113219	52.72
1411.8180091681536	1146.9654242333017	52.76
1411.2809263065287	1145.4518065435254	52.8
1411.6367745959276	1146.1691591327417	52.84
1412.8711031599582	1146.8260702529872	52.88
1412.9685461790218	1147.3885612320412	52.92
1411.4664742916113	1147.1700468084289	52.96
1412.0338755467762	1147.9048319629146	53.0
1410.2982637007094	1148.3130248268212	53.04
1412.677406813592	1149.3314624588052	53.08
1413.3974581192356	1149.5455126184436	53.12
1413.9385689362155	1151.569334404526	53.16
1416.4005018416467	1152.806068443624	53.2
1420.6536077676524	1148.7034714037268	53.24
1422.9186219991573	1145.1031239618862	53.28
1423.8669813276413	1145.455469676547	53.32
1427.714564297978	1143.7904516864635	53.36
1429.5015673598496	1140.1347181938597	53.4
1431.055018020097	1137.002013925608	53.44
1431.869824581711	1136.3853813029757	53.48
1430.2120429442632	1138.0938646567067	53.52
1436.767631464287	1143.9605857899144	53.56
1444.9424527877484	1152.9262844556547	53.6
1450.975133211212	1161.2909666463524	53.64
1457.5545978493647	1169.572200949229	53.68
1451.271753313943	1177.5507716134864	53.72
1275.1412880366227	1182.446916410346	53.76
1245.1110622094056	1183.2341187978757	53.8
1227.9573457864053	1183.1408591287466	53.84
1219.8018119516873	1177.4139618725058	53.88
1218.4800167022734	1168.9177963677787	53.92
1236.5583458279523	1156.348921146104	53.96
1321.0218601747224	1148.4316244760446	54.0
1306.3097161037285	1160.029357551025	54.04
1286.0519992872241	1196.8599132441655	54.08
1270.2961417735314	1220.4609526250945	54.12
1261.2649931985907	1233.701205639729	54.16
1222.0508995223533	1250.3942901020828	54.2
1201.3160167855792	1253.464395249182	54.24
1151.2237036401316	1257.3156929917013	54.28
1107.1238912361962	1209.8794505329672	54.32
1089.5959550507266	1204.3231215180413	54.36
1057.3494717148037	1224.0563181990785	54.4
1089.4819265029807	1218.333621418401	54.44
1107.7243829943584	1186.3141319761019	54.48
1120.1432440300196	1189.4301268789973	54.52
1126.2450530950032	1206.6693140789885	54.56
1135.5339479556867	1179.0902762135258	54.6
1138.052296228914	1175.2922274598347	54.64
1124.6720831045247	1158.5380058351345	54.68
1109.8564041895108	1131.91816143358	54.72
1104.5766970781208	1106.1511846878623	54.76
1090.1302242668683	1063.4045793778196	54.8
1070.6548016764705	1043.981944061603	54.84
1042.4328282311042	1008.176232001662	54.88
1012.3823052096953	981.218033668237	54.92
978.7442395055575	952.7026062924479	54.96
946.7943262809117	923.1704493472596	55.0
928.5022646720519	890.168107438975	55.04
908.7208989528858	871.4804535031418	55.08
911.4674610000793	862.8431918906512	55.12
902.4083133388492	847.7002102385288	55.16
887.4319091923338	825.2995846088695	55.2
871.5917673233125	804.0956592991946	55.24
852.5116190557061	782.3449517988239	55.28
846.1550412686119	769.5347919546597	55.32
841.2859871991438	764.6343477497819	55.36
830.78915138588	760.4851554563414	55.4
832.6517273365913	760.317035495196	55.44
834.3961040981965	763.016381317069	55.48
841.1828622111161	766.4167665441269	55.52
840.3329442204878	764.7027702988591	55.56
840.5230157774303	765.7233542487091	55.6
840.4462926375103	763.0650169994722	55.64
841.6766910698362	761.2262668913958	55.68
845.5505375798843	765.1142967219021	55.72
852.3933159630085	773.3555144192356	55.76
855.3529697819148	791.0261837882373	55.8
865.3785711192021	808.3997750010075	55.84
871.1104060520372	823.6851443194196	55.88
877.4994124383816	827.9363582681618	55.92
881.7068186412317	843.2487071893214	55.96
883.6727695651143	852.3178302682718	56.0
882.3000165158229	861.8227201586712	56.04
877.065247215002	869.9979576091449	56.08
874.8797537206068	863.6233634417608	56.12
867.9646163423758	855.5740570894233	56.16
868.1507594174973	849.1345906296514	56.2
866.9997487954209	850.4293476700027	56.24
862.5178438376597	841.5653267104216	56.28
860.3675442082643	840.7446499281195	56.32
855.9327649395431	836.844232520331	56.36
850.6934209343134	825.3676473776851	56.4
836.7003793303605	819.5626808312736	56.44
825.3623208362266	809.5861893890572	56.48
813.5942548828059	794.7369659442928	56.52
807.0309140907688	788.8391353390643	56.56
804.999936738469	794.5078697631374	56.6
799.1149394600283	776.4175890846625	56.64
801.9932990200354	779.9464950570436	56.68
797.1767022297287	773.3850192879727	56.72
793.719976410401	769.027188883435	56.76
796.0492228253341	777.0530969881869	56.8
795.3704853835455	775.7341578507052	56.84
794.5066643493061	776.8006763830006	56.88
795.0562464309544	773.7986078645098	56.92
799.4998317839277	782.3266285682276	56.96
799.2862107268905	775.8510344532295	57.0
801.2726753827566	781.9222926779754	57.04
799.1795894038573	775.7821491521263	57.08
801.2083893491292	778.6146146934717	57.12
800.3115711667106	780.1286131505017	57.16
804.7201193609551	785.842596669251	57.2
809.4155324139538	789.0595060105536	57.24
812.1733450020912	786.7144500082632	57.28
814.4860109878039	791.8357293665632	57.32
818.3287004032619	797.2507334386788	57.36
823.833542213638	809.3981866927645	57.4
827.8041070791287	807.4086347344418	57.44
830.067325684478	816.4030744808738	57.48
830.9619853953238	805.2421534341064	57.52
837.3536315804992	820.8583448166061	57.56
836.6808022793698	820.2024497572894	57.6
839.5368843063702	820.2064386752954	57.64
837.763830151016	825.2314378593397	57.68
838.4742537508038	820.313235103228	57.72
838.3587614697966	827.6272701235845	57.76
835.3715639662563	824.5456715364755	57.8
833.9736605086443	821.8663606826752	57.84
835.9430120981585	828.8804572952288	57.88
833.5800835562208	828.2920608984996	57.92
834.356359600599	823.7631919293731	57.96
833.963591688204	830.6804048116087	58.0
832.3175011109948	822.6537927891899	58.04
827.8710542606499	821.9474889161719	58.08
826.0249246398095	816.6283486369998	58.12
824.3508566527904	809.2633406377095	58.16
823.3306024854845	814.5123186674182	58.2
824.1629731805576	816.0717825419378	58.24
823.4858968026197	812.2795077798496	58.28
825.9526738989999	819.1570609790136	58.32
827.2115647476197	821.1208071534826	58.36
825.5670229033839	820.4310812326125	58.4
826.9229967862098	825.158363873121	58.44
828.08870678393	814.534892154104	58.48
826.9302454847676	827.1500076785869	58.52
829.9810358853624	824.6130593664979	58.56
833.2957151985376	828.3115913358012	58.6
841.159656559992	825.653187506969	58.64
846.9609824444783	837.9241558564217	58.68
847.9209852162386	834.9878585174209	58.72
849.5790108379501	837.042188407632	58.76
849.9637203451625	822.6747590579456	58.8
851.8734503329578	833.0737260142598	58.84
854.338995641327	834.5978623432451	58.88
857.0693181266192	838.8092963018581	58.92
857.9359077508113	835.3539462799371	58.96
848.3618839091554	835.2615839982911	59.0
845.4588277265638	833.6768633669133	59.04
831.8343569971981	828.2028481259122	59.08
825.4723921381631	819.7921143335309	59.12
820.3433609403131	815.1311643021997	59.16
817.7350380377293	815.3388879949141	59.2
809.3939201846985	803.81671414604	59.24
801.1029056625895	789.7496763188147	59.28
797.9688764768858	788.1419080213079	59.32
796.7452385170803	782.3234979387271	59.36
800.895550723765	789.0706657025745	59.4
801.9169115745115	788.7161514955305	59.44
800.702122577864	788.239312473836	59.48
798.4236656771704	785.9030567767386	59.52
798.7585618529389	780.5978337207054	59.56
803.4022548712719	780.4352437889022	59.6
804.4255657763664	779.7433985816972	59.64
801.1878045620024	785.4021575293987	59.68
799.5315987079548	776.3786354352557	59.72
803.1633389396872	786.7371272174975	59.76
801.5418820726122	785.6993863791442	59.8
794.6510574677077	776.6814870185622	59.84
790.6427074264394	769.3305991848177	59.88
789.8366655372473	774.7214893941963	59.92
786.2786974180212	772.6574275914334	59.96
783.3749037981888	765.5573556366871	60.0
777.9635432572993	761.0778391283789	60.04
780.5456012199153	760.4405834735641	60.08
781.1912098369162	757.8674990955765	60.12
786.5552488026606	764.3044229768119	60.16
789.3591967842469	770.568324325012	60.2
791.2561015872825	771.0249697678898	60.24
790.8395981408519	770.6121481481567	60.28
789.3497856106226	764.028554596817	60.32
787.8152190032181	768.5489476640815	60.36
792.032925469923	777.8381522989171	60.4
791.5072783976165	769.9380224728948	60.44
792.7095713084425	772.0940843367755	60.48
796.4343996850844	781.4938494366985	60.52
793.593142071422	779.7279135310611	60.56
797.0539718700197	775.2938161482452	60.6
805.5185425527635	791.0201065337337	60.64
809.4167609588927	787.9456031307411	60.68
817.1129824544022	791.7315735674458	60.72
820.8853231886344	802.4569610973041	60.76
817.0298871173746	796.5616718801286	60.8
816.6115779120626	796.374215818395	60.84
813.9385538416303	796.5977699081843	60.88
812.1587694631357	792.0439503079149	60.92
813.6313621865323	788.256741480875	60.96
814.8549519667956	797.0203414355472	61.0
812.3727431623751	796.8057133532677	61.04
810.0749103033872	796.9493946442761	61.08
809.5244646006413	789.5150894739114	61.12
807.0168537300267	782.9227466342184	61.16
813.8747287286071	792.291939564002	61.2
815.0631708224372	793.9408226919213	61.24
815.6372191930757	797.5503597284534	61.28
815.3062817397799	798.7688602946075	61.32
815.6391055532105	795.9063288911083	61.36
807.4089965383421	786.6809109850738	61.4
808.5601165926403	785.4287758486496	61.44
803.5363588452398	788.2061028887699	61.48
803.411177483623	784.3798426291227	61.52
806.0323430013342	784.9021465346973	61.56
805.9815221446512	786.0653037750556	61.6
807.928007135227	786.9623764998198	61.64
806.225332487366	781.8583621726671	61.68
805.3091849819017	785.0334261402043	61.72
806.3007299437716	788.1604172646149	61.76
805.4743608831221	780.2813569516659	61.8
802.5424804887011	778.8968760308791	61.84
805.7572334585383	790.0778344771927	61.88
805.6757115389338	787.4003144404292	61.92
805.8506074434955	794.5861886287836	61.96
798.3445358098221	780.846109122804	62.0
786.6299726978272	769.0153386630859	62.04
778.4334751898263	750.0837058421982	62.08
775.0342010950366	750.3406390964444	62.12
775.3811713992078	754.9011595842329	62.16
774.8636570029652	747.2563325171503	62.2
776.6964979854795	757.6185771788057	62.24
776.5407331204026	745.5829422778226	62.28
779.0645753433254	756.4917544160143	62.32
781.4000201026205	751.1251856039947	62.36
782.727697530558	752.1404044694532	62.4
782.7295402202689	751.1758676998762	62.44
779.133547591369	747.1868113113409	62.48
770.1068166856144	743.6539067243942	62.52
756.867424473792	714.585276218633	62.56
741.4131728176434	701.1554632170852	62.6
735.9013889835969	687.7112042093099	62.64
727.3652151719258	662.2839830936458	62.68
711.3431092518792	645.3706121127773	62.72
684.829852801174	658.1425694434274	62.76
674.1647007127674	659.8214873879409	62.8
672.8591828141089	680.1261074033155	62.84
681.042625363574	702.9105893960768	62.88
685.9899709843978	703.6055109808431	62.92
693.6473857940698	704.0850874487485	62.96
696.9902917543343	686.4213237069966	63.0
0.0	0.0	63.04
0.0	0.0	63.08
0.0	0.0	63.12
0.0	0.0	63.16
0.0	0.0	63.2
0.0	0.0	63.24
0.0	0.0	63.28
0.0	0.0	63.32
0.0	0.0	63.36
0.0	0.0	63.4
0.0	0.0	63.44
0.0	0.0	63.48
0.0	0.0	63.52
0.0	0.0	63.56
0.0	0.0	63.6
0.0	0.0	63.64
0.0	0.0	63.68
0.0	0.0	63.72
0.0	0.0	63.76
0.0	0.0	63.8
0.0	0.0	63.84
1038.5980611501068	970.0005456108132	63.88
1042.9531869811087	978.6984993964759	63.92
1049.4012994420796	1000.8061855458218	63.96
1060.625718148657	1029.197798191007	64.0
1061.7207684880775	1043.7928260328033	64.04
1073.0177585283793	1060.9966298117108	64.08
1090.508240243736	1070.7665409338442	64.12
1102.2589985980596	1073.7615084238219	64.16
1111.4455868634889	1072.51872581329	64.2
1119.2883259786277	1069.180033560597	64.24
1127.3165645666097	1087.7294900527513	64.28
1141.7351308445495	1108.2479781724862	64.32
1162.1766566342944	1115.9037278713506	64.36
1176.5129954044219	1132.7128109645091	64.4
1196.8689542402733	1146.0437387767038	64.44
1208.6445663316954	1141.8077559357496	64.48
1214.2274987871872	1149.3547530286733	64.52
1211.7474321604004	1160.7040027950152	64.56
1208.505042175413	1161.6692318060004	64.6
1198.606598414995	1151.3163695919964	64.64
1197.785228101264	1141.8252119332042	64.68
1190.4086114121135	1139.9973755283993	64.72
1175.1767129855778	1130.7507064190434	64.76
1165.8683018945812	1119.8895231748095	64.8
1147.1386383660422	1109.7028133196225	64.84
1142.4349614011926	1098.0969643737744	64.88
1128.216920021597	1084.3656063693693	64.92
1107.9546938285123	1065.7792951277186	64.96
1094.1319827919656	1047.0427589190956	65.0
1081.5727908478189	1029.4589335458684	65.04
1079.323222995143	1022.556487602048	65.08
1075.1976813059339	1019.5022406977586	65.12
1073.6787020434583	1017.630737203576	65.16
1071.7067076663793	1018.6298425944203	65.2
1071.0913747246036	1022.6925363079671	65.24
1077.667640217806	1027.0695897299383	65.28
1076.5828900907916	1021.5648109799172	65.32
1062.7452861357885	1008.5600245985056	65.36
1073.161994131023	1021.099507357567	65.4
1079.6274457655843	1024.1538341266717	65.44
1081.3182783273571	1031.299829490015	65.48
1079.0577483715572	1031.9275094602338	65.52
1082.8211953005307	1028.1401524813543	65.56
1080.6718648651076	1031.2940105688153	65.6
1086.9389467082533	1037.6354726999211	65.64
1090.2990526190497	1043.6918105242592	65.68
1097.6217265222697	1050.4925766334602	65.72
1104.4390308734337	1062.6810282625106	65.76
1117.9985391944865	1074.5758367763822	65.8
1129.679371028534	1085.726938911267	65.84
1141.8011396657585	1097.8688810988929	65.88
1150.6687947784496	1105.2161351536922	65.92
1156.7227744991803	1111.9645321059859	65.96
1159.296539125991	1114.83081772869	66.0
1161.7793114888013	1121.049656372783	66.04
1163.3816393510867	1125.8722238531902	66.08
1171.6024646046487	1132.6038182627008	66.12
1179.160508644876	1146.1548800027101	66.16
1187.3952224455516	1153.7323062226965	66.2
1187.0020776932715	1156.3134380413546	66.24
1187.8435216251805	1157.4108051299097	66.28
1188.175225912367	1154.3500155435581	66.32
1189.9962523317809	1151.7898964224576	66.36
1190.1826597149013	1151.3277029571025	66.4
1186.2010716306556	1150.4842985985747	66.44
1182.0596228619288	1145.1650564458535	66.48
1179.4744469346354	1145.584726305456	66.52
1175.6985674389534	1141.4946153418243	66.56
1170.880938323648	1133.1123357938636	66.6
1166.4073032196004	1126.0278913734664	66.64
1162.0399651809398	1123.8401565766665	66.68
1155.617535717052	1112.3278810382005	66.72
1152.1221251984516	1107.5359700419544	66.76
1150.2239903951786	1105.1389849543427	66.8
1152.968087716442	1102.4058653604247	66.84
1160.6035331242617	1105.9142915723742	66.88
1160.465244398461	1104.6639009960859	66.92
1160.3039310896042	1103.035225511542	66.96
1164.582999521789	1100.5769357195925	67.0
1165.1942037301358	1094.886038402263	67.04
1172.0078812160798	1093.2289242777654	67.08
1181.777075584392	1099.0387986595354	67.12
1193.4435460502855	1104.5335452020122	67.16
1208.4457540551953	1122.4962978481487	67.2
1225.2736632910605	1148.3127775661867	67.24
0.0	0.0	67.28
1309.1860916227872	1226.9740966260479	67.32
1382.7516233234937	1297.2752995755823	67.36
1470.779712647746	1384.3979130990813	67.4
1571.9152909978927	1483.0740563999723	67.44
1680.822257186475	1593.2982152441014	67.48
0.0	0.0	67.52
1903.255500148177	1807.8520875332258	67.56
1984.9099530377102	1880.4201997960608	67.6
0.0	0.0	67.64
0.0	0.0	67.68
0.0	0.0	67.72
0.0	0.0	67.76
0.0	0.0	67.8
0.0	0.0	67.84
0.0	0.0	67.88
0.0	0.0	67.92
0.0	0.0	67.96
0.0	0.0	68.0
0.0	0.0	68.04
0.0	0.0	68.08
0.0	0.0	68.12
0.0	0.0	68.16
0.0	0.0	68.2
0.0	0.0	68.24
0.0	0.0	68.28
0.0	0.0	68.32
0.0	0.0	68.36
0.0	0.0	68.4
0.0	0.0	68.44
0.0	0.0	68.48
0.0	0.0	68.52
0.0	0.0	68.56
0.0	0.0	68.6
0.0	0.0	68.64
0.0	0.0	68.68
0.0	0.0	68.72
0.0	0.0	68.76
0.0	0.0	68.8
0.0	0.0	68.84
0.0	0.0	68.88
0.0	0.0	68.92
0.0	0.0	68.96
0.0	0.0	69.0
0.0	0.0	69.04
0.0	0.0	69.08
0.0	0.0	69.12
0.0	0.0	69.16
0.0	0.0	69.2
0.0	0.0	69.24
0.0	0.0	69.28
0.0	0.0	69.32
0.0	0.0	69.36
0.0	0.0	69.4
0.0	0.0	69.44
0.0	0.0	69.48
0.0	0.0	69.52
0.0	0.0	69.56
0.0	0.0	69.6
0.0	0.0	69.64
0.0	0.0	69.68
0.0	0.0	69.72
0.0	0.0	69.76
0.0	0.0	69.8
0.0	0.0	69.84
0.0	0.0	69.88
0.0	0.0	69.92
0.0	0.0	69.96
0.0	0.0	70.0
0.0	0.0	70.04
0.0	0.0	70.08
0.0	0.0	70.12
0.0	0.0	70.16
0.0	0.0	70.2
0.0	0.0	70.24
0.0	0.0	70.28
0.0	0.0	70.32
0.0	0.0	70.36
0.0	0.0	70.4
0.0	0.0	70.44
0.0	0.0	70.48
0.0	0.0	70.52
0.0	0.0	70.56
0.0	0.0	70.6
0.0	0.0	70.64
0.0	0.0	70.68
0.0	0.0	70.72
0.0	0.0	70.76
0.0	0.0	70.8
0.0	0.0	70.84
0.0	0.0	70.88
0.0	0.0	70.92
0.0	0.0	70.96
0.0	0.0	71.0
