Thumb_R	Index_R	Time
0.0	0.0	0.04
0.0	0.0	0.08
0.0	0.0	0.12
0.0	0.0	0.16
0.0	0.0	0.2
0.0	0.0	0.24
0.0	0.0	0.28
0.0	0.0	0.32
0.0	0.0	0.36
0.0	0.0	0.4
0.0	0.0	0.44
0.0	0.0	0.48
0.0	0.0	0.52
0.0	0.0	0.56
1219.479691208626	1219.479691208626	0.6
1180.567008171044	1180.567008171044	0.64
1155.3267905912971	1155.3267905912971	0.68
1148.3399770150963	1148.3399770150963	0.72
1150.6665267044168	1150.6665267044168	0.76
1166.769706276544	1166.769706276544	0.8
1173.3154341001898	1173.3154341001898	0.84
1174.2127433334733	1174.2127433334733	0.88
1177.4580258111293	1177.4580258111293	0.92
1182.815433571973	1182.815433571973	0.96
1176.710612054041	1176.710612054041	1.0
1169.784382057331	1169.784382057331	1.04
1169.0670173209053	1169.0670173209053	1.08
1170.1066294891968	1170.1066294891968	1.12
1174.7033590014034	1174.7033590014034	1.16
1167.7788521197378	1167.7788521197378	1.2
1158.6726992288286	1158.6726992288286	1.24
1140.1477806783578	1140.1477806783578	1.28
1117.6883658653774	1117.6883658653774	1.32
1101.354076358846	1101.354076358846	1.36
1084.29461149927	1084.29461149927	1.4
1079.882413776409	1079.882413776409	1.44
1089.0555690907477	1089.0555690907477	1.48
1096.7672443934691	1096.7672443934691	1.52
1104.7072829605656	1104.7072829605656	1.56
1112.5088189265912	1112.5088189265912	1.6
1114.5417927534718	1114.5417927534718	1.64
1111.3145128586602	1111.3145128586602	1.68
1109.3407026255477	1109.3407026255477	1.72
1101.3125229571958	1101.3125229571958	1.76
1095.8868748082318	1095.8868748082318	1.8
1098.5083279218554	1098.5083279218554	1.84
1098.190711695598	1098.190711695598	1.88
1103.8545381820088	1103.8545381820088	1.92
1109.835457304527	1109.835457304527	1.96
1112.1944753408748	1112.1944753408748	2.0
1110.3897273910293	1110.3897273910293	2.04
1108.9113025591498	1108.9113025591498	2.08
1110.0791372363346	1110.0791372363346	2.12
1110.4067362280005	1110.4067362280005	2.16
1113.06063043092	1113.06063043092	2.2
1118.8917573451029	1118.8917573451029	2.24
1126.609914616529	1126.609914616529	2.28
1134.4245721853943	1134.4245721853943	2.32
1133.1964231562247	1133.1964231562247	2.36
1269.0066636333686	1269.0066636333686	2.4
1270.3278592162892	1270.3278592162892	2.44
1263.4669191349615	1263.4669191349615	2.48
1271.582381197765	1271.582381197765	2.52
1318.4050185402386	1318.4050185402386	2.56
1329.9865908726827	1329.9865908726827	2.6
1352.8027119886237	1352.8027119886237	2.64
1354.8470738875903	1354.8470738875903	2.68
1099.921481818036	1099.921481818036	2.72
1089.5612703241834	1089.5612703241834	2.76
1081.1110459653787	1081.1110459653787	2.8
1068.0770246376926	1068.0770246376926	2.84
1056.3628022890462	1056.3628022890462	2.88
1053.0185470918577	1053.0185470918577	2.92
1046.2291750068348	1046.2291750068348	2.96
1040.347450476159	1040.347450476159	3.0
1036.402247486281	1036.402247486281	3.04
1031.7114316274533	1031.7114316274533	3.08
1016.2610572920047	1016.2610572920047	3.12
998.5712525351676	998.5712525351676	3.16
981.7824642359299	981.7824642359299	3.2
955.6260645036027	955.6260645036027	3.24
923.6717789564594	923.6717789564594	3.28
888.7085710847671	888.7085710847671	3.32
859.5070230917571	859.5070230917571	3.36
837.74291846267	837.74291846267	3.4
808.2174580953231	808.2174580953231	3.44
789.2028802897839	789.2028802897839	3.48
767.1500865324717	767.1500865324717	3.52
746.7264279450367	746.7264279450367	3.56
736.0621958710614	736.0621958710614	3.6
734.2754030623308	734.2754030623308	3.64
728.1063240510833	728.1063240510833	3.68
719.3523841762159	719.3523841762159	3.72
719.4979166138737	719.4979166138737	3.76
712.8441547829684	712.8441547829684	3.8
721.9988048129514	721.9988048129514	3.84
720.3748657981323	720.3748657981323	3.88
723.3773662626944	723.3773662626944	3.92
732.8530573048558	732.8530573048558	3.96
741.0974658237114	741.0974658237114	4.0
750.8870729036494	750.8870729036494	4.04
766.9521782518792	766.9521782518792	4.08
785.5860818535303	785.5860818535303	4.12
796.9400503480554	796.9400503480554	4.16
811.98783455025	811.98783455025	4.2
830.1983266904278	830.1983266904278	4.24
854.8579119305277	854.8579119305277	4.28
867.9148143185877	867.9148143185877	4.32
892.63389260634	892.63389260634	4.36
904.5671634655882	904.5671634655882	4.4
924.6594232510536	924.6594232510536	4.44
932.9321879207201	932.9321879207201	4.48
935.0770872004364	935.0770872004364	4.52
936.581185797057	936.581185797057	4.56
933.4831742706496	933.4831742706496	4.6
937.9704656893485	937.9704656893485	4.64
936.1575003946841	936.1575003946841	4.68
931.8356233310379	931.8356233310379	4.72
932.4250483979347	932.4250483979347	4.76
938.3640350685691	938.3640350685691	4.8
935.1839300609797	935.1839300609797	4.84
939.540045131342	939.540045131342	4.88
937.3913175586634	937.3913175586634	4.92
941.2396545143168	941.2396545143168	4.96
939.6200827736213	939.6200827736213	5.0
945.5905405329587	945.5905405329587	5.04
944.7603641412845	944.7603641412845	5.08
937.5266759305161	937.5266759305161	5.12
934.474629455487	934.474629455487	5.16
933.7562959631688	933.7562959631688	5.2
935.6331999882541	935.6331999882541	5.24
940.346245541108	940.346245541108	5.28
936.103008924468	936.103008924468	5.32
936.933189432873	936.933189432873	5.36
936.7520222367071	936.7520222367071	5.4
935.360356228075	935.360356228075	5.44
935.4090288814484	935.4090288814484	5.48
943.5919118830714	943.5919118830714	5.52
943.8839045222622	943.8839045222622	5.56
945.6479962682093	945.6479962682093	5.6
947.7267144627849	947.7267144627849	5.64
944.262932255635	944.262932255635	5.68
939.7941365988916	939.7941365988916	5.72
943.9057245507236	943.9057245507236	5.76
948.7970580383492	948.7970580383492	5.8
945.8900019264267	945.8900019264267	5.84
945.0238323452157	945.0238323452157	5.88
940.639749521841	940.639749521841	5.92
939.5907688105186	939.5907688105186	5.96
940.2875940960176	940.2875940960176	6.0
938.5729202606113	938.5729202606113	6.04
939.0267153515812	939.0267153515812	6.08
947.3938722098211	947.3938722098211	6.12
951.0983593868762	951.0983593868762	6.16
955.608957001919	955.608957001919	6.2
953.7981523414969	953.7981523414969	6.24
947.2867306931173	947.2867306931173	6.28
943.8316984636813	943.8316984636813	6.32
941.2876967644564	941.2876967644564	6.36
934.3874754737882	934.3874754737882	6.4
925.3035244228547	925.3035244228547	6.44
929.5019294253559	929.5019294253559	6.48
924.8857954508676	924.8857954508676	6.52
924.4414850936976	924.4414850936976	6.56
924.8566471246387	924.8566471246387	6.6
937.1722259677645	937.1722259677645	6.64
938.1457262743556	938.1457262743556	6.68
929.8603353307923	929.8603353307923	6.72
930.6503494412453	930.6503494412453	6.76
924.049209678768	924.049209678768	6.8
920.54604367333	920.54604367333	6.84
918.3429325300356	918.3429325300356	6.88
913.4802068175081	913.4802068175081	6.92
912.6388780326843	912.6388780326843	6.96
915.187996871216	915.187996871216	7.0
914.6013748082302	914.6013748082302	7.04
917.2527791675482	917.2527791675482	7.08
917.9837724042462	917.9837724042462	7.12
919.323582313223	919.323582313223	7.16
918.7795983725414	918.7795983725414	7.2
912.5266588778335	912.5266588778335	7.24
913.7347379320553	913.7347379320553	7.28
915.6399401113965	915.6399401113965	7.32
916.0765639488961	916.0765639488961	7.36
915.6107439666762	915.6107439666762	7.4
915.5700265847162	915.5700265847162	7.44
922.4338197413515	922.4338197413515	7.48
921.7946622667876	921.7946622667876	7.52
917.4064875049319	917.4064875049319	7.56
916.8931723031037	916.8931723031037	7.6
913.1980925009232	913.1980925009232	7.64
918.5403265071387	918.5403265071387	7.68
911.0080506287817	911.0080506287817	7.72
915.506703252638	915.506703252638	7.76
915.1177892459531	915.1177892459531	7.8
916.327346860518	916.327346860518	7.84
915.8173266143301	915.8173266143301	7.88
913.4503879097676	913.4503879097676	7.92
914.709952768878	914.709952768878	7.96
916.8216844422794	916.8216844422794	8.0
912.4682235291614	912.4682235291614	8.04
916.7771860117336	916.7771860117336	8.08
914.0499228089841	914.0499228089841	8.12
911.8110790180673	911.8110790180673	8.16
912.8348131919128	912.8348131919128	8.2
915.9706234454297	915.9706234454297	8.24
914.3530041239243	914.3530041239243	8.28
914.6834472175616	914.6834472175616	8.32
923.850779070547	923.850779070547	8.36
923.8379912472013	923.8379912472013	8.4
924.7705184539752	924.7705184539752	8.44
923.6054411418477	923.6054411418477	8.48
929.4675688820481	929.4675688820481	8.52
930.0178336064122	930.0178336064122	8.56
929.4547853612933	929.4547853612933	8.6
918.7579676554412	918.7579676554412	8.64
900.3299105948641	900.3299105948641	8.68
912.7226614897218	912.7226614897218	8.72
926.3024831083529	926.3024831083529	8.76
931.2803346172966	931.2803346172966	8.8
907.9518942929745	907.9518942929745	8.84
910.4799943168887	910.4799943168887	8.88
905.6722151796937	905.6722151796937	8.92
894.0497414225449	894.0497414225449	8.96
886.2616869587258	886.2616869587258	9.0
880.4002420191912	880.4002420191912	9.04
873.5915775602274	873.5915775602274	9.08
868.4928880811841	868.4928880811841	9.12
867.2880224773363	867.2880224773363	9.16
862.4774814249224	862.4774814249224	9.2
872.3057011715842	872.3057011715842	9.24
872.5590343776088	872.5590343776088	9.28
872.4394794100074	872.4394794100074	9.32
870.4210693839788	870.4210693839788	9.36
879.3807186410274	879.3807186410274	9.4
893.0949162976923	893.0949162976923	9.44
891.0464038133312	891.0464038133312	9.48
901.1914179917159	901.1914179917159	9.52
923.8908621859249	923.8908621859249	9.56
929.7280815697702	929.7280815697702	9.6
939.1324722181367	939.1324722181367	9.64
945.801975494659	945.801975494659	9.68
958.3047761251523	958.3047761251523	9.72
973.9448701541459	973.9448701541459	9.76
979.0445185534179	979.0445185534179	9.8
994.7015700568201	994.7015700568201	9.84
1005.4787530168173	1005.4787530168173	9.88
1017.3715517488056	1017.3715517488056	9.92
1028.6319721824318	1028.6319721824318	9.96
1043.4791157881468	1043.4791157881468	10.0
1062.3592660825595	1062.3592660825595	10.04
1068.2978244255264	1068.2978244255264	10.08
1073.38766411219	1073.38766411219	10.12
1066.5415825451505	1066.5415825451505	10.16
1058.4888478558953	1058.4888478558953	10.2
1043.9841536909653	1043.9841536909653	10.24
1041.656716456756	1041.656716456756	10.28
1034.0195243375065	1034.0195243375065	10.32
1027.393597538873	1027.393597538873	10.36
1021.6592789793758	1021.6592789793758	10.4
1012.59335028305	1012.59335028305	10.44
1009.6220867062893	1009.6220867062893	10.48
1007.6812565929828	1007.6812565929828	10.52
1004.1714055746158	1004.1714055746158	10.56
998.012930760885	998.012930760885	10.6
998.4172485449977	998.4172485449977	10.64
997.7599626130685	997.7599626130685	10.68
1001.2558159649931	1001.2558159649931	10.72
997.6300842522515	997.6300842522515	10.76
996.7492107358019	996.7492107358019	10.8
998.4957056797714	998.4957056797714	10.84
997.0070931744644	997.0070931744644	10.88
995.7437484815548	995.7437484815548	10.92
998.9664477172795	998.9664477172795	10.96
996.8599974037218	996.8599974037218	11.0
998.8477307871256	998.8477307871256	11.04
1001.5451721572534	1001.5451721572534	11.08
998.720337420244	998.720337420244	11.12
998.7930375646404	998.7930375646404	11.16
997.8615843704732	997.8615843704732	11.2
999.2044654647103	999.2044654647103	11.24
996.7176629241054	996.7176629241054	11.28
998.129035728806	998.129035728806	11.32
994.5053388343742	994.5053388343742	11.36
992.671461499741	992.671461499741	11.4
993.038595046443	993.038595046443	11.44
993.2853471625015	993.2853471625015	11.48
989.7487583461239	989.7487583461239	11.52
994.1432211562603	994.1432211562603	11.56
992.3106251921776	992.3106251921776	11.6
991.3487405805674	991.3487405805674	11.64
991.3859503999761	991.3859503999761	11.68
990.7382348052256	990.7382348052256	11.72
991.3604512026875	991.3604512026875	11.76
991.8234270341075	991.8234270341075	11.8
991.368930884937	991.368930884937	11.84
988.1348562181048	988.1348562181048	11.88
987.9667040500268	987.9667040500268	11.92
984.5270681746779	984.5270681746779	11.96
984.5846953394528	984.5846953394528	12.0
989.3235082409692	989.3235082409692	12.04
987.4844551143456	987.4844551143456	12.08
984.5619777495066	984.5619777495066	12.12
986.5826428236759	986.5826428236759	12.16
986.1801465149088	986.1801465149088	12.2
983.2670351252112	983.2670351252112	12.24
986.3819605073935	986.3819605073935	12.28
981.5787839668922	981.5787839668922	12.32
981.1101147788	981.1101147788	12.36
975.0696426479136	975.0696426479136	12.4
967.2018285481679	967.2018285481679	12.44
962.5275005058139	962.5275005058139	12.48
969.8119290784703	969.8119290784703	12.52
958.8596530675302	958.8596530675302	12.56
948.8139161173355	948.8139161173355	12.6
941.1748521106855	941.1748521106855	12.64
941.6220549185036	941.6220549185036	12.68
954.5709595671881	954.5709595671881	12.72
956.2966155120744	956.2966155120744	12.76
955.8386234378783	955.8386234378783	12.8
955.0515572067917	955.0515572067917	12.84
954.9337534665312	954.9337534665312	12.88
966.4509812620422	966.4509812620422	12.92
977.572500402218	977.572500402218	12.96
987.6578490766609	987.6578490766609	13.0
998.3526005326199	998.3526005326199	13.04
1007.5301637099117	1007.5301637099117	13.08
1013.4427369476498	1013.4427369476498	13.12
1018.6008906604161	1018.6008906604161	13.16
1028.3389058030587	1028.3389058030587	13.2
1043.9117201408344	1043.9117201408344	13.24
1060.2954166596717	1060.2954166596717	13.28
1066.3229605521333	1066.3229605521333	13.32
1064.4967918319726	1064.4967918319726	13.36
1069.8357805666658	1069.8357805666658	13.4
1075.63775197877	1075.63775197877	13.44
1076.051602032652	1076.051602032652	13.48
1081.2780523857912	1081.2780523857912	13.52
1083.35009609527	1083.35009609527	13.56
1082.8647275316475	1082.8647275316475	13.6
1081.7786103809356	1081.7786103809356	13.64
1090.978136464571	1090.978136464571	13.68
1081.7557814304469	1081.7557814304469	13.72
1089.855119752774	1089.855119752774	13.76
1083.7394757394975	1083.7394757394975	13.8
1090.2500609274543	1090.2500609274543	13.84
1084.8424011185255	1084.8424011185255	13.88
1087.9976972974223	1087.9976972974223	13.92
1083.2624121884176	1083.2624121884176	13.96
1086.0072483009706	1086.0072483009706	14.0
1090.5875642839098	1090.5875642839098	14.04
1089.1055576102847	1089.1055576102847	14.08
1085.779601751899	1085.779601751899	14.12
1098.1529748910386	1098.1529748910386	14.16
1118.5882563824002	1118.5882563824002	14.2
1131.628050664356	1131.628050664356	14.24
1156.4811242282906	1156.4811242282906	14.28
1175.5601705501529	1175.5601705501529	14.32
1191.4582205587587	1191.4582205587587	14.36
1201.052834191817	1201.052834191817	14.4
1212.524418986321	1212.524418986321	14.44
1223.6457171670456	1223.6457171670456	14.48
1240.0404904124557	1240.0404904124557	14.52
1259.3530690820585	1259.3530690820585	14.56
1271.4427568256574	1271.4427568256574	14.6
1283.1720576647301	1283.1720576647301	14.64
1287.653749351012	1287.653749351012	14.68
1287.691830956504	1287.691830956504	14.72
1286.7347872582127	1286.7347872582127	14.76
1287.9653542788103	1287.9653542788103	14.8
1287.7096194291134	1287.7096194291134	14.84
1282.9120020111484	1282.9120020111484	14.88
1281.123331876395	1281.123331876395	14.92
1282.185475075055	1282.185475075055	14.96
1276.3238914138158	1276.3238914138158	15.0
1280.614145106313	1280.614145106313	15.04
1283.8948392660043	1283.8948392660043	15.08
1285.7500005858226	1285.7500005858226	15.12
1289.9068961804803	1289.9068961804803	15.16
1292.1519074465168	1292.1519074465168	15.2
1296.933210545924	1296.933210545924	15.24
1295.2182316556375	1295.2182316556375	15.28
1292.8764715587201	1292.8764715587201	15.32
1292.5212620349264	1292.5212620349264	15.36
0.0	0.0	15.4
1298.0273877209045	1298.0273877209045	15.44
1298.1759989277919	1298.1759989277919	15.48
1298.7855402666446	1298.7855402666446	15.52
1296.76719851421	1296.76719851421	15.56
1297.256343196401	1297.256343196401	15.6
1298.263365265104	1298.263365265104	15.64
1296.0066475889057	1296.0066475889057	15.68
0.0	0.0	15.72
0.0	0.0	15.76
0.0	0.0	15.8
1302.1935264994083	1302.1935264994083	15.84
1304.4818975939247	1304.4818975939247	15.88
1305.3253264825637	1305.3253264825637	15.92
0.0	0.0	15.96
1302.0648595112564	1302.0648595112564	16.0
1304.5469686180143	1304.5469686180143	16.04
1306.4104026909897	1306.4104026909897	16.08
1306.7715804631468	1306.7715804631468	16.12
1303.1301726968195	1303.1301726968195	16.16
0.0	0.0	16.2
0.0	0.0	16.24
0.0	0.0	16.28
0.0	0.0	16.32
0.0	0.0	16.36
0.0	0.0	16.4
1311.2515088260423	1311.2515088260423	16.44
1318.1384095033166	1318.1384095033166	16.48
1311.8214999107606	1311.8214999107606	16.52
1310.0446181158807	1310.0446181158807	16.56
1308.9972502152013	1308.9972502152013	16.6
0.0	0.0	16.64
1317.0465160326153	1317.0465160326153	16.68
1315.5228304395316	1315.5228304395316	16.72
1317.1416288918276	1317.1416288918276	16.76
1311.9376549475555	1311.9376549475555	16.8
1314.7889795717226	1314.7889795717226	16.84
0.0	0.0	16.88
1314.272625617564	1314.272625617564	16.92
1319.428592315881	1319.428592315881	16.96
1320.1749757953537	1320.1749757953537	17.0
1317.3092694753086	1317.3092694753086	17.04
1318.1571454972304	1318.1571454972304	17.08
0.0	0.0	17.12
1322.0901247040983	1322.0901247040983	17.16
1326.896198561359	1326.896198561359	17.2
1323.1811875101134	1323.1811875101134	17.24
1321.5138550405547	1321.5138550405547	17.28
1321.0001479907105	1321.0001479907105	17.32
1320.930998485522	1320.930998485522	17.36
1320.9841588547347	1320.9841588547347	17.4
1322.7716216071826	1322.7716216071826	17.44
1318.100723335973	1318.100723335973	17.48
1320.7239481747813	1320.7239481747813	17.52
0.0	0.0	17.56
1321.1391655294658	1321.1391655294658	17.6
1319.9914973707535	1319.9914973707535	17.64
1323.763135268702	1323.763135268702	17.68
1319.4041703413618	1319.4041703413618	17.72
1321.1099884678474	1321.1099884678474	17.76
1319.0361956023937	1319.0361956023937	17.8
0.0	0.0	17.84
1320.8915062351666	1320.8915062351666	17.88
1324.5279645496316	1324.5279645496316	17.92
1322.6352596048928	1322.6352596048928	17.96
1320.2173621865395	1320.2173621865395	18.0
1322.849511003219	1322.849511003219	18.04
1320.9602781680946	1320.9602781680946	18.08
1319.7998710344184	1319.7998710344184	18.12
0.0	0.0	18.16
1321.931323808365	1321.931323808365	18.2
1322.257012810354	1322.257012810354	18.24
1320.4241341100942	1320.4241341100942	18.28
1319.8212670570533	1319.8212670570533	18.32
1320.9458383873289	1320.9458383873289	18.36
0.0	0.0	18.4
1321.930695191131	1321.930695191131	18.44
1326.5132008264338	1326.5132008264338	18.48
1324.3082216567088	1324.3082216567088	18.52
1318.6542426460542	1318.6542426460542	18.56
0.0	0.0	18.6
1325.2703691207123	1325.2703691207123	18.64
1324.7002661999268	1324.7002661999268	18.68
1322.717903741663	1322.717903741663	18.72
1320.4775370178115	1320.4775370178115	18.76
1321.016349366249	1321.016349366249	18.8
1322.7409851744344	1322.7409851744344	18.84
0.0	0.0	18.88
1327.7282020418425	1327.7282020418425	18.92
1328.5271845311127	1328.5271845311127	18.96
1322.9930141390134	1322.9930141390134	19.0
0.0	0.0	19.04
1327.9802874552076	1327.9802874552076	19.08
1325.818683591323	1325.818683591323	19.12
1325.3732499452365	1325.3732499452365	19.16
1324.9671551655308	1324.9671551655308	19.2
1324.193865005243	1324.193865005243	19.24
1325.8677021898511	1325.8677021898511	19.28
0.0	0.0	19.32
1324.8008234622957	1324.8008234622957	19.36
1328.101622640439	1328.101622640439	19.4
1323.21338505447	1323.21338505447	19.44
0.0	0.0	19.48
1322.467417148718	1322.467417148718	19.52
1333.927915349229	1333.927915349229	19.56
1329.4983351954183	1329.4983351954183	19.6
0.0	0.0	19.64
1325.3061563398026	1325.3061563398026	19.68
1329.976800883594	1329.976800883594	19.72
1327.383754042188	1327.383754042188	19.76
1328.7275710847123	1328.7275710847123	19.8
1323.151036949946	1323.151036949946	19.84
1330.7577317020339	1330.7577317020339	19.88
0.0	0.0	19.92
1326.8679115979526	1326.8679115979526	19.96
1334.1909512020295	1334.1909512020295	20.0
1329.2343485205581	1329.2343485205581	20.04
1326.6250695211977	1326.6250695211977	20.08
0.0	0.0	20.12
1322.0622622880176	1322.0622622880176	20.16
1328.103902514306	1328.103902514306	20.2
1330.3036256535067	1330.3036256535067	20.24
1327.455351377599	1327.455351377599	20.28
1329.8086330141823	1329.8086330141823	20.32
1327.4670408082159	1327.4670408082159	20.36
1330.4318920438131	1330.4318920438131	20.4
1329.0260586116779	1329.0260586116779	20.44
1325.578275013548	1325.578275013548	20.48
0.0	0.0	20.52
1325.8001510398506	1325.8001510398506	20.56
1328.5834688193313	1328.5834688193313	20.6
1332.6023312312243	1332.6023312312243	20.64
1331.2224163948574	1331.2224163948574	20.68
1329.114148776527	1329.114148776527	20.72
0.0	0.0	20.76
1324.487288478115	1324.487288478115	20.8
1327.3114665416026	1327.3114665416026	20.84
1329.635355223968	1329.635355223968	20.88
0.0	0.0	20.92
1324.8283599843019	1324.8283599843019	20.96
1328.0334268359782	1328.0334268359782	21.0
1329.2469615643754	1329.2469615643754	21.04
1327.039711306871	1327.039711306871	21.08
1327.7124733178	1327.7124733178	21.12
1325.7072808522496	1325.7072808522496	21.16
1326.1390194552237	1326.1390194552237	21.2
1328.380482821986	1328.380482821986	21.24
0.0	0.0	21.28
1326.4818809503834	1326.4818809503834	21.32
1336.9964178568866	1336.9964178568866	21.36
1327.4484467234602	1327.4484467234602	21.4
1329.7749639137721	1329.7749639137721	21.44
0.0	0.0	21.48
1326.4256796701945	1326.4256796701945	21.52
1327.0311504180252	1327.0311504180252	21.56
1328.4799885201523	1328.4799885201523	21.6
1329.1071866345342	1329.1071866345342	21.64
1331.2793275257093	1331.2793275257093	21.68
1327.9734568931904	1327.9734568931904	21.72
1330.303169314626	1330.303169314626	21.76
1332.572350665687	1332.572350665687	21.8
1331.1715520503392	1331.1715520503392	21.84
1329.4734565855638	1329.4734565855638	21.88
0.0	0.0	21.92
1329.3392518924675	1329.3392518924675	21.96
1331.955326313987	1331.955326313987	22.0
1338.2811609607706	1338.2811609607706	22.04
1332.7507566631393	1332.7507566631393	22.08
1332.6614339014668	1332.6614339014668	22.12
1333.819872242407	1333.819872242407	22.16
1330.3701790424905	1330.3701790424905	22.2
1329.2996027867196	1329.2996027867196	22.24
0.0	0.0	22.28
1330.6012902145683	1330.6012902145683	22.32
1338.4318890280865	1338.4318890280865	22.36
1336.4213976381402	1336.4213976381402	22.4
1335.6610488647989	1335.6610488647989	22.44
1335.0891067731213	1335.0891067731213	22.48
1335.3432769428778	1335.3432769428778	22.52
1333.795276721165	1333.795276721165	22.56
1334.6968588363843	1334.6968588363843	22.6
1335.5217914209325	1335.5217914209325	22.64
1335.3622374189674	1335.3622374189674	22.68
1332.271746440333	1332.271746440333	22.72
1333.5523679385024	1333.5523679385024	22.76
0.0	0.0	22.8
1333.024942183605	1333.024942183605	22.84
1339.546520441933	1339.546520441933	22.88
1340.2632619872575	1340.2632619872575	22.92
1335.5766688778976	1335.5766688778976	22.96
1335.1703058595322	1335.1703058595322	23.0
1335.2512969907218	1335.2512969907218	23.04
1336.049265153435	1336.049265153435	23.08
1336.6711297606873	1336.6711297606873	23.12
1337.152759686959	1337.152759686959	23.16
1335.1266444882035	1335.1266444882035	23.2
1335.9732059395922	1335.9732059395922	23.24
1336.9136377689824	1336.9136377689824	23.28
1334.5710199036248	1334.5710199036248	23.32
1336.0283254522885	1336.0283254522885	23.36
1334.3388998765213	1334.3388998765213	23.4
1329.6841720998593	1329.6841720998593	23.44
1332.519060851657	1332.519060851657	23.48
1337.1450773475246	1337.1450773475246	23.52
0.0	0.0	23.56
1334.3707366932429	1334.3707366932429	23.6
1337.0609185736205	1337.0609185736205	23.64
1336.8372091732324	1336.8372091732324	23.68
1331.7766205473188	1331.7766205473188	23.72
1332.7632399723682	1332.7632399723682	23.76
0.0	0.0	23.8
1333.9601518784323	1333.9601518784323	23.84
1336.5593229912256	1336.5593229912256	23.88
1334.1367897571035	1334.1367897571035	23.92
1336.3289832566604	1336.3289832566604	23.96
1334.6326870113896	1334.6326870113896	24.0
1335.7529910922133	1335.7529910922133	24.04
1334.089281809446	1334.089281809446	24.08
1335.5626397810283	1335.5626397810283	24.12
1334.05368502709	1334.05368502709	24.16
1335.0217353802232	1335.0217353802232	24.2
1333.3472038583168	1333.3472038583168	24.24
1330.6813505901853	1330.6813505901853	24.28
1330.7271905200794	1330.7271905200794	24.32
0.0	0.0	24.36
1323.7837288735832	1323.7837288735832	24.4
1322.6342807460119	1322.6342807460119	24.44
1319.171032764744	1319.171032764744	24.48
1317.2149570294407	1317.2149570294407	24.52
1314.3661660459616	1314.3661660459616	24.56
1314.0086580000468	1314.0086580000468	24.6
1309.0876374757593	1309.0876374757593	24.64
1306.6633992892473	1306.6633992892473	24.68
1295.025716188402	1295.025716188402	24.72
1280.2933199739227	1280.2933199739227	24.76
1261.0482850278213	1261.0482850278213	24.8
1239.687536805509	1239.687536805509	24.84
1221.4906956293216	1221.4906956293216	24.88
1205.1118612957137	1205.1118612957137	24.92
1183.7975459480444	1183.7975459480444	24.96
1161.3926234865878	1161.3926234865878	25.0
1310.6517055603904	1310.6517055603904	25.04
1297.0304388608552	1297.0304388608552	25.08
1287.866997098857	1287.866997098857	25.12
1271.7034441008364	1271.7034441008364	25.16
1257.4268763074194	1257.4268763074194	25.2
1240.6571508771426	1240.6571508771426	25.24
1041.0120554209548	1041.0120554209548	25.28
1033.7968969762412	1033.7968969762412	25.32
1031.1980496329677	1031.1980496329677	25.36
1032.4320156707545	1032.4320156707545	25.4
1031.5693478322416	1031.5693478322416	25.44
1030.464960190941	1030.464960190941	25.48
1036.05672260292	1036.05672260292	25.52
1032.7031440844569	1032.7031440844569	25.56
1029.951922057487	1029.951922057487	25.6
1027.3476271296338	1027.3476271296338	25.64
1026.1222332324478	1026.1222332324478	25.68
1029.9421634184964	1029.9421634184964	25.72
1026.205258191901	1026.205258191901	25.76
1029.498457647218	1029.498457647218	25.8
1028.485766674459	1028.485766674459	25.84
1028.7452715752813	1028.7452715752813	25.88
1029.26796604689	1029.26796604689	25.92
1034.4523216224193	1034.4523216224193	25.96
1031.11636288941	1031.11636288941	26.0
1034.434708952826	1034.434708952826	26.04
1032.9802079572466	1032.9802079572466	26.08
1036.3862913287899	1036.3862913287899	26.12
1036.0762400790784	1036.0762400790784	26.16
1033.3900527017738	1033.3900527017738	26.2
1034.9272186059418	1034.9272186059418	26.24
1038.1509302336772	1038.1509302336772	26.28
1038.9736420063216	1038.9736420063216	26.32
1043.370132211646	1043.370132211646	26.36
1041.0524932270284	1041.0524932270284	26.4
1043.2495412120807	1043.2495412120807	26.44
1045.0339623103425	1045.0339623103425	26.48
1043.7710052304242	1043.7710052304242	26.52
1042.4549585391037	1042.4549585391037	26.56
1046.8033668951207	1046.8033668951207	26.6
1049.093623292299	1049.093623292299	26.64
1051.384391012983	1051.384391012983	26.68
1056.1719652327338	1056.1719652327338	26.72
1056.0161169945602	1056.0161169945602	26.76
1050.4926251763818	1050.4926251763818	26.8
1054.7376752029722	1054.7376752029722	26.84
1055.050302532758	1055.050302532758	26.88
1055.776071229478	1055.776071229478	26.92
1058.7578482422882	1058.7578482422882	26.96
1056.5939842627088	1056.5939842627088	27.0
1059.8262966322052	1059.8262966322052	27.04
1059.5260635400523	1059.5260635400523	27.08
1059.729043756214	1059.729043756214	27.12
1062.397387313746	1062.397387313746	27.16
1063.3876358620632	1063.3876358620632	27.2
1058.1467642057007	1058.1467642057007	27.24
1060.4419103694445	1060.4419103694445	27.28
1059.7497233729846	1059.7497233729846	27.32
1060.5047727891451	1060.5047727891451	27.36
1062.3251078974456	1062.3251078974456	27.4
1064.876377885114	1064.876377885114	27.44
1066.4708543626018	1066.4708543626018	27.48
1066.15565058769	1066.15565058769	27.52
1064.7405442130678	1064.7405442130678	27.56
1067.4008158581555	1067.4008158581555	27.6
1067.7714170151	1067.7714170151	27.64
1068.3394701206898	1068.3394701206898	27.68
1067.0196467393814	1067.0196467393814	27.72
1068.382278466097	1068.382278466097	27.76
1065.7082224557532	1065.7082224557532	27.8
1068.0284120392926	1068.0284120392926	27.84
1065.720742470069	1065.720742470069	27.88
1069.843906611265	1069.843906611265	27.92
1062.7139974909878	1062.7139974909878	27.96
1062.5352704903273	1062.5352704903273	28.0
1061.127784739603	1061.127784739603	28.04
1059.782766992715	1059.782766992715	28.08
1063.4921151145988	1063.4921151145988	28.12
1069.6890227472575	1069.6890227472575	28.16
1065.6375149047221	1065.6375149047221	28.2
1065.8343389129752	1065.8343389129752	28.24
1065.4154747856126	1065.4154747856126	28.28
1063.116268227026	1063.116268227026	28.32
1061.5601949412248	1061.5601949412248	28.36
1061.8120688803874	1061.8120688803874	28.4
1060.6519313588342	1060.6519313588342	28.44
1058.230617593876	1058.230617593876	28.48
1064.730741070673	1064.730741070673	28.52
1058.3188270882263	1058.3188270882263	28.56
1063.2249473172035	1063.2249473172035	28.6
1062.9104708484508	1062.9104708484508	28.64
1058.4163220279822	1058.4163220279822	28.68
1059.6482830259963	1059.6482830259963	28.72
1057.1863136861023	1057.1863136861023	28.76
1059.1748370480734	1059.1748370480734	28.8
1058.7786908762769	1058.7786908762769	28.84
1059.6740307705516	1059.6740307705516	28.88
1063.8777429703257	1063.8777429703257	28.92
1064.6838561838238	1064.6838561838238	28.96
1063.619606568923	1063.619606568923	29.0
1062.657995004615	1062.657995004615	29.04
1064.6625964985733	1064.6625964985733	29.08
1065.0366220150981	1065.0366220150981	29.12
1064.4204124729295	1064.4204124729295	29.16
1064.083910719655	1064.083910719655	29.2
1068.0416074906498	1068.0416074906498	29.24
1063.908049459436	1063.908049459436	29.28
1064.6523880100058	1064.6523880100058	29.32
1064.0103850525325	1064.0103850525325	29.36
1064.5125958275894	1064.5125958275894	29.4
1065.5987178678201	1065.5987178678201	29.44
1063.9448357555218	1063.9448357555218	29.48
1063.331722776748	1063.331722776748	29.52
1057.8872489946773	1057.8872489946773	29.56
1061.6341969448536	1061.6341969448536	29.6
1227.906250187238	1227.906250187238	29.64
1212.9715208549237	1212.9715208549237	29.68
1204.6718156205545	1204.6718156205545	29.72
1213.0049348202947	1213.0049348202947	29.76
1195.8043411107126	1195.8043411107126	29.8
1201.9760563522073	1201.9760563522073	29.84
1078.6416690814651	1078.6416690814651	29.88
1082.1614640671448	1082.1614640671448	29.92
1100.5616968979532	1100.5616968979532	29.96
1110.3688187326438	1110.3688187326438	30.0
1125.2080981133868	1125.2080981133868	30.04
1197.9466405204648	1197.9466405204648	30.08
1200.1101211521031	1200.1101211521031	30.12
1238.7185465239738	1238.7185465239738	30.16
1184.2495611521397	1184.2495611521397	30.2
1208.6361629417552	1208.6361629417552	30.24
1237.2035630783557	1237.2035630783557	30.28
1270.2396710412086	1270.2396710412086	30.32
1304.2474230486291	1304.2474230486291	30.36
1342.3347146598314	1342.3347146598314	30.4
1377.3683704617429	1377.3683704617429	30.44
1405.0409704666415	1405.0409704666415	30.48
1416.5870712462458	1416.5870712462458	30.52
1430.0445189965096	1430.0445189965096	30.56
1431.881804664834	1431.881804664834	30.6
1427.464458300082	1427.464458300082	30.64
1422.1213992438095	1422.1213992438095	30.68
1428.1086232484336	1428.1086232484336	30.72
1434.4821716576262	1434.4821716576262	30.76
0.0	0.0	30.8
0.0	0.0	30.84
0.0	0.0	30.88
0.0	0.0	30.92
1368.8371692398123	1475.9749276536627	30.96
1362.491703456126	1362.491703456126	31.0
1616.1193521998566	1616.1193521998566	31.04
1599.6786531052103	1599.6786531052103	31.08
1569.944376284943	1569.944376284943	31.12
1320.507966493962	1320.507966493962	31.16
1334.404059289661	1334.404059289661	31.2
1456.4233712733942	1456.4233712733942	31.24
1438.0971825079955	1438.0971825079955	31.28
1456.8676514680249	1456.8676514680249	31.32
1486.1119168341502	1486.1119168341502	31.36
1454.1409966867354	1454.1409966867354	31.4
1426.4032617475998	1426.4032617475998	31.44
1362.4354832010265	1362.4354832010265	31.48
1351.1773946952808	1351.1773946952808	31.52
1293.071047217502	1293.071047217502	31.56
1264.1649480869535	1264.1649480869535	31.6
1247.9429255016973	1247.9429255016973	31.64
1238.900554078394	1238.900554078394	31.68
1241.5851493811142	1241.5851493811142	31.72
1248.5622663002976	1248.5622663002976	31.76
1253.1855863547344	1253.1855863547344	31.8
1260.3229925344879	1260.3229925344879	31.84
1265.5244520374497	1265.5244520374497	31.88
1264.6264670089195	1264.6264670089195	31.92
1263.9860854837289	1263.9860854837289	31.96
1261.7195590934803	1261.7195590934803	32.0
1333.4803439507218	1333.4803439507218	32.04
1323.6162277371657	1323.6162277371657	32.08
1259.493538300836	1259.493538300836	32.12
1258.4984181954717	1258.4984181954717	32.16
1257.9752052511235	1257.9752052511235	32.2
1257.4003460424963	1257.4003460424963	32.24
1304.704841620367	1304.704841620367	32.28
1257.1247404175683	1257.1247404175683	32.32
1260.0000487092584	1260.0000487092584	32.36
1258.5245895348603	1258.5245895348603	32.4
1299.3017004749104	1299.3017004749104	32.44
1258.717299648302	1258.717299648302	32.48
1299.1968236589835	1299.1968236589835	32.52
1303.6348889867484	1303.6348889867484	32.56
1258.605760530002	1258.605760530002	32.6
1296.3617630637862	1296.3617630637862	32.64
1256.8229950488617	1256.8229950488617	32.68
1294.715486275974	1294.715486275974	32.72
1256.9209250567928	1256.9209250567928	32.76
1298.7937081706555	1298.7937081706555	32.8
1297.1564852440079	1297.1564852440079	32.84
1296.1598525724287	1296.1598525724287	32.88
1257.4472772367708	1257.4472772367708	32.92
1259.0238166257827	1259.0238166257827	32.96
1301.4085548841117	1301.4085548841117	33.0
1296.693617206318	1296.693617206318	33.04
1289.3462464842416	1289.3462464842416	33.08
1273.7785811918613	1273.7785811918613	33.12
1256.4511822020186	1256.4511822020186	33.16
1225.9482389505142	1225.9482389505142	33.2
1257.432797811844	1257.432797811844	33.24
1257.8326038184812	1257.8326038184812	33.28
1257.8542920549878	1257.8542920549878	33.32
1259.1890567741314	1259.1890567741314	33.36
1261.7689889246826	1261.7689889246826	33.4
1264.1338901632034	1264.1338901632034	33.44
1200.0766947285138	1200.0766947285138	33.48
1204.2168708320366	1204.2168708320366	33.52
1174.6860641717458	1174.6860641717458	33.56
1270.066325390475	1270.066325390475	33.6
1193.975177225329	1193.975177225329	33.64
1277.0690577601931	1277.0690577601931	33.68
1182.9157583730623	1182.9157583730623	33.72
1282.3808738886426	1282.3808738886426	33.76
1284.8101330121642	1284.8101330121642	33.8
1178.3328296486252	1178.3328296486252	33.84
1289.2548099890873	1289.2548099890873	33.88
1179.6023699272575	1179.6023699272575	33.92
1292.2647504721247	1292.2647504721247	33.96
1167.3392036865446	1167.3392036865446	34.0
1295.2389129690173	1295.2389129690173	34.04
1164.9792028080233	1164.9792028080233	34.08
1174.1813615781357	1174.1813615781357	34.12
1181.0199526539723	1181.0199526539723	34.16
1317.8798465979153	1317.8798465979153	34.2
1175.3146413925742	1175.3146413925742	34.24
1156.3653782215679	1156.3653782215679	34.28
1329.409683255071	1329.409683255071	34.32
1166.124503814124	1166.124503814124	34.36
1159.8521575791247	1159.8521575791247	34.4
1331.1812618377005	1331.1812618377005	34.44
1174.5991441783376	1174.5991441783376	34.48
1167.1259070246415	1167.1259070246415	34.52
1169.1573442867896	1169.1573442867896	34.56
1166.8098696529655	1166.8098696529655	34.6
1168.8390608917666	1168.8390608917666	34.64
1334.2985433280621	1334.2985433280621	34.68
1166.8910874732258	1166.8910874732258	34.72
1165.5747150496436	1165.5747150496436	34.76
1335.7497771899273	1335.7497771899273	34.8
1167.7041154981705	1167.7041154981705	34.84
1333.7376711730221	1333.7376711730221	34.88
1169.3695047628692	1169.3695047628692	34.92
1165.8353662087634	1165.8353662087634	34.96
1166.4901285619112	1166.4901285619112	35.0
1333.892021803582	1333.892021803582	35.04
1168.9642615512792	1168.9642615512792	35.08
1167.002961973147	1167.002961973147	35.12
1154.7801965677513	1154.7801965677513	35.16
1333.1064451075495	1333.1064451075495	35.2
1165.979044425177	1165.979044425177	35.24
1164.5620190357272	1164.5620190357272	35.28
1332.2874907482478	1332.2874907482478	35.32
1333.582204665954	1333.582204665954	35.36
1164.584996603902	1164.584996603902	35.4
1167.2944952393643	1167.2944952393643	35.44
1147.122472705231	1147.122472705231	35.48
1333.2199333783196	1333.2199333783196	35.52
1167.3116607884497	1167.3116607884497	35.56
1166.7996812417168	1166.7996812417168	35.6
1167.9510903418782	1167.9510903418782	35.64
1153.9246821252416	1153.9246821252416	35.68
1331.5022135941076	1331.5022135941076	35.72
1165.0814050116528	1165.0814050116528	35.76
1164.2727884867177	1164.2727884867177	35.8
1166.571601090739	1166.571601090739	35.84
1332.3829816560567	1332.3829816560567	35.88
1167.380104776973	1167.380104776973	35.92
1166.176787908075	1166.176787908075	35.96
1140.7552472008233	1140.7552472008233	36.0
1330.9840966052152	1330.9840966052152	36.04
1163.9639819655397	1163.9639819655397	36.08
1165.9241621407205	1165.9241621407205	36.12
1165.0761026494047	1165.0761026494047	36.16
1166.4959445807215	1166.4959445807215	36.2
1333.6759056232934	1333.6759056232934	36.24
1170.006813369714	1170.006813369714	36.28
1332.6333297989318	1332.6333297989318	36.32
1168.5466191711232	1168.5466191711232	36.36
1330.9254789862448	1330.9254789862448	36.4
1157.9234349508129	1157.9234349508129	36.44
1158.2554064854553	1158.2554064854553	36.48
1159.9391103314938	1159.9391103314938	36.52
1329.9632163225565	1329.9632163225565	36.56
1157.55723978456	1157.55723978456	36.6
1160.5792758187515	1160.5792758187515	36.64
1157.4961478895848	1157.4961478895848	36.68
1157.4111797513608	1157.4111797513608	36.72
1158.1374789450897	1158.1374789450897	36.76
1156.6055523187588	1156.6055523187588	36.8
1159.246924999916	1159.246924999916	36.84
1158.7775757054308	1158.7775757054308	36.88
1330.460958469133	1330.460958469133	36.92
1330.783985229114	1330.783985229114	36.96
1155.99018221807	1155.99018221807	37.0
1160.1888923470585	1160.1888923470585	37.04
1330.940603834443	1330.940603834443	37.08
1155.692287429118	1155.692287429118	37.12
1155.737704633923	1155.737704633923	37.16
1159.7556788685465	1159.7556788685465	37.2
1152.42220555463	1152.42220555463	37.24
1163.4435514112115	1163.4435514112115	37.28
1157.6200765919837	1157.6200765919837	37.32
1158.9551192955491	1158.9551192955491	37.36
1156.6763252736018	1156.6763252736018	37.4
1330.1682578403158	1330.1682578403158	37.44
1153.467277189953	1153.467277189953	37.48
1153.6576615325196	1153.6576615325196	37.52
1153.1174676802077	1153.1174676802077	37.56
1330.002507550076	1330.002507550076	37.6
1154.990306384047	1154.990306384047	37.64
1152.7459886451757	1152.7459886451757	37.68
1155.2575083670301	1155.2575083670301	37.72
1330.0302322913028	1330.0302322913028	37.76
1330.1098575423798	1330.1098575423798	37.8
1154.191566484809	1154.191566484809	37.84
1155.8509449399398	1155.8509449399398	37.88
1158.0792815917814	1158.0792815917814	37.92
1154.0894661125635	1154.0894661125635	37.96
1330.2259556910626	1330.2259556910626	38.0
1329.3699842399187	1329.3699842399187	38.04
1156.0411736605556	1156.0411736605556	38.08
1155.9982600280139	1155.9982600280139	38.12
1156.4862829697176	1156.4862829697176	38.16
1159.4931935389284	1159.4931935389284	38.2
1159.9138717183487	1159.9138717183487	38.24
1156.1145094103108	1156.1145094103108	38.28
1160.8994914222012	1160.8994914222012	38.32
1329.0255296375988	1329.0255296375988	38.36
1155.3427414720802	1155.3427414720802	38.4
1156.7382919894958	1156.7382919894958	38.44
1156.0841174991785	1156.0841174991785	38.48
1153.3167649831578	1153.3167649831578	38.52
1153.689652641698	1153.689652641698	38.56
1152.9422966276002	1152.9422966276002	38.6
1158.3099465946882	1158.3099465946882	38.64
1152.7493175813177	1152.7493175813177	38.68
1150.941213317434	1150.941213317434	38.72
1152.3579152562738	1152.3579152562738	38.76
1151.2034181024335	1151.2034181024335	38.8
1151.5171466780066	1151.5171466780066	38.84
1326.2024212876702	1326.2024212876702	38.88
1153.4842058013003	1153.4842058013003	38.92
1155.9886852935495	1155.9886852935495	38.96
1156.9914768420185	1156.9914768420185	39.0
1158.1572775178881	1158.1572775178881	39.04
1326.1125247978378	1326.1125247978378	39.08
1153.5577371835295	1153.5577371835295	39.12
1327.2938974390454	1327.2938974390454	39.16
1156.6626762986868	1156.6626762986868	39.2
1155.0231498813032	1155.0231498813032	39.24
1152.156111282189	1152.156111282189	39.28
1329.355731084449	1329.355731084449	39.32
1154.2400791764207	1154.2400791764207	39.36
1326.6711859980624	1326.6711859980624	39.4
1328.7580339868264	1328.7580339868264	39.44
1326.3735555240473	1326.3735555240473	39.48
1150.5838040701842	1150.5838040701842	39.52
1155.5706394882577	1155.5706394882577	39.56
1150.5690773999988	1150.5690773999988	39.6
1329.1816160457658	1329.1816160457658	39.64
1148.0641714663645	1148.0641714663645	39.68
1149.1162815493578	1149.1162815493578	39.72
1150.8443040221541	1150.8443040221541	39.76
1327.3321813118112	1327.3321813118112	39.8
1147.0241880055491	1147.0241880055491	39.84
1149.4681297096542	1149.4681297096542	39.88
1150.2095527167126	1150.2095527167126	39.92
1152.79601926289	1152.79601926289	39.96
1151.183840088982	1151.183840088982	40.0
1147.3341410146277	1147.3341410146277	40.04
1147.7720969732775	1147.7720969732775	40.08
1327.3224494228702	1327.3224494228702	40.12
1154.076005448176	1154.076005448176	40.16
1329.3967478167513	1329.3967478167513	40.2
1151.467486527266	1151.467486527266	40.24
1148.9504839799392	1148.9504839799392	40.28
1142.915321677266	1142.915321677266	40.32
1328.8742792066998	1328.8742792066998	40.36
1153.329819977708	1153.329819977708	40.4
1153.179728034752	1153.179728034752	40.44
1150.922227176801	1150.922227176801	40.48
1150.5764621499081	1150.5764621499081	40.52
1329.0036186699265	1329.0036186699265	40.56
1327.5661091073443	1327.5661091073443	40.6
1150.5943403521499	1150.5943403521499	40.64
1148.9519454133776	1148.9519454133776	40.68
1327.248218690495	1327.248218690495	40.72
1328.0517191862048	1328.0517191862048	40.76
1327.0795459324477	1327.0795459324477	40.8
1148.9546598635168	1148.9546598635168	40.84
1148.4554375352539	1148.4554375352539	40.88
1147.8424295799603	1147.8424295799603	40.92
1328.056322916082	1328.056322916082	40.96
1152.3216047209787	1152.3216047209787	41.0
1151.5238170093269	1151.5238170093269	41.04
1151.524352406848	1151.524352406848	41.08
1329.1124948338756	1329.1124948338756	41.12
1328.1707666649525	1328.1707666649525	41.16
1147.756634255639	1147.756634255639	41.2
1152.445970472491	1152.445970472491	41.24
1151.3057716528272	1151.3057716528272	41.28
1328.2639396002571	1328.2639396002571	41.32
1327.3635304106351	1327.3635304106351	41.36
1325.7739606831624	1325.7739606831624	41.4
1328.067581041257	1328.067581041257	41.44
1149.3682359074548	1149.3682359074548	41.48
1147.1348381310152	1147.1348381310152	41.52
1150.2350065974172	1150.2350065974172	41.56
1327.6134033912167	1327.6134033912167	41.6
1328.2679116857757	1328.2679116857757	41.64
1150.2627566436558	1150.2627566436558	41.68
1328.7279906956978	1328.7279906956978	41.72
1330.103911818891	1330.103911818891	41.76
1150.6408552907374	1150.6408552907374	41.8
1150.0869893056474	1150.0869893056474	41.84
1150.048259657824	1150.048259657824	41.88
1148.1562154316234	1148.1562154316234	41.92
1147.159292578989	1147.159292578989	41.96
1146.8620675087243	1146.8620675087243	42.0
1328.2740154717433	1328.2740154717433	42.04
1145.793264186718	1145.793264186718	42.08
1149.2718697362263	1149.2718697362263	42.12
1147.5508023959087	1147.5508023959087	42.16
1148.6553544329397	1148.6553544329397	42.2
1148.8884346613434	1148.8884346613434	42.24
1148.6894524219379	1148.6894524219379	42.28
1150.1463913341104	1150.1463913341104	42.32
1328.0786776360687	1328.0786776360687	42.36
1328.8362087059681	1328.8362087059681	42.4
1148.2005577638563	1148.2005577638563	42.44
1329.7874408055563	1329.7874408055563	42.48
1146.4818661108366	1146.4818661108366	42.52
1145.0761443804226	1145.0761443804226	42.56
1145.6280621035771	1145.6280621035771	42.6
1327.1394085366278	1327.1394085366278	42.64
1145.9097467373858	1145.9097467373858	42.68
1144.6932709015064	1144.6932709015064	42.72
1145.4254185355016	1145.4254185355016	42.76
1142.7805784412044	1142.7805784412044	42.8
1147.1922367465409	1147.1922367465409	42.84
1144.6081650907718	1144.6081650907718	42.88
1327.426708159721	1327.426708159721	42.92
1327.968281971721	1327.968281971721	42.96
1148.5775862988087	1148.5775862988087	43.0
1325.1323932211892	1325.1323932211892	43.04
1145.9307776238666	1145.9307776238666	43.08
1327.067123393824	1327.067123393824	43.12
1145.9160376591042	1145.9160376591042	43.16
1328.4415112284016	1328.4415112284016	43.2
1150.5009328371816	1150.5009328371816	43.24
1146.883233246994	1146.883233246994	43.28
1148.253518531814	1148.253518531814	43.32
1143.9583965630936	1143.9583965630936	43.36
1326.2670518278894	1326.2670518278894	43.4
1145.2581148200738	1145.2581148200738	43.44
1329.6314268374763	1329.6314268374763	43.48
1329.6222273485157	1329.6222273485157	43.52
1326.0667353589859	1326.0667353589859	43.56
1325.4078628221803	1325.4078628221803	43.6
1148.7359229061378	1148.7359229061378	43.64
1325.6210834546882	1325.6210834546882	43.68
1325.6057545285412	1325.6057545285412	43.72
1150.2281046490295	1150.2281046490295	43.76
1148.8466360135924	1148.8466360135924	43.8
1147.2713651145807	1147.2713651145807	43.84
1327.8826521849185	1327.8826521849185	43.88
1148.4520902995857	1148.4520902995857	43.92
1145.3618866291617	1145.3618866291617	43.96
1144.4566486942333	1144.4566486942333	44.0
1150.455760751237	1150.455760751237	44.04
1146.9396890168978	1146.9396890168978	44.08
1144.8595290485748	1144.8595290485748	44.12
1320.4780692541817	1320.4780692541817	44.16
1143.9623546871735	1143.9623546871735	44.2
1145.3448672660345	1145.3448672660345	44.24
1147.760603587252	1147.760603587252	44.28
1145.5350253501824	1145.5350253501824	44.32
1146.4155671945027	1146.4155671945027	44.36
1146.6704959798187	1146.6704959798187	44.4
1148.3497156542935	1148.3497156542935	44.44
1146.0047935302828	1146.0047935302828	44.48
1145.66214914204	1145.66214914204	44.52
1146.1866480511917	1146.1866480511917	44.56
1144.7692671338878	1144.7692671338878	44.6
1316.739555834848	1316.739555834848	44.64
1140.2938360660319	1140.2938360660319	44.68
1140.917508373419	1140.917508373419	44.72
1144.4440254939482	1144.4440254939482	44.76
1161.8411110618472	1161.8411110618472	44.8
1140.493230529838	1140.493230529838	44.84
1143.27951496128	1143.27951496128	44.88
1140.751341463348	1140.751341463348	44.92
1238.8463722914548	1238.8463722914548	44.96
1134.5079788856585	1134.5079788856585	45.0
1124.3822061993114	1124.3822061993114	45.04
1107.418310787198	1107.418310787198	45.08
1118.4218874952387	1118.4218874952387	45.12
1259.397407371647	1259.397407371647	45.16
1142.9242174119615	1142.9242174119615	45.2
1114.4344622983554	1114.4344622983554	45.24
1169.3951887254082	1169.3951887254082	45.28
1139.2126082522373	1139.2126082522373	45.32
0.0	0.0	45.36
1091.9760007173106	927.1334737541597	45.4
0.0	0.0	45.44
1036.9331495120932	918.3666917285	45.48
1034.8751082951658	901.44565809916	45.52
1009.6864968282043	953.3945220215179	45.56
0.0	0.0	45.6
0.0	0.0	45.64
0.0	0.0	45.68
929.8193714224712	929.8193714224712	45.72
935.5842819372401	935.5842819372401	45.76
0.0	0.0	45.8
0.0	0.0	45.84
0.0	0.0	45.88
0.0	0.0	45.92
897.1786590195908	897.1786590195908	45.96
895.4311936263099	895.4311936263099	46.0
898.8617506803978	898.8617506803978	46.04
901.3381253279065	901.3381253279065	46.08
911.9805155346324	911.9805155346324	46.12
922.1861286702339	922.1861286702339	46.16
935.6477584324256	935.6477584324256	46.2
942.2772541213636	942.2772541213636	46.24
946.2676638274613	946.2676638274613	46.28
952.6801266330161	952.6801266330161	46.32
953.9990794882747	953.9990794882747	46.36
958.0920443291348	958.0920443291348	46.4
966.4172923171924	966.4172923171924	46.44
973.2606503049064	973.2606503049064	46.48
975.2357350611811	975.2357350611811	46.52
980.3318154429323	980.3318154429323	46.56
986.301112050396	986.301112050396	46.6
992.4709823796641	992.4709823796641	46.64
995.9428922428428	995.9428922428428	46.68
998.382009445098	998.382009445098	46.72
998.2595959116262	998.2595959116262	46.76
999.2938851070577	999.2938851070577	46.8
1001.162152344899	1001.162152344899	46.84
1001.5279319910293	1001.5279319910293	46.88
998.8804910681664	998.8804910681664	46.92
997.6900396546499	997.6900396546499	46.96
995.9856810495377	995.9856810495377	47.0
997.1533145478428	997.1533145478428	47.04
1000.2032901684089	1000.2032901684089	47.08
1004.1150998924472	1004.1150998924472	47.12
1003.9341443815196	1003.9341443815196	47.16
1001.0533244951248	1001.0533244951248	47.2
1002.008360536495	1002.008360536495	47.24
1002.4421707553312	1002.4421707553312	47.28
1004.1310711434814	1004.1310711434814	47.32
1008.0091309923525	1008.0091309923525	47.36
1006.8705512035184	1006.8705512035184	47.4
1009.9647933344299	1009.9647933344299	47.44
1011.6161400504582	1011.6161400504582	47.48
1012.5011290643903	1012.5011290643903	47.52
1018.8528851737744	1018.8528851737744	47.56
1015.637848243944	1015.637848243944	47.6
1021.0287860754515	1021.0287860754515	47.64
1025.710361542699	1025.710361542699	47.68
1031.3311360547518	1031.3311360547518	47.72
1036.3672762842734	1036.3672762842734	47.76
1042.1661305847783	1042.1661305847783	47.8
1049.0248007988673	1049.0248007988673	47.84
1047.670429008625	1047.670429008625	47.88
1042.4265912517005	1042.4265912517005	47.92
1045.4275152749037	1045.4275152749037	47.96
1046.0538400864143	1046.0538400864143	48.0
1049.3773492762423	1049.3773492762423	48.04
1050.206084400448	1050.206084400448	48.08
1036.6308995718655	1036.6308995718655	48.12
1033.7002308856922	1033.7002308856922	48.16
1033.2538872957016	1033.2538872957016	48.2
1029.1007215982636	1029.1007215982636	48.24
1030.152202778473	1030.152202778473	48.28
1033.6202880896149	1033.6202880896149	48.32
1039.0833380119368	1039.0833380119368	48.36
1041.499831901201	1041.499831901201	48.4
1041.0582982787812	1041.0582982787812	48.44
1040.8187956774807	1040.8187956774807	48.48
1037.0560483533875	1037.0560483533875	48.52
1038.247655852688	1038.247655852688	48.56
1040.0161868650525	1040.0161868650525	48.6
1036.9186563815404	1036.9186563815404	48.64
1033.1168183384334	1033.1168183384334	48.68
1035.305006532279	1035.305006532279	48.72
1041.870961100219	1041.870961100219	48.76
1045.3542286914544	1045.3542286914544	48.8
1045.0628559602421	1045.0628559602421	48.84
1048.180643859844	1048.180643859844	48.88
1047.980435134524	1047.980435134524	48.92
1049.0740539850224	1049.0740539850224	48.96
1048.196770508091	1048.196770508091	49.0
1047.0887338593375	1047.0887338593375	49.04
1048.3411628762944	1048.3411628762944	49.08
1052.5289408479086	1052.5289408479086	49.12
1054.0706174452075	1054.0706174452075	49.16
1053.9398114000026	1053.9398114000026	49.2
1054.783236852358	1054.783236852358	49.24
1057.5870710203371	1057.5870710203371	49.28
1058.6766734253922	1058.6766734253922	49.32
1061.1119966548226	1061.1119966548226	49.36
1064.090829629824	1064.090829629824	49.4
1066.3786354109905	1066.3786354109905	49.44
1068.181355316496	1068.181355316496	49.48
1067.685492048526	1067.685492048526	49.52
1063.9869607325702	1063.9869607325702	49.56
1063.8347043691917	1063.8347043691917	49.6
1065.056097455755	1065.056097455755	49.64
1067.414328185283	1067.414328185283	49.68
1069.1940742320417	1069.1940742320417	49.72
1066.9630307098987	1066.9630307098987	49.76
1065.9469968343	1065.9469968343	49.8
1068.089316825223	1068.089316825223	49.84
1068.6635098458212	1068.6635098458212	49.88
1067.8546534648697	1067.8546534648697	49.92
1066.798241770126	1066.798241770126	49.96
1064.5883010289178	1064.5883010289178	50.0
1065.8371647340798	1065.8371647340798	50.04
1066.8026025098204	1066.8026025098204	50.08
1068.6814315108757	1068.6814315108757	50.12
1070.5890715561893	1070.5890715561893	50.16
1069.8670231364174	1069.8670231364174	50.2
1062.3972331360146	1062.3972331360146	50.24
1048.0748590915655	1048.0748590915655	50.28
1053.7111912177627	1053.7111912177627	50.32
1070.8256986491185	1070.8256986491185	50.36
1074.9622764671626	1074.9622764671626	50.4
1066.6716444110764	1066.6716444110764	50.44
1056.2259619739443	1056.2259619739443	50.48
1056.7260832562183	1056.7260832562183	50.52
1062.6359149571438	1062.6359149571438	50.56
1058.583191087761	1058.583191087761	50.6
1052.9483625244454	1052.9483625244454	50.64
1047.629555939355	1047.629555939355	50.68
1044.339608777052	1044.339608777052	50.72
1042.1453655498362	1042.1453655498362	50.76
1040.1027625321908	1040.1027625321908	50.8
1037.56744752692	1037.56744752692	50.84
1038.8488890642361	1038.8488890642361	50.88
1039.1300642877763	1039.1300642877763	50.92
1037.4431609449693	1037.4431609449693	50.96
1034.2702114785131	1034.2702114785131	51.0
1034.6215863128361	1034.6215863128361	51.04
1033.9705991910853	1033.9705991910853	51.08
1036.3438283516884	1036.3438283516884	51.12
1038.3078991458679	1038.3078991458679	51.16
1035.1848849538694	1035.1848849538694	51.2
1031.9426224768308	1031.9426224768308	51.24
1029.7998398372179	1029.7998398372179	51.28
1029.3814570732504	1029.3814570732504	51.32
1029.4772826882008	1029.4772826882008	51.36
1028.2247986353916	1028.2247986353916	51.4
1028.1835532165028	1028.1835532165028	51.44
1030.6576254345005	1030.6576254345005	51.48
1032.33125618174	1032.33125618174	51.52
1035.0732418608636	1035.0732418608636	51.56
1036.2316612862567	1036.2316612862567	51.6
1034.66268763918	1034.66268763918	51.64
1033.420013423955	1033.420013423955	51.68
1032.2288301861115	1032.2288301861115	51.72
1032.2583844729302	1032.2583844729302	51.76
1032.8080537901706	1032.8080537901706	51.8
1030.4912660600257	1030.4912660600257	51.84
1027.7338296984572	1027.7338296984572	51.88
1026.966744229952	1026.966744229952	51.92
1024.8405671599317	1024.8405671599317	51.96
1023.9385572471501	1023.9385572471501	52.0
1024.3855865690953	1024.3855865690953	52.04
1022.7213817209362	1022.7213817209362	52.08
1022.530243059759	1022.530243059759	52.12
1023.9241090152376	1023.9241090152376	52.16
1025.08715892148	1025.08715892148	52.2
1027.556899738771	1027.556899738771	52.24
1028.4439152079026	1028.4439152079026	52.28
1029.9899177329899	1029.9899177329899	52.32
1030.7655153120838	1030.7655153120838	52.36
1031.047934664	1031.047934664	52.4
1028.6295932793716	1028.6295932793716	52.44
1024.7681265634417	1024.7681265634417	52.48
1021.8992018332207	1021.8992018332207	52.52
1026.0542101689564	1026.0542101689564	52.56
1029.088602192234	1029.088602192234	52.6
1032.6999807443178	1032.6999807443178	52.64
1033.933889997268	1033.933889997268	52.68
1034.71289845405	1034.71289845405	52.72
1034.0543192892098	1034.0543192892098	52.76
1038.3538936920354	1038.3538936920354	52.8
1040.5551664982302	1040.5551664982302	52.84
1045.4159428733833	1045.4159428733833	52.88
1046.1276194322088	1046.1276194322088	52.92
1048.2198743810393	1048.2198743810393	52.96
1046.5284356482266	1046.5284356482266	53.0
1046.198904125117	1046.198904125117	53.04
1048.3608123046954	1048.3608123046954	53.08
1052.3568097698446	1052.3568097698446	53.12
1053.0102870181588	1053.0102870181588	53.16
1055.6395277057707	1055.6395277057707	53.2
1062.5770146072487	1062.5770146072487	53.24
1062.5276136782518	1062.5276136782518	53.28
1062.3446975986585	1062.3446975986585	53.32
1066.182782845302	1066.182782845302	53.36
1068.6359265783121	1068.6359265783121	53.4
1069.3635351495222	1069.3635351495222	53.44
1071.575404023989	1071.575404023989	53.48
1074.4148947357992	1074.4148947357992	53.52
1078.19749609267	1078.19749609267	53.56
1079.2483220440965	1079.2483220440965	53.6
1074.2791291853985	1074.2791291853985	53.64
1067.1929562127973	1067.1929562127973	53.68
1067.5691956023281	1067.5691956023281	53.72
1064.6619398199255	1064.6619398199255	53.76
1069.340050552648	1069.340050552648	53.8
1068.2606293041606	1068.2606293041606	53.84
1068.8077230382155	1068.8077230382155	53.88
1066.9317481260132	1066.9317481260132	53.92
1064.908311328033	1064.908311328033	53.96
1065.1076650944372	1065.1076650944372	54.0
1061.5749282131962	1061.5749282131962	54.04
1057.6737010810473	1057.6737010810473	54.08
1053.8233884258138	1053.8233884258138	54.12
1052.593062787307	1052.593062787307	54.16
1049.4605230320753	1049.4605230320753	54.2
1048.2785496690203	1048.2785496690203	54.24
1046.1081269694203	1046.1081269694203	54.28
1046.7996851120402	1046.7996851120402	54.32
1041.7644930654565	1041.7644930654565	54.36
1041.0314118352057	1041.0314118352057	54.4
1043.412630622719	1043.412630622719	54.44
1043.9147313686265	1043.9147313686265	54.48
1046.7130516270215	1046.7130516270215	54.52
1047.9378016957457	1047.9378016957457	54.56
1052.9603962450105	1052.9603962450105	54.6
1060.0743817086384	1060.0743817086384	54.64
1064.6657288749736	1064.6657288749736	54.68
1069.4757693500353	1069.4757693500353	54.72
1076.6460671118525	1076.6460671118525	54.76
1084.5211988427968	1084.5211988427968	54.8
1088.774227663418	1088.774227663418	54.84
1091.037895451772	1091.037895451772	54.88
1090.4359836011645	1090.4359836011645	54.92
1094.1740720351295	1094.1740720351295	54.96
1100.013052373296	1100.013052373296	55.0
1126.7359366375936	1126.7359366375936	55.04
1162.0446302132711	1162.0446302132711	55.08
1201.7424151168418	1201.7424151168418	55.12
1243.5493823894642	1243.5493823894642	55.16
1295.657871354006	1295.657871354006	55.2
0.0	0.0	55.24
0.0	0.0	55.28
1520.2417270078026	1520.2417270078026	55.32
0.0	0.0	55.36
0.0	0.0	55.4
0.0	0.0	55.44
0.0	0.0	55.48
0.0	0.0	55.52
0.0	0.0	55.56
0.0	0.0	55.6
0.0	0.0	55.64
0.0	0.0	55.68
0.0	0.0	55.72
0.0	0.0	55.76
0.0	0.0	55.8
0.0	0.0	55.84
0.0	0.0	55.88
0.0	0.0	55.92
0.0	0.0	55.96
0.0	0.0	56.0
0.0	0.0	56.04
0.0	0.0	56.08
0.0	0.0	56.12
0.0	0.0	56.16
0.0	0.0	56.2
0.0	0.0	56.24
0.0	0.0	56.28
0.0	0.0	56.32
0.0	0.0	56.36
0.0	0.0	56.4
0.0	0.0	56.44
0.0	0.0	56.48
0.0	0.0	56.52
0.0	0.0	56.56
0.0	0.0	56.6
0.0	0.0	56.64
0.0	0.0	56.68
0.0	0.0	56.72
0.0	0.0	56.76
0.0	0.0	56.8
0.0	0.0	56.84
0.0	0.0	56.88
0.0	0.0	56.92
0.0	0.0	56.96
0.0	0.0	57.0
0.0	0.0	57.04
0.0	0.0	57.08
0.0	0.0	57.12
0.0	0.0	57.16
0.0	0.0	57.2
0.0	0.0	57.24
0.0	0.0	57.28
0.0	0.0	57.32
0.0	0.0	57.36
0.0	0.0	57.4
0.0	0.0	57.44
0.0	0.0	57.48
0.0	0.0	57.52
0.0	0.0	57.56
0.0	0.0	57.6
0.0	0.0	57.64
0.0	0.0	57.68
0.0	0.0	57.72
0.0	0.0	57.76
0.0	0.0	57.8
0.0	0.0	57.84
0.0	0.0	57.88
0.0	0.0	57.92
0.0	0.0	57.96
0.0	0.0	58.0
0.0	0.0	58.04
0.0	0.0	58.08
0.0	0.0	58.12
