Wrist_R	Thumb_R	Index_R	Middle_R	Ring_R	Pinky_R	Time
0.0	0.0	0.0	0.0	0.0	0.0	0.04
0.0	0.0	0.0	0.0	0.0	0.0	0.08
0.0	0.0	0.0	0.0	0.0	0.0	0.12
0.0	0.0	0.0	0.0	0.0	0.0	0.16
0.0	0.0	0.0	0.0	0.0	0.0	0.2
0.0	0.0	0.0	0.0	0.0	0.0	0.24
0.0	0.0	0.0	0.0	0.0	0.0	0.28
0.0	0.0	0.0	0.0	0.0	0.0	0.32
0.0	0.0	0.0	0.0	0.0	0.0	0.36
0.0	0.0	0.0	0.0	0.0	0.0	0.4
0.0	0.0	0.0	0.0	0.0	0.0	0.44
0.0	0.0	0.0	0.0	0.0	0.0	0.48
0.0	0.0	0.0	0.0	0.0	0.0	0.52
0.0	0.0	0.0	0.0	0.0	0.0	0.56
0.0	0.0	0.0	0.0	0.0	0.0	0.6
0.0	0.0	0.0	0.0	0.0	0.0	0.64
0.0	0.0	0.0	0.0	0.0	0.0	0.68
0.0	0.0	0.0	0.0	0.0	0.0	0.72
0.0	0.0	0.0	0.0	0.0	0.0	0.76
0.0	0.0	0.0	0.0	0.0	0.0	0.8
0.0	0.0	0.0	0.0	0.0	0.0	0.84
0.0	0.0	0.0	0.0	0.0	0.0	0.88
0.0	0.0	0.0	0.0	0.0	0.0	0.92
0.0	0.0	0.0	0.0	0.0	0.0	0.96
0.0	0.0	0.0	0.0	0.0	0.0	1.0
0.0	0.0	0.0	0.0	0.0	0.0	1.04
0.0	0.0	0.0	0.0	0.0	0.0	1.08
0.0	0.0	0.0	0.0	0.0	0.0	1.12
0.0	0.0	0.0	0.0	0.0	0.0	1.16
0.0	0.0	0.0	0.0	0.0	0.0	1.2
0.0	0.0	0.0	0.0	0.0	0.0	1.24
0.0	0.0	0.0	0.0	0.0	0.0	1.28
0.0	0.0	0.0	0.0	0.0	0.0	1.32
0.0	0.0	0.0	0.0	0.0	0.0	1.36
0.0	0.0	0.0	0.0	0.0	0.0	1.4
0.0	0.0	0.0	0.0	0.0	0.0	1.44
0.0	0.0	0.0	0.0	0.0	0.0	1.48
0.0	0.0	0.0	0.0	0.0	0.0	1.52
0.0	0.0	0.0	0.0	0.0	0.0	1.56
0.0	0.0	0.0	0.0	0.0	0.0	1.6
0.0	0.0	0.0	0.0	0.0	0.0	1.64
0.0	0.0	0.0	0.0	0.0	0.0	1.68
0.0	0.0	0.0	0.0	0.0	0.0	1.72
0.0	0.0	0.0	0.0	0.0	0.0	1.76
0.0	0.0	0.0	0.0	0.0	0.0	1.8
0.0	0.0	0.0	0.0	0.0	0.0	1.84
0.0	0.0	0.0	0.0	0.0	0.0	1.88
0.0	0.0	0.0	0.0	0.0	0.0	1.92
1882.006571749356	1882.006571749356	1882.006571749356	1882.006571749356	1882.006571749356	1882.006571749356	1.96
0.0	0.0	0.0	0.0	0.0	0.0	2.0
1695.3969861865833	1695.3969861865833	1695.3969861865833	1695.3969861865833	1695.3969861865833	1695.3969861865833	2.04
1633.9607534707422	1633.9607534707422	1633.9607534707422	1633.9607534707422	1633.9607534707422	1633.9607534707422	2.08
1550.9424151359453	1550.9424151359453	1550.9424151359453	1550.9424151359453	1550.9424151359453	1550.9424151359453	2.12
1498.3360496724772	1498.3360496724772	1498.3360496724772	1498.3360496724772	1498.3360496724772	1498.3360496724772	2.16
1452.1636708475985	1452.1636708475985	1452.1636708475985	1452.1636708475985	1452.1636708475985	1452.1636708475985	2.2
1438.1382095529325	1438.1382095529325	1438.1382095529325	1438.1382095529325	1438.1382095529325	1438.1382095529325	2.24
1433.4696367399897	1433.4696367399897	1433.4696367399897	1433.4696367399897	1433.4696367399897	1433.4696367399897	2.28
1436.9880833755667	1436.9880833755667	1436.9880833755667	1436.9880833755667	1436.9880833755667	1436.9880833755667	2.32
1451.5727353171865	1451.5727353171865	1451.5727353171865	1451.5727353171865	1451.5727353171865	1451.5727353171865	2.36
1467.3495628938942	1467.3495628938942	1467.3495628938942	1467.3495628938942	1467.3495628938942	1467.3495628938942	2.4
1487.266321280425	1487.266321280425	1487.266321280425	1487.266321280425	1487.266321280425	1487.266321280425	2.44
1552.6985860046234	1552.6985860046234	1552.6985860046234	1552.6985860046234	1552.6985860046234	1552.6985860046234	2.48
1677.59321064446	1677.59321064446	1677.59321064446	1677.59321064446	1677.59321064446	1677.59321064446	2.52
1840.2794432791338	1840.2794432791338	1840.2794432791338	1840.2794432791338	1840.2794432791338	1840.2794432791338	2.56
2031.1480983641331	2031.1480983641331	2031.1480983641331	2031.1480983641331	2031.1480983641331	2031.1480983641331	2.6
2152.421026322197	2152.421026322197	2152.421026322197	2152.421026322197	2152.421026322197	2152.421026322197	2.64
2159.2628929282237	2159.2628929282237	2159.2628929282237	2159.2628929282237	2159.2628929282237	2159.2628929282237	2.68
2141.152362133261	2141.152362133261	2141.152362133261	2141.152362133261	2141.152362133261	2141.152362133261	2.72
2121.7764344372163	2121.7764344372163	2121.7764344372163	2121.7764344372163	2121.7764344372163	2121.7764344372163	2.76
2084.8344643353394	2084.8344643353394	2084.8344643353394	2084.8344643353394	2084.8344643353394	2084.8344643353394	2.8
2064.4012074913176	2064.4012074913176	2064.4012074913176	2064.4012074913176	2064.4012074913176	2064.4012074913176	2.84
2043.8349396313931	2043.8349396313931	2043.8349396313931	2043.8349396313931	2043.8349396313931	2043.8349396313931	2.88
2043.0486155346612	2043.0486155346612	2043.0486155346612	2043.0486155346612	2043.0486155346612	2043.0486155346612	2.92
2054.0134343733184	1873.6608382639117	1657.913731953857	1696.3281210185653	1724.9023511840664	1736.2588121976446	2.96
2070.4884951813256	1872.457339396409	1663.2108237851899	1696.8730130532845	1723.6409353214806	1741.921345596887	3.0
2071.1608998175225	1859.3129170231791	1662.7463718806193	1701.312288278732	1735.612094073333	1760.6767000701175	3.04
2089.784025525112	1834.760240155962	1656.1737350249632	1699.8751906047487	1757.639446875522	1794.5390496023995	3.08
2112.2788215613396	1808.8031614968352	1643.5511622505355	1694.0731127063466	1765.71888967138	1800.5800462008935	3.12
2119.276857217247	1801.3311383218288	1644.7979188484712	1694.6455590592216	1771.8215893578938	1814.9834544061237	3.16
2115.4939767414157	1802.176155694354	1658.8257987104844	1692.2954379867172	1765.3266981427573	1806.3235209743902	3.2
2122.9367039936556	1834.551110049297	1663.6758610543786	1690.9738046842892	1790.877542263739	1862.910075974082	3.24
2115.788946116701	1879.8858515129111	1675.5891969094575	1706.6092733497385	1844.1683598444847	1903.1818553681123	3.28
2079.297493088551	1889.3619667106975	1675.7939325554785	1705.0076514082862	1835.453033158579	1891.4008286098378	3.32
2067.7855720544	1893.4052070658797	1667.2525093731354	1709.1583787415561	1865.651942569908	1917.4373581767036	3.36
2063.0412507928104	1877.2813755374568	1658.1742928084373	1693.3482530685728	1852.574863301238	1906.6203607840346	3.4
2028.3821520409135	1849.0043581106554	1637.5998657032976	1647.2492230867078	1704.0258193485338	1768.3596729866356	3.44
2014.5270341608002	1838.0824021257345	1639.4777475520964	1666.4641419895695	1760.9258409346232	1820.4310014170392	3.48
2019.73124768962	1815.4670684160249	1632.5103555522287	1649.5018391924173	1733.4621245291562	1779.4247819896814	3.52
2030.317964263435	1793.2513537492794	1621.810097126356	1668.088494037614	1765.1671531488823	1801.367710044132	3.56
2025.518310982213	1767.9563023061207	1622.594928875382	1733.4954798489118	1807.4067480419992	1852.415363887343	3.6
2051.4599321408114	1756.4352679487504	1620.5670550822565	1737.8500512649205	1808.393316773969	1847.2882531569685	3.64
2044.5760650267887	1739.7639281013862	1622.8585715699444	1726.4080177440867	1796.879638151663	1847.2127921280924	3.68
2052.3284186323076	1725.4697934269198	1611.2549516498655	1709.796240559778	1786.7286144491884	1831.0350711546832	3.72
2046.3379035854127	1717.5855381425017	1600.752405670797	1697.5617033958745	1781.9930758363926	1829.993830040906	3.76
2034.5590183807137	1704.8811333669082	1597.7233688928573	1721.4349497668404	1787.7319419520752	1833.2742535034458	3.8
2020.6849539595307	1699.8824889769453	1585.5337475546255	1712.6710053490121	1785.09721560678	1836.9108716115554	3.84
2021.9329276176804	1706.178696062481	1586.0197705701996	1717.8585790343463	1781.9530414725414	1829.5494753863327	3.88
2010.7480401278476	1693.7625765223936	1574.5734517641824	1698.9983800744358	1765.874446571583	1813.8781246806238	3.92
2003.2639918459581	1679.0276099689042	1566.2510231307012	1700.6212514523884	1771.5031531256345	1812.923185522282	3.96
1992.5597512643747	1667.4068646008036	1561.4846552883685	1685.4613838124362	1758.8956568916938	1803.183461457105	4.0
1993.493367312694	1663.973408905651	1557.1478037807208	1682.3410212746705	1750.7275350486505	1794.5669055674473	4.04
1987.1934997027734	1658.0081252016682	1555.8463580192229	1675.9934052222518	1747.2106443477091	1793.0892019982132	4.08
1992.1507056123571	1656.230191128617	1547.2417257876357	1671.0664502623172	1743.9312970386814	1789.1289113538523	4.12
1991.0746111067183	1657.550090660026	1547.0398563994459	1667.7116505730712	1740.7375774964119	1788.9951262899492	4.16
1988.0127028741504	1656.5781330544503	1544.463342431091	1668.828985064648	1740.5042945935586	1790.101976751344	4.2
1988.8481023042705	1655.6334578828225	1543.525712225599	1661.06732750608	1734.7846697593457	1788.5791210503128	4.24
1987.9022767562728	1657.489452927941	1540.671263549325	1651.2994748725855	1727.5820820462166	1783.776325319226	4.28
1982.4723537877694	1657.413945057176	1542.2576201909287	1650.4416756236844	1728.2522584564724	1784.8558436421663	4.32
1982.1177697812163	1666.6372547220624	1547.9658086721106	1651.0840578479513	1730.7704318828803	1788.3621972873154	4.36
1983.5410711474049	1673.3721581588331	1552.073940870165	1653.3687027072008	1727.4923516084139	1780.640658740214	4.4
1982.9604947228215	1684.0136559662883	1556.206795567271	1663.0483157320189	1735.6186681475178	1787.3693971439811	4.44
1979.7466964120406	1696.3428392406704	1555.3466916257962	1656.3699193997788	1730.3657270071417	1782.2990006563043	4.48
1972.7566176157536	1703.0606821068416	1558.797115237788	1649.8084763520299	1722.3611583436768	1774.6376873837617	4.52
1965.356923627674	1711.882292756765	1556.7627934950724	1630.8506235916511	1706.6878692538546	1754.2798907061883	4.56
1948.0479013401243	1712.1748953930216	1550.0600443279293	1600.0266851651318	1663.3327831644924	1720.0996793454374	4.6
1944.5363931430898	1717.3326857477273	1545.1002693043215	1597.511457261198	1652.2406925579942	1708.2093787131207	4.64
1941.166822728878	1722.3523813643505	1540.1006331489896	1600.595910688154	1650.9174208182544	1705.0913882846273	4.68
1951.9639299361863	1700.7683535944013	1475.0018047603737	1545.9594754246923	1622.2426628083726	1685.3758376850642	4.72
1953.6047882358066	1679.4088193473126	1426.6953213238492	1545.237922541023	1643.3587620170767	1702.8055679249637	4.76
1979.0914440882325	1656.5499315577688	1407.1891845125583	1511.5477210229076	1595.4959076994476	1666.4906636383284	4.8
2008.401051291246	1641.5799831966667	1419.971813887077	1510.7286285657997	1576.219354333648	1647.2416373641693	4.84
2027.8372924988037	1626.2557609213184	1469.4604645071847	1484.5646879458754	1561.209039393337	1622.6996399439504	4.88
2015.3529107778008	1615.1037978211273	1479.5460109345727	1459.0170970545676	1528.5861846148325	1600.2775522881582	4.92
2002.3511531607537	1611.9144075762165	1477.4037028629593	1473.0805886652433	1507.6168930860947	1568.3154418334532	4.96
2006.709863237373	1595.7011505903897	1482.2690886652651	1525.7210093675612	1569.9170665711827	1618.847323048199	5.0
2004.1913397290466	1573.730731797028	1523.1681145861357	1580.3674500148882	1593.6613380283504	1620.4873520635163	5.04
1984.5286369678865	1557.5584306657022	1497.9250861132612	1566.4263095589438	1585.6770934223146	1624.2793815644025	5.08
1974.7708821936326	1543.9524242210725	1495.338845043914	1546.2389943649782	1578.1766160057514	1633.7852621855454	5.12
1980.632160846413	1527.1274339556337	1519.0627312283984	1554.7785268083799	1564.3790961483276	1594.0440722270362	5.16
1964.081464737518	1531.253211705973	1461.3479385817516	1516.544897389506	1549.693899262341	1586.9999745565367	5.2
1951.2660327845617	1540.8649054704977	1443.64460724483	1522.9193663064266	1565.381126161482	1601.6495546549988	5.24
1951.8285870063967	1535.5085423195765	1473.4254031202604	1565.5479329223922	1593.1918476386115	1620.9147236797962	5.28
1950.8241209362018	1531.0346929144723	1465.5023384999745	1555.1266407812582	1587.35424505927	1620.2393483806259	5.32
1947.3548024566846	1535.0937998020315	1429.8030623451866	1523.0843586600558	1554.8557026548704	1594.0984121255754	5.36
1975.8192988151445	1532.1894224629484	1447.1795580517305	1527.2903399427216	1563.7803068746691	1599.2577215751044	5.4
1979.5619595851936	1538.7251757006995	1445.8420970546456	1552.866310823125	1587.1401000550711	1588.0136687035995	5.44
1977.7185212296622	1539.7208246544849	1461.4272220281753	1553.969584061253	1588.4255554566023	1612.421893269264	5.48
1984.513242496665	1554.4623315165413	1458.6765656686555	1564.35083876158	1588.1081381084252	1616.1531703690696	5.52
1985.98367337649	1542.020407676099	1461.8380813821007	1555.3030223955727	1577.502153733467	1613.026089837341	5.56
2001.2019732849728	1556.6441068030617	1458.6144655521919	1536.8750473714076	1560.4784346124168	1600.0916696969332	5.6
2028.6528953441411	1539.100622077976	1480.5491967743537	1551.2603452239518	1567.9008781625669	1598.9271741305886	5.64
2042.378836929651	1551.3637394146692	1491.2478308375648	1554.9320365456845	1585.0195215482813	1607.36056001986	5.68
2089.13005082926	1566.0703743469	1467.9758946996628	1560.207902173539	1594.6691828399441	1637.730735726475	5.72
2072.515539586156	1582.6173824068712	1468.4353119249	1555.2818873602912	1595.4296512359972	1641.8427319284663	5.76
2063.0285051581795	1605.7928123272836	1471.1296827036406	1567.0970368079827	1598.6626038695124	1641.375162235847	5.8
2052.590183008038	1593.8901531529666	1502.5546287222935	1527.1562150022103	1576.1861954211256	1624.66446377764	5.84
2044.7600361427837	1594.458982106806	1478.8101222670305	1524.3731698552003	1566.2911455353985	1589.5577446787497	5.88
2040.01427889797	1594.7050878252332	1483.2167652337653	1473.310260837006	1553.1532011368622	1597.0502111290077	5.92
2045.9496214891146	1594.597599747573	1485.1422689590054	1501.504357307969	1550.2323062734317	1573.9007099982334	5.96
2030.7213102594576	1600.9326386467458	1491.7819592620654	1508.287206250622	1550.3207436987257	1588.776370585007	6.0
2046.683957917812	1604.8656673906548	1511.9667362826212	1507.1969233424038	1574.1656531864687	1613.460134748244	6.04
2039.9430628765056	1606.7473636499817	1503.4018782974865	1529.641916642922	1593.7605557171078	1640.97609378637	6.08
2039.1546599134012	1603.284740327737	1502.2467644915791	1520.1092637259503	1583.1239838998408	1636.3309656656618	6.12
2022.6363451625655	1600.5214887397985	1529.9583425452913	1542.4770644623843	1597.8437281469053	1644.8916763563632	6.16
2031.2382314585225	1595.1740012645757	1496.7069086691479	1540.2939059136067	1603.1832592313556	1656.2472202791125	6.2
2021.6066698931593	1596.1589040133908	1506.079473728767	1527.3154949426519	1588.5917633807878	1643.3618122720932	6.24
2046.3090825250092	1605.9901550485683	1493.0711772465309	1509.6815376707311	1602.0366056564044	1666.0831229847374	6.28
2037.899812844525	1607.5970586258577	1522.05192701622	1549.807148526224	1615.511807510601	1686.891533512319	6.32
2051.543275912116	1608.5408651237783	1480.8302880199199	1535.6435208577798	1614.587253401871	1676.2932373010228	6.36
2030.6481130617703	1620.3145410462132	1522.9072644633172	1577.8585587062812	1630.6924393575362	1681.1521375517373	6.4
2021.3972474223133	1624.2548413362515	1552.5396419402805	1562.253336529373	1633.3782182817763	1680.7461952450467	6.44
2043.1072632992245	1620.8485506197983	1504.6916940526949	1523.9337635779686	1622.2061836857542	1688.0727980435101	6.48
2048.912268520491	1614.91354648638	1510.3297083664022	1520.6911702646703	1616.3966283896361	1696.447388662077	6.52
2043.2661313230394	1615.671365817449	1506.7022117575646	1554.3160586819024	1623.349635866746	1688.0276584729536	6.56
2033.056022733344	1604.4720279709436	1511.9124470626814	1571.055542040576	1613.5285967163718	1657.9533222361479	6.6
2043.610321313742	1616.3879524278063	1510.1212846524288	1494.7844843671623	1607.5039520241744	1667.9578957278843	6.64
2054.5883990552916	1623.7635850875884	1528.549307166324	1542.4351819122312	1612.2428551302967	1657.1902738047631	6.68
2073.2444292303826	1625.2187139270764	1527.3994800269427	1547.2448076370447	1609.8958544383315	1675.2869489561738	6.72
2076.2819314180006	1614.796854751872	1503.391630560221	1492.1401312030046	1606.7113767241005	1685.3440904890733	6.76
2041.6224203155925	1599.545198256859	1524.0224313937554	1535.6570010484918	1596.9733693174212	1645.4185686430528	6.8
2046.0934085073995	1608.944057329	1527.79100911774	1568.2376991119818	1619.1662384604078	1682.6714834373586	6.84
2059.683201502478	1616.8218378990814	1503.8680702455079	1539.197902299547	1624.380050727763	1704.0847166052874	6.88
2052.219844554604	1616.3426969664988	1511.1661685453378	1558.165089318655	1624.893199229265	1696.5115824812651	6.92
2066.3736133680222	1623.6105015075004	1508.155491407564	1508.8811185542386	1621.347998101373	1719.4874539198192	6.96
2039.754086819075	1623.5204700187478	1526.6204729696108	1604.362974024336	1649.336290713429	1715.9247717567996	7.0
2052.091398592428	1629.631529656251	1509.9081822301775	1524.9551092155864	1627.5326441429556	1711.0851883080509	7.04
2049.0314540655286	1640.3863239391142	1526.043058710362	1580.101572279381	1664.6844081711954	1752.075389098377	7.08
2038.8161289380585	1638.753695568442	1531.7053291034906	1543.8852508039151	1648.6480041010639	1717.0893559803287	7.12
2054.9378953275136	1634.7222255455579	1526.3077624034374	1527.1138578341486	1651.3915576815305	1748.0884365763302	7.16
2062.8998935899417	1632.3934591054249	1542.0505419026815	1530.508383344453	1651.4173207927581	1740.4143500407504	7.2
2055.7626570190673	1646.9600964704246	1553.2678375120272	1579.2529093995056	1667.5024110137658	1738.7492920457064	7.24
2075.432867656847	1645.300765174152	1543.4012116481633	1537.4691227428812	1666.9298437476918	1755.3981976841726	7.28
2071.559242631904	1638.0478150347412	1554.2767671687807	1564.6049419825388	1670.041986655104	1745.4019110598256	7.32
2055.079540932524	1639.7614863406661	1568.389024589583	1608.6734517377058	1683.5659274559025	1744.3278194046018	7.36
2069.411976788196	1648.8293211604469	1530.8697714143066	1583.6800311812508	1685.5916974480444	1772.3389552663727	7.4
2054.1863169122494	1643.1252763575035	1580.1987649517214	1667.3726006597321	1708.484566101275	1777.1498841558564	7.44
2038.9364155011783	1645.1098752412263	1540.774387354344	1601.2047222915955	1655.0738800523377	1721.4909309472307	7.48
2031.5708921802905	1647.0321951193223	1561.0699855378384	1619.606294397066	1660.0486014257322	1707.00407343844	7.52
2058.544627516012	1655.5740699898981	1541.8810890494651	1558.1724949717034	1662.1781716387795	1741.3556533789729	7.56
2055.6279783671653	1641.1331239589256	1554.0989043942013	1573.6195174627019	1662.9290147510067	1734.5386880280082	7.6
2052.365261718665	1639.4062875911316	1577.419326799404	1614.3428815543905	1664.2351980473345	1725.108306967642	7.64
2070.9627932520316	1636.313255596108	1512.6900374931463	1574.039933342484	1644.4142048069368	1717.3520118713732	7.68
2043.3349117353882	1633.0163461979273	1545.5778398122513	1612.2460587992541	1641.9085518180152	1680.6898920233225	7.72
2042.5153579862322	1628.3309425113898	1524.292133472426	1557.8403264955473	1638.9299719160301	1699.4511371145531	7.76
2052.6910754610594	1630.703490747253	1516.268260902915	1575.2322587043889	1629.268591817339	1689.9741084627055	7.8
2042.347838662734	1624.8170445357487	1546.3165553528886	1573.0300906672976	1640.8426233249506	1706.1010105012638	7.84
2042.2287490223982	1635.0034026303442	1532.3415106448024	1538.9640324863567	1634.4458167594912	1693.6027158470738	7.88
2050.569525139395	1639.428602769156	1503.79117959467	1488.4072243154583	1598.1306612251715	1653.8776639243656	7.92
2049.998308374412	1631.8330702513774	1513.6368334873614	1512.9712717821478	1606.8633242783194	1644.9862192167286	7.96
2070.19840715863	1619.475313266093	1514.9068590499942	1487.8533468489336	1593.1403315643163	1647.1293586865347	8.0
2087.354387447566	1631.4861743733454	1517.0012289053864	1528.3544484260362	1609.9962600414035	1675.1217592585763	8.04
2099.109424902996	1624.830947589937	1527.6658056646581	1514.5443429544382	1597.7141646413772	1662.7022611944096	8.08
2115.296297554184	1623.4081515614193	1524.217747312548	1517.0216761285835	1600.2828007873609	1681.293463425769	8.12
2080.9834549200486	1618.5663545443679	1536.8824786514429	1545.587353889915	1605.5368718517402	1673.048413808427	8.16
2098.316462538521	1622.5926641207539	1525.0101067603016	1521.940055227685	1610.4573486842858	1704.8811470265064	8.2
2078.1917392330506	1623.3372010949224	1516.6260011782192	1507.4392775004644	1598.1032966116825	1674.0077555863872	8.24
2086.489386525363	1614.7748430355803	1529.6063888530457	1552.000723623226	1634.4896408639902	1701.8991888982503	8.28
2072.012996379663	1620.6273396236797	1525.5859613833486	1503.0198176710953	1612.034605680669	1701.6920984125638	8.32
2069.3249850837037	1621.6548330323485	1532.042568040128	1563.1553434510477	1637.0534535544377	1707.4821122983055	8.36
2062.340041226625	1618.2272550856392	1542.3226532823944	1559.3011470811841	1626.8389078273735	1705.9523657979564	8.4
2049.0133706011047	1622.9549596125682	1526.1552996158605	1538.361547277396	1631.1471470329195	1721.6395473875846	8.44
2039.488503816234	1618.6189238652855	1519.6362681497435	1594.6677622572972	1654.3625195736176	1717.6824469785392	8.48
2031.828978056848	1617.4688978555591	1520.598245480418	1578.5888758948633	1623.9271668200877	1676.805407624833	8.52
2023.7770577559015	1615.5943380511585	1517.803084092684	1581.9409387157693	1632.2149935868651	1693.5644668944956	8.56
2026.1648273211676	1608.7848638394516	1529.223607177207	1524.333620905442	1603.709247183344	1648.8089196157762	8.6
2032.749005535735	1605.7386790511775	1530.354408138479	1506.388139353626	1587.4164465162405	1632.2326040339897	8.64
2032.5086935751515	1602.027431927524	1459.8674756086396	1496.9154443719522	1563.4998407759242	1619.5409488519051	8.68
2045.5502493780114	1604.287333137078	1480.2190938123165	1485.385470589204	1596.315754545415	1667.2432053218108	8.72
2060.573973534468	1604.8766125572552	1474.7005038882498	1464.6902385252224	1574.8358232847895	1648.46531950869	8.76
2053.2582543474914	1602.0619121367038	1508.1483105045004	1538.3008258155	1585.5247034968472	1653.308973090385	8.8
2056.8595827633108	1598.421497297153	1509.56455799961	1519.8828937988844	1581.811807233366	1651.3597954203965	8.84
2072.7695767469672	1603.4964582604416	1484.7357968144452	1510.8764380687803	1586.7330083651875	1678.0997404030313	8.88
2039.672985076191	1583.7564867106053	1510.100916534405	1542.0879081515654	1572.1108903913403	1611.0765918029724	8.92
2052.4660445256004	1581.0033873708715	1505.0119756335355	1536.2166985258161	1585.6468454030764	1644.5561975615838	8.96
2028.6651775316382	1575.8338994159192	1513.9893865674642	1543.9622271863655	1576.4748639410873	1616.3300884148086	9.0
2046.97456388323	1582.5082841049878	1493.217002142998	1522.5573185723877	1586.1719573048301	1642.9506988788332	9.04
2029.3935516360702	1583.5610891662393	1483.371705601681	1537.0663664179567	1584.6021289430694	1642.2763620556495	9.08
2028.9348055552498	1576.6575442223557	1489.7699733047264	1516.6896212251452	1569.378593838657	1615.1191045143207	9.12
2050.592621053929	1574.563694123745	1456.8190348511964	1473.6415318553768	1572.5806936510196	1635.7397869297502	9.16
2057.5437285637217	1588.2392476664731	1480.0546764963356	1484.21240931537	1574.4581289749951	1658.2274129124953	9.2
2022.7392957796028	1573.7891492581102	1514.163668170712	1538.2215803353763	1581.9379348136276	1633.557915810461	9.24
2038.0791958118164	1568.4801524808101	1486.8236229738884	1515.6779723536292	1577.4076134642987	1625.3910561050332	9.28
2038.431473406516	1568.4142792469017	1478.7334927952265	1517.7405399768238	1579.1121208371144	1628.1935736217977	9.32
2033.9096665572224	1571.086542451105	1496.6337346949126	1521.1411159391635	1570.9979156716402	1617.8256351119867	9.36
2047.6239024160577	1579.599667579836	1473.3088797266987	1512.9507411453856	1574.3142166184125	1652.726504533475	9.4
2036.286076178199	1577.6799763574668	1473.8942784778383	1496.3587299886817	1569.789973435624	1640.0016213838621	9.44
2028.1927269708524	1573.8165291543269	1481.2258869369296	1502.7826995554383	1576.4974992035604	1650.6794482336006	9.48
2012.6238541885741	1577.3061173487579	1490.9205561011045	1521.8009040405657	1581.4969980185024	1647.9270694152744	9.52
2021.4476048469357	1572.9147409198608	1501.3883304868064	1528.5653677620317	1578.4428403050595	1637.6178845355707	9.56
2024.4602153076146	1576.1735599497374	1471.7634742350003	1504.3268345964523	1566.3853332837375	1627.4576925304616	9.6
2023.4497234572166	1570.6672299649672	1484.9946038759836	1516.1596617966009	1582.2445781586023	1656.5492010363744	9.64
2026.510663057681	1582.343926551578	1479.5206839474963	1472.4071855727623	1569.3633363237977	1638.4133487035713	9.68
2028.2349295853244	1580.600752050697	1473.5637653816523	1489.9913347623562	1574.7691804002993	1643.2029178341436	9.72
2025.103123588067	1579.829594065792	1485.8490482526333	1491.5477879008272	1575.991189271368	1642.6542787637138	9.76
2014.30352165972	1574.5153397970944	1485.5893371428283	1494.072065143962	1586.099816334839	1657.5602293116715	9.8
2009.023897003568	1580.6549082159502	1491.6501645803903	1521.6161168578337	1590.68481617091	1658.9151436533205	9.84
2002.3944967179177	1571.483601034372	1483.3842165751446	1525.9434877392262	1581.647977972426	1633.7473572964727	9.88
2010.0211749612445	1571.6118273968154	1478.8836114761161	1494.9961051922878	1581.9502203746533	1657.49651422843	9.92
2001.982732853648	1563.919068014985	1448.732329132826	1493.7261767445732	1562.9796633936066	1631.2221887267096	9.96
1990.5069441472108	1547.9425862277687	1456.5254317787285	1511.3463666183966	1570.574100314189	1635.1578110626085	10.0
1981.2517882067013	1549.2596119165253	1448.9834876138484	1512.7651199830643	1576.0806521489997	1646.223868214477	10.04
1973.3985083926073	1544.0454238963694	1457.049872801656	1506.7695543246818	1571.380039516732	1648.3479582667953	10.08
1971.6970210488805	1555.081173401502	1475.7948463976327	1523.210984884222	1571.208906045028	1628.0464752545017	10.12
1984.2076824850062	1560.348655496252	1469.758182145501	1535.770375617674	1571.7087080344595	1615.7947424722327	10.16
2002.0734689310527	1567.9011808202781	1465.6790173456936	1496.4300662487515	1559.9956304687537	1616.375000596081	10.2
2010.396715814378	1569.6124616541642	1469.2917649463925	1503.766843678884	1563.1720441728255	1622.459761724794	10.24
2000.329902894081	1566.6155148340345	1465.0623803385142	1496.9090759855253	1569.5349738520288	1641.4823806071463	10.28
1997.1798331651291	1560.7601293805562	1454.792737755288	1489.63355886341	1554.2125806209585	1636.2144340489397	10.32
1969.1524980094803	1539.7115500093626	1450.7739664180451	1515.8948209487548	1549.4420362862143	1596.0888595945496	10.36
1946.2074944413173	1529.19170766669	1428.0165227688785	1501.2638783784894	1546.5617852619305	1598.8749253282017	10.4
1956.0167876098476	1528.882313449213	1417.1630503597323	1475.7044020522371	1533.382702634356	1589.9229701873003	10.44
1954.1584780611824	1506.0117934154991	1432.443860693766	1493.0137047772353	1529.6503752481244	1571.8769916075892	10.48
1957.6019507609124	1508.0667870107854	1395.208191666229	1453.406140443447	1500.8095351233171	1561.7157216954104	10.52
1971.9538991585787	1516.7115531625263	1408.3368985675363	1476.6418356474312	1520.4207390953773	1596.321449483566	10.56
1966.834086559145	1524.9161957403658	1418.7980112225218	1450.990354991522	1501.0274059495937	1571.557796919708	10.6
1983.7917807039296	1535.5633455956538	1436.8596595611173	1447.8314016013567	1527.5176554071259	1604.4122247656467	10.64
2018.9451804198295	1551.754499645747	1433.2243819321711	1467.024627375564	1556.3825713167807	1647.5008432773307	10.68
2006.6671686228196	1568.8861915043076	1463.3571755757716	1532.0755325880555	1580.617284064055	1633.2421493239278	10.72
2056.244200715524	1592.1456466216564	1530.6122144650149	1564.5242808775229	1684.4016121921209	1761.913839438084	10.76
2072.309394728882	1616.3296917304376	1523.2052543461464	1516.6598416030008	1657.9699462192616	1738.6715462151228	10.8
2078.68606688148	1631.1523732815747	1525.9465092799398	1535.2246319660417	1662.459544389352	1746.6382745291494	10.84
2077.8841067700823	1630.6090681105718	1547.210117909422	1601.7414434547989	1676.5357630744534	1752.1355305683535	10.88
2073.884201437261	1642.0446739674976	1546.5326125350073	1554.0841217180914	1641.1842769585135	1733.6082676301264	10.92
2073.0046057497466	1645.2815585514984	1552.9644243955277	1588.5489891317927	1652.1679281745767	1718.6920132495577	10.96
2058.591115648665	1644.4013240248614	1559.7230349008128	1588.5741282544243	1640.7871475131224	1687.0395887371067	11.0
2045.0378232301262	1640.051188600252	1537.7201822684453	1585.1498222318594	1637.472601407449	1699.8104692139448	11.04
2083.1371680757693	1649.6376251002716	1579.164819388155	1596.770813289865	1677.6884872084947	1764.5012121286177	11.08
2092.690141356651	1654.3743997243985	1588.4197342734283	1605.5047900463826	1662.053205872115	1728.4767814394118	11.12
2126.2696480655186	1654.1215609825083	1602.6210512714208	1621.9121624680215	1680.7653955805615	1718.9289104149339	11.16
2137.772601757698	1660.4139978712644	1624.0420367616389	1667.8546740219547	1707.9408115156011	1756.549893491414	11.2
2146.5823617813403	1678.9897179063887	1621.5021640597859	1620.9972200894754	1655.9922190201637	1709.4114221956895	11.24
2144.858038056805	1701.702532870355	1636.003514155256	1635.1730030768927	1654.4566041370983	1690.3859462951295	11.28
2150.9442787682965	1727.448238691684	1597.0273087996186	1599.009865267417	1626.3083697566099	1688.1081571435848	11.32
2146.0735080341606	1734.7007080494334	1573.1865524564828	1574.483125686222	1612.0206899616398	1679.711709989037	11.36
2102.618125647641	1757.344275285219	1684.235653073762	1621.2910923653715	1699.1831217433564	1730.5091656906718	11.4
0.0	0.0	0.0	0.0	0.0	0.0	11.44
2174.4984422070884	1808.479637507087	1624.900357952791	1847.0534896388024	1927.4892516790017	1810.689567512985	11.48
2179.500828713599	1829.3211160558194	1693.9661273608194	1671.7424197952846	1665.9912081604684	1666.333047116468	11.52
2175.1624993957153	1862.1605366309275	1757.1211574263773	1675.5363521945342	1612.5753869660853	1615.3481608979755	11.56
2164.283774970993	1866.5430383462253	1752.2187616759772	1650.121401383718	1585.4360695154146	1571.9417015897977	11.6
2156.915282257249	1852.6457037289242	1750.316372181311	1667.4743963982423	1575.1805178890427	1519.7265816734919	11.64
2123.7290272900186	1810.5253693129912	1714.2930496350284	1643.2775203457581	1549.7843220700756	1459.3711723155336	11.68
2095.374763478083	1757.159577432279	1666.807481415792	1603.9372023740152	1511.1631232140835	1401.1655409343305	11.72
2088.4764840911907	1734.0112212921067	1618.7247016737201	1571.5491819955973	1488.3602409249424	1348.9801560810538	11.76
2077.733435453477	1707.4025087959583	1575.286291770484	1531.6126966871989	1454.98233082691	1316.402777422749	11.8
2063.858082725811	1669.3845017001945	1534.2511463684364	1519.6475365017548	1443.1933366094506	1290.664738713202	11.84
2056.4764725961045	1657.8127432152417	1505.848035815153	1514.6719866729868	1445.6611828870818	1272.17132645209	11.88
2057.4797268183856	1649.4254248431146	1489.6271901497857	1508.3815749827215	1446.4064932893607	1261.874493989827	11.92
2046.9884584101853	1627.037503725459	1479.6812317017373	1486.6607615261728	1438.3315655899432	1270.668794959075	11.96
2050.765230260097	1620.7619230916291	1482.1501667495884	1490.8301331058	1442.777406901019	1279.0682579994009	12.0
2058.123888511789	1618.8547600033921	1484.1940066300047	1497.0396444153416	1422.396955463019	1282.711819835539	12.04
2048.453696936355	1609.2241408293762	1481.896028065087	1467.724235312899	1376.7624397831937	1269.7537456660468	12.08
2032.9989042649324	1605.1049597737667	1455.6085715264087	1440.806159412027	1342.0671664578406	1252.4465739611414	12.12
2013.1123231376387	1628.6707316033157	1456.184621246263	1428.426242870292	1328.675113892216	1247.3853348524	12.16
2008.7278373140934	1630.8420028522871	1480.4613728876595	1469.913492612204	1382.0892727244493	1236.213057452291	12.2
2012.3692767974837	1649.5302268921173	1492.4085350474707	1480.8003672598625	1407.6496720383811	1230.2890973890392	12.24
2015.6078070721371	1647.1097627259846	1497.1971906613687	1486.4394439279415	1438.9148225890124	1249.2062687084726	12.28
2027.376938828499	1653.776794432096	1507.3557666143315	1496.0849753568157	1455.2213908840138	1262.8727826628296	12.32
2039.0791333598404	1662.1807609711293	1516.0793532162254	1502.222883016118	1465.2264530434597	1269.9797475310272	12.36
2049.2484985321307	1658.1366403292755	1515.5726454806716	1502.7751732768768	1464.4452407123938	1279.7502962659614	12.4
2056.4804150214914	1659.8889510430176	1516.6914071208614	1496.983046322812	1460.8122951308437	1289.9774014439022	12.44
2053.3827500985835	1654.5140777219892	1522.0104582961092	1497.118554393228	1460.6289761223532	1316.0853294553488	12.48
2051.173320828582	1631.0761799477966	1515.2252221011902	1493.0739753652779	1451.3772955345764	1325.7957732106584	12.52
2051.018613391066	1632.4220586098459	1504.8735281748948	1483.727990771263	1445.1389111825447	1324.8623654300598	12.56
2042.3793981262963	1615.5276092007089	1492.7485097130982	1472.5212692188989	1436.113311243262	1320.167789032814	12.6
2038.4495112061595	1608.5506994525958	1494.3628821933683	1466.797914800879	1430.1127910690811	1331.1455076595869	12.64
2034.3526443613957	1602.2326189207713	1494.5908385850305	1464.0471335583723	1421.8138706357338	1344.0846990792688	12.68
2032.2089402328681	1592.76447886985	1493.5973675237194	1459.7157591199252	1418.5700412479703	1351.6528430623548	12.72
2036.898366856255	1596.30022957293	1480.2132302676607	1455.5247505336993	1398.5336573063585	1363.0830985027042	12.76
2035.499376544782	1592.106648981804	1476.190899089759	1455.022630735237	1389.9539445707264	1377.1750931287393	12.8
2036.613736981605	1590.089659660566	1469.364056641465	1445.9103261840119	1387.4211577710607	1378.2766864922492	12.84
2036.1487535797835	1577.4587130842933	1464.1460334654107	1446.6562741261173	1398.3044034597133	1400.9437424916086	12.88
2038.652445815992	1580.8050800425522	1464.354336818384	1441.169299701638	1395.1967242254184	1395.5717855335072	12.92
2032.5816675131712	1577.6061910152873	1462.1266873390946	1443.944542760661	1393.9883354412823	1393.5761616223983	12.96
2034.1021273063238	1575.1817026384347	1468.6009548306483	1441.1739591181545	1395.852637037543	1391.8561150266964	13.0
2028.6069719225038	1567.3278014281957	1460.8431679463645	1442.9717225967395	1393.7217167158537	1386.7765228252788	13.04
2027.5943158189161	1573.9297946754957	1464.2088665761437	1440.1261301767424	1393.4981813695385	1392.5971119482233	13.08
2027.4357488730661	1567.9850282823195	1472.3130541296794	1447.367625518077	1398.090483694385	1393.3262847593417	13.12
2030.3532905911125	1582.555610930245	1481.3724124203845	1453.14801987009	1396.6173641232974	1389.0737749766104	13.16
2027.7796004728575	1595.4145555692005	1495.7390607733153	1464.5328065950118	1400.551995342997	1380.9431148381848	13.2
2029.0658221911463	1607.7326228568224	1514.2583118370028	1470.158995495438	1409.657772685547	1353.4019032962606	13.24
2027.9694632242781	1624.6081835607247	1535.1708347893928	1488.1778156267098	1420.0335526677	1359.1056073556306	13.28
2031.012014976242	1645.6742494836974	1557.0738893955256	1500.2779941516162	1419.4452692236314	1352.48648151484	13.32
2032.6216144148964	1686.6325040072468	1584.8096687196726	1520.6158367689775	1430.550239375295	1351.5429387344288	13.36
2045.6450482518178	1717.3877192961502	1640.03097724018	1549.1627626935024	1436.586392274489	1357.918018929803	13.4
2053.6476741055812	1730.8159282652252	1668.8492372143253	1568.6465906776034	1436.2884392428816	1366.9749605358502	13.44
2051.936436677554	1748.4669869069621	1675.9212901263043	1582.3577296296614	1420.669299036909	1371.1679997736342	13.48
2050.030184359284	1753.8195990838321	1655.648778130648	1573.6385058873266	1400.2472369413106	1354.16113373064	13.52
2049.389733503175	1751.6488847597536	1575.5308947593319	1517.4968051525423	1390.0121037552813	1362.1421564041304	13.56
2062.829248484725	1752.1271867961977	1507.185158910467	1418.3981440275566	1349.2054632650616	1372.3876532599104	13.6
2096.030031518132	1713.1062513566615	1483.4607758817485	1386.0617233007563	1325.8553899108622	1363.8033225935078	13.64
2129.0555156402575	1695.6263562315876	1440.904656043895	1373.9531810793217	1330.834424465322	1350.946517117424	13.68
2153.4469420898636	1691.808344343627	1389.687789469121	1332.884230848109	1335.8878518737747	1362.5122909852869	13.72
2153.1957471399155	1646.0167357066807	1363.75397469619	1351.8598472635204	1370.9237677878784	1433.265133300136	13.76
2143.8650971505203	1619.679620114187	1401.4682341836806	1435.9247930595927	1497.0534948571217	1600.0713570111361	13.8
2085.0949013743225	1581.8340268256777	1467.359412509672	1519.0714736167415	1607.435471548475	1710.310048719607	13.84
2052.2933597324545	1588.1790957286287	1522.4561166726103	1592.3540114217926	1689.3027200418899	1768.9337357179395	13.88
2017.5920195330627	1610.6379363496005	1558.9079371289565	1656.9130805792702	1751.2117682781336	1809.1815140034819	13.92
1991.2584782275892	1617.3935657576358	1544.8638420489287	1622.8479035150267	1718.6749239740589	1771.882526336785	13.96
1990.2541882769497	1618.0989521786028	1523.6091712336322	1597.124038939114	1701.3153587086883	1755.9809421617222	14.0
1986.350427107831	1617.6030271943046	1527.6881788613553	1708.4171657849101	1864.0320892239968	1884.726935959333	14.04
1964.6775853127945	1621.2600742600468	1542.4493760552105	1760.371874879225	1883.8392168370979	1905.1794847605638	14.08
1967.14868602673	1637.6602553506646	1566.5438357424684	1798.2956265486403	1895.9160036731516	1931.7742244294375	14.12
1971.7989065290355	1642.9730685422032	1563.0731123743549	1714.9893232305747	1849.4807248650252	1908.8793817311741	14.16
1967.8552251484718	1650.8626077847252	1578.151265759405	1762.8463759041695	1876.1774397118922	1919.9106433072018	14.2
1976.6205809612911	1976.6205809612911	1976.6205809612911	1976.6205809612911	1976.6205809612911	1976.6205809612911	14.24
1984.5483951443962	1984.5483951443962	1984.5483951443962	1984.5483951443962	1984.5483951443962	1984.5483951443962	14.28
2014.1847532300485	2014.1847532300485	2014.1847532300485	2014.1847532300485	2014.1847532300485	2014.1847532300485	14.32
2012.3140783972963	2012.3140783972963	2012.3140783972963	2012.3140783972963	2012.3140783972963	2012.3140783972963	14.36
2027.0775492587857	2027.0775492587857	2027.0775492587857	2027.0775492587857	2027.0775492587857	2027.0775492587857	14.4
2046.2467960624026	2046.2467960624026	2046.2467960624026	2046.2467960624026	2046.2467960624026	2046.2467960624026	14.44
2068.8146280339374	2068.8146280339374	2068.8146280339374	2068.8146280339374	2068.8146280339374	2068.8146280339374	14.48
2075.80380278002	2075.80380278002	2075.80380278002	2075.80380278002	2075.80380278002	2075.80380278002	14.52
2124.4751435012363	2124.4751435012363	2124.4751435012363	2124.4751435012363	2124.4751435012363	2124.4751435012363	14.56
2124.8029518320513	2124.8029518320513	2124.8029518320513	2124.8029518320513	2124.8029518320513	2124.8029518320513	14.6
2151.5574425146497	2151.5574425146497	2151.5574425146497	2151.5574425146497	2151.5574425146497	2151.5574425146497	14.64
2167.256857117968	2167.256857117968	2167.256857117968	2167.256857117968	2167.256857117968	2167.256857117968	14.68
2182.855885761096	2182.855885761096	2182.855885761096	2182.855885761096	2182.855885761096	2182.855885761096	14.72
2191.1736066988287	2191.1736066988287	2191.1736066988287	2191.1736066988287	2191.1736066988287	2191.1736066988287	14.76
2192.571716026503	2192.571716026503	2192.571716026503	2192.571716026503	2192.571716026503	2192.571716026503	14.8
2167.7168885462656	2167.7168885462656	2167.7168885462656	2167.7168885462656	2167.7168885462656	2167.7168885462656	14.84
2151.3100104908863	2151.3100104908863	2151.3100104908863	2151.3100104908863	2151.3100104908863	2151.3100104908863	14.88
2123.9575947555436	2123.9575947555436	2123.9575947555436	2123.9575947555436	2123.9575947555436	2123.9575947555436	14.92
2105.85724871749	2105.85724871749	2105.85724871749	2105.85724871749	2105.85724871749	2105.85724871749	14.96
2102.1778132380664	2102.1778132380664	2102.1778132380664	2102.1778132380664	2102.1778132380664	2102.1778132380664	15.0
2112.038512867355	2112.038512867355	2112.038512867355	2112.038512867355	2112.038512867355	2112.038512867355	15.04
2122.4869523307725	2122.4869523307725	2122.4869523307725	2122.4869523307725	2122.4869523307725	2122.4869523307725	15.08
2132.9339751281077	2132.9339751281077	2132.9339751281077	2132.9339751281077	2132.9339751281077	2132.9339751281077	15.12
2114.8857132913254	2114.8857132913254	2114.8857132913254	2114.8857132913254	2114.8857132913254	2114.8857132913254	15.16
2106.255329418246	2106.255329418246	2106.255329418246	2106.255329418246	2106.255329418246	2106.255329418246	15.2
2061.7345400908403	2061.7345400908403	2061.7345400908403	2061.7345400908403	2061.7345400908403	2061.7345400908403	15.24
2023.0562112404077	2023.0562112404077	2023.0562112404077	2023.0562112404077	2023.0562112404077	2023.0562112404077	15.28
1990.9786007245245	1990.9786007245245	1990.9786007245245	1990.9786007245245	1990.9786007245245	1990.9786007245245	15.32
1979.778420213691	1979.778420213691	1979.778420213691	1979.778420213691	1979.778420213691	1979.778420213691	15.36
1982.976100435333	1982.976100435333	1982.976100435333	1982.976100435333	1982.976100435333	1982.976100435333	15.4
1979.5059979289115	1979.5059979289115	1979.5059979289115	1979.5059979289115	1979.5059979289115	1979.5059979289115	15.44
1963.676011819755	1963.676011819755	1963.676011819755	1963.676011819755	1963.676011819755	1963.676011819755	15.48
1982.8606323143265	1982.8606323143265	1982.8606323143265	1982.8606323143265	1982.8606323143265	1982.8606323143265	15.52
1990.6535527254516	1990.6535527254516	1990.6535527254516	1990.6535527254516	1990.6535527254516	1990.6535527254516	15.56
2006.5658826169824	2006.5658826169824	2006.5658826169824	2006.5658826169824	2006.5658826169824	2006.5658826169824	15.6
2013.0926281882275	2013.0926281882275	2013.0926281882275	2013.0926281882275	2013.0926281882275	2013.0926281882275	15.64
2032.363951288968	2032.363951288968	2032.363951288968	2032.363951288968	2032.363951288968	2032.363951288968	15.68
2034.0236047189437	2034.0236047189437	2034.0236047189437	2034.0236047189437	2034.0236047189437	2034.0236047189437	15.72
2028.7336434012877	2028.7336434012877	2028.7336434012877	2028.7336434012877	2028.7336434012877	2028.7336434012877	15.76
2035.8767156868441	2035.8767156868441	2035.8767156868441	2035.8767156868441	2035.8767156868441	2035.8767156868441	15.8
2077.6363470794445	2077.6363470794445	2077.6363470794445	2077.6363470794445	2077.6363470794445	2077.6363470794445	15.84
2095.562008851775	2095.562008851775	2095.562008851775	2095.562008851775	2095.562008851775	2095.562008851775	15.88
2101.565209509985	2101.565209509985	2101.565209509985	2101.565209509985	2101.565209509985	2101.565209509985	15.92
2114.71408033794	2114.71408033794	2114.71408033794	2114.71408033794	2114.71408033794	2114.71408033794	15.96
2131.394628254037	2131.394628254037	2131.394628254037	2131.394628254037	2131.394628254037	2131.394628254037	16.0
2155.7161919599507	2155.7161919599507	2155.7161919599507	2155.7161919599507	2155.7161919599507	2155.7161919599507	16.04
2203.8967479868816	2203.8967479868816	2203.8967479868816	2203.8967479868816	2203.8967479868816	2203.8967479868816	16.08
2230.3210316376544	2230.3210316376544	2230.3210316376544	2230.3210316376544	2230.3210316376544	2230.3210316376544	16.12
2273.5058122045775	2273.5058122045775	2273.5058122045775	2273.5058122045775	2273.5058122045775	2273.5058122045775	16.16
2276.6316384416095	2276.6316384416095	2276.6316384416095	2276.6316384416095	2276.6316384416095	2276.6316384416095	16.2
2294.687957858326	2294.687957858326	2294.687957858326	2294.687957858326	2294.687957858326	2294.687957858326	16.24
2332.0261685509518	2332.0261685509518	2332.0261685509518	2332.0261685509518	2332.0261685509518	2332.0261685509518	16.28
2333.572572784647	2333.572572784647	2333.572572784647	2333.572572784647	2333.572572784647	2333.572572784647	16.32
2340.8683549291995	2340.8683549291995	2340.8683549291995	2340.8683549291995	2340.8683549291995	2340.8683549291995	16.36
2357.332964424344	2357.332964424344	2357.332964424344	2357.332964424344	2357.332964424344	2357.332964424344	16.4
0.0	0.0	0.0	0.0	0.0	0.0	16.44
0.0	0.0	0.0	0.0	0.0	0.0	16.48
0.0	0.0	0.0	0.0	0.0	0.0	16.52
0.0	0.0	0.0	0.0	0.0	0.0	16.56
0.0	0.0	0.0	0.0	0.0	0.0	16.6
0.0	0.0	0.0	0.0	0.0	0.0	16.64
0.0	0.0	0.0	0.0	0.0	0.0	16.68
0.0	0.0	0.0	0.0	0.0	0.0	16.72
0.0	0.0	0.0	0.0	0.0	0.0	16.76
0.0	0.0	0.0	0.0	0.0	0.0	16.8
0.0	0.0	0.0	0.0	0.0	0.0	16.84
0.0	0.0	0.0	0.0	0.0	0.0	16.88
0.0	0.0	0.0	0.0	0.0	0.0	16.92
0.0	0.0	0.0	0.0	0.0	0.0	16.96
0.0	0.0	0.0	0.0	0.0	0.0	17.0
0.0	0.0	0.0	0.0	0.0	0.0	17.04
0.0	0.0	0.0	0.0	0.0	0.0	17.08
0.0	0.0	0.0	0.0	0.0	0.0	17.12
0.0	0.0	0.0	0.0	0.0	0.0	17.16
0.0	0.0	0.0	0.0	0.0	0.0	17.2
0.0	0.0	0.0	0.0	0.0	0.0	17.24
0.0	0.0	0.0	0.0	0.0	0.0	17.28
0.0	0.0	0.0	0.0	0.0	0.0	17.32
0.0	0.0	0.0	0.0	0.0	0.0	17.36
0.0	0.0	0.0	0.0	0.0	0.0	17.4
0.0	0.0	0.0	0.0	0.0	0.0	17.44
0.0	0.0	0.0	0.0	0.0	0.0	17.48
0.0	0.0	0.0	0.0	0.0	0.0	17.52
0.0	0.0	0.0	0.0	0.0	0.0	17.56
0.0	0.0	0.0	0.0	0.0	0.0	17.6
0.0	0.0	0.0	0.0	0.0	0.0	17.64
0.0	0.0	0.0	0.0	0.0	0.0	17.68
0.0	0.0	0.0	0.0	0.0	0.0	17.72
0.0	0.0	0.0	0.0	0.0	0.0	17.76
0.0	0.0	0.0	0.0	0.0	0.0	17.8
0.0	0.0	0.0	0.0	0.0	0.0	17.84
0.0	0.0	0.0	0.0	0.0	0.0	17.88
0.0	0.0	0.0	0.0	0.0	0.0	17.92
0.0	0.0	0.0	0.0	0.0	0.0	17.96
0.0	0.0	0.0	0.0	0.0	0.0	18.0
0.0	0.0	0.0	0.0	0.0	0.0	18.04
0.0	0.0	0.0	0.0	0.0	0.0	18.08
0.0	0.0	0.0	0.0	0.0	0.0	18.12
0.0	0.0	0.0	0.0	0.0	0.0	18.16
0.0	0.0	0.0	0.0	0.0	0.0	18.2
0.0	0.0	0.0	0.0	0.0	0.0	18.24
0.0	0.0	0.0	0.0	0.0	0.0	18.28
0.0	0.0	0.0	0.0	0.0	0.0	18.32
0.0	0.0	0.0	0.0	0.0	0.0	18.36
0.0	0.0	0.0	0.0	0.0	0.0	18.4
0.0	0.0	0.0	0.0	0.0	0.0	18.44
0.0	0.0	0.0	0.0	0.0	0.0	18.48
0.0	0.0	0.0	0.0	0.0	0.0	18.52
0.0	0.0	0.0	0.0	0.0	0.0	18.56
0.0	0.0	0.0	0.0	0.0	0.0	18.6
0.0	0.0	0.0	0.0	0.0	0.0	18.64
0.0	0.0	0.0	0.0	0.0	0.0	18.68
0.0	0.0	0.0	0.0	0.0	0.0	18.72
0.0	0.0	0.0	0.0	0.0	0.0	18.76
0.0	0.0	0.0	0.0	0.0	0.0	18.8
0.0	0.0	0.0	0.0	0.0	0.0	18.84
0.0	0.0	0.0	0.0	0.0	0.0	18.88
0.0	0.0	0.0	0.0	0.0	0.0	18.92
0.0	0.0	0.0	0.0	0.0	0.0	18.96
0.0	0.0	0.0	0.0	0.0	0.0	19.0
0.0	0.0	0.0	0.0	0.0	0.0	19.04
0.0	0.0	0.0	0.0	0.0	0.0	19.08
0.0	0.0	0.0	0.0	0.0	0.0	19.12
0.0	0.0	0.0	0.0	0.0	0.0	19.16
0.0	0.0	0.0	0.0	0.0	0.0	19.2
0.0	0.0	0.0	0.0	0.0	0.0	19.24
0.0	0.0	0.0	0.0	0.0	0.0	19.28
0.0	0.0	0.0	0.0	0.0	0.0	19.32
0.0	0.0	0.0	0.0	0.0	0.0	19.36
0.0	0.0	0.0	0.0	0.0	0.0	19.4
0.0	0.0	0.0	0.0	0.0	0.0	19.44
0.0	0.0	0.0	0.0	0.0	0.0	19.48
0.0	0.0	0.0	0.0	0.0	0.0	19.52
0.0	0.0	0.0	0.0	0.0	0.0	19.56
0.0	0.0	0.0	0.0	0.0	0.0	19.6
0.0	0.0	0.0	0.0	0.0	0.0	19.64
0.0	0.0	0.0	0.0	0.0	0.0	19.68
0.0	0.0	0.0	0.0	0.0	0.0	19.72
0.0	0.0	0.0	0.0	0.0	0.0	19.76
0.0	0.0	0.0	0.0	0.0	0.0	19.8
0.0	0.0	0.0	0.0	0.0	0.0	19.84
0.0	0.0	0.0	0.0	0.0	0.0	19.88
0.0	0.0	0.0	0.0	0.0	0.0	19.92
0.0	0.0	0.0	0.0	0.0	0.0	19.96
0.0	0.0	0.0	0.0	0.0	0.0	20.0
0.0	0.0	0.0	0.0	0.0	0.0	20.04
0.0	0.0	0.0	0.0	0.0	0.0	20.08
0.0	0.0	0.0	0.0	0.0	0.0	20.12
0.0	0.0	0.0	0.0	0.0	0.0	20.16
0.0	0.0	0.0	0.0	0.0	0.0	20.2
0.0	0.0	0.0	0.0	0.0	0.0	20.24
0.0	0.0	0.0	0.0	0.0	0.0	20.28
0.0	0.0	0.0	0.0	0.0	0.0	20.32
0.0	0.0	0.0	0.0	0.0	0.0	20.36
0.0	0.0	0.0	0.0	0.0	0.0	20.4
0.0	0.0	0.0	0.0	0.0	0.0	20.44
0.0	0.0	0.0	0.0	0.0	0.0	20.48
0.0	0.0	0.0	0.0	0.0	0.0	20.52
0.0	0.0	0.0	0.0	0.0	0.0	20.56
0.0	0.0	0.0	0.0	0.0	0.0	20.6
0.0	0.0	0.0	0.0	0.0	0.0	20.64
0.0	0.0	0.0	0.0	0.0	0.0	20.68
0.0	0.0	0.0	0.0	0.0	0.0	20.72
0.0	0.0	0.0	0.0	0.0	0.0	20.76
0.0	0.0	0.0	0.0	0.0	0.0	20.8
0.0	0.0	0.0	0.0	0.0	0.0	20.84
0.0	0.0	0.0	0.0	0.0	0.0	20.88
0.0	0.0	0.0	0.0	0.0	0.0	20.92
0.0	0.0	0.0	0.0	0.0	0.0	20.96
0.0	0.0	0.0	0.0	0.0	0.0	21.0
0.0	0.0	0.0	0.0	0.0	0.0	21.04
0.0	0.0	0.0	0.0	0.0	0.0	21.08
0.0	0.0	0.0	0.0	0.0	0.0	21.12
0.0	0.0	0.0	0.0	0.0	0.0	21.16
0.0	0.0	0.0	0.0	0.0	0.0	21.2
0.0	0.0	0.0	0.0	0.0	0.0	21.24
0.0	0.0	0.0	0.0	0.0	0.0	21.28
0.0	0.0	0.0	0.0	0.0	0.0	21.32
0.0	0.0	0.0	0.0	0.0	0.0	21.36
0.0	0.0	0.0	0.0	0.0	0.0	21.4
0.0	0.0	0.0	0.0	0.0	0.0	21.44
0.0	0.0	0.0	0.0	0.0	0.0	21.48
0.0	0.0	0.0	0.0	0.0	0.0	21.52
0.0	0.0	0.0	0.0	0.0	0.0	21.56
0.0	0.0	0.0	0.0	0.0	0.0	21.6
0.0	0.0	0.0	0.0	0.0	0.0	21.64
0.0	0.0	0.0	0.0	0.0	0.0	21.68
0.0	0.0	0.0	0.0	0.0	0.0	21.72
0.0	0.0	0.0	0.0	0.0	0.0	21.76
0.0	0.0	0.0	0.0	0.0	0.0	21.8
0.0	0.0	0.0	0.0	0.0	0.0	21.84
0.0	0.0	0.0	0.0	0.0	0.0	21.88
0.0	0.0	0.0	0.0	0.0	0.0	21.92
0.0	0.0	0.0	0.0	0.0	0.0	21.96
0.0	0.0	0.0	0.0	0.0	0.0	22.0
0.0	0.0	0.0	0.0	0.0	0.0	22.04
0.0	0.0	0.0	0.0	0.0	0.0	22.08
0.0	0.0	0.0	0.0	0.0	0.0	22.12
0.0	0.0	0.0	0.0	0.0	0.0	22.16
0.0	0.0	0.0	0.0	0.0	0.0	22.2
0.0	0.0	0.0	0.0	0.0	0.0	22.24
0.0	0.0	0.0	0.0	0.0	0.0	22.28
0.0	0.0	0.0	0.0	0.0	0.0	22.32
0.0	0.0	0.0	0.0	0.0	0.0	22.36
0.0	0.0	0.0	0.0	0.0	0.0	22.4
0.0	0.0	0.0	0.0	0.0	0.0	22.44
0.0	0.0	0.0	0.0	0.0	0.0	22.48
0.0	0.0	0.0	0.0	0.0	0.0	22.52
0.0	0.0	0.0	0.0	0.0	0.0	22.56
0.0	0.0	0.0	0.0	0.0	0.0	22.6
0.0	0.0	0.0	0.0	0.0	0.0	22.64
0.0	0.0	0.0	0.0	0.0	0.0	22.68
0.0	0.0	0.0	0.0	0.0	0.0	22.72
0.0	0.0	0.0	0.0	0.0	0.0	22.76
0.0	0.0	0.0	0.0	0.0	0.0	22.8
0.0	0.0	0.0	0.0	0.0	0.0	22.84
0.0	0.0	0.0	0.0	0.0	0.0	22.88
0.0	0.0	0.0	0.0	0.0	0.0	22.92
0.0	0.0	0.0	0.0	0.0	0.0	22.96
0.0	0.0	0.0	0.0	0.0	0.0	23.0
0.0	0.0	0.0	0.0	0.0	0.0	23.04
0.0	0.0	0.0	0.0	0.0	0.0	23.08
0.0	0.0	0.0	0.0	0.0	0.0	23.12
0.0	0.0	0.0	0.0	0.0	0.0	23.16
0.0	0.0	0.0	0.0	0.0	0.0	23.2
0.0	0.0	0.0	0.0	0.0	0.0	23.24
0.0	0.0	0.0	0.0	0.0	0.0	23.28
0.0	0.0	0.0	0.0	0.0	0.0	23.32
0.0	0.0	0.0	0.0	0.0	0.0	23.36
0.0	0.0	0.0	0.0	0.0	0.0	23.4
0.0	0.0	0.0	0.0	0.0	0.0	23.44
0.0	0.0	0.0	0.0	0.0	0.0	23.48
0.0	0.0	0.0	0.0	0.0	0.0	23.52
0.0	0.0	0.0	0.0	0.0	0.0	23.56
0.0	0.0	0.0	0.0	0.0	0.0	23.6
0.0	0.0	0.0	0.0	0.0	0.0	23.64
0.0	0.0	0.0	0.0	0.0	0.0	23.68
0.0	0.0	0.0	0.0	0.0	0.0	23.72
0.0	0.0	0.0	0.0	0.0	0.0	23.76
0.0	0.0	0.0	0.0	0.0	0.0	23.8
0.0	0.0	0.0	0.0	0.0	0.0	23.84
0.0	0.0	0.0	0.0	0.0	0.0	23.88
0.0	0.0	0.0	0.0	0.0	0.0	23.92
0.0	0.0	0.0	0.0	0.0	0.0	23.96
0.0	0.0	0.0	0.0	0.0	0.0	24.0
0.0	0.0	0.0	0.0	0.0	0.0	24.04
0.0	0.0	0.0	0.0	0.0	0.0	24.08
0.0	0.0	0.0	0.0	0.0	0.0	24.12
0.0	0.0	0.0	0.0	0.0	0.0	24.16
0.0	0.0	0.0	0.0	0.0	0.0	24.2
0.0	0.0	0.0	0.0	0.0	0.0	24.24
0.0	0.0	0.0	0.0	0.0	0.0	24.28
0.0	0.0	0.0	0.0	0.0	0.0	24.32
0.0	0.0	0.0	0.0	0.0	0.0	24.36
0.0	0.0	0.0	0.0	0.0	0.0	24.4
0.0	0.0	0.0	0.0	0.0	0.0	24.44
0.0	0.0	0.0	0.0	0.0	0.0	24.48
0.0	0.0	0.0	0.0	0.0	0.0	24.52
0.0	0.0	0.0	0.0	0.0	0.0	24.56
0.0	0.0	0.0	0.0	0.0	0.0	24.6
0.0	0.0	0.0	0.0	0.0	0.0	24.64
0.0	0.0	0.0	0.0	0.0	0.0	24.68
0.0	0.0	0.0	0.0	0.0	0.0	24.72
0.0	0.0	0.0	0.0	0.0	0.0	24.76
0.0	0.0	0.0	0.0	0.0	0.0	24.8
0.0	0.0	0.0	0.0	0.0	0.0	24.84
0.0	0.0	0.0	0.0	0.0	0.0	24.88
0.0	0.0	0.0	0.0	0.0	0.0	24.92
0.0	0.0	0.0	0.0	0.0	0.0	24.96
0.0	0.0	0.0	0.0	0.0	0.0	25.0
0.0	0.0	0.0	0.0	0.0	0.0	25.04
0.0	0.0	0.0	0.0	0.0	0.0	25.08
0.0	0.0	0.0	0.0	0.0	0.0	25.12
0.0	0.0	0.0	0.0	0.0	0.0	25.16
0.0	0.0	0.0	0.0	0.0	0.0	25.2
0.0	0.0	0.0	0.0	0.0	0.0	25.24
0.0	0.0	0.0	0.0	0.0	0.0	25.28
0.0	0.0	0.0	0.0	0.0	0.0	25.32
0.0	0.0	0.0	0.0	0.0	0.0	25.36
0.0	0.0	0.0	0.0	0.0	0.0	25.4
0.0	0.0	0.0	0.0	0.0	0.0	25.44
0.0	0.0	0.0	0.0	0.0	0.0	25.48
0.0	0.0	0.0	0.0	0.0	0.0	25.52
0.0	0.0	0.0	0.0	0.0	0.0	25.56
0.0	0.0	0.0	0.0	0.0	0.0	25.6
0.0	0.0	0.0	0.0	0.0	0.0	25.64
0.0	0.0	0.0	0.0	0.0	0.0	25.68
0.0	0.0	0.0	0.0	0.0	0.0	25.72
0.0	0.0	0.0	0.0	0.0	0.0	25.76
0.0	0.0	0.0	0.0	0.0	0.0	25.8
0.0	0.0	0.0	0.0	0.0	0.0	25.84
0.0	0.0	0.0	0.0	0.0	0.0	25.88
0.0	0.0	0.0	0.0	0.0	0.0	25.92
0.0	0.0	0.0	0.0	0.0	0.0	25.96
0.0	0.0	0.0	0.0	0.0	0.0	26.0
0.0	0.0	0.0	0.0	0.0	0.0	26.04
0.0	0.0	0.0	0.0	0.0	0.0	26.08
0.0	0.0	0.0	0.0	0.0	0.0	26.12
0.0	0.0	0.0	0.0	0.0	0.0	26.16
0.0	0.0	0.0	0.0	0.0	0.0	26.2
0.0	0.0	0.0	0.0	0.0	0.0	26.24
0.0	0.0	0.0	0.0	0.0	0.0	26.28
0.0	0.0	0.0	0.0	0.0	0.0	26.32
0.0	0.0	0.0	0.0	0.0	0.0	26.36
0.0	0.0	0.0	0.0	0.0	0.0	26.4
0.0	0.0	0.0	0.0	0.0	0.0	26.44
0.0	0.0	0.0	0.0	0.0	0.0	26.48
0.0	0.0	0.0	0.0	0.0	0.0	26.52
0.0	0.0	0.0	0.0	0.0	0.0	26.56
0.0	0.0	0.0	0.0	0.0	0.0	26.6
0.0	0.0	0.0	0.0	0.0	0.0	26.64
0.0	0.0	0.0	0.0	0.0	0.0	26.68
0.0	0.0	0.0	0.0	0.0	0.0	26.72
0.0	0.0	0.0	0.0	0.0	0.0	26.76
0.0	0.0	0.0	0.0	0.0	0.0	26.8
0.0	0.0	0.0	0.0	0.0	0.0	26.84
0.0	0.0	0.0	0.0	0.0	0.0	26.88
0.0	0.0	0.0	0.0	0.0	0.0	26.92
0.0	0.0	0.0	0.0	0.0	0.0	26.96
0.0	0.0	0.0	0.0	0.0	0.0	27.0
0.0	0.0	0.0	0.0	0.0	0.0	27.04
0.0	0.0	0.0	0.0	0.0	0.0	27.08
0.0	0.0	0.0	0.0	0.0	0.0	27.12
0.0	0.0	0.0	0.0	0.0	0.0	27.16
0.0	0.0	0.0	0.0	0.0	0.0	27.2
0.0	0.0	0.0	0.0	0.0	0.0	27.24
0.0	0.0	0.0	0.0	0.0	0.0	27.28
0.0	0.0	0.0	0.0	0.0	0.0	27.32
0.0	0.0	0.0	0.0	0.0	0.0	27.36
0.0	0.0	0.0	0.0	0.0	0.0	27.4
0.0	0.0	0.0	0.0	0.0	0.0	27.44
0.0	0.0	0.0	0.0	0.0	0.0	27.48
0.0	0.0	0.0	0.0	0.0	0.0	27.52
0.0	0.0	0.0	0.0	0.0	0.0	27.56
0.0	0.0	0.0	0.0	0.0	0.0	27.6
0.0	0.0	0.0	0.0	0.0	0.0	27.64
0.0	0.0	0.0	0.0	0.0	0.0	27.68
0.0	0.0	0.0	0.0	0.0	0.0	27.72
0.0	0.0	0.0	0.0	0.0	0.0	27.76
0.0	0.0	0.0	0.0	0.0	0.0	27.8
0.0	0.0	0.0	0.0	0.0	0.0	27.84
0.0	0.0	0.0	0.0	0.0	0.0	27.88
0.0	0.0	0.0	0.0	0.0	0.0	27.92
0.0	0.0	0.0	0.0	0.0	0.0	27.96
0.0	0.0	0.0	0.0	0.0	0.0	28.0
0.0	0.0	0.0	0.0	0.0	0.0	28.04
0.0	0.0	0.0	0.0	0.0	0.0	28.08
0.0	0.0	0.0	0.0	0.0	0.0	28.12
0.0	0.0	0.0	0.0	0.0	0.0	28.16
0.0	0.0	0.0	0.0	0.0	0.0	28.2
0.0	0.0	0.0	0.0	0.0	0.0	28.24
0.0	0.0	0.0	0.0	0.0	0.0	28.28
0.0	0.0	0.0	0.0	0.0	0.0	28.32
0.0	0.0	0.0	0.0	0.0	0.0	28.36
0.0	0.0	0.0	0.0	0.0	0.0	28.4
0.0	0.0	0.0	0.0	0.0	0.0	28.44
0.0	0.0	0.0	0.0	0.0	0.0	28.48
0.0	0.0	0.0	0.0	0.0	0.0	28.52
0.0	0.0	0.0	0.0	0.0	0.0	28.56
0.0	0.0	0.0	0.0	0.0	0.0	28.6
0.0	0.0	0.0	0.0	0.0	0.0	28.64
0.0	0.0	0.0	0.0	0.0	0.0	28.68
0.0	0.0	0.0	0.0	0.0	0.0	28.72
0.0	0.0	0.0	0.0	0.0	0.0	28.76
0.0	0.0	0.0	0.0	0.0	0.0	28.8
0.0	0.0	0.0	0.0	0.0	0.0	28.84
0.0	0.0	0.0	0.0	0.0	0.0	28.88
0.0	0.0	0.0	0.0	0.0	0.0	28.92
0.0	0.0	0.0	0.0	0.0	0.0	28.96
0.0	0.0	0.0	0.0	0.0	0.0	29.0
0.0	0.0	0.0	0.0	0.0	0.0	29.04
0.0	0.0	0.0	0.0	0.0	0.0	29.08
0.0	0.0	0.0	0.0	0.0	0.0	29.12
0.0	0.0	0.0	0.0	0.0	0.0	29.16
0.0	0.0	0.0	0.0	0.0	0.0	29.2
0.0	0.0	0.0	0.0	0.0	0.0	29.24
0.0	0.0	0.0	0.0	0.0	0.0	29.28
0.0	0.0	0.0	0.0	0.0	0.0	29.32
0.0	0.0	0.0	0.0	0.0	0.0	29.36
0.0	0.0	0.0	0.0	0.0	0.0	29.4
0.0	0.0	0.0	0.0	0.0	0.0	29.44
0.0	0.0	0.0	0.0	0.0	0.0	29.48
0.0	0.0	0.0	0.0	0.0	0.0	29.52
0.0	0.0	0.0	0.0	0.0	0.0	29.56
0.0	0.0	0.0	0.0	0.0	0.0	29.6
0.0	0.0	0.0	0.0	0.0	0.0	29.64
0.0	0.0	0.0	0.0	0.0	0.0	29.68
0.0	0.0	0.0	0.0	0.0	0.0	29.72
0.0	0.0	0.0	0.0	0.0	0.0	29.76
0.0	0.0	0.0	0.0	0.0	0.0	29.8
0.0	0.0	0.0	0.0	0.0	0.0	29.84
0.0	0.0	0.0	0.0	0.0	0.0	29.88
0.0	0.0	0.0	0.0	0.0	0.0	29.92
0.0	0.0	0.0	0.0	0.0	0.0	29.96
0.0	0.0	0.0	0.0	0.0	0.0	30.0
0.0	0.0	0.0	0.0	0.0	0.0	30.04
0.0	0.0	0.0	0.0	0.0	0.0	30.08
0.0	0.0	0.0	0.0	0.0	0.0	30.12
0.0	0.0	0.0	0.0	0.0	0.0	30.16
0.0	0.0	0.0	0.0	0.0	0.0	30.2
0.0	0.0	0.0	0.0	0.0	0.0	30.24
0.0	0.0	0.0	0.0	0.0	0.0	30.28
0.0	0.0	0.0	0.0	0.0	0.0	30.32
0.0	0.0	0.0	0.0	0.0	0.0	30.36
0.0	0.0	0.0	0.0	0.0	0.0	30.4
0.0	0.0	0.0	0.0	0.0	0.0	30.44
0.0	0.0	0.0	0.0	0.0	0.0	30.48
0.0	0.0	0.0	0.0	0.0	0.0	30.52
0.0	0.0	0.0	0.0	0.0	0.0	30.56
0.0	0.0	0.0	0.0	0.0	0.0	30.6
0.0	0.0	0.0	0.0	0.0	0.0	30.64
0.0	0.0	0.0	0.0	0.0	0.0	30.68
0.0	0.0	0.0	0.0	0.0	0.0	30.72
0.0	0.0	0.0	0.0	0.0	0.0	30.76
0.0	0.0	0.0	0.0	0.0	0.0	30.8
0.0	0.0	0.0	0.0	0.0	0.0	30.84
0.0	0.0	0.0	0.0	0.0	0.0	30.88
0.0	0.0	0.0	0.0	0.0	0.0	30.92
0.0	0.0	0.0	0.0	0.0	0.0	30.96
0.0	0.0	0.0	0.0	0.0	0.0	31.0
0.0	0.0	0.0	0.0	0.0	0.0	31.04
0.0	0.0	0.0	0.0	0.0	0.0	31.08
0.0	0.0	0.0	0.0	0.0	0.0	31.12
0.0	0.0	0.0	0.0	0.0	0.0	31.16
0.0	0.0	0.0	0.0	0.0	0.0	31.2
0.0	0.0	0.0	0.0	0.0	0.0	31.24
0.0	0.0	0.0	0.0	0.0	0.0	31.28
0.0	0.0	0.0	0.0	0.0	0.0	31.32
0.0	0.0	0.0	0.0	0.0	0.0	31.36
0.0	0.0	0.0	0.0	0.0	0.0	31.4
0.0	0.0	0.0	0.0	0.0	0.0	31.44
0.0	0.0	0.0	0.0	0.0	0.0	31.48
0.0	0.0	0.0	0.0	0.0	0.0	31.52
0.0	0.0	0.0	0.0	0.0	0.0	31.56
0.0	0.0	0.0	0.0	0.0	0.0	31.6
0.0	0.0	0.0	0.0	0.0	0.0	31.64
0.0	0.0	0.0	0.0	0.0	0.0	31.68
0.0	0.0	0.0	0.0	0.0	0.0	31.72
0.0	0.0	0.0	0.0	0.0	0.0	31.76
0.0	0.0	0.0	0.0	0.0	0.0	31.8
0.0	0.0	0.0	0.0	0.0	0.0	31.84
0.0	0.0	0.0	0.0	0.0	0.0	31.88
0.0	0.0	0.0	0.0	0.0	0.0	31.92
0.0	0.0	0.0	0.0	0.0	0.0	31.96
0.0	0.0	0.0	0.0	0.0	0.0	32.0
0.0	0.0	0.0	0.0	0.0	0.0	32.04
0.0	0.0	0.0	0.0	0.0	0.0	32.08
0.0	0.0	0.0	0.0	0.0	0.0	32.12
0.0	0.0	0.0	0.0	0.0	0.0	32.16
0.0	0.0	0.0	0.0	0.0	0.0	32.2
0.0	0.0	0.0	0.0	0.0	0.0	32.24
0.0	0.0	0.0	0.0	0.0	0.0	32.28
0.0	0.0	0.0	0.0	0.0	0.0	32.32
0.0	0.0	0.0	0.0	0.0	0.0	32.36
0.0	0.0	0.0	0.0	0.0	0.0	32.4
0.0	0.0	0.0	0.0	0.0	0.0	32.44
0.0	0.0	0.0	0.0	0.0	0.0	32.48
0.0	0.0	0.0	0.0	0.0	0.0	32.52
0.0	0.0	0.0	0.0	0.0	0.0	32.56
0.0	0.0	0.0	0.0	0.0	0.0	32.6
0.0	0.0	0.0	0.0	0.0	0.0	32.64
0.0	0.0	0.0	0.0	0.0	0.0	32.68
0.0	0.0	0.0	0.0	0.0	0.0	32.72
0.0	0.0	0.0	0.0	0.0	0.0	32.76
0.0	0.0	0.0	0.0	0.0	0.0	32.8
0.0	0.0	0.0	0.0	0.0	0.0	32.84
0.0	0.0	0.0	0.0	0.0	0.0	32.88
0.0	0.0	0.0	0.0	0.0	0.0	32.92
0.0	0.0	0.0	0.0	0.0	0.0	32.96
0.0	0.0	0.0	0.0	0.0	0.0	33.0
0.0	0.0	0.0	0.0	0.0	0.0	33.04
0.0	0.0	0.0	0.0	0.0	0.0	33.08
0.0	0.0	0.0	0.0	0.0	0.0	33.12
0.0	0.0	0.0	0.0	0.0	0.0	33.16
0.0	0.0	0.0	0.0	0.0	0.0	33.2
0.0	0.0	0.0	0.0	0.0	0.0	33.24
0.0	0.0	0.0	0.0	0.0	0.0	33.28
0.0	0.0	0.0	0.0	0.0	0.0	33.32
0.0	0.0	0.0	0.0	0.0	0.0	33.36
0.0	0.0	0.0	0.0	0.0	0.0	33.4
0.0	0.0	0.0	0.0	0.0	0.0	33.44
0.0	0.0	0.0	0.0	0.0	0.0	33.48
0.0	0.0	0.0	0.0	0.0	0.0	33.52
0.0	0.0	0.0	0.0	0.0	0.0	33.56
0.0	0.0	0.0	0.0	0.0	0.0	33.6
0.0	0.0	0.0	0.0	0.0	0.0	33.64
0.0	0.0	0.0	0.0	0.0	0.0	33.68
0.0	0.0	0.0	0.0	0.0	0.0	33.72
0.0	0.0	0.0	0.0	0.0	0.0	33.76
0.0	0.0	0.0	0.0	0.0	0.0	33.8
0.0	0.0	0.0	0.0	0.0	0.0	33.84
0.0	0.0	0.0	0.0	0.0	0.0	33.88
0.0	0.0	0.0	0.0	0.0	0.0	33.92
0.0	0.0	0.0	0.0	0.0	0.0	33.96
0.0	0.0	0.0	0.0	0.0	0.0	34.0
0.0	0.0	0.0	0.0	0.0	0.0	34.04
0.0	0.0	0.0	0.0	0.0	0.0	34.08
0.0	0.0	0.0	0.0	0.0	0.0	34.12
0.0	0.0	0.0	0.0	0.0	0.0	34.16
0.0	0.0	0.0	0.0	0.0	0.0	34.2
0.0	0.0	0.0	0.0	0.0	0.0	34.24
0.0	0.0	0.0	0.0	0.0	0.0	34.28
0.0	0.0	0.0	0.0	0.0	0.0	34.32
0.0	0.0	0.0	0.0	0.0	0.0	34.36
0.0	0.0	0.0	0.0	0.0	0.0	34.4
0.0	0.0	0.0	0.0	0.0	0.0	34.44
0.0	0.0	0.0	0.0	0.0	0.0	34.48
0.0	0.0	0.0	0.0	0.0	0.0	34.52
0.0	0.0	0.0	0.0	0.0	0.0	34.56
0.0	0.0	0.0	0.0	0.0	0.0	34.6
0.0	0.0	0.0	0.0	0.0	0.0	34.64
0.0	0.0	0.0	0.0	0.0	0.0	34.68
0.0	0.0	0.0	0.0	0.0	0.0	34.72
0.0	0.0	0.0	0.0	0.0	0.0	34.76
0.0	0.0	0.0	0.0	0.0	0.0	34.8
0.0	0.0	0.0	0.0	0.0	0.0	34.84
0.0	0.0	0.0	0.0	0.0	0.0	34.88
0.0	0.0	0.0	0.0	0.0	0.0	34.92
0.0	0.0	0.0	0.0	0.0	0.0	34.96
0.0	0.0	0.0	0.0	0.0	0.0	35.0
0.0	0.0	0.0	0.0	0.0	0.0	35.04
0.0	0.0	0.0	0.0	0.0	0.0	35.08
0.0	0.0	0.0	0.0	0.0	0.0	35.12
0.0	0.0	0.0	0.0	0.0	0.0	35.16
0.0	0.0	0.0	0.0	0.0	0.0	35.2
0.0	0.0	0.0	0.0	0.0	0.0	35.24
0.0	0.0	0.0	0.0	0.0	0.0	35.28
0.0	0.0	0.0	0.0	0.0	0.0	35.32
0.0	0.0	0.0	0.0	0.0	0.0	35.36
0.0	0.0	0.0	0.0	0.0	0.0	35.4
0.0	0.0	0.0	0.0	0.0	0.0	35.44
0.0	0.0	0.0	0.0	0.0	0.0	35.48
0.0	0.0	0.0	0.0	0.0	0.0	35.52
0.0	0.0	0.0	0.0	0.0	0.0	35.56
0.0	0.0	0.0	0.0	0.0	0.0	35.6
0.0	0.0	0.0	0.0	0.0	0.0	35.64
0.0	0.0	0.0	0.0	0.0	0.0	35.68
0.0	0.0	0.0	0.0	0.0	0.0	35.72
0.0	0.0	0.0	0.0	0.0	0.0	35.76
0.0	0.0	0.0	0.0	0.0	0.0	35.8
0.0	0.0	0.0	0.0	0.0	0.0	35.84
0.0	0.0	0.0	0.0	0.0	0.0	35.88
0.0	0.0	0.0	0.0	0.0	0.0	35.92
0.0	0.0	0.0	0.0	0.0	0.0	35.96
0.0	0.0	0.0	0.0	0.0	0.0	36.0
0.0	0.0	0.0	0.0	0.0	0.0	36.04
0.0	0.0	0.0	0.0	0.0	0.0	36.08
0.0	0.0	0.0	0.0	0.0	0.0	36.12
0.0	0.0	0.0	0.0	0.0	0.0	36.16
0.0	0.0	0.0	0.0	0.0	0.0	36.2
0.0	0.0	0.0	0.0	0.0	0.0	36.24
0.0	0.0	0.0	0.0	0.0	0.0	36.28
0.0	0.0	0.0	0.0	0.0	0.0	36.32
0.0	0.0	0.0	0.0	0.0	0.0	36.36
0.0	0.0	0.0	0.0	0.0	0.0	36.4
0.0	0.0	0.0	0.0	0.0	0.0	36.44
0.0	0.0	0.0	0.0	0.0	0.0	36.48
0.0	0.0	0.0	0.0	0.0	0.0	36.52
0.0	0.0	0.0	0.0	0.0	0.0	36.56
0.0	0.0	0.0	0.0	0.0	0.0	36.6
0.0	0.0	0.0	0.0	0.0	0.0	36.64
0.0	0.0	0.0	0.0	0.0	0.0	36.68
0.0	0.0	0.0	0.0	0.0	0.0	36.72
0.0	0.0	0.0	0.0	0.0	0.0	36.76
0.0	0.0	0.0	0.0	0.0	0.0	36.8
0.0	0.0	0.0	0.0	0.0	0.0	36.84
0.0	0.0	0.0	0.0	0.0	0.0	36.88
0.0	0.0	0.0	0.0	0.0	0.0	36.92
0.0	0.0	0.0	0.0	0.0	0.0	36.96
0.0	0.0	0.0	0.0	0.0	0.0	37.0
0.0	0.0	0.0	0.0	0.0	0.0	37.04
0.0	0.0	0.0	0.0	0.0	0.0	37.08
0.0	0.0	0.0	0.0	0.0	0.0	37.12
0.0	0.0	0.0	0.0	0.0	0.0	37.16
0.0	0.0	0.0	0.0	0.0	0.0	37.2
0.0	0.0	0.0	0.0	0.0	0.0	37.24
0.0	0.0	0.0	0.0	0.0	0.0	37.28
0.0	0.0	0.0	0.0	0.0	0.0	37.32
0.0	0.0	0.0	0.0	0.0	0.0	37.36
0.0	0.0	0.0	0.0	0.0	0.0	37.4
0.0	0.0	0.0	0.0	0.0	0.0	37.44
0.0	0.0	0.0	0.0	0.0	0.0	37.48
0.0	0.0	0.0	0.0	0.0	0.0	37.52
0.0	0.0	0.0	0.0	0.0	0.0	37.56
0.0	0.0	0.0	0.0	0.0	0.0	37.6
0.0	0.0	0.0	0.0	0.0	0.0	37.64
0.0	0.0	0.0	0.0	0.0	0.0	37.68
0.0	0.0	0.0	0.0	0.0	0.0	37.72
0.0	0.0	0.0	0.0	0.0	0.0	37.76
0.0	0.0	0.0	0.0	0.0	0.0	37.8
0.0	0.0	0.0	0.0	0.0	0.0	37.84
0.0	0.0	0.0	0.0	0.0	0.0	37.88
0.0	0.0	0.0	0.0	0.0	0.0	37.92
0.0	0.0	0.0	0.0	0.0	0.0	37.96
0.0	0.0	0.0	0.0	0.0	0.0	38.0
0.0	0.0	0.0	0.0	0.0	0.0	38.04
0.0	0.0	0.0	0.0	0.0	0.0	38.08
0.0	0.0	0.0	0.0	0.0	0.0	38.12
0.0	0.0	0.0	0.0	0.0	0.0	38.16
0.0	0.0	0.0	0.0	0.0	0.0	38.2
0.0	0.0	0.0	0.0	0.0	0.0	38.24
0.0	0.0	0.0	0.0	0.0	0.0	38.28
0.0	0.0	0.0	0.0	0.0	0.0	38.32
0.0	0.0	0.0	0.0	0.0	0.0	38.36
0.0	0.0	0.0	0.0	0.0	0.0	38.4
0.0	0.0	0.0	0.0	0.0	0.0	38.44
0.0	0.0	0.0	0.0	0.0	0.0	38.48
0.0	0.0	0.0	0.0	0.0	0.0	38.52
0.0	0.0	0.0	0.0	0.0	0.0	38.56
0.0	0.0	0.0	0.0	0.0	0.0	38.6
0.0	0.0	0.0	0.0	0.0	0.0	38.64
0.0	0.0	0.0	0.0	0.0	0.0	38.68
0.0	0.0	0.0	0.0	0.0	0.0	38.72
0.0	0.0	0.0	0.0	0.0	0.0	38.76
0.0	0.0	0.0	0.0	0.0	0.0	38.8
0.0	0.0	0.0	0.0	0.0	0.0	38.84
0.0	0.0	0.0	0.0	0.0	0.0	38.88
0.0	0.0	0.0	0.0	0.0	0.0	38.92
0.0	0.0	0.0	0.0	0.0	0.0	38.96
0.0	0.0	0.0	0.0	0.0	0.0	39.0
0.0	0.0	0.0	0.0	0.0	0.0	39.04
0.0	0.0	0.0	0.0	0.0	0.0	39.08
0.0	0.0	0.0	0.0	0.0	0.0	39.12
0.0	0.0	0.0	0.0	0.0	0.0	39.16
0.0	0.0	0.0	0.0	0.0	0.0	39.2
0.0	0.0	0.0	0.0	0.0	0.0	39.24
0.0	0.0	0.0	0.0	0.0	0.0	39.28
0.0	0.0	0.0	0.0	0.0	0.0	39.32
0.0	0.0	0.0	0.0	0.0	0.0	39.36
0.0	0.0	0.0	0.0	0.0	0.0	39.4
0.0	0.0	0.0	0.0	0.0	0.0	39.44
0.0	0.0	0.0	0.0	0.0	0.0	39.48
0.0	0.0	0.0	0.0	0.0	0.0	39.52
0.0	0.0	0.0	0.0	0.0	0.0	39.56
0.0	0.0	0.0	0.0	0.0	0.0	39.6
0.0	0.0	0.0	0.0	0.0	0.0	39.64
0.0	0.0	0.0	0.0	0.0	0.0	39.68
0.0	0.0	0.0	0.0	0.0	0.0	39.72
0.0	0.0	0.0	0.0	0.0	0.0	39.76
0.0	0.0	0.0	0.0	0.0	0.0	39.8
0.0	0.0	0.0	0.0	0.0	0.0	39.84
0.0	0.0	0.0	0.0	0.0	0.0	39.88
0.0	0.0	0.0	0.0	0.0	0.0	39.92
0.0	0.0	0.0	0.0	0.0	0.0	39.96
0.0	0.0	0.0	0.0	0.0	0.0	40.0
0.0	0.0	0.0	0.0	0.0	0.0	40.04
0.0	0.0	0.0	0.0	0.0	0.0	40.08
0.0	0.0	0.0	0.0	0.0	0.0	40.12
0.0	0.0	0.0	0.0	0.0	0.0	40.16
0.0	0.0	0.0	0.0	0.0	0.0	40.2
0.0	0.0	0.0	0.0	0.0	0.0	40.24
0.0	0.0	0.0	0.0	0.0	0.0	40.28
0.0	0.0	0.0	0.0	0.0	0.0	40.32
0.0	0.0	0.0	0.0	0.0	0.0	40.36
0.0	0.0	0.0	0.0	0.0	0.0	40.4
0.0	0.0	0.0	0.0	0.0	0.0	40.44
0.0	0.0	0.0	0.0	0.0	0.0	40.48
0.0	0.0	0.0	0.0	0.0	0.0	40.52
0.0	0.0	0.0	0.0	0.0	0.0	40.56
0.0	0.0	0.0	0.0	0.0	0.0	40.6
0.0	0.0	0.0	0.0	0.0	0.0	40.64
0.0	0.0	0.0	0.0	0.0	0.0	40.68
0.0	0.0	0.0	0.0	0.0	0.0	40.72
0.0	0.0	0.0	0.0	0.0	0.0	40.76
0.0	0.0	0.0	0.0	0.0	0.0	40.8
0.0	0.0	0.0	0.0	0.0	0.0	40.84
0.0	0.0	0.0	0.0	0.0	0.0	40.88
0.0	0.0	0.0	0.0	0.0	0.0	40.92
0.0	0.0	0.0	0.0	0.0	0.0	40.96
0.0	0.0	0.0	0.0	0.0	0.0	41.0
0.0	0.0	0.0	0.0	0.0	0.0	41.04
0.0	0.0	0.0	0.0	0.0	0.0	41.08
0.0	0.0	0.0	0.0	0.0	0.0	41.12
0.0	0.0	0.0	0.0	0.0	0.0	41.16
0.0	0.0	0.0	0.0	0.0	0.0	41.2
0.0	0.0	0.0	0.0	0.0	0.0	41.24
0.0	0.0	0.0	0.0	0.0	0.0	41.28
0.0	0.0	0.0	0.0	0.0	0.0	41.32
0.0	0.0	0.0	0.0	0.0	0.0	41.36
0.0	0.0	0.0	0.0	0.0	0.0	41.4
0.0	0.0	0.0	0.0	0.0	0.0	41.44
0.0	0.0	0.0	0.0	0.0	0.0	41.48
0.0	0.0	0.0	0.0	0.0	0.0	41.52
0.0	0.0	0.0	0.0	0.0	0.0	41.56
0.0	0.0	0.0	0.0	0.0	0.0	41.6
0.0	0.0	0.0	0.0	0.0	0.0	41.64
0.0	0.0	0.0	0.0	0.0	0.0	41.68
0.0	0.0	0.0	0.0	0.0	0.0	41.72
0.0	0.0	0.0	0.0	0.0	0.0	41.76
0.0	0.0	0.0	0.0	0.0	0.0	41.8
0.0	0.0	0.0	0.0	0.0	0.0	41.84
0.0	0.0	0.0	0.0	0.0	0.0	41.88
0.0	0.0	0.0	0.0	0.0	0.0	41.92
0.0	0.0	0.0	0.0	0.0	0.0	41.96
0.0	0.0	0.0	0.0	0.0	0.0	42.0
0.0	0.0	0.0	0.0	0.0	0.0	42.04
0.0	0.0	0.0	0.0	0.0	0.0	42.08
0.0	0.0	0.0	0.0	0.0	0.0	42.12
0.0	0.0	0.0	0.0	0.0	0.0	42.16
0.0	0.0	0.0	0.0	0.0	0.0	42.2
0.0	0.0	0.0	0.0	0.0	0.0	42.24
0.0	0.0	0.0	0.0	0.0	0.0	42.28
0.0	0.0	0.0	0.0	0.0	0.0	42.32
0.0	0.0	0.0	0.0	0.0	0.0	42.36
0.0	0.0	0.0	0.0	0.0	0.0	42.4
0.0	0.0	0.0	0.0	0.0	0.0	42.44
0.0	0.0	0.0	0.0	0.0	0.0	42.48
0.0	0.0	0.0	0.0	0.0	0.0	42.52
0.0	0.0	0.0	0.0	0.0	0.0	42.56
0.0	0.0	0.0	0.0	0.0	0.0	42.6
0.0	0.0	0.0	0.0	0.0	0.0	42.64
0.0	0.0	0.0	0.0	0.0	0.0	42.68
0.0	0.0	0.0	0.0	0.0	0.0	42.72
0.0	0.0	0.0	0.0	0.0	0.0	42.76
0.0	0.0	0.0	0.0	0.0	0.0	42.8
0.0	0.0	0.0	0.0	0.0	0.0	42.84
0.0	0.0	0.0	0.0	0.0	0.0	42.88
0.0	0.0	0.0	0.0	0.0	0.0	42.92
0.0	0.0	0.0	0.0	0.0	0.0	42.96
0.0	0.0	0.0	0.0	0.0	0.0	43.0
0.0	0.0	0.0	0.0	0.0	0.0	43.04
0.0	0.0	0.0	0.0	0.0	0.0	43.08
0.0	0.0	0.0	0.0	0.0	0.0	43.12
0.0	0.0	0.0	0.0	0.0	0.0	43.16
0.0	0.0	0.0	0.0	0.0	0.0	43.2
0.0	0.0	0.0	0.0	0.0	0.0	43.24
0.0	0.0	0.0	0.0	0.0	0.0	43.28
0.0	0.0	0.0	0.0	0.0	0.0	43.32
0.0	0.0	0.0	0.0	0.0	0.0	43.36
0.0	0.0	0.0	0.0	0.0	0.0	43.4
0.0	0.0	0.0	0.0	0.0	0.0	43.44
0.0	0.0	0.0	0.0	0.0	0.0	43.48
0.0	0.0	0.0	0.0	0.0	0.0	43.52
0.0	0.0	0.0	0.0	0.0	0.0	43.56
0.0	0.0	0.0	0.0	0.0	0.0	43.6
0.0	0.0	0.0	0.0	0.0	0.0	43.64
0.0	0.0	0.0	0.0	0.0	0.0	43.68
0.0	0.0	0.0	0.0	0.0	0.0	43.72
0.0	0.0	0.0	0.0	0.0	0.0	43.76
0.0	0.0	0.0	0.0	0.0	0.0	43.8
0.0	0.0	0.0	0.0	0.0	0.0	43.84
0.0	0.0	0.0	0.0	0.0	0.0	43.88
0.0	0.0	0.0	0.0	0.0	0.0	43.92
0.0	0.0	0.0	0.0	0.0	0.0	43.96
0.0	0.0	0.0	0.0	0.0	0.0	44.0
0.0	0.0	0.0	0.0	0.0	0.0	44.04
0.0	0.0	0.0	0.0	0.0	0.0	44.08
0.0	0.0	0.0	0.0	0.0	0.0	44.12
0.0	0.0	0.0	0.0	0.0	0.0	44.16
0.0	0.0	0.0	0.0	0.0	0.0	44.2
0.0	0.0	0.0	0.0	0.0	0.0	44.24
0.0	0.0	0.0	0.0	0.0	0.0	44.28
0.0	0.0	0.0	0.0	0.0	0.0	44.32
0.0	0.0	0.0	0.0	0.0	0.0	44.36
0.0	0.0	0.0	0.0	0.0	0.0	44.4
0.0	0.0	0.0	0.0	0.0	0.0	44.44
0.0	0.0	0.0	0.0	0.0	0.0	44.48
0.0	0.0	0.0	0.0	0.0	0.0	44.52
2365.2164277761094	2365.2164277761094	2365.2164277761094	2365.2164277761094	2365.2164277761094	2365.2164277761094	44.56
2357.385323390321	2357.385323390321	2357.385323390321	2357.385323390321	2357.385323390321	2357.385323390321	44.6
2352.7019321284156	2352.7019321284156	2352.7019321284156	2352.7019321284156	2352.7019321284156	2352.7019321284156	44.64
0.0	0.0	0.0	0.0	0.0	0.0	44.68
0.0	0.0	0.0	0.0	0.0	0.0	44.72
0.0	0.0	0.0	0.0	0.0	0.0	44.76
0.0	0.0	0.0	0.0	0.0	0.0	44.8
0.0	0.0	0.0	0.0	0.0	0.0	44.84
0.0	0.0	0.0	0.0	0.0	0.0	44.88
0.0	0.0	0.0	0.0	0.0	0.0	44.92
0.0	0.0	0.0	0.0	0.0	0.0	44.96
0.0	0.0	0.0	0.0	0.0	0.0	45.0
0.0	0.0	0.0	0.0	0.0	0.0	45.04
0.0	0.0	0.0	0.0	0.0	0.0	45.08
0.0	0.0	0.0	0.0	0.0	0.0	45.12
0.0	0.0	0.0	0.0	0.0	0.0	45.16
0.0	0.0	0.0	0.0	0.0	0.0	45.2
0.0	0.0	0.0	0.0	0.0	0.0	45.24
0.0	0.0	0.0	0.0	0.0	0.0	45.28
0.0	0.0	0.0	0.0	0.0	0.0	45.32
0.0	0.0	0.0	0.0	0.0	0.0	45.36
0.0	0.0	0.0	0.0	0.0	0.0	45.4
0.0	0.0	0.0	0.0	0.0	0.0	45.44
0.0	0.0	0.0	0.0	0.0	0.0	45.48
0.0	0.0	0.0	0.0	0.0	0.0	45.52
0.0	0.0	0.0	0.0	0.0	0.0	45.56
0.0	0.0	0.0	0.0	0.0	0.0	45.6
0.0	0.0	0.0	0.0	0.0	0.0	45.64
0.0	0.0	0.0	0.0	0.0	0.0	45.68
0.0	0.0	0.0	0.0	0.0	0.0	45.72
0.0	0.0	0.0	0.0	0.0	0.0	45.76
0.0	0.0	0.0	0.0	0.0	0.0	45.8
0.0	0.0	0.0	0.0	0.0	0.0	45.84
0.0	0.0	0.0	0.0	0.0	0.0	45.88
0.0	0.0	0.0	0.0	0.0	0.0	45.92
0.0	0.0	0.0	0.0	0.0	0.0	45.96
0.0	0.0	0.0	0.0	0.0	0.0	46.0
0.0	0.0	0.0	0.0	0.0	0.0	46.04
0.0	0.0	0.0	0.0	0.0	0.0	46.08
0.0	0.0	0.0	0.0	0.0	0.0	46.12
0.0	0.0	0.0	0.0	0.0	0.0	46.16
0.0	0.0	0.0	0.0	0.0	0.0	46.2
0.0	0.0	0.0	0.0	0.0	0.0	46.24
0.0	0.0	0.0	0.0	0.0	0.0	46.28
0.0	0.0	0.0	0.0	0.0	0.0	46.32
0.0	0.0	0.0	0.0	0.0	0.0	46.36
0.0	0.0	0.0	0.0	0.0	0.0	46.4
0.0	0.0	0.0	0.0	0.0	0.0	46.44
0.0	0.0	0.0	0.0	0.0	0.0	46.48
0.0	0.0	0.0	0.0	0.0	0.0	46.52
0.0	0.0	0.0	0.0	0.0	0.0	46.56
0.0	0.0	0.0	0.0	0.0	0.0	46.6
0.0	0.0	0.0	0.0	0.0	0.0	46.64
0.0	0.0	0.0	0.0	0.0	0.0	46.68
0.0	0.0	0.0	0.0	0.0	0.0	46.72
0.0	0.0	0.0	0.0	0.0	0.0	46.76
0.0	0.0	0.0	0.0	0.0	0.0	46.8
0.0	0.0	0.0	0.0	0.0	0.0	46.84
0.0	0.0	0.0	0.0	0.0	0.0	46.88
0.0	0.0	0.0	0.0	0.0	0.0	46.92
0.0	0.0	0.0	0.0	0.0	0.0	46.96
0.0	0.0	0.0	0.0	0.0	0.0	47.0
0.0	0.0	0.0	0.0	0.0	0.0	47.04
0.0	0.0	0.0	0.0	0.0	0.0	47.08
0.0	0.0	0.0	0.0	0.0	0.0	47.12
0.0	0.0	0.0	0.0	0.0	0.0	47.16
0.0	0.0	0.0	0.0	0.0	0.0	47.2
0.0	0.0	0.0	0.0	0.0	0.0	47.24
0.0	0.0	0.0	0.0	0.0	0.0	47.28
0.0	0.0	0.0	0.0	0.0	0.0	47.32
0.0	0.0	0.0	0.0	0.0	0.0	47.36
0.0	0.0	0.0	0.0	0.0	0.0	47.4
0.0	0.0	0.0	0.0	0.0	0.0	47.44
0.0	0.0	0.0	0.0	0.0	0.0	47.48
0.0	0.0	0.0	0.0	0.0	0.0	47.52
0.0	0.0	0.0	0.0	0.0	0.0	47.56
0.0	0.0	0.0	0.0	0.0	0.0	47.6
0.0	0.0	0.0	0.0	0.0	0.0	47.64
0.0	0.0	0.0	0.0	0.0	0.0	47.68
0.0	0.0	0.0	0.0	0.0	0.0	47.72
0.0	0.0	0.0	0.0	0.0	0.0	47.76
0.0	0.0	0.0	0.0	0.0	0.0	47.8
0.0	0.0	0.0	0.0	0.0	0.0	47.84
0.0	0.0	0.0	0.0	0.0	0.0	47.88
0.0	0.0	0.0	0.0	0.0	0.0	47.92
0.0	0.0	0.0	0.0	0.0	0.0	47.96
0.0	0.0	0.0	0.0	0.0	0.0	48.0
0.0	0.0	0.0	0.0	0.0	0.0	48.04
0.0	0.0	0.0	0.0	0.0	0.0	48.08
0.0	0.0	0.0	0.0	0.0	0.0	48.12
0.0	0.0	0.0	0.0	0.0	0.0	48.16
0.0	0.0	0.0	0.0	0.0	0.0	48.2
0.0	0.0	0.0	0.0	0.0	0.0	48.24
0.0	0.0	0.0	0.0	0.0	0.0	48.28
0.0	0.0	0.0	0.0	0.0	0.0	48.32
0.0	0.0	0.0	0.0	0.0	0.0	48.36
0.0	0.0	0.0	0.0	0.0	0.0	48.4
0.0	0.0	0.0	0.0	0.0	0.0	48.44
0.0	0.0	0.0	0.0	0.0	0.0	48.48
0.0	0.0	0.0	0.0	0.0	0.0	48.52
0.0	0.0	0.0	0.0	0.0	0.0	48.56
0.0	0.0	0.0	0.0	0.0	0.0	48.6
0.0	0.0	0.0	0.0	0.0	0.0	48.64
0.0	0.0	0.0	0.0	0.0	0.0	48.68
0.0	0.0	0.0	0.0	0.0	0.0	48.72
0.0	0.0	0.0	0.0	0.0	0.0	48.76
0.0	0.0	0.0	0.0	0.0	0.0	48.8
0.0	0.0	0.0	0.0	0.0	0.0	48.84
0.0	0.0	0.0	0.0	0.0	0.0	48.88
0.0	0.0	0.0	0.0	0.0	0.0	48.92
0.0	0.0	0.0	0.0	0.0	0.0	48.96
0.0	0.0	0.0	0.0	0.0	0.0	49.0
0.0	0.0	0.0	0.0	0.0	0.0	49.04
0.0	0.0	0.0	0.0	0.0	0.0	49.08
0.0	0.0	0.0	0.0	0.0	0.0	49.12
0.0	0.0	0.0	0.0	0.0	0.0	49.16
0.0	0.0	0.0	0.0	0.0	0.0	49.2
0.0	0.0	0.0	0.0	0.0	0.0	49.24
0.0	0.0	0.0	0.0	0.0	0.0	49.28
0.0	0.0	0.0	0.0	0.0	0.0	49.32
0.0	0.0	0.0	0.0	0.0	0.0	49.36
0.0	0.0	0.0	0.0	0.0	0.0	49.4
0.0	0.0	0.0	0.0	0.0	0.0	49.44
0.0	0.0	0.0	0.0	0.0	0.0	49.48
0.0	0.0	0.0	0.0	0.0	0.0	49.52
0.0	0.0	0.0	0.0	0.0	0.0	49.56
0.0	0.0	0.0	0.0	0.0	0.0	49.6
0.0	0.0	0.0	0.0	0.0	0.0	49.64
0.0	0.0	0.0	0.0	0.0	0.0	49.68
0.0	0.0	0.0	0.0	0.0	0.0	49.72
0.0	0.0	0.0	0.0	0.0	0.0	49.76
0.0	0.0	0.0	0.0	0.0	0.0	49.8
0.0	0.0	0.0	0.0	0.0	0.0	49.84
0.0	0.0	0.0	0.0	0.0	0.0	49.88
0.0	0.0	0.0	0.0	0.0	0.0	49.92
0.0	0.0	0.0	0.0	0.0	0.0	49.96
0.0	0.0	0.0	0.0	0.0	0.0	50.0
0.0	0.0	0.0	0.0	0.0	0.0	50.04
0.0	0.0	0.0	0.0	0.0	0.0	50.08
0.0	0.0	0.0	0.0	0.0	0.0	50.12
0.0	0.0	0.0	0.0	0.0	0.0	50.16
0.0	0.0	0.0	0.0	0.0	0.0	50.2
0.0	0.0	0.0	0.0	0.0	0.0	50.24
0.0	0.0	0.0	0.0	0.0	0.0	50.28
0.0	0.0	0.0	0.0	0.0	0.0	50.32
0.0	0.0	0.0	0.0	0.0	0.0	50.36
0.0	0.0	0.0	0.0	0.0	0.0	50.4
0.0	0.0	0.0	0.0	0.0	0.0	50.44
0.0	0.0	0.0	0.0	0.0	0.0	50.48
0.0	0.0	0.0	0.0	0.0	0.0	50.52
0.0	0.0	0.0	0.0	0.0	0.0	50.56
0.0	0.0	0.0	0.0	0.0	0.0	50.6
0.0	0.0	0.0	0.0	0.0	0.0	50.64
0.0	0.0	0.0	0.0	0.0	0.0	50.68
0.0	0.0	0.0	0.0	0.0	0.0	50.72
0.0	0.0	0.0	0.0	0.0	0.0	50.76
0.0	0.0	0.0	0.0	0.0	0.0	50.8
0.0	0.0	0.0	0.0	0.0	0.0	50.84
0.0	0.0	0.0	0.0	0.0	0.0	50.88
0.0	0.0	0.0	0.0	0.0	0.0	50.92
0.0	0.0	0.0	0.0	0.0	0.0	50.96
0.0	0.0	0.0	0.0	0.0	0.0	51.0
0.0	0.0	0.0	0.0	0.0	0.0	51.04
0.0	0.0	0.0	0.0	0.0	0.0	51.08
0.0	0.0	0.0	0.0	0.0	0.0	51.12
0.0	0.0	0.0	0.0	0.0	0.0	51.16
0.0	0.0	0.0	0.0	0.0	0.0	51.2
0.0	0.0	0.0	0.0	0.0	0.0	51.24
0.0	0.0	0.0	0.0	0.0	0.0	51.28
0.0	0.0	0.0	0.0	0.0	0.0	51.32
0.0	0.0	0.0	0.0	0.0	0.0	51.36
0.0	0.0	0.0	0.0	0.0	0.0	51.4
0.0	0.0	0.0	0.0	0.0	0.0	51.44
0.0	0.0	0.0	0.0	0.0	0.0	51.48
0.0	0.0	0.0	0.0	0.0	0.0	51.52
0.0	0.0	0.0	0.0	0.0	0.0	51.56
0.0	0.0	0.0	0.0	0.0	0.0	51.6
0.0	0.0	0.0	0.0	0.0	0.0	51.64
0.0	0.0	0.0	0.0	0.0	0.0	51.68
0.0	0.0	0.0	0.0	0.0	0.0	51.72
0.0	0.0	0.0	0.0	0.0	0.0	51.76
0.0	0.0	0.0	0.0	0.0	0.0	51.8
0.0	0.0	0.0	0.0	0.0	0.0	51.84
0.0	0.0	0.0	0.0	0.0	0.0	51.88
0.0	0.0	0.0	0.0	0.0	0.0	51.92
0.0	0.0	0.0	0.0	0.0	0.0	51.96
0.0	0.0	0.0	0.0	0.0	0.0	52.0
0.0	0.0	0.0	0.0	0.0	0.0	52.04
0.0	0.0	0.0	0.0	0.0	0.0	52.08
0.0	0.0	0.0	0.0	0.0	0.0	52.12
0.0	0.0	0.0	0.0	0.0	0.0	52.16
0.0	0.0	0.0	0.0	0.0	0.0	52.2
0.0	0.0	0.0	0.0	0.0	0.0	52.24
0.0	0.0	0.0	0.0	0.0	0.0	52.28
0.0	0.0	0.0	0.0	0.0	0.0	52.32
0.0	0.0	0.0	0.0	0.0	0.0	52.36
0.0	0.0	0.0	0.0	0.0	0.0	52.4
0.0	0.0	0.0	0.0	0.0	0.0	52.44
0.0	0.0	0.0	0.0	0.0	0.0	52.48
0.0	0.0	0.0	0.0	0.0	0.0	52.52
0.0	0.0	0.0	0.0	0.0	0.0	52.56
0.0	0.0	0.0	0.0	0.0	0.0	52.6
0.0	0.0	0.0	0.0	0.0	0.0	52.64
0.0	0.0	0.0	0.0	0.0	0.0	52.68
0.0	0.0	0.0	0.0	0.0	0.0	52.72
0.0	0.0	0.0	0.0	0.0	0.0	52.76
0.0	0.0	0.0	0.0	0.0	0.0	52.8
0.0	0.0	0.0	0.0	0.0	0.0	52.84
0.0	0.0	0.0	0.0	0.0	0.0	52.88
0.0	0.0	0.0	0.0	0.0	0.0	52.92
0.0	0.0	0.0	0.0	0.0	0.0	52.96
0.0	0.0	0.0	0.0	0.0	0.0	53.0
0.0	0.0	0.0	0.0	0.0	0.0	53.04
0.0	0.0	0.0	0.0	0.0	0.0	53.08
0.0	0.0	0.0	0.0	0.0	0.0	53.12
0.0	0.0	0.0	0.0	0.0	0.0	53.16
0.0	0.0	0.0	0.0	0.0	0.0	53.2
0.0	0.0	0.0	0.0	0.0	0.0	53.24
0.0	0.0	0.0	0.0	0.0	0.0	53.28
0.0	0.0	0.0	0.0	0.0	0.0	53.32
0.0	0.0	0.0	0.0	0.0	0.0	53.36
0.0	0.0	0.0	0.0	0.0	0.0	53.4
0.0	0.0	0.0	0.0	0.0	0.0	53.44
0.0	0.0	0.0	0.0	0.0	0.0	53.48
0.0	0.0	0.0	0.0	0.0	0.0	53.52
0.0	0.0	0.0	0.0	0.0	0.0	53.56
0.0	0.0	0.0	0.0	0.0	0.0	53.6
0.0	0.0	0.0	0.0	0.0	0.0	53.64
0.0	0.0	0.0	0.0	0.0	0.0	53.68
0.0	0.0	0.0	0.0	0.0	0.0	53.72
0.0	0.0	0.0	0.0	0.0	0.0	53.76
0.0	0.0	0.0	0.0	0.0	0.0	53.8
0.0	0.0	0.0	0.0	0.0	0.0	53.84
0.0	0.0	0.0	0.0	0.0	0.0	53.88
0.0	0.0	0.0	0.0	0.0	0.0	53.92
0.0	0.0	0.0	0.0	0.0	0.0	53.96
0.0	0.0	0.0	0.0	0.0	0.0	54.0
0.0	0.0	0.0	0.0	0.0	0.0	54.04
0.0	0.0	0.0	0.0	0.0	0.0	54.08
0.0	0.0	0.0	0.0	0.0	0.0	54.12
0.0	0.0	0.0	0.0	0.0	0.0	54.16
0.0	0.0	0.0	0.0	0.0	0.0	54.2
0.0	0.0	0.0	0.0	0.0	0.0	54.24
0.0	0.0	0.0	0.0	0.0	0.0	54.28
0.0	0.0	0.0	0.0	0.0	0.0	54.32
0.0	0.0	0.0	0.0	0.0	0.0	54.36
0.0	0.0	0.0	0.0	0.0	0.0	54.4
0.0	0.0	0.0	0.0	0.0	0.0	54.44
0.0	0.0	0.0	0.0	0.0	0.0	54.48
0.0	0.0	0.0	0.0	0.0	0.0	54.52
0.0	0.0	0.0	0.0	0.0	0.0	54.56
0.0	0.0	0.0	0.0	0.0	0.0	54.6
0.0	0.0	0.0	0.0	0.0	0.0	54.64
0.0	0.0	0.0	0.0	0.0	0.0	54.68
0.0	0.0	0.0	0.0	0.0	0.0	54.72
0.0	0.0	0.0	0.0	0.0	0.0	54.76
0.0	0.0	0.0	0.0	0.0	0.0	54.8
0.0	0.0	0.0	0.0	0.0	0.0	54.84
0.0	0.0	0.0	0.0	0.0	0.0	54.88
0.0	0.0	0.0	0.0	0.0	0.0	54.92
0.0	0.0	0.0	0.0	0.0	0.0	54.96
0.0	0.0	0.0	0.0	0.0	0.0	55.0
0.0	0.0	0.0	0.0	0.0	0.0	55.04
0.0	0.0	0.0	0.0	0.0	0.0	55.08
0.0	0.0	0.0	0.0	0.0	0.0	55.12
0.0	0.0	0.0	0.0	0.0	0.0	55.16
0.0	0.0	0.0	0.0	0.0	0.0	55.2
0.0	0.0	0.0	0.0	0.0	0.0	55.24
0.0	0.0	0.0	0.0	0.0	0.0	55.28
0.0	0.0	0.0	0.0	0.0	0.0	55.32
0.0	0.0	0.0	0.0	0.0	0.0	55.36
0.0	0.0	0.0	0.0	0.0	0.0	55.4
1758.5960628319622	1758.5960628319622	1758.5960628319622	1758.5960628319622	1758.5960628319622	1758.5960628319622	55.44
1787.9709176835463	1787.9709176835463	1787.9709176835463	1787.9709176835463	1787.9709176835463	1787.9709176835463	55.48
1835.2834943466437	1835.2834943466437	1835.2834943466437	1835.2834943466437	1835.2834943466437	1835.2834943466437	55.52
1914.4363675199754	1914.4363675199754	1914.4363675199754	1914.4363675199754	1914.4363675199754	1914.4363675199754	55.56
2029.368425591624	2029.368425591624	2029.368425591624	2029.368425591624	2029.368425591624	2029.368425591624	55.6
2117.2076711275763	2117.2076711275763	2117.2076711275763	2117.2076711275763	2117.2076711275763	2117.2076711275763	55.64
0.0	0.0	0.0	0.0	0.0	0.0	55.68
0.0	0.0	0.0	0.0	0.0	0.0	55.72
0.0	0.0	0.0	0.0	0.0	0.0	55.76
0.0	0.0	0.0	0.0	0.0	0.0	55.8
0.0	0.0	0.0	0.0	0.0	0.0	55.84
0.0	0.0	0.0	0.0	0.0	0.0	55.88
0.0	0.0	0.0	0.0	0.0	0.0	55.92
0.0	0.0	0.0	0.0	0.0	0.0	55.96
0.0	0.0	0.0	0.0	0.0	0.0	56.0
0.0	0.0	0.0	0.0	0.0	0.0	56.04
0.0	0.0	0.0	0.0	0.0	0.0	56.08
0.0	0.0	0.0	0.0	0.0	0.0	56.12
0.0	0.0	0.0	0.0	0.0	0.0	56.16
0.0	0.0	0.0	0.0	0.0	0.0	56.2
0.0	0.0	0.0	0.0	0.0	0.0	56.24
0.0	0.0	0.0	0.0	0.0	0.0	56.28
0.0	0.0	0.0	0.0	0.0	0.0	56.32
0.0	0.0	0.0	0.0	0.0	0.0	56.36
0.0	0.0	0.0	0.0	0.0	0.0	56.4
0.0	0.0	0.0	0.0	0.0	0.0	56.44
0.0	0.0	0.0	0.0	0.0	0.0	56.48
0.0	0.0	0.0	0.0	0.0	0.0	56.52
0.0	0.0	0.0	0.0	0.0	0.0	56.56
0.0	0.0	0.0	0.0	0.0	0.0	56.6
0.0	0.0	0.0	0.0	0.0	0.0	56.64
0.0	0.0	0.0	0.0	0.0	0.0	56.68
0.0	0.0	0.0	0.0	0.0	0.0	56.72
0.0	0.0	0.0	0.0	0.0	0.0	56.76
0.0	0.0	0.0	0.0	0.0	0.0	56.8
0.0	0.0	0.0	0.0	0.0	0.0	56.84
0.0	0.0	0.0	0.0	0.0	0.0	56.88
0.0	0.0	0.0	0.0	0.0	0.0	56.92
0.0	0.0	0.0	0.0	0.0	0.0	56.96
0.0	0.0	0.0	0.0	0.0	0.0	57.0
0.0	0.0	0.0	0.0	0.0	0.0	57.04
0.0	0.0	0.0	0.0	0.0	0.0	57.08
0.0	0.0	0.0	0.0	0.0	0.0	57.12
0.0	0.0	0.0	0.0	0.0	0.0	57.16
0.0	0.0	0.0	0.0	0.0	0.0	57.2
0.0	0.0	0.0	0.0	0.0	0.0	57.24
0.0	0.0	0.0	0.0	0.0	0.0	57.28
0.0	0.0	0.0	0.0	0.0	0.0	57.32
0.0	0.0	0.0	0.0	0.0	0.0	57.36
0.0	0.0	0.0	0.0	0.0	0.0	57.4
0.0	0.0	0.0	0.0	0.0	0.0	57.44
0.0	0.0	0.0	0.0	0.0	0.0	57.48
0.0	0.0	0.0	0.0	0.0	0.0	57.52
0.0	0.0	0.0	0.0	0.0	0.0	57.56
0.0	0.0	0.0	0.0	0.0	0.0	57.6
0.0	0.0	0.0	0.0	0.0	0.0	57.64
0.0	0.0	0.0	0.0	0.0	0.0	57.68
0.0	0.0	0.0	0.0	0.0	0.0	57.72
0.0	0.0	0.0	0.0	0.0	0.0	57.76
0.0	0.0	0.0	0.0	0.0	0.0	57.8
0.0	0.0	0.0	0.0	0.0	0.0	57.84
0.0	0.0	0.0	0.0	0.0	0.0	57.88
0.0	0.0	0.0	0.0	0.0	0.0	57.92
0.0	0.0	0.0	0.0	0.0	0.0	57.96
0.0	0.0	0.0	0.0	0.0	0.0	58.0
0.0	0.0	0.0	0.0	0.0	0.0	58.04
0.0	0.0	0.0	0.0	0.0	0.0	58.08
0.0	0.0	0.0	0.0	0.0	0.0	58.12
0.0	0.0	0.0	0.0	0.0	0.0	58.16
0.0	0.0	0.0	0.0	0.0	0.0	58.2
0.0	0.0	0.0	0.0	0.0	0.0	58.24
0.0	0.0	0.0	0.0	0.0	0.0	58.28
0.0	0.0	0.0	0.0	0.0	0.0	58.32
0.0	0.0	0.0	0.0	0.0	0.0	58.36
0.0	0.0	0.0	0.0	0.0	0.0	58.4
0.0	0.0	0.0	0.0	0.0	0.0	58.44
