Thumb_R	Index_R	Time
0.0	0.0	0.04
0.0	0.0	0.08
0.0	0.0	0.12
0.0	0.0	0.16
0.0	0.0	0.2
0.0	0.0	0.24
0.0	0.0	0.28
0.0	0.0	0.32
0.0	0.0	0.36
0.0	0.0	0.4
0.0	0.0	0.44
0.0	0.0	0.48
0.0	0.0	0.52
0.0	0.0	0.56
0.0	0.0	0.6
0.0	0.0	0.64
0.0	0.0	0.68
0.0	0.0	0.72
0.0	0.0	0.76
0.0	0.0	0.8
0.0	0.0	0.84
0.0	0.0	0.88
0.0	0.0	0.92
0.0	0.0	0.96
0.0	0.0	1.0
0.0	0.0	1.04
0.0	0.0	1.08
0.0	0.0	1.12
0.0	0.0	1.16
0.0	0.0	1.2
0.0	0.0	1.24
0.0	0.0	1.28
0.0	0.0	1.32
0.0	0.0	1.36
0.0	0.0	1.4
0.0	0.0	1.44
0.0	0.0	1.48
0.0	0.0	1.52
1176.4464872152016	1176.4464872152016	1.56
1090.7783345012688	1090.7783345012688	1.6
1019.6125140054478	1019.6125140054478	1.64
976.8717139285046	976.8717139285046	1.68
950.9166726611769	950.9166726611769	1.72
973.8739542011093	973.8739542011093	1.76
998.6300296346424	998.6300296346424	1.8
1014.4716529757776	1014.4716529757776	1.84
1029.4751732249006	1029.4751732249006	1.88
1032.1378561167296	1032.1378561167296	1.92
1031.9731935620846	1031.9731935620846	1.96
1032.3589340793544	1032.3589340793544	2.0
1021.3532874473318	1021.3532874473318	2.04
1006.7955849031665	1006.7955849031665	2.08
995.4237780360618	995.4237780360618	2.12
1000.1643721815044	1000.1643721815044	2.16
992.2809614788035	992.2809614788035	2.2
988.8072970826736	988.8072970826736	2.24
989.9359880842056	989.9359880842056	2.28
987.7922661493777	987.7922661493777	2.32
982.6760112561769	982.6760112561769	2.36
980.743531668174	980.743531668174	2.4
979.8026495703743	979.8026495703743	2.44
974.614907416683	974.614907416683	2.48
970.5310873128539	970.5310873128539	2.52
963.7416064025252	963.7416064025252	2.56
952.2432476943867	952.2432476943867	2.6
948.1932593427906	948.1932593427906	2.64
950.1523805329866	950.1523805329866	2.68
945.8135448635578	945.8135448635578	2.72
937.9047265865952	937.9047265865952	2.76
927.7536334667833	927.7536334667833	2.8
919.4196223916953	919.4196223916953	2.84
909.3368283932817	909.3368283932817	2.88
904.0724493802308	904.0724493802308	2.92
901.3209064714707	901.3209064714707	2.96
903.1749251677693	903.1749251677693	3.0
902.9230953065212	902.9230953065212	3.04
907.4389639231277	907.4389639231277	3.08
910.3937978682196	910.3937978682196	3.12
912.3017199454541	912.3017199454541	3.16
916.2227245729911	916.2227245729911	3.2
914.9144642328059	914.9144642328059	3.24
916.722077478634	916.722077478634	3.28
915.839765180885	915.839765180885	3.32
913.808983599559	913.808983599559	3.36
908.8951276419418	908.8951276419418	3.4
906.9736222905168	906.9736222905168	3.44
907.1381189278047	907.1381189278047	3.48
907.4281950075507	907.4281950075507	3.52
912.5067618683149	912.5067618683149	3.56
914.5881336707021	914.5881336707021	3.6
917.0248700047166	917.0248700047166	3.64
908.8342246230837	908.8342246230837	3.68
847.6389553534391	847.6389553534391	3.72
764.0306335162579	764.0306335162579	3.76
715.8774343703802	715.8774343703802	3.8
704.9506933471861	704.9506933471861	3.84
704.3428100007895	704.3428100007895	3.88
710.2904871348929	710.2904871348929	3.92
723.3783957498915	723.3783957498915	3.96
741.6726521176795	741.6726521176795	4.0
764.4766329905906	764.4766329905906	4.04
784.1874132627474	784.1874132627474	4.08
801.9937390139	801.9937390139	4.12
813.3905425523718	813.3905425523718	4.16
823.9074843513436	823.9074843513436	4.2
831.7104030210962	831.7104030210962	4.24
841.0575876019396	841.0575876019396	4.28
856.8200135419281	856.8200135419281	4.32
876.9218402895893	876.9218402895893	4.36
901.6525811965892	901.6525811965892	4.4
923.1876315204112	923.1876315204112	4.44
950.4235164579072	950.4235164579072	4.48
965.4784507142981	965.4784507142981	4.52
983.436444285363	983.436444285363	4.56
1006.5527338424181	1006.5527338424181	4.6
1042.184794610287	1042.184794610287	4.64
1066.1945710554173	1066.1945710554173	4.68
1077.6091726297304	1077.6091726297304	4.72
1082.0701189718334	1082.0701189718334	4.76
1076.4292043539142	1076.4292043539142	4.8
1070.2046477274007	1070.2046477274007	4.84
1066.9321373824941	1066.9321373824941	4.88
1064.8002678494643	1064.8002678494643	4.92
1082.6824949375534	1082.6824949375534	4.96
1105.6723667393233	1105.6723667393233	5.0
1119.18762924724	1119.18762924724	5.04
1110.8239864355166	1110.8239864355166	5.08
1083.1991158485414	1083.1991158485414	5.12
1051.6345575639748	1051.6345575639748	5.16
1005.9107727730891	1005.9107727730891	5.2
980.9574468677929	980.9574468677929	5.24
976.7381776380577	976.7381776380577	5.28
985.8385870275722	985.8385870275722	5.32
1004.545615177471	1004.545615177471	5.36
1020.4312188809583	1020.4312188809583	5.4
1030.8526039696662	1030.8526039696662	5.44
1038.558315388159	1038.558315388159	5.48
1034.2777892384902	1034.2777892384902	5.52
1013.2851481863154	1013.2851481863154	5.56
996.5744952565668	996.5744952565668	5.6
978.9532940384854	978.9532940384854	5.64
971.131966827195	971.131966827195	5.68
960.2020451156865	960.2020451156865	5.72
949.5645416584695	949.5645416584695	5.76
936.8343054168362	936.8343054168362	5.8
934.9560571244256	934.9560571244256	5.84
937.643752556556	937.643752556556	5.88
942.4951367314441	942.4951367314441	5.92
942.229326930749	942.229326930749	5.96
944.9009503316548	944.9009503316548	6.0
942.8343923200205	942.8343923200205	6.04
937.251547718117	937.251547718117	6.08
924.7410846960748	924.7410846960748	6.12
917.3622014047194	917.3622014047194	6.16
901.2930928442603	901.2930928442603	6.2
891.5794507709878	891.5794507709878	6.24
886.7371178634437	886.7371178634437	6.28
881.3627996793018	881.3627996793018	6.32
878.9816710301529	878.9816710301529	6.36
876.000563772628	876.000563772628	6.4
874.9281544176818	874.9281544176818	6.44
873.1268950568681	873.1268950568681	6.48
876.0892687119891	876.0892687119891	6.52
878.1944694496698	878.1944694496698	6.56
877.8318691568404	877.8318691568404	6.6
876.0257998987418	876.0257998987418	6.64
871.3936924704194	871.3936924704194	6.68
871.6485246825941	871.6485246825941	6.72
856.6897609823897	856.6897609823897	6.76
829.3315653736067	829.3315653736067	6.8
795.4812795001833	795.4812795001833	6.84
770.5502406170345	770.5502406170345	6.88
754.2694704777513	754.2694704777513	6.92
748.9624998360005	748.9624998360005	6.96
751.3461561707301	751.3461561707301	7.0
752.9492378268951	752.9492378268951	7.04
753.2591436416808	753.2591436416808	7.08
758.8676443850802	758.8676443850802	7.12
764.6079366493632	764.6079366493632	7.16
763.3860418713324	763.3860418713324	7.2
766.3477154056905	766.3477154056905	7.24
766.0097596001838	766.0097596001838	7.28
799.694591203646	799.694591203646	7.32
830.8740020926189	830.8740020926189	7.36
864.3633323408493	864.3633323408493	7.4
875.8443423897803	875.8443423897803	7.44
889.6861284124926	889.6861284124926	7.48
880.8882261290163	880.8882261290163	7.52
876.8950112844537	876.8950112844537	7.56
857.3412978524639	857.3412978524639	7.6
846.8427389342313	846.8427389342313	7.64
830.1787022754567	830.1787022754567	7.68
828.1495963650532	828.1495963650532	7.72
823.0571786107313	823.0571786107313	7.76
816.181605494153	816.181605494153	7.8
800.6555277336514	800.6555277336514	7.84
792.2746610070282	792.2746610070282	7.88
787.7279052235642	787.7279052235642	7.92
779.6067961838655	779.6067961838655	7.96
774.7802973621846	774.7802973621846	8.0
773.469617222173	773.469617222173	8.04
767.2571942939821	767.2571942939821	8.08
763.2204203168578	763.2204203168578	8.12
759.0898566317762	759.0898566317762	8.16
756.41491502701	756.41491502701	8.2
754.963259495252	754.963259495252	8.24
758.4524958938426	758.4524958938426	8.28
760.675139074567	760.675139074567	8.32
761.8611815242934	761.8611815242934	8.36
770.1920558525511	770.1920558525511	8.4
773.4946226441849	773.4946226441849	8.44
775.6109658387543	775.6109658387543	8.48
777.576818467003	777.576818467003	8.52
780.7460170787045	780.7460170787045	8.56
783.03930432854	783.03930432854	8.6
784.5155965177383	784.5155965177383	8.64
785.8578242502323	785.8578242502323	8.68
787.0285873084564	787.0285873084564	8.72
787.3700699386842	787.3700699386842	8.76
788.9613018074166	788.9613018074166	8.8
789.5260862345649	789.5260862345649	8.84
787.8678650943572	787.8678650943572	8.88
793.766675533493	793.766675533493	8.92
796.3634226995146	796.3634226995146	8.96
797.398391421972	797.398391421972	9.0
797.3554070090512	797.3554070090512	9.04
803.9780957145125	803.9780957145125	9.08
809.9472972782149	809.9472972782149	9.12
813.9124242644228	813.9124242644228	9.16
814.2719865354197	814.2719865354197	9.2
818.0823467267312	818.0823467267312	9.24
824.6841626569443	824.6841626569443	9.28
830.4663221600563	830.4663221600563	9.32
834.0973968066091	834.0973968066091	9.36
830.5294897059443	830.5294897059443	9.4
832.1756811841635	832.1756811841635	9.44
834.1119040873748	834.1119040873748	9.48
835.6513913624168	835.6513913624168	9.52
837.7296816724847	837.7296816724847	9.56
841.6583063973746	841.6583063973746	9.6
843.6090519469567	843.6090519469567	9.64
842.1705111446366	842.1705111446366	9.68
847.4646883621424	847.4646883621424	9.72
847.6232151937659	847.6232151937659	9.76
852.6251332818032	852.6251332818032	9.8
857.9398323811139	857.9398323811139	9.84
857.7594282273793	857.7594282273793	9.88
860.5198104655179	860.5198104655179	9.92
859.7459337269205	859.7459337269205	9.96
858.005337425876	858.005337425876	10.0
859.6105861113252	859.6105861113252	10.04
856.6560881650709	856.6560881650709	10.08
851.6992074199237	851.6992074199237	10.12
846.5591387900047	846.5591387900047	10.16
838.1999923647429	838.1999923647429	10.2
828.8106116565828	828.8106116565828	10.24
824.6890726697284	824.6890726697284	10.28
824.5114588117664	824.5114588117664	10.32
823.334722341619	823.334722341619	10.36
822.5816997406663	822.5816997406663	10.4
824.3361436376657	824.3361436376657	10.44
821.8418114832267	821.8418114832267	10.48
827.1425513016269	827.1425513016269	10.52
839.0930117510053	839.0930117510053	10.56
854.6271112004073	854.6271112004073	10.6
859.8392095177311	859.8392095177311	10.64
865.4943549585464	865.4943549585464	10.68
868.4531463430868	868.4531463430868	10.72
870.9403179701019	870.9403179701019	10.76
880.2686298704176	880.2686298704176	10.8
882.4335249828126	882.4335249828126	10.84
886.9257858947818	886.9257858947818	10.88
889.0103937611465	889.0103937611465	10.92
893.3306231131618	893.3306231131618	10.96
894.6666247262424	894.6666247262424	11.0
886.3661636091155	886.3661636091155	11.04
873.0289904577514	873.0289904577514	11.08
856.8079946538608	856.8079946538608	11.12
842.1494634907875	842.1494634907875	11.16
848.7356904437794	848.7356904437794	11.2
848.7841037216126	848.7841037216126	11.24
849.0155163920784	849.0155163920784	11.28
855.1496031899445	855.1496031899445	11.32
864.0155062338205	864.0155062338205	11.36
868.8666477007517	868.8666477007517	11.4
868.4860856410645	868.4860856410645	11.44
871.4758331497356	871.4758331497356	11.48
868.1328794602185	868.1328794602185	11.52
869.0886199276438	869.0886199276438	11.56
875.2433570721153	875.2433570721153	11.6
878.5663998515072	878.5663998515072	11.64
880.1981218504236	880.1981218504236	11.68
883.8760355219556	883.8760355219556	11.72
884.687286186675	884.687286186675	11.76
889.8905175466444	889.8905175466444	11.8
884.6460008792005	884.6460008792005	11.84
876.9075748337507	876.9075748337507	11.88
869.0614760359673	869.0614760359673	11.92
857.0457689094217	857.0457689094217	11.96
848.8559320490497	848.8559320490497	12.0
851.158700418595	851.158700418595	12.04
867.5933916264166	867.5933916264166	12.08
873.0299221364976	873.0299221364976	12.12
870.9593172583499	870.9593172583499	12.16
877.5287282638311	877.5287282638311	12.2
880.2763070465865	880.2763070465865	12.24
887.1530569948735	887.1530569948735	12.28
889.9093257649515	889.9093257649515	12.32
890.8172477828427	890.8172477828427	12.36
878.2396692145608	878.2396692145608	12.4
859.6977345120386	859.6977345120386	12.44
846.1725215564226	846.1725215564226	12.48
850.3223929699355	850.3223929699355	12.52
861.0322496355404	861.0322496355404	12.56
863.8571032654296	863.8571032654296	12.6
862.8424722936845	862.8424722936845	12.64
862.9427717956446	862.9427717956446	12.68
862.9333770049772	862.9333770049772	12.72
867.9158984198237	867.9158984198237	12.76
859.3814492297533	859.3814492297533	12.8
860.1936149421293	860.1936149421293	12.84
853.4688726854191	853.4688726854191	12.88
843.1519896916325	843.1519896916325	12.92
839.6059048836215	839.6059048836215	12.96
839.8594925076818	839.8594925076818	13.0
836.5809085471521	836.5809085471521	13.04
830.0574932701682	830.0574932701682	13.08
820.4953582482977	820.4953582482977	13.12
813.7005505953224	813.7005505953224	13.16
806.3727921934833	806.3727921934833	13.2
804.4686567240785	804.4686567240785	13.24
803.444085768362	803.444085768362	13.28
801.1974029164885	801.1974029164885	13.32
809.0621065931767	809.0621065931767	13.36
817.4165452202009	817.4165452202009	13.4
820.6635135054812	820.6635135054812	13.44
827.2109650004394	827.2109650004394	13.48
836.7944166131958	836.7944166131958	13.52
844.0043297102787	844.0043297102787	13.56
846.7091338921829	846.7091338921829	13.6
840.8084208826674	840.8084208826674	13.64
808.9703974989908	808.9703974989908	13.68
783.8620879700701	783.8620879700701	13.72
775.2593177652125	775.2593177652125	13.76
782.6043430716799	782.6043430716799	13.8
808.3833532751735	808.3833532751735	13.84
812.28498155858	812.28498155858	13.88
814.2790401909091	814.2790401909091	13.92
808.0946914958856	808.0946914958856	13.96
803.9978651528854	803.9978651528854	14.0
798.2146034082077	798.2146034082077	14.04
797.0845627089082	797.0845627089082	14.08
796.1566903923725	796.1566903923725	14.12
793.8337975301855	793.8337975301855	14.16
795.4495417722034	795.4495417722034	14.2
795.833671367684	795.833671367684	14.24
797.4297804749315	797.4297804749315	14.28
806.9517243014631	806.9517243014631	14.32
819.4625839089748	819.4625839089748	14.36
825.1757713205079	825.1757713205079	14.4
834.4792622346836	834.4792622346836	14.44
858.2837039716818	858.2837039716818	14.48
873.7923673723561	873.7923673723561	14.52
894.9648158452584	894.9648158452584	14.56
914.8849111919889	914.8849111919889	14.6
920.8723741680676	920.8723741680676	14.64
932.6022141044035	932.6022141044035	14.68
936.3346166805126	936.3346166805126	14.72
935.3832389571043	935.3832389571043	14.76
927.451499996975	927.451499996975	14.8
914.0450717323714	914.0450717323714	14.84
889.7056341542789	889.7056341542789	14.88
874.2268968978019	874.2268968978019	14.92
857.9481482618262	857.9481482618262	14.96
841.075675136932	841.075675136932	15.0
831.6255373551163	831.6255373551163	15.04
821.5386633269553	821.5386633269553	15.08
809.5448174228243	809.5448174228243	15.12
790.2662171315325	790.2662171315325	15.16
781.6591472158834	781.6591472158834	15.2
772.1021931308787	772.1021931308787	15.24
765.0486965925057	765.0486965925057	15.28
761.6284217470743	761.6284217470743	15.32
760.1551283193314	760.1551283193314	15.36
767.7277694774444	767.7277694774444	15.4
771.0047698096824	771.0047698096824	15.44
778.0216021878205	778.0216021878205	15.48
775.6201711835487	775.6201711835487	15.52
772.5390355359664	772.5390355359664	15.56
777.1456710045102	777.1456710045102	15.6
771.4463104156142	771.4463104156142	15.64
773.7461480522247	773.7461480522247	15.68
766.2576512556533	766.2576512556533	15.72
767.8399583772333	767.8399583772333	15.76
765.1672265610727	765.1672265610727	15.8
766.596448945863	766.596448945863	15.84
762.8693375068883	762.8693375068883	15.88
760.4536373503443	760.4536373503443	15.92
752.4062257133382	752.4062257133382	15.96
757.6588770917238	757.6588770917238	16.0
753.8708233433739	753.8708233433739	16.04
749.6990761619759	749.6990761619759	16.08
749.3902686533664	749.3902686533664	16.12
748.5854659729138	748.5854659729138	16.16
746.1038542069435	746.1038542069435	16.2
741.7299528998209	741.7299528998209	16.24
739.5311897281459	739.5311897281459	16.28
741.3817147463546	741.3817147463546	16.32
747.6093839994293	747.6093839994293	16.36
740.6170055868839	740.6170055868839	16.4
741.7580341435531	741.7580341435531	16.44
741.756618961322	741.756618961322	16.48
743.2735887971987	743.2735887971987	16.52
744.5421301058456	744.5421301058456	16.56
745.39207541149	745.39207541149	16.6
746.4338271726548	746.4338271726548	16.64
747.8625095863316	747.8625095863316	16.68
745.686388700851	745.686388700851	16.72
749.5179176883281	749.5179176883281	16.76
743.5801059585251	743.5801059585251	16.8
752.917422204891	752.917422204891	16.84
747.564520555888	747.564520555888	16.88
749.3718566675095	749.3718566675095	16.92
752.1830377477895	752.1830377477895	16.96
754.6755591483582	754.6755591483582	17.0
757.5540124959912	757.5540124959912	17.04
779.4006620661163	779.4006620661163	17.08
806.7783090080168	806.7783090080168	17.12
845.8764266832145	845.8764266832145	17.16
894.4304330705199	894.4304330705199	17.2
935.0089503040707	935.0089503040707	17.24
971.8556219440032	971.8556219440032	17.28
998.2172792227782	998.2172792227782	17.32
1019.8845969779379	1019.8845969779379	17.36
1028.7980097709367	1028.7980097709367	17.4
1036.2090641392924	1036.2090641392924	17.44
1040.327850287187	1040.327850287187	17.48
1044.0227184191629	1044.0227184191629	17.52
1043.7335943636435	1043.7335943636435	17.56
1038.4010602087706	1038.4010602087706	17.6
1033.5016883126511	1033.5016883126511	17.64
1031.855919238222	1031.855919238222	17.68
1031.8608633461913	1031.8608633461913	17.72
1036.5186823010708	1036.5186823010708	17.76
1042.700481192114	1042.700481192114	17.8
1053.8974615263573	1053.8974615263573	17.84
1063.886596608225	1063.886596608225	17.88
1076.3611252002436	1076.3611252002436	17.92
1079.5797795862127	1079.5797795862127	17.96
1081.1315920905092	1081.1315920905092	18.0
1080.1741531903035	1080.1741531903035	18.04
1081.7008219548677	1081.7008219548677	18.08
1080.9456910993588	1080.9456910993588	18.12
1080.4110134143066	1080.4110134143066	18.16
1074.6496139489702	1074.6496139489702	18.2
1069.6283813213183	1069.6283813213183	18.24
1065.6309351997022	1065.6309351997022	18.28
1064.2458410510758	1064.2458410510758	18.32
1064.0241484488026	1064.0241484488026	18.36
1059.5850398561556	1059.5850398561556	18.4
1021.3328840449999	1021.3328840449999	18.44
951.6681478078755	951.6681478078755	18.48
888.613951689661	888.613951689661	18.52
817.6006602508725	817.6006602508725	18.56
744.5025834168729	744.5025834168729	18.6
667.3952343607666	667.3952343607666	18.64
605.8060758323727	605.8060758323727	18.68
530.8899885943794	530.8899885943794	18.72
531.1217064972061	531.1217064972061	18.76
512.9899504062329	512.9899504062329	18.8
506.00492797525834	506.00492797525834	18.84
517.6170149147675	517.6170149147675	18.88
1408.904248497974	1408.904248497974	18.92
1429.38202287031	1429.38202287031	18.96
576.8349025768816	576.8349025768816	19.0
1408.0758521379444	1408.0758521379444	19.04
1426.8914248064345	1426.8914248064345	19.08
1421.1719696319549	1421.1719696319549	19.12
1409.7784516324473	1409.7784516324473	19.16
1396.4257693598443	1396.4257693598443	19.2
1414.7286020612798	1414.7286020612798	19.24
1422.2923542261494	1422.2923542261494	19.28
1437.0289562200455	1437.0289562200455	19.32
1403.2700824833234	1403.2700824833234	19.36
1445.4386594068499	1445.4386594068499	19.4
1416.49745349558	1416.49745349558	19.44
1417.7786789583902	1417.7786789583902	19.48
1450.739559842253	1450.739559842253	19.52
1466.241427186856	1466.241427186856	19.56
1399.5168123583694	1399.5168123583694	19.6
1436.8210649628088	1436.8210649628088	19.64
1429.4819646584922	1429.4819646584922	19.68
1454.7969154880989	1454.7969154880989	19.72
1447.5542345463105	1447.5542345463105	19.76
1460.4980205129004	1460.4980205129004	19.8
1437.8320376644413	1437.8320376644413	19.84
1461.1408936224304	1461.1408936224304	19.88
1433.9165060453133	1433.9165060453133	19.92
1424.0884825178641	1424.0884825178641	19.96
1418.4078539738512	1418.4078539738512	20.0
1426.7981200338736	1426.7981200338736	20.04
1423.3717114059255	1423.3717114059255	20.08
1427.7631634051531	1427.7631634051531	20.12
1438.380676394496	1438.380676394496	20.16
1420.217449607283	1420.217449607283	20.2
1431.2888508775127	1431.2888508775127	20.24
1418.6775945273791	1418.6775945273791	20.28
0.0	0.0	20.32
0.0	0.0	20.36
0.0	0.0	20.4
0.0	0.0	20.44
0.0	0.0	20.48
0.0	0.0	20.52
0.0	0.0	20.56
0.0	0.0	20.6
0.0	0.0	20.64
0.0	0.0	20.68
0.0	0.0	20.72
0.0	0.0	20.76
0.0	0.0	20.8
0.0	0.0	20.84
0.0	0.0	20.88
0.0	0.0	20.92
0.0	0.0	20.96
0.0	0.0	21.0
0.0	0.0	21.04
0.0	0.0	21.08
0.0	0.0	21.12
0.0	0.0	21.16
0.0	0.0	21.2
0.0	0.0	21.24
0.0	0.0	21.28
0.0	0.0	21.32
0.0	0.0	21.36
0.0	0.0	21.4
0.0	0.0	21.44
0.0	0.0	21.48
658.3838887078931	658.3838887078931	21.52
751.6643606074147	751.6643606074147	21.56
826.200087516733	826.200087516733	21.6
895.6905487920028	895.6905487920028	21.64
949.3719598196805	949.3719598196805	21.68
985.9172349898172	985.9172349898172	21.72
1015.9546668731696	1015.9546668731696	21.76
1026.62759035466	1026.62759035466	21.8
1023.9382759611839	1023.9382759611839	21.84
1015.7092440478089	1015.7092440478089	21.88
1013.8144142286867	1013.8144142286867	21.92
1009.0489097256278	1009.0489097256278	21.96
1002.2898927042156	1002.2898927042156	22.0
1004.671303919205	1004.671303919205	22.04
1009.1111667380756	1009.1111667380756	22.08
1013.9618267389009	1013.9618267389009	22.12
1016.9600577730355	1016.9600577730355	22.16
1029.8670904969808	1029.8670904969808	22.2
1038.5488979775182	1038.5488979775182	22.24
1042.424165457119	1042.424165457119	22.28
1040.6854370595768	1040.6854370595768	22.32
1038.245630010024	1038.245630010024	22.36
1031.5006176393422	1031.5006176393422	22.4
1020.423965891591	1020.423965891591	22.44
1007.0615758719257	1007.0615758719257	22.48
988.8972616317566	988.8972616317566	22.52
981.911713530508	981.911713530508	22.56
984.1959981547053	984.1959981547053	22.6
982.2682285361095	982.2682285361095	22.64
976.9246825427944	976.9246825427944	22.68
973.4833546702184	973.4833546702184	22.72
973.2609103098087	973.2609103098087	22.76
962.02114963013	962.02114963013	22.8
961.2559883304929	961.2559883304929	22.84
954.5620071237503	954.5620071237503	22.88
946.6000400772169	946.6000400772169	22.92
936.3963145376795	936.3963145376795	22.96
930.348607769712	930.348607769712	23.0
926.5480665750614	926.5480665750614	23.04
888.0069426652624	888.0069426652624	23.08
877.6587034411529	877.6587034411529	23.12
875.9435026018209	875.9435026018209	23.16
888.9315573492701	888.9315573492701	23.2
916.1572510540201	916.1572510540201	23.24
962.3892553934854	962.3892553934854	23.28
1021.7224587857733	1021.7224587857733	23.32
1110.8368670934867	1110.8368670934867	23.36
1190.733207841195	1190.733207841195	23.4
1261.6278919922627	1261.6278919922627	23.44
1332.151686454761	1332.151686454761	23.48
1396.8382140222764	1396.8382140222764	23.52
1458.2366382072491	1458.2366382072491	23.56
1513.8787649400006	1513.8787649400006	23.6
1548.7435747143081	1548.7435747143081	23.64
1563.3757140914556	1563.3757140914556	23.68
1578.4886468468399	1578.4886468468399	23.72
1585.4641765690806	1585.4641765690806	23.76
1618.0996722778978	1618.0996722778978	23.8
1652.8379430434102	1652.8379430434102	23.84
1728.7738304847758	1728.7738304847758	23.88
0.0	0.0	23.92
0.0	0.0	23.96
0.0	0.0	24.0
0.0	0.0	24.04
0.0	0.0	24.08
0.0	0.0	24.12
0.0	0.0	24.16
0.0	0.0	24.2
1700.2474622063835	1700.2474622063835	24.24
1707.6517457579887	1707.6517457579887	24.28
1709.8623320030438	1709.8623320030438	24.32
1720.436831868244	1720.436831868244	24.36
1709.7251975668803	1709.7251975668803	24.4
1729.1358991521263	1729.1358991521263	24.44
1744.8795561702414	1744.8795561702414	24.48
1760.204323481003	1760.204323481003	24.52
1775.286809065207	1775.286809065207	24.56
1770.4749892270368	1770.4749892270368	24.6
0.0	0.0	24.64
0.0	0.0	24.68
0.0	0.0	24.72
0.0	0.0	24.76
0.0	0.0	24.8
0.0	0.0	24.84
0.0	0.0	24.88
0.0	0.0	24.92
0.0	0.0	24.96
0.0	0.0	25.0
0.0	0.0	25.04
0.0	0.0	25.08
0.0	0.0	25.12
0.0	0.0	25.16
0.0	0.0	25.2
0.0	0.0	25.24
0.0	0.0	25.28
0.0	0.0	25.32
0.0	0.0	25.36
0.0	0.0	25.4
0.0	0.0	25.44
0.0	0.0	25.48
0.0	0.0	25.52
0.0	0.0	25.56
0.0	0.0	25.6
0.0	0.0	25.64
0.0	0.0	25.68
0.0	0.0	25.72
0.0	0.0	25.76
1744.3210499041118	1744.3210499041118	25.8
0.0	0.0	25.84
0.0	0.0	25.88
0.0	0.0	25.92
0.0	0.0	25.96
1737.988547446881	1737.988547446881	26.0
1736.4577955490697	1736.4577955490697	26.04
1738.232925702096	1738.232925702096	26.08
1735.4911389442982	1735.4911389442982	26.12
0.0	0.0	26.16
0.0	0.0	26.2
1735.333830242195	1735.333830242195	26.24
1728.560637210698	1728.560637210698	26.28
0.0	0.0	26.32
1737.6074372744863	1737.6074372744863	26.36
1743.5676605813544	1743.5676605813544	26.4
0.0	0.0	26.44
1743.4924227727734	1743.4924227727734	26.48
1743.2815186080134	1743.2815186080134	26.52
0.0	0.0	26.56
0.0	0.0	26.6
0.0	0.0	26.64
0.0	0.0	26.68
0.0	0.0	26.72
1729.2301652496026	1729.2301652496026	26.76
1731.8139421520796	1731.8139421520796	26.8
0.0	0.0	26.84
1736.958867367132	1736.958867367132	26.88
1734.6318084750676	1734.6318084750676	26.92
1737.682439063689	1737.682439063689	26.96
0.0	0.0	27.0
0.0	0.0	27.04
1744.0481448863768	1744.0481448863768	27.08
1747.6145827896537	1747.6145827896537	27.12
0.0	0.0	27.16
1744.2079979204034	1744.2079979204034	27.2
1732.8752364397242	1732.8752364397242	27.24
1736.3481572198882	1736.3481572198882	27.28
1734.0050903139913	1734.0050903139913	27.32
1736.2727475094985	1736.2727475094985	27.36
1741.2633381415985	1741.2633381415985	27.4
1740.4325341055219	1740.4325341055219	27.44
1738.3855312231794	1738.3855312231794	27.48
0.0	0.0	27.52
0.0	0.0	27.56
0.0	0.0	27.6
0.0	0.0	27.64
0.0	0.0	27.68
0.0	0.0	27.72
0.0	0.0	27.76
0.0	0.0	27.8
0.0	0.0	27.84
0.0	0.0	27.88
1742.1616779217927	1742.1616779217927	27.92
1732.8971713948292	1732.8971713948292	27.96
1745.8111016887108	1745.8111016887108	28.0
0.0	0.0	28.04
0.0	0.0	28.08
0.0	0.0	28.12
0.0	0.0	28.16
0.0	0.0	28.2
0.0	0.0	28.24
0.0	0.0	28.28
1738.5772011328283	1738.5772011328283	28.32
1748.4168943703985	1748.4168943703985	28.36
1740.5903680683907	1740.5903680683907	28.4
1741.490026778825	1741.490026778825	28.44
1743.6850533878012	1743.6850533878012	28.48
0.0	0.0	28.52
0.0	0.0	28.56
1738.6110288557663	1738.6110288557663	28.6
1743.7797581151722	1743.7797581151722	28.64
0.0	0.0	28.68
0.0	0.0	28.72
1749.1680958825168	1749.1680958825168	28.76
1753.0585736403625	1753.0585736403625	28.8
1747.6988369207108	1747.6988369207108	28.84
1751.4093134716209	1751.4093134716209	28.88
1760.4821958609787	1760.4821958609787	28.92
1732.6171718650112	1732.6171718650112	28.96
1732.720801204067	1732.720801204067	29.0
1728.528206485198	1728.528206485198	29.04
1732.2481915531885	1732.2481915531885	29.08
1733.6820922486265	1733.6820922486265	29.12
0.0	0.0	29.16
1718.6067495142672	1718.6067495142672	29.2
1713.6253517199816	1713.6253517199816	29.24
0.0	0.0	29.28
0.0	0.0	29.32
0.0	0.0	29.36
0.0	0.0	29.4
0.0	0.0	29.44
0.0	0.0	29.48
0.0	0.0	29.52
0.0	0.0	29.56
0.0	0.0	29.6
0.0	0.0	29.64
0.0	0.0	29.68
0.0	0.0	29.72
0.0	0.0	29.76
0.0	0.0	29.8
0.0	0.0	29.84
0.0	0.0	29.88
0.0	0.0	29.92
0.0	0.0	29.96
1671.9333219647717	1671.9333219647717	30.0
1644.6149858283134	1644.6149858283134	30.04
1602.969645926014	1602.969645926014	30.08
1578.476594478983	1578.476594478983	30.12
1554.2626223163684	1554.2626223163684	30.16
1530.7342819818182	1530.7342819818182	30.2
1501.6026914563981	1501.6026914563981	30.24
1486.8674652455793	1486.8674652455793	30.28
1486.6465741255113	1486.6465741255113	30.32
1489.488297981586	1489.488297981586	30.36
1494.0058589650857	1494.0058589650857	30.4
1502.875800243883	1502.875800243883	30.44
1503.6028652066502	1503.6028652066502	30.48
1495.6163120352737	1495.6163120352737	30.52
1491.783690296541	1491.783690296541	30.56
1488.2572727093661	1488.2572727093661	30.6
1487.035572729639	1487.035572729639	30.64
1493.424032166237	1493.424032166237	30.68
1493.3557655491657	1493.3557655491657	30.72
1485.972305742955	1485.972305742955	30.76
1472.9434776464866	1472.9434776464866	30.8
1449.7052535543332	1449.7052535543332	30.84
1409.1632185096983	1409.1632185096983	30.88
1357.520215944202	1357.520215944202	30.92
1305.683064946556	1305.683064946556	30.96
1262.33436221993	1262.33436221993	31.0
1220.8421758948884	1220.8421758948884	31.04
1180.1103659133992	1180.1103659133992	31.08
1132.02967517489	1132.02967517489	31.12
1080.8032271558625	1080.8032271558625	31.16
1029.0723610346422	1029.0723610346422	31.2
972.2498320742569	972.2498320742569	31.24
925.1690646778446	925.1690646778446	31.28
890.8845210137919	890.8845210137919	31.32
863.2247120579482	863.2247120579482	31.36
841.949322738261	841.949322738261	31.4
823.3432604170056	823.3432604170056	31.44
810.027526749772	810.027526749772	31.48
800.0987037675441	800.0987037675441	31.52
788.4159228811743	788.4159228811743	31.56
781.326991481924	781.326991481924	31.6
777.0687314730848	777.0687314730848	31.64
773.971631468353	773.971631468353	31.68
771.2552165951562	771.2552165951562	31.72
764.6737867605067	764.6737867605067	31.76
760.0183482358018	760.0183482358018	31.8
755.8089830040673	755.8089830040673	31.84
756.8944670672747	756.8944670672747	31.88
755.4993388730808	755.4993388730808	31.92
753.5935348823887	753.5935348823887	31.96
753.236012301681	753.236012301681	32.0
752.1442713223688	752.1442713223688	32.04
749.6633194571939	749.6633194571939	32.08
750.2210068642738	750.2210068642738	32.12
751.4435553798111	751.4435553798111	32.16
752.6710392046383	752.6710392046383	32.2
753.2467560138882	753.2467560138882	32.24
751.5694110990333	751.5694110990333	32.28
753.0655992890149	753.0655992890149	32.32
753.5738994394412	753.5738994394412	32.36
762.7803701230678	762.7803701230678	32.4
760.1247531520983	760.1247531520983	32.44
761.3642635276212	761.3642635276212	32.48
765.3742409439569	765.3742409439569	32.52
766.6473617481943	766.6473617481943	32.56
763.9643133586658	763.9643133586658	32.6
762.5914036681995	762.5914036681995	32.64
765.7380841919074	765.7380841919074	32.68
764.1190923908998	764.1190923908998	32.72
766.1536293353397	766.1536293353397	32.76
765.2798879593494	765.2798879593494	32.8
767.4886906186188	767.4886906186188	32.84
766.5895169360879	766.5895169360879	32.88
769.8010717383061	769.8010717383061	32.92
764.9361722012012	764.9361722012012	32.96
768.205240330475	768.205240330475	33.0
766.7332636059784	766.7332636059784	33.04
768.1059461335465	768.1059461335465	33.08
771.224994453182	771.224994453182	33.12
763.5340799936289	763.5340799936289	33.16
761.7569182673814	761.7569182673814	33.2
765.3477143419062	765.3477143419062	33.24
765.0742716104742	765.0742716104742	33.28
761.3598746622922	761.3598746622922	33.32
768.3417988984958	768.3417988984958	33.36
766.9468934337706	766.9468934337706	33.4
763.3990875470956	763.3990875470956	33.44
766.875845176771	766.875845176771	33.48
767.85714156564	767.85714156564	33.52
764.3997340318625	764.3997340318625	33.56
769.4662642521619	769.4662642521619	33.6
765.3690209108797	765.3690209108797	33.64
766.7187128857295	766.7187128857295	33.68
765.1196712110644	765.1196712110644	33.72
769.3239929316702	769.3239929316702	33.76
770.4551876134368	770.4551876134368	33.8
767.0676943388191	767.0676943388191	33.84
768.7802151601868	768.7802151601868	33.88
768.5787972264873	768.5787972264873	33.92
773.315216570702	773.315216570702	33.96
772.7865991112393	772.7865991112393	34.0
775.5820625510063	775.5820625510063	34.04
786.265001065801	786.265001065801	34.08
805.3653393017003	805.3653393017003	34.12
832.8781641493964	832.8781641493964	34.16
863.912026209306	863.912026209306	34.2
901.9425217789235	901.9425217789235	34.24
943.6290631369778	943.6290631369778	34.28
975.07213908255	975.07213908255	34.32
1001.2585314367637	1001.2585314367637	34.36
1020.1647372715414	1020.1647372715414	34.4
1043.261239838576	1043.261239838576	34.44
1062.663766850446	1062.663766850446	34.48
1090.3685419768424	1090.3685419768424	34.52
1135.0715587496259	1135.0715587496259	34.56
1182.4919228468714	1182.4919228468714	34.6
1210.027999703637	1210.027999703637	34.64
1236.6203753551715	1236.6203753551715	34.68
1270.383481783681	1270.383481783681	34.72
1314.3785888785553	1314.3785888785553	34.76
1363.8870756344309	1363.8870756344309	34.8
1476.8457289201053	1476.8457289201053	34.84
1557.3012152944034	1557.3012152944034	34.88
1538.1131381045336	1538.1131381045336	34.92
1455.514936824709	1455.514936824709	34.96
1358.9237923867634	1358.9237923867634	35.0
1266.4418358698242	1266.4418358698242	35.04
1147.1099834775534	1147.1099834775534	35.08
1113.3066588443126	1113.3066588443126	35.12
1092.3943788089125	1092.3943788089125	35.16
1076.2639346513315	1076.2639346513315	35.2
1061.4215453923484	1061.4215453923484	35.24
1052.0332573845283	1052.0332573845283	35.28
1046.5740875224215	1046.5740875224215	35.32
1048.3758569982842	1048.3758569982842	35.36
1062.6672559655535	1062.6672559655535	35.4
1084.2266552627216	1084.2266552627216	35.44
1099.847043423397	1099.847043423397	35.48
1108.387206977586	1108.387206977586	35.52
1135.1528686977722	1135.1528686977722	35.56
1152.9665544735224	1152.9665544735224	35.6
0.0	0.0	35.64
0.0	0.0	35.68
1147.6882438548416	1147.6882438548416	35.72
1131.5729806978684	1131.5729806978684	35.76
1126.0253458734803	1126.0253458734803	35.8
1122.859369557588	1122.859369557588	35.84
1112.035198266612	1112.035198266612	35.88
1107.2489548102908	1107.2489548102908	35.92
1103.3973356979209	1103.3973356979209	35.96
1103.075445031087	1103.075445031087	36.0
1104.344276056085	1104.344276056085	36.04
1099.0901212183476	1099.0901212183476	36.08
0.0	0.0	36.12
0.0	0.0	36.16
0.0	0.0	36.2
0.0	0.0	36.24
0.0	0.0	36.28
0.0	0.0	36.32
0.0	0.0	36.36
0.0	0.0	36.4
0.0	0.0	36.44
0.0	0.0	36.48
0.0	0.0	36.52
0.0	0.0	36.56
1035.9350415783642	1035.9350415783642	36.6
1036.410044530028	1036.410044530028	36.64
1034.8201231910389	1034.8201231910389	36.68
0.0	0.0	36.72
0.0	0.0	36.76
1029.609275019525	1029.609275019525	36.8
0.0	0.0	36.84
0.0	0.0	36.88
0.0	0.0	36.92
0.0	0.0	36.96
0.0	0.0	37.0
0.0	0.0	37.04
0.0	0.0	37.08
1023.0551310246954	1023.0551310246954	37.12
1022.8047218878763	1022.8047218878763	37.16
0.0	0.0	37.2
0.0	0.0	37.24
0.0	0.0	37.28
1023.3049996560869	1023.3049996560869	37.32
0.0	0.0	37.36
0.0	0.0	37.4
971.5779050805255	971.5779050805255	37.44
1013.7890015552964	1013.7890015552964	37.48
1012.972915293857	1012.972915293857	37.52
1011.0800321921001	1011.0800321921001	37.56
1007.5404041740339	1007.5404041740339	37.6
1005.4489988017482	1005.4489988017482	37.64
1008.4542152160545	1008.4542152160545	37.68
1010.730045709773	1010.730045709773	37.72
1012.148798490586	1012.148798490586	37.76
1009.4607438905389	1009.4607438905389	37.8
1009.4220921920164	1009.4220921920164	37.84
1010.826314304975	1010.826314304975	37.88
1011.9114208729618	1011.9114208729618	37.92
895.3371122538736	895.3371122538736	37.96
1017.0775264904405	1017.0775264904405	38.0
886.4182344011782	886.4182344011782	38.04
868.6278393318512	868.6278393318512	38.08
1026.8966051491448	1026.8966051491448	38.12
1027.4431144435705	1027.4431144435705	38.16
1029.2003025209367	1029.2003025209367	38.2
1033.7186394415792	1033.7186394415792	38.24
1036.4196106743216	1036.4196106743216	38.28
1038.0016312803941	1038.0016312803941	38.32
1043.1941156702683	1043.1941156702683	38.36
1047.791134660527	1047.791134660527	38.4
1051.475811928598	1051.475811928598	38.44
1054.9958185055132	1054.9958185055132	38.48
1061.3431430371181	1061.3431430371181	38.52
1067.3233770207582	1067.3233770207582	38.56
1069.896897018286	1069.896897018286	38.6
1073.7283698686465	1073.7283698686465	38.64
1074.1683061381607	1074.1683061381607	38.68
1075.0103099497865	1075.0103099497865	38.72
1076.8321993405934	1076.8321993405934	38.76
1077.160372123356	1077.160372123356	38.8
1077.8086641567697	1077.8086641567697	38.84
1079.3835731607687	1079.3835731607687	38.88
1082.66543000443	1082.66543000443	38.92
1082.5760059483416	1082.5760059483416	38.96
1082.722428907592	1082.722428907592	39.0
1081.299127209504	1081.299127209504	39.04
1075.6109085176802	1075.6109085176802	39.08
1073.564269169521	1073.564269169521	39.12
1069.9196667954327	1069.9196667954327	39.16
1068.299160045626	1068.299160045626	39.2
1064.8583133851853	1064.8583133851853	39.24
1064.3264158699744	1064.3264158699744	39.28
1063.5043755801698	1063.5043755801698	39.32
1061.7517180109328	1061.7517180109328	39.36
1061.6877562122743	1061.6877562122743	39.4
1060.0052973779368	1060.0052973779368	39.44
1062.2725415085285	1062.2725415085285	39.48
1063.8815843023165	1063.8815843023165	39.52
1061.1856913433933	1061.1856913433933	39.56
1059.321887331951	1059.321887331951	39.6
1057.2435078023432	1057.2435078023432	39.64
1055.0580190456815	1055.0580190456815	39.68
1052.2232412370563	1052.2232412370563	39.72
1051.0724450498465	1051.0724450498465	39.76
1052.7514494687196	1052.7514494687196	39.8
1051.356053375096	1051.356053375096	39.84
1052.4727665436444	1052.4727665436444	39.88
1054.4850921492332	1054.4850921492332	39.92
1052.238835964348	1052.238835964348	39.96
1051.9282359468762	1051.9282359468762	40.0
1053.108378350741	1053.108378350741	40.04
1055.10643449885	1055.10643449885	40.08
1055.3143536470902	1055.3143536470902	40.12
1055.2948120241656	1055.2948120241656	40.16
1054.5450160470148	1054.5450160470148	40.2
1054.5053568460614	1054.5053568460614	40.24
1052.9716811499613	1052.9716811499613	40.28
1055.3644580323535	1055.3644580323535	40.32
1054.433477460352	1054.433477460352	40.36
1053.7899200883642	1053.7899200883642	40.4
1054.7043709045483	1054.7043709045483	40.44
1055.931537638046	1055.931537638046	40.48
1056.3541892788103	1056.3541892788103	40.52
1056.8896731449124	1056.8896731449124	40.56
1055.7493935016626	1055.7493935016626	40.6
1057.7855377124636	1057.7855377124636	40.64
1058.282143066847	1058.282143066847	40.68
1058.878656110796	1058.878656110796	40.72
1059.7608279129563	1059.7608279129563	40.76
1061.0379265004665	1061.0379265004665	40.8
1058.652813338471	1058.652813338471	40.84
1056.3986771417644	1056.3986771417644	40.88
1056.9452251937357	1056.9452251937357	40.92
1055.2743120914567	1055.2743120914567	40.96
1054.8629763832516	1054.8629763832516	41.0
1054.4262511678633	1054.4262511678633	41.04
1054.1745596416565	1054.1745596416565	41.08
1052.2330070241817	1052.2330070241817	41.12
1049.046636379058	1049.046636379058	41.16
1050.81624174062	1050.81624174062	41.2
1049.642491468837	1049.642491468837	41.24
1048.9227699458731	1048.9227699458731	41.28
1049.828067652608	1049.828067652608	41.32
1050.495534553972	1050.495534553972	41.36
1049.1849222795609	1049.1849222795609	41.4
1048.1073186472297	1048.1073186472297	41.44
1048.7440532499766	1048.7440532499766	41.48
1048.5305702763428	1048.5305702763428	41.52
1048.8292425988072	1048.8292425988072	41.56
1048.7138097761128	1048.7138097761128	41.6
1047.610364896189	1047.610364896189	41.64
1046.9870210088345	1046.9870210088345	41.68
1044.809518459692	1044.809518459692	41.72
1044.7116893599666	1044.7116893599666	41.76
1042.5052719655664	1042.5052719655664	41.8
1043.3502402974898	1043.3502402974898	41.84
1041.7260692880018	1041.7260692880018	41.88
1041.6419331112909	1041.6419331112909	41.92
1040.5977314562429	1040.5977314562429	41.96
1041.3577990409417	1041.3577990409417	42.0
1041.8336130416096	1041.8336130416096	42.04
1042.5431100401354	1042.5431100401354	42.08
1041.7576057771557	1041.7576057771557	42.12
1040.2270846379133	1040.2270846379133	42.16
1042.0989897688407	1042.0989897688407	42.2
1041.0936006162005	1041.0936006162005	42.24
1040.643800013303	1040.643800013303	42.28
1041.396752428928	1041.396752428928	42.32
1040.5893406303064	1040.5893406303064	42.36
1040.6387771480975	1040.6387771480975	42.4
1040.776210255751	1040.776210255751	42.44
1042.6876641851068	1042.6876641851068	42.48
1042.1527488511547	1042.1527488511547	42.52
1042.9219734775068	1042.9219734775068	42.56
1042.841628222315	1042.841628222315	42.6
1041.5834334502185	1041.5834334502185	42.64
1041.6971058083884	1041.6971058083884	42.68
1042.4682865160382	1042.4682865160382	42.72
1041.4883462616417	1041.4883462616417	42.76
1041.7794280630326	1041.7794280630326	42.8
1039.278175464885	1039.278175464885	42.84
1040.0842895487274	1040.0842895487274	42.88
1039.3098980469324	1039.3098980469324	42.92
1040.4308791887759	1040.4308791887759	42.96
1042.0171418549303	1042.0171418549303	43.0
1041.7487993592097	1041.7487993592097	43.04
1040.1292051612052	1040.1292051612052	43.08
1039.6322083444672	1039.6322083444672	43.12
1044.3332212183832	1044.3332212183832	43.16
1043.3120166349438	1043.3120166349438	43.2
1043.0674289878082	1043.0674289878082	43.24
1040.623740555762	1040.623740555762	43.28
1041.0588085042548	1041.0588085042548	43.32
1041.6210412751059	1041.6210412751059	43.36
1041.3427643346754	1041.3427643346754	43.4
1040.3116016238102	1040.3116016238102	43.44
1043.7424899392536	1043.7424899392536	43.48
1043.9575941471228	1043.9575941471228	43.52
1042.9719786811409	1042.9719786811409	43.56
1041.7570593920182	1041.7570593920182	43.6
1041.280393622712	1041.280393622712	43.64
1042.4951737939668	1042.4951737939668	43.68
1042.295468429433	1042.295468429433	43.72
1043.4617691078195	1043.4617691078195	43.76
1043.0685221206138	1043.0685221206138	43.8
1043.74232853415	1043.74232853415	43.84
1042.4756429248052	1042.4756429248052	43.88
1043.6387727561812	1043.6387727561812	43.92
1045.3910437274533	1045.3910437274533	43.96
1045.526668766017	1045.526668766017	44.0
1046.9866064323796	1046.9866064323796	44.04
1045.0810728535982	1045.0810728535982	44.08
1047.487393545128	1047.487393545128	44.12
1048.8256348053949	1048.8256348053949	44.16
1048.138142121506	1048.138142121506	44.2
1048.238583183362	1048.238583183362	44.24
1048.4085213291505	1048.4085213291505	44.28
1050.4631700490588	1050.4631700490588	44.32
1050.6316685861188	1050.6316685861188	44.36
1049.1448293193077	1049.1448293193077	44.4
1048.349506042683	1048.349506042683	44.44
1046.896299793773	1046.896299793773	44.48
1045.1857067282465	1045.1857067282465	44.52
1043.6079615847457	1043.6079615847457	44.56
1040.218926935105	1040.218926935105	44.6
1035.1625409691333	1035.1625409691333	44.64
1028.862027614778	1028.862027614778	44.68
1021.5660764310528	1021.5660764310528	44.72
1017.2491829593683	1017.2491829593683	44.76
1011.6843200074353	1011.6843200074353	44.8
1004.6750883063529	1004.6750883063529	44.84
999.5503332219295	999.5503332219295	44.88
994.5667381207069	994.5667381207069	44.92
984.6579097802827	984.6579097802827	44.96
975.444836825408	975.444836825408	45.0
970.0444782891005	970.0444782891005	45.04
966.803934104288	966.803934104288	45.08
961.9889078832094	961.9889078832094	45.12
962.0856503226264	962.0856503226264	45.16
959.0020399572073	959.0020399572073	45.2
957.7273993737824	957.7273993737824	45.24
957.1145510407766	957.1145510407766	45.28
957.037392759913	957.037392759913	45.32
956.3102352855333	956.3102352855333	45.36
955.6946227152808	955.6946227152808	45.4
955.7318333960759	955.7318333960759	45.44
956.1463579172772	956.1463579172772	45.48
646.8989224129261	646.8989224129261	45.52
646.8644563098043	646.8644563098043	45.56
643.7210448946258	643.7210448946258	45.6
640.1690499911493	640.1690499911493	45.64
641.5866981663614	641.5866981663614	45.68
642.7265700877359	642.7265700877359	45.72
640.1167122257627	640.1167122257627	45.76
958.6808614012676	958.6808614012676	45.8
957.4017480554847	957.4017480554847	45.84
953.9015619021511	953.9015619021511	45.88
951.4416410198796	951.4416410198796	45.92
947.7604565534178	947.7604565534178	45.96
948.5540188178494	948.5540188178494	46.0
949.4529256355078	949.4529256355078	46.04
950.5519726860065	950.5519726860065	46.08
953.3907273954532	953.3907273954532	46.12
955.6137026511246	955.6137026511246	46.16
613.3798189922143	613.3798189922143	46.2
957.1336268410776	957.1336268410776	46.24
607.9848039015848	607.9848039015848	46.28
957.8689025018595	957.8689025018595	46.32
958.2273658416564	958.2273658416564	46.36
959.2257275409944	959.2257275409944	46.4
960.3480676510627	960.3480676510627	46.44
688.6009451881156	688.6009451881156	46.48
960.9603476634027	960.9603476634027	46.52
675.8218860825533	675.8218860825533	46.56
595.5549238382588	595.5549238382588	46.6
962.0703386462299	962.0703386462299	46.64
960.5624234739433	960.5624234739433	46.68
588.8960454149544	588.8960454149544	46.72
593.5488075819501	593.5488075819501	46.76
966.3913171116036	966.3913171116036	46.8
964.0185008817698	964.0185008817698	46.84
966.063042262754	966.063042262754	46.88
591.6970939830445	591.6970939830445	46.92
968.5652060844524	968.5652060844524	46.96
963.7325242638967	963.7325242638967	47.0
965.6181391930814	965.6181391930814	47.04
965.0130361734903	965.0130361734903	47.08
578.1317766233179	578.1317766233179	47.12
965.9440445055634	965.9440445055634	47.16
592.4993600854248	592.4993600854248	47.2
967.5816926621721	967.5816926621721	47.24
966.6560852433204	966.6560852433204	47.28
965.695249662849	965.695249662849	47.32
963.9574313548543	963.9574313548543	47.36
597.5367494401996	597.5367494401996	47.4
592.6163258927229	592.6163258927229	47.44
600.057606420708	600.057606420708	47.48
585.0983365500225	585.0983365500225	47.52
963.9457607217854	963.9457607217854	47.56
597.6936614721534	597.6936614721534	47.6
967.2533546550908	967.2533546550908	47.64
605.5856373236478	605.5856373236478	47.68
600.4652347198933	600.4652347198933	47.72
590.7450697209671	590.7450697209671	47.76
970.9665461892879	970.9665461892879	47.8
970.6990739577981	970.6990739577981	47.84
614.0717420486069	614.0717420486069	47.88
972.0412502314665	972.0412502314665	47.92
974.7188888465681	974.7188888465681	47.96
605.1099809219957	605.1099809219957	48.0
974.8946479318749	974.8946479318749	48.04
600.5280694443418	600.5280694443418	48.08
974.8599402155096	974.8599402155096	48.12
974.40697796259	974.40697796259	48.16
645.8984521098585	645.8984521098585	48.2
975.6477057482531	975.6477057482531	48.24
623.7890785267655	623.7890785267655	48.28
977.899606348093	977.899606348093	48.32
605.1918971057058	605.1918971057058	48.36
977.194403277749	977.194403277749	48.4
607.0626901451361	607.0626901451361	48.44
608.4688588563565	608.4688588563565	48.48
612.0557850871966	612.0557850871966	48.52
978.4355662841929	978.4355662841929	48.56
980.3661726558836	980.3661726558836	48.6
981.0090670668064	981.0090670668064	48.64
596.5862288177365	596.5862288177365	48.68
983.7373516266098	983.7373516266098	48.72
602.4250725250869	602.4250725250869	48.76
983.1349500649083	983.1349500649083	48.8
984.5051496802429	984.5051496802429	48.84
985.0588572712892	985.0588572712892	48.88
981.9487934145861	981.9487934145861	48.92
981.6731096198657	981.6731096198657	48.96
980.6287103632333	980.6287103632333	49.0
979.8566027280641	979.8566027280641	49.04
981.2418655196387	981.2418655196387	49.08
603.8817071500708	603.8817071500708	49.12
982.1804419709316	982.1804419709316	49.16
595.0871486890446	595.0871486890446	49.2
980.6798880252287	980.6798880252287	49.24
978.4724517942585	978.4724517942585	49.28
593.0457294775429	593.0457294775429	49.32
973.1435907556867	973.1435907556867	49.36
602.7925406963477	602.7925406963477	49.4
610.8156486258777	610.8156486258777	49.44
612.8619020260976	612.8619020260976	49.48
653.875361569322	653.875361569322	49.52
601.2155317061872	601.2155317061872	49.56
603.0844174504191	603.0844174504191	49.6
974.9171087421312	974.9171087421312	49.64
974.7504883713359	974.7504883713359	49.68
975.0707136572677	975.0707136572677	49.72
974.8008832386788	974.8008832386788	49.76
594.1497191472042	594.1497191472042	49.8
976.8167992945923	976.8167992945923	49.84
607.5419877481957	607.5419877481957	49.88
976.5009858719361	976.5009858719361	49.92
978.4802515250964	978.4802515250964	49.96
979.5078525882722	979.5078525882722	50.0
979.8391139731021	979.8391139731021	50.04
614.9470235980589	614.9470235980589	50.08
980.8662790332212	980.8662790332212	50.12
630.1953497093041	630.1953497093041	50.16
982.8075805448512	982.8075805448512	50.2
619.1444494500686	619.1444494500686	50.24
984.7834366816055	984.7834366816055	50.28
983.8361019169171	983.8361019169171	50.32
607.2536463263267	607.2536463263267	50.36
983.9289316889452	983.9289316889452	50.4
986.4779132971372	986.4779132971372	50.44
614.5761442013753	614.5761442013753	50.48
987.6741350165113	987.6741350165113	50.52
986.9451999079738	986.9451999079738	50.56
988.1175554132349	988.1175554132349	50.6
987.2326869043039	987.2326869043039	50.64
990.8921402616895	990.8921402616895	50.68
990.2941625941053	990.2941625941053	50.72
621.8449774615475	621.8449774615475	50.76
989.9101005355074	989.9101005355074	50.8
991.8788396835165	991.8788396835165	50.84
992.2762273438599	992.2762273438599	50.88
991.600277665855	991.600277665855	50.92
992.8722636955767	992.8722636955767	50.96
992.1494088844255	992.1494088844255	51.0
993.7222055007368	993.7222055007368	51.04
993.140665442667	993.140665442667	51.08
996.1654294245337	996.1654294245337	51.12
997.3508596630389	997.3508596630389	51.16
996.4626958856082	996.4626958856082	51.2
995.7653941949145	995.7653941949145	51.24
996.354752964164	996.354752964164	51.28
996.0219439744335	996.0219439744335	51.32
621.2441444106729	621.2441444106729	51.36
996.8158308587543	996.8158308587543	51.4
996.2175585610056	996.2175585610056	51.44
996.0986761181686	996.0986761181686	51.48
994.4103787992959	994.4103787992959	51.52
995.5133988702969	995.5133988702969	51.56
995.2669065940721	995.2669065940721	51.6
997.1709301083894	997.1709301083894	51.64
997.5653114155562	997.5653114155562	51.68
997.9654054225888	997.9654054225888	51.72
995.4558131781762	995.4558131781762	51.76
993.9873706327926	993.9873706327926	51.8
994.2846658785403	994.2846658785403	51.84
992.8414315555749	992.8414315555749	51.88
989.6327412426766	989.6327412426766	51.92
990.7390791915909	990.7390791915909	51.96
988.4209474543304	988.4209474543304	52.0
989.4806684824657	989.4806684824657	52.04
981.7370263177022	981.7370263177022	52.08
971.8971353481047	971.8971353481047	52.12
973.8460513601813	973.8460513601813	52.16
978.3386913289423	978.3386913289423	52.2
984.1281713842017	984.1281713842017	52.24
989.2884944533714	989.2884944533714	52.28
994.4571324362933	994.4571324362933	52.32
996.5873188772649	996.5873188772649	52.36
1001.9594293054943	1001.9594293054943	52.4
1002.0646403762544	1002.0646403762544	52.44
1003.8157200312847	1003.8157200312847	52.48
998.3353063655136	998.3353063655136	52.52
998.4231778067226	998.4231778067226	52.56
997.1866284885929	997.1866284885929	52.6
998.042279975768	998.042279975768	52.64
998.7310656211961	998.7310656211961	52.68
1004.7010422635921	1004.7010422635921	52.72
1004.5502474950204	1004.5502474950204	52.76
1005.7773610570767	1005.7773610570767	52.8
1007.0191339906397	1007.0191339906397	52.84
1006.223242662125	1006.223242662125	52.88
1006.4921889595813	1006.4921889595813	52.92
1005.9241381560599	1005.9241381560599	52.96
1006.1689848423208	1006.1689848423208	53.0
1007.1412947656114	1007.1412947656114	53.04
1007.2585786645509	1007.2585786645509	53.08
1007.9525720378638	1007.9525720378638	53.12
1008.3829564778429	1008.3829564778429	53.16
1008.4152393813164	1008.4152393813164	53.2
1009.0002640753136	1009.0002640753136	53.24
1006.8769655706182	1006.8769655706182	53.28
1007.4586685235802	1007.4586685235802	53.32
1007.4422914750163	1007.4422914750163	53.36
1008.4654736073277	1008.4654736073277	53.4
1009.3290547344379	1009.3290547344379	53.44
1008.1307000511728	1008.1307000511728	53.48
1008.5462017217326	1008.5462017217326	53.52
1007.6461089836588	1007.6461089836588	53.56
1006.0125837869273	1006.0125837869273	53.6
1006.9560765220167	1006.9560765220167	53.64
1009.5354496723859	1009.5354496723859	53.68
1010.5249372302685	1010.5249372302685	53.72
1011.7322413124033	1011.7322413124033	53.76
1012.0087855635516	1012.0087855635516	53.8
1017.1087270071212	1017.1087270071212	53.84
1021.3317178077909	1021.3317178077909	53.88
1026.834810819852	1026.834810819852	53.92
1039.4419890850738	1039.4419890850738	53.96
1056.3778868077202	1056.3778868077202	54.0
1078.6591488095848	1078.6591488095848	54.04
1104.2914872308538	1104.2914872308538	54.08
1121.8310731217618	1121.8310731217618	54.12
1139.3405139414024	1139.3405139414024	54.16
1157.2711526411613	1157.2711526411613	54.2
1169.2574529452738	1169.2574529452738	54.24
1164.3187698473237	1164.3187698473237	54.28
1146.2018233601125	1146.2018233601125	54.32
1124.3686315466293	1124.3686315466293	54.36
1094.9661911168319	1094.9661911168319	54.4
1084.7275116780265	1084.7275116780265	54.44
1079.767976002742	1079.767976002742	54.48
1080.711589660324	1080.711589660324	54.52
1068.5806255864188	1068.5806255864188	54.56
1074.911910066171	1074.911910066171	54.6
1088.1452271126834	1088.1452271126834	54.64
1101.6422517961958	1101.6422517961958	54.68
1131.123611582409	1131.123611582409	54.72
1139.6096722355508	1139.6096722355508	54.76
1196.883974844682	1196.883974844682	54.8
0.0	0.0	54.84
0.0	0.0	54.88
1247.3223647089537	1247.3223647089537	54.92
0.0	0.0	54.96
1249.7920665190402	1249.7920665190402	55.0
0.0	0.0	55.04
0.0	0.0	55.08
0.0	0.0	55.12
0.0	0.0	55.16
0.0	0.0	55.2
0.0	0.0	55.24
905.1862373066609	905.1862373066609	55.28
0.0	0.0	55.32
917.4732758973608	917.4732758973608	55.36
926.4056760982502	926.4056760982502	55.4
902.4634546322602	902.4634546322602	55.44
886.8710923544883	886.8710923544883	55.48
857.225297174578	857.225297174578	55.52
844.6100555831125	844.6100555831125	55.56
839.5748605046547	839.5748605046547	55.6
836.3396705260515	836.3396705260515	55.64
829.3059228376394	829.3059228376394	55.68
822.976079259	822.976079259	55.72
815.6927645552269	815.6927645552269	55.76
796.8648553768261	796.8648553768261	55.8
775.8579965492864	775.8579965492864	55.84
757.5900673910357	757.5900673910357	55.88
734.1383505358766	734.1383505358766	55.92
717.7834251423797	717.7834251423797	55.96
707.209699559491	707.209699559491	56.0
701.4212799042313	701.4212799042313	56.04
700.951373520054	700.951373520054	56.08
701.1527203892767	701.1527203892767	56.12
702.991636265394	702.991636265394	56.16
706.9940718265607	706.9940718265607	56.2
714.2611021240504	714.2611021240504	56.24
719.0193566326661	719.0193566326661	56.28
724.3942506113391	724.3942506113391	56.32
727.0203262416736	727.0203262416736	56.36
727.87784200964	727.87784200964	56.4
722.833318998868	722.833318998868	56.44
716.8434366505929	716.8434366505929	56.48
714.1305908209773	714.1305908209773	56.52
708.6396707137227	708.6396707137227	56.56
706.6633289682211	706.6633289682211	56.6
706.1805150029178	706.1805150029178	56.64
703.4153626845615	703.4153626845615	56.68
701.7818874257638	701.7818874257638	56.72
702.5389530143605	702.5389530143605	56.76
698.7264475806777	698.7264475806777	56.8
698.8359412692139	698.8359412692139	56.84
693.5600845781883	693.5600845781883	56.88
692.8793115228326	692.8793115228326	56.92
691.7826069144742	691.7826069144742	56.96
690.8650335045592	690.8650335045592	57.0
694.6615694321149	694.6615694321149	57.04
698.5045506342221	698.5045506342221	57.08
702.183715864947	702.183715864947	57.12
703.9498159003546	703.9498159003546	57.16
706.8658280282966	706.8658280282966	57.2
709.0150469503794	709.0150469503794	57.24
714.5474980262932	714.5474980262932	57.28
713.6398702311797	713.6398702311797	57.32
717.0371981523278	717.0371981523278	57.36
719.9979972477066	719.9979972477066	57.4
720.6228414232218	720.6228414232218	57.44
721.6349373543479	721.6349373543479	57.48
720.966902243507	720.966902243507	57.52
722.7016656233337	722.7016656233337	57.56
721.6281710408582	721.6281710408582	57.6
721.9378297948824	721.9378297948824	57.64
717.747667913816	717.747667913816	57.68
718.8489119077575	718.8489119077575	57.72
724.0205119385512	724.0205119385512	57.76
723.4237314765514	723.4237314765514	57.8
723.7455503451527	723.7455503451527	57.84
724.7550733531984	724.7550733531984	57.88
727.6245200367495	727.6245200367495	57.92
726.46758668481	726.46758668481	57.96
728.6809487803732	728.6809487803732	58.0
728.0295409312016	728.0295409312016	58.04
726.7671505273308	726.7671505273308	58.08
730.1640551773181	730.1640551773181	58.12
733.5431146620717	733.5431146620717	58.16
735.8347938479394	735.8347938479394	58.2
729.3291684449667	729.3291684449667	58.24
732.9438857377933	732.9438857377933	58.28
736.1044056947472	736.1044056947472	58.32
738.8121081495977	738.8121081495977	58.36
741.1536078351529	741.1536078351529	58.4
749.5042588332745	749.5042588332745	58.44
751.6220692603987	751.6220692603987	58.48
748.9417765835003	748.9417765835003	58.52
747.7853065430432	747.7853065430432	58.56
750.5847926614205	750.5847926614205	58.6
748.7173943346872	748.7173943346872	58.64
750.5322112160878	750.5322112160878	58.68
752.9975039175746	752.9975039175746	58.72
758.1781788554541	758.1781788554541	58.76
759.8484006644578	759.8484006644578	58.8
760.0190150333241	760.0190150333241	58.84
761.1637625073495	761.1637625073495	58.88
764.7554217417327	764.7554217417327	58.92
780.757908231472	780.757908231472	58.96
785.702090431595	785.702090431595	59.0
796.2254107210258	796.2254107210258	59.04
797.8404941054313	797.8404941054313	59.08
791.8277747707767	791.8277747707767	59.12
786.7778860730471	786.7778860730471	59.16
781.8911622927817	781.8911622927817	59.2
778.8795410029555	778.8795410029555	59.24
779.2705311700878	779.2705311700878	59.28
782.8823360332035	782.8823360332035	59.32
786.8391828633631	786.8391828633631	59.36
793.110121396866	793.110121396866	59.4
795.5045768423903	795.5045768423903	59.44
792.7681174070324	792.7681174070324	59.48
783.3518776227421	783.3518776227421	59.52
773.4816591072057	773.4816591072057	59.56
768.4126302760828	768.4126302760828	59.6
769.8832369637413	769.8832369637413	59.64
767.3467215527235	767.3467215527235	59.68
767.7201133804829	767.7201133804829	59.72
766.6302104355816	766.6302104355816	59.76
767.8610962029819	767.8610962029819	59.8
773.8156755740151	773.8156755740151	59.84
776.2886124030505	776.2886124030505	59.88
781.7165585044081	781.7165585044081	59.92
784.6264828875011	784.6264828875011	59.96
787.8970694324577	787.8970694324577	60.0
787.5683329299266	787.5683329299266	60.04
791.5791391608177	791.5791391608177	60.08
789.2771847789933	789.2771847789933	60.12
784.4179726791176	784.4179726791176	60.16
775.7907416222324	775.7907416222324	60.2
771.4718938485383	771.4718938485383	60.24
771.7223389471378	771.7223389471378	60.28
777.5709127461328	777.5709127461328	60.32
779.3393039937101	779.3393039937101	60.36
779.2556350180658	779.2556350180658	60.4
783.8712501946118	783.8712501946118	60.44
788.0732465204158	788.0732465204158	60.48
792.1005906934187	792.1005906934187	60.52
792.8660156642964	792.8660156642964	60.56
792.9156437455306	792.9156437455306	60.6
796.0311100884163	796.0311100884163	60.64
799.4691753387823	799.4691753387823	60.68
801.4983235637617	801.4983235637617	60.72
802.1543653379866	802.1543653379866	60.76
798.1519411917551	798.1519411917551	60.8
794.1711580761504	794.1711580761504	60.84
792.8982912216312	792.8982912216312	60.88
789.8716608355683	789.8716608355683	60.92
786.6960819223042	786.6960819223042	60.96
787.394059476522	787.394059476522	61.0
787.6951307862312	787.6951307862312	61.04
782.8481541085266	782.8481541085266	61.08
781.4714620932133	781.4714620932133	61.12
781.8887514243582	781.8887514243582	61.16
783.593221669443	783.593221669443	61.2
785.7444030754118	785.7444030754118	61.24
787.1809730512593	787.1809730512593	61.28
789.8568235974177	789.8568235974177	61.32
788.7452557548129	788.7452557548129	61.36
789.7775021668898	789.7775021668898	61.4
791.0922155243337	791.0922155243337	61.44
794.6929437383145	794.6929437383145	61.48
788.9112017472044	788.9112017472044	61.52
790.1661423763725	790.1661423763725	61.56
781.5570509391913	781.5570509391913	61.6
784.6072522065887	784.6072522065887	61.64
786.8050063301378	786.8050063301378	61.68
782.7267091839174	782.7267091839174	61.72
784.8573349483452	784.8573349483452	61.76
786.707663824176	786.707663824176	61.8
790.6041359104593	790.6041359104593	61.84
787.5188399923514	787.5188399923514	61.88
790.3396180348683	790.3396180348683	61.92
792.2582074806226	792.2582074806226	61.96
790.2965756796067	790.2965756796067	62.0
786.8971558611785	786.8971558611785	62.04
781.8728202848574	781.8728202848574	62.08
782.3287567251356	782.3287567251356	62.12
781.4947280475744	781.4947280475744	62.16
782.4007301227716	782.4007301227716	62.2
781.8919086468895	781.8919086468895	62.24
782.3821913700572	782.3821913700572	62.28
779.3354043807503	779.3354043807503	62.32
776.1456007341081	776.1456007341081	62.36
775.3352826115918	775.3352826115918	62.4
769.5423468175989	769.5423468175989	62.44
768.0040286773558	768.0040286773558	62.48
766.7780062267915	766.7780062267915	62.52
767.0002039537892	767.0002039537892	62.56
768.4663543503323	768.4663543503323	62.6
768.4388010460538	768.4388010460538	62.64
770.305398732591	770.305398732591	62.68
776.7710499252345	776.7710499252345	62.72
772.0557364501205	772.0557364501205	62.76
766.7872829789319	766.7872829789319	62.8
764.0349420245623	764.0349420245623	62.84
761.6738992477668	761.6738992477668	62.88
764.5862418506752	764.5862418506752	62.92
768.8745753197201	768.8745753197201	62.96
768.7113901589414	768.7113901589414	63.0
766.4184379968373	766.4184379968373	63.04
767.8801142674021	767.8801142674021	63.08
765.7135402683031	765.7135402683031	63.12
765.3719299583447	765.3719299583447	63.16
767.3777099933504	767.3777099933504	63.2
772.0274271666882	772.0274271666882	63.24
775.1593618264933	775.1593618264933	63.28
772.8244881715066	772.8244881715066	63.32
762.3335680590487	762.3335680590487	63.36
745.5070762753899	745.5070762753899	63.4
733.012910015989	733.012910015989	63.44
723.7038591081018	723.7038591081018	63.48
714.3447981193286	714.3447981193286	63.52
707.8819530817007	707.8819530817007	63.56
704.6895443181146	704.6895443181146	63.6
697.5439604869043	697.5439604869043	63.64
689.8680681202886	689.8680681202886	63.68
675.5596609201459	675.5596609201459	63.72
665.6019480505043	665.6019480505043	63.76
649.9626740843559	649.9626740843559	63.8
643.2403126319056	643.2403126319056	63.84
0.0	0.0	63.88
612.0992890880551	612.0992890880551	63.92
611.6854550078954	611.6854550078954	63.96
607.9565226530714	607.9565226530714	64.0
605.9991565358522	605.9991565358522	64.04
592.3122487562609	592.3122487562609	64.08
586.7876636803554	586.7876636803554	64.12
584.1812160483751	584.1812160483751	64.16
581.1112845114242	581.1112845114242	64.2
581.6392186181323	581.6392186181323	64.24
586.0247651760503	586.0247651760503	64.28
593.4476173177259	593.4476173177259	64.32
605.1920607057734	605.1920607057734	64.36
623.1733064871241	623.1733064871241	64.4
642.4204062193959	642.4204062193959	64.44
676.5063741413169	676.5063741413169	64.48
720.7291657849815	720.7291657849815	64.52
759.571907266388	759.571907266388	64.56
793.0092905883391	793.0092905883391	64.6
822.0093212437199	822.0093212437199	64.64
845.5007723270112	845.5007723270112	64.68
865.8906712403265	865.8906712403265	64.72
881.6017733825782	881.6017733825782	64.76
898.4015475153598	898.4015475153598	64.8
916.3923451887171	916.3923451887171	64.84
940.5592554804736	940.5592554804736	64.88
966.7050904576977	966.7050904576977	64.92
995.2895023719678	995.2895023719678	64.96
1023.8567435240475	1023.8567435240475	65.0
1053.1031319280587	1053.1031319280587	65.04
1082.245379049788	1082.245379049788	65.08
1109.7403250200498	1109.7403250200498	65.12
1143.51981230122	1143.51981230122	65.16
1185.5240213202173	1185.5240213202173	65.2
1223.2253522998217	1223.2253522998217	65.24
1254.1458817787513	1254.1458817787513	65.28
1268.4182779783384	1268.4182779783384	65.32
1270.8927304643287	1270.8927304643287	65.36
1262.1694592137155	1262.1694592137155	65.4
1246.7999570019808	1246.7999570019808	65.44
1230.0052125635154	1230.0052125635154	65.48
1206.664450845573	1206.664450845573	65.52
1183.3077940408498	1183.3077940408498	65.56
1159.4954717606138	1159.4954717606138	65.6
1135.4018735468287	1135.4018735468287	65.64
1112.5896455022955	1112.5896455022955	65.68
1084.2406093310162	1084.2406093310162	65.72
1053.6450400976723	1053.6450400976723	65.76
1023.6124043532941	1023.6124043532941	65.8
995.4181434508041	995.4181434508041	65.84
966.9212156379984	966.9212156379984	65.88
940.566163564398	940.566163564398	65.92
912.4526534217097	912.4526534217097	65.96
886.811304908113	886.811304908113	66.0
862.9977681083301	862.9977681083301	66.04
847.860443191721	847.860443191721	66.08
837.2052628312135	837.2052628312135	66.12
827.1794635568012	827.1794635568012	66.16
818.2502727088872	818.2502727088872	66.2
807.3277794590075	807.3277794590075	66.24
799.812523076549	799.812523076549	66.28
792.2619756544339	792.2619756544339	66.32
787.7747145772764	787.7747145772764	66.36
791.1739134447295	791.1739134447295	66.4
792.8068415269925	792.8068415269925	66.44
797.1148376428955	797.1148376428955	66.48
793.2141171819225	793.2141171819225	66.52
797.7440826764337	797.7440826764337	66.56
801.3146554917846	801.3146554917846	66.6
804.5268061776316	804.5268061776316	66.64
809.5564280775948	809.5564280775948	66.68
813.0385186794193	813.0385186794193	66.72
816.5630260017189	816.5630260017189	66.76
820.210071832076	820.210071832076	66.8
824.9041308007895	824.9041308007895	66.84
834.7616611395339	834.7616611395339	66.88
836.0303813739697	836.0303813739697	66.92
833.3295153931014	833.3295153931014	66.96
840.0325814783307	840.0325814783307	67.0
844.5772042554903	844.5772042554903	67.04
838.6045743945291	838.6045743945291	67.08
847.4487551585441	847.4487551585441	67.12
844.6029757411254	844.6029757411254	67.16
843.4022894460273	843.4022894460273	67.2
843.6164874479527	843.6164874479527	67.24
844.6232138246629	844.6232138246629	67.28
843.7218586210295	843.7218586210295	67.32
844.5388260228405	844.5388260228405	67.36
842.4383288255026	842.4383288255026	67.4
842.5462334172248	842.5462334172248	67.44
842.0026740147135	842.0026740147135	67.48
841.7402143767845	841.7402143767845	67.52
841.5508370920319	841.5508370920319	67.56
846.0983274333682	846.0983274333682	67.6
848.3834405209988	848.3834405209988	67.64
855.7546870489072	855.7546870489072	67.68
865.748172566775	865.748172566775	67.72
868.8673214767072	868.8673214767072	67.76
866.4732363260157	866.4732363260157	67.8
864.469531901622	864.469531901622	67.84
865.715553668195	865.715553668195	67.88
866.4613603763345	866.4613603763345	67.92
869.1376956404173	869.1376956404173	67.96
871.7606708524816	871.7606708524816	68.0
873.0447252499299	873.0447252499299	68.04
872.9491083921478	872.9491083921478	68.08
876.8819398345732	876.8819398345732	68.12
877.4339814089659	877.4339814089659	68.16
881.498163530143	881.498163530143	68.2
880.236205271461	880.236205271461	68.24
879.3740273584631	879.3740273584631	68.28
883.3409482094988	883.3409482094988	68.32
887.8246004561001	887.8246004561001	68.36
893.1527085216154	893.1527085216154	68.4
899.4179437709594	899.4179437709594	68.44
896.9025404174802	896.9025404174802	68.48
892.0869531238246	892.0869531238246	68.52
885.1528630598256	885.1528630598256	68.56
876.9722380900583	876.9722380900583	68.6
873.4003601147166	873.4003601147166	68.64
875.4007560265835	875.4007560265835	68.68
874.6830810807426	874.6830810807426	68.72
871.7602240781537	871.7602240781537	68.76
869.3343910661687	869.3343910661687	68.8
867.341566680548	867.341566680548	68.84
867.7239684060179	867.7239684060179	68.88
869.6041294997033	869.6041294997033	68.92
870.8281810848757	870.8281810848757	68.96
871.9479776196528	871.9479776196528	69.0
871.6639721280692	871.6639721280692	69.04
872.1643346322828	872.1643346322828	69.08
874.021989804378	874.021989804378	69.12
873.9439191507905	873.9439191507905	69.16
873.3733842190767	873.3733842190767	69.2
874.2637002501119	874.2637002501119	69.24
875.5629640671842	875.5629640671842	69.28
874.4745224311328	874.4745224311328	69.32
872.6300316155108	872.6300316155108	69.36
873.2228416558545	873.2228416558545	69.4
870.74506519813	870.74506519813	69.44
870.4627902574498	870.4627902574498	69.48
870.1896444958101	870.1896444958101	69.52
869.8201691656161	869.8201691656161	69.56
867.8062930751305	867.8062930751305	69.6
866.6889117924193	866.6889117924193	69.64
866.4632964449581	866.4632964449581	69.68
866.0811873283061	866.0811873283061	69.72
863.9373181484468	863.9373181484468	69.76
865.7267637529792	865.7267637529792	69.8
867.4662410212554	867.4662410212554	69.84
865.7329305822235	865.7329305822235	69.88
845.3269048447262	845.3269048447262	69.92
816.4904175652322	816.4904175652322	69.96
770.0736554024205	770.0736554024205	70.0
712.2192921620364	712.2192921620364	70.04
646.3096900778618	646.3096900778618	70.08
596.0362702421112	596.0362702421112	70.12
605.9218394100996	605.9218394100996	70.16
694.898032442097	694.898032442097	70.2
888.5662262659499	888.5662262659499	70.24
1077.8849196216518	1077.8849196216518	70.28
1276.3422410489234	1276.3422410489234	70.32
0.0	0.0	70.36
0.0	0.0	70.4
0.0	0.0	70.44
0.0	0.0	70.48
0.0	0.0	70.52
0.0	0.0	70.56
0.0	0.0	70.6
0.0	0.0	70.64
0.0	0.0	70.68
0.0	0.0	70.72
0.0	0.0	70.76
0.0	0.0	70.8
0.0	0.0	70.84
0.0	0.0	70.88
0.0	0.0	70.92
0.0	0.0	70.96
0.0	0.0	71.0
0.0	0.0	71.04
0.0	0.0	71.08
0.0	0.0	71.12
0.0	0.0	71.16
0.0	0.0	71.2
0.0	0.0	71.24
0.0	0.0	71.28
0.0	0.0	71.32
0.0	0.0	71.36
0.0	0.0	71.4
0.0	0.0	71.44
0.0	0.0	71.48
0.0	0.0	71.52
0.0	0.0	71.56
0.0	0.0	71.6
0.0	0.0	71.64
0.0	0.0	71.68
0.0	0.0	71.72
0.0	0.0	71.76
0.0	0.0	71.8
0.0	0.0	71.84
0.0	0.0	71.88
0.0	0.0	71.92
0.0	0.0	71.96
0.0	0.0	72.0
0.0	0.0	72.04
0.0	0.0	72.08
0.0	0.0	72.12
0.0	0.0	72.16
0.0	0.0	72.2
0.0	0.0	72.24
0.0	0.0	72.28
0.0	0.0	72.32
0.0	0.0	72.36
0.0	0.0	72.4
0.0	0.0	72.44
0.0	0.0	72.48
0.0	0.0	72.52
0.0	0.0	72.56
0.0	0.0	72.6
0.0	0.0	72.64
0.0	0.0	72.68
0.0	0.0	72.72
0.0	0.0	72.76
0.0	0.0	72.8
0.0	0.0	72.84
0.0	0.0	72.88
0.0	0.0	72.92
0.0	0.0	72.96
0.0	0.0	73.0
