Thumb_R	Index_R	Time
0.0	0.0	0.04
0.0	0.0	0.08
0.0	0.0	0.12
0.0	0.0	0.16
0.0	0.0	0.2
0.0	0.0	0.24
0.0	0.0	0.28
0.0	0.0	0.32
0.0	0.0	0.36
0.0	0.0	0.4
0.0	0.0	0.44
0.0	0.0	0.48
0.0	0.0	0.52
0.0	0.0	0.56
0.0	0.0	0.6
0.0	0.0	0.64
0.0	0.0	0.68
0.0	0.0	0.72
0.0	0.0	0.76
0.0	0.0	0.8
0.0	0.0	0.84
0.0	0.0	0.88
0.0	0.0	0.92
0.0	0.0	0.96
0.0	0.0	1.0
0.0	0.0	1.04
0.0	0.0	1.08
0.0	0.0	1.12
0.0	0.0	1.16
0.0	0.0	1.2
0.0	0.0	1.24
0.0	0.0	1.28
0.0	0.0	1.32
0.0	0.0	1.36
0.0	0.0	1.4
0.0	0.0	1.44
0.0	0.0	1.48
0.0	0.0	1.52
0.0	0.0	1.56
0.0	0.0	1.6
0.0	0.0	1.64
0.0	0.0	1.68
0.0	0.0	1.72
0.0	0.0	1.76
0.0	0.0	1.8
0.0	0.0	1.84
0.0	0.0	1.88
0.0	0.0	1.92
983.3369865339556	983.3369865339556	1.96
914.2738001039035	914.2738001039035	2.0
882.9617324070286	882.9617324070286	2.04
860.8060639630829	860.8060639630829	2.08
874.7918044869189	874.7918044869189	2.12
924.5558836355299	924.5558836355299	2.16
969.0061163557891	969.0061163557891	2.2
1013.5535368363992	1013.5535368363992	2.24
1046.614093959877	1046.614093959877	2.28
1063.9474611158025	1063.9474611158025	2.32
1067.5624450542412	1067.5624450542412	2.36
1064.219504188212	1064.219504188212	2.4
1059.4379150058185	1059.4379150058185	2.44
1041.9759036406058	1041.9759036406058	2.48
1027.1610266009138	1027.1610266009138	2.52
1016.6604524642158	1016.6604524642158	2.56
1005.4281944073831	1005.4281944073831	2.6
1005.6257850694856	1005.6257850694856	2.64
1004.8491371007868	1004.8491371007868	2.68
1006.7128061084611	1006.7128061084611	2.72
1001.6578830069334	1001.6578830069334	2.76
991.8758845031957	991.8758845031957	2.8
979.8587572277942	979.8587572277942	2.84
968.7932422903568	968.7932422903568	2.88
961.5853942813461	961.5853942813461	2.92
961.1626191713585	961.1626191713585	2.96
962.0231804558966	962.0231804558966	3.0
959.7494673751073	959.7494673751073	3.04
960.4730084724149	960.4730084724149	3.08
1105.6020753722307	1105.6020753722307	3.12
966.0978791541637	966.0978791541637	3.16
971.487753093462	971.487753093462	3.2
975.4815881096329	975.4815881096329	3.24
979.6705136874932	979.6705136874932	3.28
982.4933451901296	982.4933451901296	3.32
955.9170764777618	955.9170764777618	3.36
870.5053320490528	870.5053320490528	3.4
771.9620926186249	771.9620926186249	3.44
708.011497471796	708.011497471796	3.48
702.2863773352266	702.2863773352266	3.52
711.7265234049386	711.7265234049386	3.56
734.0188644665132	734.0188644665132	3.6
755.2443155405542	755.2443155405542	3.64
773.353287422765	773.353287422765	3.68
770.401394863379	770.401394863379	3.72
1161.80821620486	1161.80821620486	3.76
763.6579930176827	763.6579930176827	3.8
758.9198179150889	758.9198179150889	3.84
754.5981905817217	754.5981905817217	3.88
1178.4895310738116	1178.4895310738116	3.92
773.3767546434975	773.3767546434975	3.96
1193.4782821616332	1193.4782821616332	4.0
771.1594656420399	771.1594656420399	4.04
769.6792294341444	769.6792294341444	4.08
761.9766298887657	761.9766298887657	4.12
752.3005294627343	752.3005294627343	4.16
741.9782639454555	741.9782639454555	4.2
738.3548087073269	738.3548087073269	4.24
739.3061448104638	739.3061448104638	4.28
750.5505960085062	750.5505960085062	4.32
764.2744213877756	764.2744213877756	4.36
782.1409509769654	782.1409509769654	4.4
792.4548778459256	792.4548778459256	4.44
787.8793332004363	787.8793332004363	4.48
795.7166900036516	795.7166900036516	4.52
813.1536199287586	813.1536199287586	4.56
852.1084804329628	852.1084804329628	4.6
912.2687405621342	912.2687405621342	4.64
975.3870458703698	975.3870458703698	4.68
1040.7805539888616	1040.7805539888616	4.72
1089.574402334817	1089.574402334817	4.76
1123.9657535853578	1123.9657535853578	4.8
1141.3636395462993	1141.3636395462993	4.84
1146.862613845482	1146.862613845482	4.88
1125.9462617388929	1125.9462617388929	4.92
1107.3041554447034	1107.3041554447034	4.96
1089.9693785990655	1089.9693785990655	5.0
1098.5560800517826	1098.5560800517826	5.04
1103.7348245498083	1103.7348245498083	5.08
1120.1555087862764	1120.1555087862764	5.12
1117.568927298529	1117.568927298529	5.16
1116.8726206126103	1116.8726206126103	5.2
1086.5517922801216	1086.5517922801216	5.24
1075.6649526879191	1075.6649526879191	5.28
1065.4478521594053	1065.4478521594053	5.32
1072.0863977127376	1072.0863977127376	5.36
1052.551655842436	1052.551655842436	5.4
1031.338322859617	1031.338322859617	5.44
1020.56800849868	1020.56800849868	5.48
1028.4792616302202	1028.4792616302202	5.52
1077.9486879474127	1077.9486879474127	5.56
1087.3598029706934	1087.3598029706934	5.6
1129.6785403098959	1129.6785403098959	5.64
1184.8424251335093	1184.8424251335093	5.68
1246.4492726137476	1246.4492726137476	5.72
1313.2669298127498	1313.2669298127498	5.76
1379.9450505320226	1379.9450505320226	5.8
1427.8601138949787	1427.8601138949787	5.84
1446.6421251770835	1446.6421251770835	5.88
1450.4670381026365	1450.4670381026365	5.92
1451.708330899946	1451.708330899946	5.96
1430.3371996138999	1430.3371996138999	6.0
1419.3027802371278	1419.3027802371278	6.04
1395.8941657914645	1395.8941657914645	6.08
1389.9231053370697	1389.9231053370697	6.12
1386.840107657163	1386.840107657163	6.16
1370.0783006585764	1370.0783006585764	6.2
1358.271753192514	1358.271753192514	6.24
1346.0247631082375	1346.0247631082375	6.28
1308.9043916346438	1308.9043916346438	6.32
1264.0495265134869	1264.0495265134869	6.36
1202.813630914744	1202.813630914744	6.4
1134.8492003153744	1134.8492003153744	6.44
1068.169294117337	1068.169294117337	6.48
1007.529191221963	1007.529191221963	6.52
963.1987735819903	963.1987735819903	6.56
929.0267294560249	929.0267294560249	6.6
904.1461505775255	904.1461505775255	6.64
904.6856012660722	904.6856012660722	6.68
897.7170562343802	897.7170562343802	6.72
900.5643320932355	900.5643320932355	6.76
907.1928952443559	907.1928952443559	6.8
919.6134904393884	919.6134904393884	6.84
929.6651589175156	929.6651589175156	6.88
936.2638430184861	936.2638430184861	6.92
942.5337944772153	942.5337944772153	6.96
951.6073543850728	951.6073543850728	7.0
954.0388190203972	954.0388190203972	7.04
951.820706200153	951.820706200153	7.08
958.0189524842983	958.0189524842983	7.12
958.8985962477263	958.8985962477263	7.16
950.9189706721019	950.9189706721019	7.2
939.5999621028457	939.5999621028457	7.24
931.217053537979	931.217053537979	7.28
925.7543351141503	925.7543351141503	7.32
918.1700567636358	918.1700567636358	7.36
910.5217255786292	910.5217255786292	7.4
907.7751269880797	907.7751269880797	7.44
906.7426550447944	906.7426550447944	7.48
903.6490061349828	903.6490061349828	7.52
906.5779206157082	906.5779206157082	7.56
905.6120962997918	905.6120962997918	7.6
904.3575177013408	904.3575177013408	7.64
903.2075862305924	903.2075862305924	7.68
903.7417176397482	903.7417176397482	7.72
906.8307864442163	906.8307864442163	7.76
908.529231842139	908.529231842139	7.8
909.2674584943564	909.2674584943564	7.84
906.8960979304534	906.8960979304534	7.88
905.4045962750777	905.4045962750777	7.92
907.3473466278512	907.3473466278512	7.96
905.5152350477427	905.5152350477427	8.0
903.8900342702417	903.8900342702417	8.04
899.835184257085	899.835184257085	8.08
902.8887435517421	902.8887435517421	8.12
905.462692758184	905.462692758184	8.16
904.5362010580022	904.5362010580022	8.2
907.3922765019072	907.3922765019072	8.24
907.4693042799339	907.4693042799339	8.28
909.5581729519556	909.5581729519556	8.32
908.9841483304212	908.9841483304212	8.36
913.8034031517502	913.8034031517502	8.4
912.8226365072998	912.8226365072998	8.44
909.9731591132107	909.9731591132107	8.48
910.9859898043641	910.9859898043641	8.52
914.9116246177738	914.9116246177738	8.56
910.2177880827992	910.2177880827992	8.6
916.9772884070692	916.9772884070692	8.64
923.0753358449124	923.0753358449124	8.68
927.6152943835307	927.6152943835307	8.72
935.2539625090672	935.2539625090672	8.76
946.0317857026381	946.0317857026381	8.8
939.259063589244	939.259063589244	8.84
908.3884278000378	908.3884278000378	8.88
862.5351261413624	862.5351261413624	8.92
853.2652553644422	853.2652553644422	8.96
860.2315839371561	860.2315839371561	9.0
871.3372343234208	871.3372343234208	9.04
888.9320431498018	888.9320431498018	9.08
893.144764104361	893.144764104361	9.12
894.8302072318623	894.8302072318623	9.16
895.9113389757088	895.9113389757088	9.2
897.2064545489602	897.2064545489602	9.24
899.4986106415396	899.4986106415396	9.28
903.3663938882781	903.3663938882781	9.32
910.5616247077772	910.5616247077772	9.36
910.599697203624	910.599697203624	9.4
919.2174626883452	919.2174626883452	9.44
917.7029332173845	917.7029332173845	9.48
920.8226897490458	920.8226897490458	9.52
918.5882515393431	918.5882515393431	9.56
922.8677058633846	922.8677058633846	9.6
929.3219711501249	929.3219711501249	9.64
934.2517451814884	934.2517451814884	9.68
935.3156996450599	935.3156996450599	9.72
936.952447583569	936.952447583569	9.76
937.4175290913275	937.4175290913275	9.8
943.8746853108267	943.8746853108267	9.84
920.7080043121387	920.7080043121387	9.88
913.3215177659334	913.3215177659334	9.92
914.1677981214826	914.1677981214826	9.96
918.9646276691209	918.9646276691209	10.0
924.8797168174266	924.8797168174266	10.04
974.7462550084343	974.7462550084343	10.08
990.3658369537418	990.3658369537418	10.12
986.3488624574844	986.3488624574844	10.16
965.166715369398	965.166715369398	10.2
948.9933701852827	948.9933701852827	10.24
926.2280841429689	926.2280841429689	10.28
917.4267365586621	917.4267365586621	10.32
922.1234030983134	922.1234030983134	10.36
925.5782805748925	925.5782805748925	10.4
921.0116884819316	921.0116884819316	10.44
923.2668699537514	923.2668699537514	10.48
932.435449278863	932.435449278863	10.52
934.8496499366078	934.8496499366078	10.56
935.3214670246097	935.3214670246097	10.6
936.1070958433628	936.1070958433628	10.64
922.8175966342897	922.8175966342897	10.68
918.6336874819334	918.6336874819334	10.72
917.4559515536216	917.4559515536216	10.76
917.0325973026856	917.0325973026856	10.8
913.4565441505597	913.4565441505597	10.84
902.8038719725844	902.8038719725844	10.88
899.5614135180214	899.5614135180214	10.92
900.5224833840302	900.5224833840302	10.96
917.9640814166271	917.9640814166271	11.0
928.4224425470941	928.4224425470941	11.04
939.4605820727357	939.4605820727357	11.08
935.5394245081843	935.5394245081843	11.12
930.2368465643268	930.2368465643268	11.16
926.2046336291752	926.2046336291752	11.2
925.6224278947091	925.6224278947091	11.24
926.0059845955088	926.0059845955088	11.28
928.5544316308354	928.5544316308354	11.32
929.9814162842987	929.9814162842987	11.36
942.1974567409554	942.1974567409554	11.4
932.4424464044778	932.4424464044778	11.44
933.9321882402094	933.9321882402094	11.48
922.0535885310171	922.0535885310171	11.52
926.7014626946697	926.7014626946697	11.56
922.8501665509949	922.8501665509949	11.6
906.6093646945501	906.6093646945501	11.64
897.3684734211289	897.3684734211289	11.68
890.0484513995208	890.0484513995208	11.72
883.4735813078219	883.4735813078219	11.76
885.9839061357948	885.9839061357948	11.8
888.8029786359397	888.8029786359397	11.84
877.7311970735115	877.7311970735115	11.88
929.7441988446359	929.7441988446359	11.92
965.1573834741282	965.1573834741282	11.96
969.3589534042716	969.3589534042716	12.0
957.9367329461152	957.9367329461152	12.04
942.3581296359997	942.3581296359997	12.08
934.9380397880769	934.9380397880769	12.12
941.1691037960632	941.1691037960632	12.16
942.8029250435831	942.8029250435831	12.2
949.9487642602509	949.9487642602509	12.24
949.8588284923504	949.8588284923504	12.28
947.1419438519221	947.1419438519221	12.32
943.159197200967	943.159197200967	12.36
944.0476473233665	944.0476473233665	12.4
961.7904207517714	961.7904207517714	12.44
956.8272302973334	956.8272302973334	12.48
945.7882460695625	945.7882460695625	12.52
902.6547283538044	902.6547283538044	12.56
941.9898414350358	941.9898414350358	12.6
965.9740539420067	965.9740539420067	12.64
977.7817470137692	977.7817470137692	12.68
1017.9264583026849	1017.9264583026849	12.72
1023.4223833561118	1023.4223833561118	12.76
990.4049192816601	990.4049192816601	12.8
977.680910204354	977.680910204354	12.84
974.8186156053555	974.8186156053555	12.88
983.0578449973525	983.0578449973525	12.92
985.8127161952216	985.8127161952216	12.96
979.6005336598898	979.6005336598898	13.0
983.9783373166412	983.9783373166412	13.04
972.8046279881358	972.8046279881358	13.08
1003.26818793153	1003.26818793153	13.12
1021.7395200966822	1021.7395200966822	13.16
1009.2633569753963	1009.2633569753963	13.2
984.5091676395591	984.5091676395591	13.24
972.1134580371587	972.1134580371587	13.28
968.7745076689116	968.7745076689116	13.32
968.9425381489534	968.9425381489534	13.36
968.7644895260934	968.7644895260934	13.4
965.2473386023792	965.2473386023792	13.44
961.3431009424754	961.3431009424754	13.48
965.4316083662953	965.4316083662953	13.52
957.351595174661	957.351595174661	13.56
957.5018709589549	957.5018709589549	13.6
961.2733589914574	961.2733589914574	13.64
962.1397357555691	962.1397357555691	13.68
957.1228533293396	957.1228533293396	13.72
955.83638109539	955.83638109539	13.76
944.3198642367083	944.3198642367083	13.8
939.0133334886553	939.0133334886553	13.84
924.5940045994427	924.5940045994427	13.88
880.1572715633382	880.1572715633382	13.92
802.0716357152763	802.0716357152763	13.96
730.0822576987707	730.0822576987707	14.0
727.4372755328353	727.4372755328353	14.04
712.0968694937784	712.0968694937784	14.08
720.6174720580971	720.6174720580971	14.12
729.5590703617548	729.5590703617548	14.16
740.186577138248	740.186577138248	14.2
738.5373393332691	738.5373393332691	14.24
743.9076293617923	743.9076293617923	14.28
749.284580214938	749.284580214938	14.32
753.3724152015659	753.3724152015659	14.36
763.4002829460403	763.4002829460403	14.4
772.2704739599807	772.2704739599807	14.44
794.1067290766338	794.1067290766338	14.48
834.2751002001795	834.2751002001795	14.52
884.4569348872395	884.4569348872395	14.56
944.0325147298691	944.0325147298691	14.6
1009.4223145508051	1009.4223145508051	14.64
1072.9815137439439	1072.9815137439439	14.68
1142.809189182155	1142.809189182155	14.72
1208.70854015635	1208.70854015635	14.76
1289.7387383580312	1289.7387383580312	14.8
1337.1661349305552	1337.1661349305552	14.84
1356.8221875425031	1356.8221875425031	14.88
0.0	0.0	14.92
0.0	0.0	14.96
0.0	0.0	15.0
0.0	0.0	15.04
0.0	0.0	15.08
0.0	0.0	15.12
0.0	0.0	15.16
0.0	0.0	15.2
0.0	0.0	15.24
0.0	0.0	15.28
0.0	0.0	15.32
0.0	0.0	15.36
0.0	0.0	15.4
0.0	0.0	15.44
0.0	0.0	15.48
0.0	0.0	15.52
0.0	0.0	15.56
0.0	0.0	15.6
0.0	0.0	15.64
0.0	0.0	15.68
0.0	0.0	15.72
0.0	0.0	15.76
0.0	0.0	15.8
0.0	0.0	15.84
0.0	0.0	15.88
0.0	0.0	15.92
0.0	0.0	15.96
0.0	0.0	16.0
0.0	0.0	16.04
0.0	0.0	16.08
0.0	0.0	16.12
0.0	0.0	16.16
1477.084635938876	1477.084635938876	16.2
1388.3044392368556	1388.3044392368556	16.24
1298.0222174777275	1298.0222174777275	16.28
1219.956378598065	1219.956378598065	16.32
1147.9199736870485	1147.9199736870485	16.36
1107.1813154958004	1107.1813154958004	16.4
1074.8135729004625	1074.8135729004625	16.44
1082.3060573694172	1082.3060573694172	16.48
1078.2123482384627	1078.2123482384627	16.52
1093.1670426710436	1093.1670426710436	16.56
1076.8880743564773	1076.8880743564773	16.6
1066.8022590247008	1066.8022590247008	16.64
1061.1156976521197	1061.1156976521197	16.68
1065.0285794680922	1065.0285794680922	16.72
1068.8604491290014	1068.8604491290014	16.76
1047.5875842887522	1047.5875842887522	16.8
1029.6402400600948	1029.6402400600948	16.84
1011.492423925077	1011.492423925077	16.88
1005.4088057830605	1005.4088057830605	16.92
994.0586708659323	994.0586708659323	16.96
975.0735103730382	975.0735103730382	17.0
957.3538238807542	957.3538238807542	17.04
935.7651749753744	935.7651749753744	17.08
918.4959082443157	918.4959082443157	17.12
899.6189287252133	899.6189287252133	17.16
877.8360050419207	877.8360050419207	17.2
851.9321547535944	851.9321547535944	17.24
834.7150622769439	834.7150622769439	17.28
824.5879428554415	824.5879428554415	17.32
826.0688706703745	826.0688706703745	17.36
832.1927907454209	832.1927907454209	17.4
826.6507238607531	826.6507238607531	17.44
829.4678218954945	829.4678218954945	17.48
828.9264639979033	828.9264639979033	17.52
830.4875430913108	830.4875430913108	17.56
831.4236738281538	831.4236738281538	17.6
825.6872290496449	825.6872290496449	17.64
827.7001816144606	827.7001816144606	17.68
827.72125455283	827.72125455283	17.72
829.6272508052971	829.6272508052971	17.76
831.9326623644475	831.9326623644475	17.8
842.5176539881336	842.5176539881336	17.84
842.738607872624	842.738607872624	17.88
841.7030909173209	841.7030909173209	17.92
857.0585307930324	857.0585307930324	17.96
864.2660185807981	864.2660185807981	18.0
878.027018282356	878.027018282356	18.04
900.8591211149771	900.8591211149771	18.08
922.5962308911445	922.5962308911445	18.12
941.6111987555928	941.6111987555928	18.16
958.9980765994776	958.9980765994776	18.2
965.1090519474408	965.1090519474408	18.24
974.3498277934452	974.3498277934452	18.28
995.0028888543052	995.0028888543052	18.32
1019.0417420355164	1019.0417420355164	18.36
1031.820219845845	1031.820219845845	18.4
1043.322136723675	1043.322136723675	18.44
1048.6596789211424	1048.6596789211424	18.48
1058.3666580135525	1058.3666580135525	18.52
1077.7897730302968	1077.7897730302968	18.56
1087.881765573294	1087.881765573294	18.6
1101.1620890108363	1101.1620890108363	18.64
1341.559155023406	1341.559155023406	18.68
1101.7318073271115	1101.7318073271115	18.72
1101.8186544294094	1101.8186544294094	18.76
1087.247068545584	1087.247068545584	18.8
1074.8251751389616	1074.8251751389616	18.84
1069.8566163583316	1069.8566163583316	18.88
1078.0759098687145	1078.0759098687145	18.92
1092.6485427939351	1092.6485427939351	18.96
1104.4582845615078	1104.4582845615078	19.0
1114.6696460260657	1114.6696460260657	19.04
1115.5897350589757	1115.5897350589757	19.08
1110.4790440399747	1110.4790440399747	19.12
1105.4140528356313	1105.4140528356313	19.16
1102.1632161143318	1102.1632161143318	19.2
1100.5511197084954	1100.5511197084954	19.24
1096.001805410771	1096.001805410771	19.28
1089.100682480134	1089.100682480134	19.32
1081.7361576527082	1081.7361576527082	19.36
1072.959483646434	1072.959483646434	19.4
1063.3687914457205	1063.3687914457205	19.44
1055.1395435307486	1055.1395435307486	19.48
1045.5272929101795	1045.5272929101795	19.52
1041.4035857706806	1041.4035857706806	19.56
1035.7180765260036	1035.7180765260036	19.6
1035.1543281219444	1035.1543281219444	19.64
1032.6963913068623	1032.6963913068623	19.68
1032.4424911685917	1032.4424911685917	19.72
1034.227786816909	1034.227786816909	19.76
1036.022912239501	1036.022912239501	19.8
1035.3117226831712	1035.3117226831712	19.84
1035.64693844523	1035.64693844523	19.88
1036.1331505146234	1036.1331505146234	19.92
1035.5415058731962	1035.5415058731962	19.96
1037.0516064854803	1037.0516064854803	20.0
1035.6257833692932	1035.6257833692932	20.04
1037.1811893428614	1037.1811893428614	20.08
1036.3628567531946	1036.3628567531946	20.12
1035.6523768331629	1035.6523768331629	20.16
1037.0704008165892	1037.0704008165892	20.2
1036.293117791536	1036.293117791536	20.24
1037.5689154787215	1037.5689154787215	20.28
1035.6338731339974	1035.6338731339974	20.32
1035.2263988301142	1035.2263988301142	20.36
1033.3279335174525	1033.3279335174525	20.4
1034.354717200485	1034.354717200485	20.44
1035.2702708068516	1035.2702708068516	20.48
1033.6527727947334	1033.6527727947334	20.52
1032.1888521361718	1032.1888521361718	20.56
1031.593611632462	1031.593611632462	20.6
1032.4316712691862	1032.4316712691862	20.64
1032.3447210257348	1032.3447210257348	20.68
1031.7404958465984	1031.7404958465984	20.72
1032.3952592866524	1032.3952592866524	20.76
1030.8408350260697	1030.8408350260697	20.8
1029.267543899999	1029.267543899999	20.84
1030.8574923574558	1030.8574923574558	20.88
1030.9983908859572	1030.9983908859572	20.92
1031.330875327547	1031.330875327547	20.96
1029.3980127566613	1029.3980127566613	21.0
1035.0222353850381	1035.0222353850381	21.04
1033.3039635401574	1033.3039635401574	21.08
1032.5359268415855	1032.5359268415855	21.12
1033.51285529059	1033.51285529059	21.16
1033.530900305365	1033.530900305365	21.2
1033.895284938462	1033.895284938462	21.24
1032.6696428848004	1032.6696428848004	21.28
1034.6428938413126	1034.6428938413126	21.32
1035.7547519526668	1035.7547519526668	21.36
1033.397346268617	1033.397346268617	21.4
1036.38110284128	1036.38110284128	21.44
1038.1906197306928	1038.1906197306928	21.48
1040.6826231392433	1040.6826231392433	21.52
1041.7460667902922	1041.7460667902922	21.56
1040.1664306814514	1040.1664306814514	21.6
1040.5952184817104	1040.5952184817104	21.64
1041.4138564959937	1041.4138564959937	21.68
1043.3419855196519	1043.3419855196519	21.72
1042.9783541192749	1042.9783541192749	21.76
1046.039760625418	1046.039760625418	21.8
1039.900697009815	1039.900697009815	21.84
1040.4463361509088	1040.4463361509088	21.88
1033.8429068183677	1033.8429068183677	21.92
1037.6142763708522	1037.6142763708522	21.96
1035.2295200744118	1035.2295200744118	22.0
1035.7115411519237	1035.7115411519237	22.04
1035.8041196237643	1035.8041196237643	22.08
1037.202513170542	1037.202513170542	22.12
1037.4137916216803	1037.4137916216803	22.16
1037.3196778031147	1037.3196778031147	22.2
1035.9208481421738	1035.9208481421738	22.24
1036.9858213094785	1036.9858213094785	22.28
1039.2355345703152	1039.2355345703152	22.32
1046.467323878743	1046.467323878743	22.36
1050.2936374929018	1050.2936374929018	22.4
1054.187137272907	1054.187137272907	22.44
1059.5272745501366	1059.5272745501366	22.48
1063.425014083763	1063.425014083763	22.52
1070.1335736966448	1070.1335736966448	22.56
1073.3006916560985	1073.3006916560985	22.6
1082.1956398620168	1082.1956398620168	22.64
1088.7642015354288	1088.7642015354288	22.68
1092.480985414977	1092.480985414977	22.72
1096.0136156352214	1096.0136156352214	22.76
1096.514356622884	1096.514356622884	22.8
1103.5604314206778	1103.5604314206778	22.84
1110.9184865772768	1110.9184865772768	22.88
1129.326474890804	1129.326474890804	22.92
1157.3145046935624	1157.3145046935624	22.96
1193.5938748730011	1193.5938748730011	23.0
1227.9248914155821	1227.9248914155821	23.04
1258.0390703960684	1258.0390703960684	23.08
1289.991255396696	1289.991255396696	23.12
1299.8838932258343	1299.8838932258343	23.16
1301.2616022619188	1301.2616022619188	23.2
1304.3664842061607	1304.3664842061607	23.24
1301.0372207521755	1301.0372207521755	23.28
1299.6652172201157	1299.6652172201157	23.32
1296.5696824295019	1296.5696824295019	23.36
1296.1080993921382	1296.1080993921382	23.4
1291.3348079750588	1291.3348079750588	23.44
1285.1953267952697	1285.1953267952697	23.48
1279.6772042937594	1279.6772042937594	23.52
1271.2013458468161	1271.2013458468161	23.56
1259.776350360484	1259.776350360484	23.6
1247.2725499332246	1247.2725499332246	23.64
1243.2177959929224	1243.2177959929224	23.68
1249.4886203443314	1249.4886203443314	23.72
1268.8841863747882	1268.8841863747882	23.76
1262.4394346913364	1262.4394346913364	23.8
1269.9271472874857	1269.9271472874857	23.84
1248.6238796562918	1248.6238796562918	23.88
1218.8286126156308	1218.8286126156308	23.92
1188.1628242715349	1188.1628242715349	23.96
1149.9591282230556	1149.9591282230556	24.0
1126.4787272016945	1126.4787272016945	24.04
1108.444332623334	1108.444332623334	24.08
1121.1084163526752	1121.1084163526752	24.12
1158.9529376121886	1158.9529376121886	24.16
1189.3871599775287	1189.3871599775287	24.2
1215.6820661269865	1215.6820661269865	24.24
1220.6469865642857	1220.6469865642857	24.28
1206.5589499441294	1206.5589499441294	24.32
1184.5682687907442	1184.5682687907442	24.36
1191.7007960654837	1191.7007960654837	24.4
1192.4704418635142	1192.4704418635142	24.44
1190.613673979373	1190.613673979373	24.48
1187.7972735437986	1187.7972735437986	24.52
1191.6038493477452	1191.6038493477452	24.56
1199.7070586069642	1199.7070586069642	24.6
1204.8696265341314	1204.8696265341314	24.64
1209.8198111261245	1209.8198111261245	24.68
1201.7172150833428	1201.7172150833428	24.72
1189.8469548092696	1189.8469548092696	24.76
1185.430837160855	1185.430837160855	24.8
1169.515137683426	1169.515137683426	24.84
1164.362880601645	1164.362880601645	24.88
1172.636164044166	1172.636164044166	24.92
1180.7020422304956	1180.7020422304956	24.96
1183.1520416233955	1183.1520416233955	25.0
1171.2540992143063	1171.2540992143063	25.04
1169.6136511306647	1169.6136511306647	25.08
1169.3223604778125	1169.3223604778125	25.12
1170.6167199596048	1170.6167199596048	25.16
1179.2815195549163	1179.2815195549163	25.2
1179.5536101999385	1179.5536101999385	25.24
1179.6793918621336	1179.6793918621336	25.28
1179.9529388944086	1179.9529388944086	25.32
1188.4568179318226	1188.4568179318226	25.36
1183.6265819476998	1183.6265819476998	25.4
1183.531008053762	1183.531008053762	25.44
1185.1586085025783	1185.1586085025783	25.48
1181.5921847226632	1181.5921847226632	25.52
1181.849624003764	1181.849624003764	25.56
1182.349165541589	1182.349165541589	25.6
1189.7059234719848	1189.7059234719848	25.64
1185.2366161724422	1185.2366161724422	25.68
1186.9243828297658	1186.9243828297658	25.72
1181.9946785925313	1181.9946785925313	25.76
1180.7068631444981	1180.7068631444981	25.8
1179.3194446572509	1179.3194446572509	25.84
1179.170181794199	1179.170181794199	25.88
1177.9714436327424	1177.9714436327424	25.92
1179.899371963275	1179.899371963275	25.96
1174.8252910127708	1174.8252910127708	26.0
1170.080649805645	1170.080649805645	26.04
1166.277293880474	1166.277293880474	26.08
1167.4228933663449	1167.4228933663449	26.12
1166.9383167997612	1166.9383167997612	26.16
1167.3337390671559	1167.3337390671559	26.2
1170.4001887594698	1170.4001887594698	26.24
1168.5781221191246	1168.5781221191246	26.28
1166.9069884559813	1166.9069884559813	26.32
1167.042588609402	1167.042588609402	26.36
1166.4712202401508	1166.4712202401508	26.4
1165.413272659836	1165.413272659836	26.44
1163.8794370210367	1163.8794370210367	26.48
1160.2309169092323	1160.2309169092323	26.52
1161.1215997269114	1161.1215997269114	26.56
1161.7003723230207	1161.7003723230207	26.6
1160.9610026602636	1160.9610026602636	26.64
1160.738203490548	1160.738203490548	26.68
1162.685786542325	1162.685786542325	26.72
1160.4050546373594	1160.4050546373594	26.76
1158.873605159308	1158.873605159308	26.8
1156.8666884911559	1156.8666884911559	26.84
1156.7848733347425	1156.7848733347425	26.88
1154.7021601820807	1154.7021601820807	26.92
1151.913979780608	1151.913979780608	26.96
1153.1756755572171	1153.1756755572171	27.0
1153.3486719302664	1153.3486719302664	27.04
1157.1792759560115	1157.1792759560115	27.08
1156.2007009871336	1156.2007009871336	27.12
1160.8479905565691	1160.8479905565691	27.16
1160.336328649726	1160.336328649726	27.2
1162.082691558247	1162.082691558247	27.24
1161.2687345515938	1161.2687345515938	27.28
1163.1495451045666	1163.1495451045666	27.32
1160.1366418510895	1160.1366418510895	27.36
1162.1960245903967	1162.1960245903967	27.4
1160.0473373847806	1160.0473373847806	27.44
1162.7948648267386	1162.7948648267386	27.48
1162.4930644692297	1162.4930644692297	27.52
1160.9390754333006	1160.9390754333006	27.56
1160.277136413751	1160.277136413751	27.6
1161.1055696288147	1161.1055696288147	27.64
1157.845355828102	1157.845355828102	27.68
1161.7308473536682	1161.7308473536682	27.72
1156.7216195015149	1156.7216195015149	27.76
1157.9797315278247	1157.9797315278247	27.8
1158.2358378695792	1158.2358378695792	27.84
1159.7546347352493	1159.7546347352493	27.88
1157.930445307401	1157.930445307401	27.92
1155.9721932043503	1155.9721932043503	27.96
1156.3304516316564	1156.3304516316564	28.0
1156.4800123640143	1156.4800123640143	28.04
1157.5676408250656	1157.5676408250656	28.08
1161.0508442988369	1161.0508442988369	28.12
1158.3108486155056	1158.3108486155056	28.16
1157.525280772006	1157.525280772006	28.2
1156.191926792212	1156.191926792212	28.24
1157.7493456843422	1157.7493456843422	28.28
1160.69747651487	1160.69747651487	28.32
1159.6123566133708	1159.6123566133708	28.36
1157.6624963090999	1157.6624963090999	28.4
1162.2742590693153	1162.2742590693153	28.44
1160.984820254491	1160.984820254491	28.48
1162.8279320143724	1162.8279320143724	28.52
1166.9623170655684	1166.9623170655684	28.56
1169.156714130104	1169.156714130104	28.6
1162.9458583737216	1162.9458583737216	28.64
1166.2116866292265	1166.2116866292265	28.68
1167.0674902277458	1167.0674902277458	28.72
1166.7617259681801	1166.7617259681801	28.76
1163.2495148445475	1163.2495148445475	28.8
1167.705582842895	1167.705582842895	28.84
1162.6557648100138	1162.6557648100138	28.88
1159.742319403978	1159.742319403978	28.92
1159.2177517232187	1159.2177517232187	28.96
1156.1861321641652	1156.1861321641652	29.0
1162.6054519868114	1162.6054519868114	29.04
1165.568238475339	1165.568238475339	29.08
1169.712409577878	1169.712409577878	29.12
1170.6449309625414	1170.6449309625414	29.16
1167.7976547821916	1167.7976547821916	29.2
1172.3119677576437	1172.3119677576437	29.24
1169.2846976634892	1169.2846976634892	29.28
1170.5842263291674	1170.5842263291674	29.32
1171.7228261588743	1171.7228261588743	29.36
1168.3528865612534	1168.3528865612534	29.4
1164.7712513836345	1164.7712513836345	29.44
1171.8866800371763	1171.8866800371763	29.48
1166.1661624086844	1166.1661624086844	29.52
1164.4519891701584	1164.4519891701584	29.56
1168.9602047591316	1168.9602047591316	29.6
1163.7976218687024	1163.7976218687024	29.64
1163.7720317957292	1163.7720317957292	29.68
1160.010568863311	1160.010568863311	29.72
1158.940944084188	1158.940944084188	29.76
1157.4407633883081	1157.4407633883081	29.8
1152.4963104303656	1152.4963104303656	29.84
1163.7264385125477	1163.7264385125477	29.88
1171.5805719959553	1171.5805719959553	29.92
1155.603827816824	1155.603827816824	29.96
1095.8627179635375	1095.8627179635375	30.0
1007.8830812750118	1007.8830812750118	30.04
913.3321088495095	913.3321088495095	30.08
841.8912919715433	841.8912919715433	30.12
818.6292641113608	818.6292641113608	30.16
813.2679112372713	813.2679112372713	30.2
836.270745248133	836.270745248133	30.24
866.9783630642779	866.9783630642779	30.28
880.460461638491	880.460461638491	30.32
884.268341524896	884.268341524896	30.36
873.6624527366357	873.6624527366357	30.4
860.6442011865871	860.6442011865871	30.44
853.4293583809801	853.4293583809801	30.48
856.2747974592095	856.2747974592095	30.52
860.1977105626569	860.1977105626569	30.56
881.6013609625475	881.6013609625475	30.6
894.7245197211914	894.7245197211914	30.64
872.2106411592199	872.2106411592199	30.68
0.0	0.0	30.72
0.0	0.0	30.76
0.0	0.0	30.8
0.0	0.0	30.84
0.0	0.0	30.88
0.0	0.0	30.92
0.0	0.0	30.96
0.0	0.0	31.0
0.0	0.0	31.04
0.0	0.0	31.08
0.0	0.0	31.12
0.0	0.0	31.16
0.0	0.0	31.2
999.9449531753781	999.9449531753781	31.24
1073.0899226500194	1073.0899226500194	31.28
1143.6629455610343	1143.6629455610343	31.32
1175.8406180407392	1175.8406180407392	31.36
1179.7337899881254	1179.7337899881254	31.4
1176.7524153969478	1176.7524153969478	31.44
1176.2322207703749	1176.2322207703749	31.48
1170.6578423258957	1170.6578423258957	31.52
1159.5434399281985	1159.5434399281985	31.56
1145.7850972882832	1145.7850972882832	31.6
1138.6710245793465	1138.6710245793465	31.64
1132.9862758792133	1132.9862758792133	31.68
1118.580763109877	1118.580763109877	31.72
1102.3757296704339	1102.3757296704339	31.76
1085.1526835242803	1085.1526835242803	31.8
1064.563798610082	1064.563798610082	31.84
1056.013262183153	1056.013262183153	31.88
1044.1924223417031	1044.1924223417031	31.92
1035.3343851765478	1035.3343851765478	31.96
1031.9500040963474	1031.9500040963474	32.0
1028.9387403331252	1028.9387403331252	32.04
1027.8367677110843	1027.8367677110843	32.08
1024.3056891311005	1024.3056891311005	32.12
1016.0251903030112	1016.0251903030112	32.16
1011.5124968584432	1011.5124968584432	32.2
1002.490879163685	1002.490879163685	32.24
991.9380488737295	991.9380488737295	32.28
986.000810920916	986.000810920916	32.32
978.8676566893324	978.8676566893324	32.36
969.9407145929323	969.9407145929323	32.4
967.8395893071884	967.8395893071884	32.44
966.3142971033401	966.3142971033401	32.48
965.3964844522479	965.3964844522479	32.52
962.6658270155167	962.6658270155167	32.56
960.0157256867994	960.0157256867994	32.6
956.8202279621314	956.8202279621314	32.64
955.2061821541081	955.2061821541081	32.68
955.7238640151112	955.7238640151112	32.72
956.2578399566306	956.2578399566306	32.76
953.8144909173969	953.8144909173969	32.8
952.0111623945875	952.0111623945875	32.84
953.6154113280382	953.6154113280382	32.88
950.8146714605894	950.8146714605894	32.92
952.0067768680743	952.0067768680743	32.96
949.8209657717924	949.8209657717924	33.0
946.4835286157725	946.4835286157725	33.04
946.0371367138549	946.0371367138549	33.08
945.6156439387083	945.6156439387083	33.12
948.0403360340916	948.0403360340916	33.16
948.0539230849073	948.0539230849073	33.2
950.0516637219107	950.0516637219107	33.24
948.9572111444885	948.9572111444885	33.28
948.3462424112796	948.3462424112796	33.32
950.470544881808	950.470544881808	33.36
949.0786156374537	949.0786156374537	33.4
949.4157340035573	949.4157340035573	33.44
947.6077728790685	947.6077728790685	33.48
954.1600622611526	954.1600622611526	33.52
952.7052256301879	952.7052256301879	33.56
956.1562373333425	956.1562373333425	33.6
970.912253264268	970.912253264268	33.64
1000.3841275715728	1000.3841275715728	33.68
1013.5344697399498	1013.5344697399498	33.72
1027.7489711076032	1027.7489711076032	33.76
1045.5401365260861	1045.5401365260861	33.8
1042.2746066994273	1042.2746066994273	33.84
1037.8131080971768	1037.8131080971768	33.88
1034.9718630520201	1034.9718630520201	33.92
1042.284052772191	1042.284052772191	33.96
1048.9346934324053	1048.9346934324053	34.0
1061.5267488263723	1061.5267488263723	34.04
1076.2732860351773	1076.2732860351773	34.08
1088.6772526173854	1088.6772526173854	34.12
1111.2378128999007	1111.2378128999007	34.16
1141.2473437790936	1141.2473437790936	34.2
1198.5307821326544	1198.5307821326544	34.24
1255.1713918323755	1255.1713918323755	34.28
1305.9857334062172	1305.9857334062172	34.32
1345.0576490797548	1345.0576490797548	34.36
1383.2362562528283	1383.2362562528283	34.4
1409.374414466569	1409.374414466569	34.44
1429.413340978151	1429.413340978151	34.48
1430.0731519720662	1430.0731519720662	34.52
1427.2440167963807	1427.2440167963807	34.56
1353.3373746434504	1353.3373746434504	34.6
1231.0658192385517	1231.0658192385517	34.64
1095.4342722561864	1095.4342722561864	34.68
989.1725728135392	989.1725728135392	34.72
919.9408845825153	919.9408845825153	34.76
904.6656318613776	904.6656318613776	34.8
869.4536659612313	869.4536659612313	34.84
848.6318312635904	848.6318312635904	34.88
819.2187529921578	819.2187529921578	34.92
807.055975002276	807.055975002276	34.96
787.4630770244628	787.4630770244628	35.0
778.8955721730753	778.8955721730753	35.04
771.05265081095	771.05265081095	35.08
759.8479334576766	759.8479334576766	35.12
759.006835551871	759.006835551871	35.16
759.699433558898	759.699433558898	35.2
761.0254750565857	761.0254750565857	35.24
767.5270843623508	767.5270843623508	35.28
796.0135409302795	796.0135409302795	35.32
836.1596320786181	836.1596320786181	35.36
916.2573094831789	916.2573094831789	35.4
995.6240353802235	995.6240353802235	35.44
1056.344867532215	1056.344867532215	35.48
1096.3136517487608	1096.3136517487608	35.52
1096.5509288599328	1096.5509288599328	35.56
1116.9485227063262	1116.9485227063262	35.6
1110.532376259092	1110.532376259092	35.64
1103.0296183455703	1103.0296183455703	35.68
1096.2907290579408	1096.2907290579408	35.72
1091.642444722082	1091.642444722082	35.76
1088.136434191684	1088.136434191684	35.8
1082.0089846492317	1082.0089846492317	35.84
1080.3820597599918	1080.3820597599918	35.88
1081.2070418416508	1081.2070418416508	35.92
1079.2650988850105	1079.2650988850105	35.96
1083.2680614409967	1083.2680614409967	36.0
1084.2733031733621	1084.2733031733621	36.04
1082.6671604437836	1082.6671604437836	36.08
1084.5477509276072	1084.5477509276072	36.12
1083.0940594830513	1083.0940594830513	36.16
1083.340628535274	1083.340628535274	36.2
1085.534804347457	1085.534804347457	36.24
1087.2772815298856	1087.2772815298856	36.28
1088.1864061766596	1088.1864061766596	36.32
1088.7576756586734	1088.7576756586734	36.36
1088.5378961573592	1088.5378961573592	36.4
1088.52452583807	1088.52452583807	36.44
1087.8838878534266	1087.8838878534266	36.48
1086.1214194303068	1086.1214194303068	36.52
1087.1786388228034	1087.1786388228034	36.56
1086.2145066080295	1086.2145066080295	36.6
1086.0262496499267	1086.0262496499267	36.64
1084.7990896435604	1084.7990896435604	36.68
1087.400009218798	1087.400009218798	36.72
1087.3891333053768	1087.3891333053768	36.76
1092.1752285372977	1092.1752285372977	36.8
1093.623709304742	1093.623709304742	36.84
1093.3768244054145	1093.3768244054145	36.88
1093.9698877992118	1093.9698877992118	36.92
1093.0135805278544	1093.0135805278544	36.96
1095.5756432467476	1095.5756432467476	37.0
1095.8517701035107	1095.8517701035107	37.04
1092.4829165808	1092.4829165808	37.08
1093.2933188248408	1093.2933188248408	37.12
1089.887819176946	1089.887819176946	37.16
1090.64545381958	1090.64545381958	37.2
1086.3402456286494	1086.3402456286494	37.24
1087.1437666437027	1087.1437666437027	37.28
1084.6489715514401	1084.6489715514401	37.32
1082.3150231026425	1082.3150231026425	37.36
1079.3112654211366	1079.3112654211366	37.4
1077.8256386088074	1077.8256386088074	37.44
1079.3444902348656	1079.3444902348656	37.48
1080.6393249478838	1080.6393249478838	37.52
1081.4254591198712	1081.4254591198712	37.56
1081.8400303557714	1081.8400303557714	37.6
1080.170546938571	1080.170546938571	37.64
1076.9016236426487	1076.9016236426487	37.68
1076.7358623340315	1076.7358623340315	37.72
1077.2954467370894	1077.2954467370894	37.76
1077.9996709146246	1077.9996709146246	37.8
1077.9040863996615	1077.9040863996615	37.84
1077.1728576443056	1077.1728576443056	37.88
1075.168285063421	1075.168285063421	37.92
1074.9307240673209	1074.9307240673209	37.96
1073.451705589016	1073.451705589016	38.0
1074.0095866646843	1074.0095866646843	38.04
1077.3643514951445	1077.3643514951445	38.08
1074.5622200332712	1074.5622200332712	38.12
1075.7955984970556	1075.7955984970556	38.16
1074.0956289446785	1074.0956289446785	38.2
1073.2687017858784	1073.2687017858784	38.24
1074.0077685007288	1074.0077685007288	38.28
1073.9716218086262	1073.9716218086262	38.32
1074.4082979218495	1074.4082979218495	38.36
1074.2560546673976	1074.2560546673976	38.4
1074.6063477970595	1074.6063477970595	38.44
1074.8377350762416	1074.8377350762416	38.48
1074.2455688414875	926.9705927329109	38.52
1071.7208714161488	923.5281106691549	38.56
1070.5405447515882	1070.5405447515882	38.6
1067.7646343021363	1067.7646343021363	38.64
1065.6667054621646	920.5755896690325	38.68
1062.0227494855799	1062.0227494855799	38.72
1061.5411370007978	1061.5411370007978	38.76
1060.6745097919297	915.3117872057775	38.8
1059.4041518009547	1059.4041518009547	38.84
1059.68865678992	1059.68865678992	38.88
1064.2493977911593	1064.2493977911593	38.92
1059.4221997423235	1059.4221997423235	38.96
1059.7078537007878	1059.7078537007878	39.0
1061.286900944734	1061.286900944734	39.04
1062.6350119083122	1062.6350119083122	39.08
1062.2147456225614	1062.2147456225614	39.12
1061.8558644448112	1061.8558644448112	39.16
1061.7950831635394	1061.7950831635394	39.2
1062.1729223611615	1062.1729223611615	39.24
1065.4882973523208	1065.4882973523208	39.28
1062.4633480519292	1062.4633480519292	39.32
1058.3546143435426	1058.3546143435426	39.36
1060.6300544579883	1060.6300544579883	39.4
1058.6966912797025	1058.6966912797025	39.44
1060.4373171797913	1060.4373171797913	39.48
1057.1127418819385	1057.1127418819385	39.52
1050.856923678883	1050.856923678883	39.56
1047.6151509544238	1047.6151509544238	39.6
1054.6135897473107	1054.6135897473107	39.64
1052.993542290838	1052.993542290838	39.68
1052.7464690723489	1052.7464690723489	39.72
1050.5390803589726	1050.5390803589726	39.76
1050.396469502212	1050.396469502212	39.8
1051.6058138355836	1051.6058138355836	39.84
1052.3144641430058	1052.3144641430058	39.88
1046.032119258729	1046.032119258729	39.92
1044.8939550050698	1044.8939550050698	39.96
1036.5774356825088	1036.5774356825088	40.0
1036.6411922188795	1036.6411922188795	40.04
1027.16394361959	1027.16394361959	40.08
1024.1928632376416	1024.1928632376416	40.12
1015.7426709737507	1015.7426709737507	40.16
1015.382381112968	1015.382381112968	40.2
1009.2351285029097	1009.2351285029097	40.24
999.59058990927	999.59058990927	40.28
984.4410957947235	984.4410957947235	40.32
971.7239861726798	971.7239861726798	40.36
964.1535979620735	964.1535979620735	40.4
960.6307970820296	805.4124969228925	40.44
948.600058802336	782.1299009484384	40.48
946.8438295750516	946.8438295750516	40.52
954.3177092314207	954.3177092314207	40.56
958.6052855117066	958.6052855117066	40.6
961.5642688693268	961.5642688693268	40.64
954.2955141753472	954.2955141753472	40.68
952.3390866231917	952.3390866231917	40.72
948.1177830062188	948.1177830062188	40.76
0.0	0.0	40.8
783.9950209903229	783.9950209903229	40.84
0.0	0.0	40.88
0.0	0.0	40.92
0.0	0.0	40.96
0.0	0.0	41.0
799.1211577317661	799.1211577317661	41.04
0.0	0.0	41.08
778.1746442174543	778.1746442174543	41.12
0.0	0.0	41.16
0.0	0.0	41.2
0.0	0.0	41.24
743.7000377103391	743.7000377103391	41.28
746.7842975806417	746.7842975806417	41.32
0.0	0.0	41.36
791.7706370469942	791.7706370469942	41.4
0.0	0.0	41.44
0.0	0.0	41.48
0.0	0.0	41.52
0.0	0.0	41.56
0.0	0.0	41.6
0.0	0.0	41.64
0.0	0.0	41.68
0.0	0.0	41.72
0.0	0.0	41.76
812.4104904547837	812.4104904547837	41.8
0.0	0.0	41.84
0.0	0.0	41.88
0.0	0.0	41.92
0.0	0.0	41.96
0.0	0.0	42.0
757.2810317357739	757.2810317357739	42.04
0.0	0.0	42.08
0.0	0.0	42.12
0.0	0.0	42.16
770.5887204292354	770.5887204292354	42.2
0.0	0.0	42.24
0.0	0.0	42.28
0.0	0.0	42.32
0.0	0.0	42.36
0.0	0.0	42.4
0.0	0.0	42.44
767.7056104925796	767.7056104925796	42.48
0.0	0.0	42.52
789.8393393507756	789.8393393507756	42.56
0.0	0.0	42.6
0.0	0.0	42.64
0.0	0.0	42.68
0.0	0.0	42.72
0.0	0.0	42.76
0.0	0.0	42.8
0.0	0.0	42.84
0.0	0.0	42.88
0.0	0.0	42.92
0.0	0.0	42.96
0.0	0.0	43.0
0.0	0.0	43.04
0.0	0.0	43.08
0.0	0.0	43.12
0.0	0.0	43.16
0.0	0.0	43.2
756.9673225731574	756.9673225731574	43.24
0.0	0.0	43.28
0.0	0.0	43.32
0.0	0.0	43.36
0.0	0.0	43.4
0.0	0.0	43.44
0.0	0.0	43.48
0.0	0.0	43.52
0.0	0.0	43.56
0.0	0.0	43.6
0.0	0.0	43.64
0.0	0.0	43.68
0.0	0.0	43.72
0.0	0.0	43.76
734.8303200707618	734.8303200707618	43.8
727.3116112544476	727.3116112544476	43.84
694.9581073718097	694.9581073718097	43.88
699.2626793266271	699.2626793266271	43.92
0.0	0.0	43.96
0.0	0.0	44.0
0.0	0.0	44.04
0.0	0.0	44.08
0.0	0.0	44.12
0.0	0.0	44.16
0.0	0.0	44.2
0.0	0.0	44.24
0.0	0.0	44.28
0.0	0.0	44.32
0.0	0.0	44.36
0.0	0.0	44.4
0.0	0.0	44.44
0.0	0.0	44.48
0.0	0.0	44.52
0.0	0.0	44.56
658.6399017883758	658.6399017883758	44.6
0.0	0.0	44.64
0.0	0.0	44.68
0.0	0.0	44.72
0.0	0.0	44.76
0.0	0.0	44.8
0.0	0.0	44.84
0.0	0.0	44.88
0.0	0.0	44.92
0.0	0.0	44.96
758.6308157780651	758.6308157780651	45.0
0.0	0.0	45.04
717.9576712398472	717.9576712398472	45.08
0.0	0.0	45.12
0.0	0.0	45.16
0.0	0.0	45.2
0.0	0.0	45.24
0.0	0.0	45.28
0.0	0.0	45.32
0.0	0.0	45.36
0.0	0.0	45.4
0.0	0.0	45.44
0.0	0.0	45.48
0.0	0.0	45.52
0.0	0.0	45.56
0.0	0.0	45.6
0.0	0.0	45.64
0.0	0.0	45.68
689.9398518138314	689.9398518138314	45.72
0.0	0.0	45.76
0.0	0.0	45.8
0.0	0.0	45.84
0.0	0.0	45.88
0.0	0.0	45.92
0.0	0.0	45.96
0.0	0.0	46.0
0.0	0.0	46.04
0.0	0.0	46.08
694.659468375658	694.659468375658	46.12
0.0	0.0	46.16
0.0	0.0	46.2
0.0	0.0	46.24
0.0	0.0	46.28
0.0	0.0	46.32
661.0957766575522	661.0957766575522	46.36
0.0	0.0	46.4
0.0	0.0	46.44
0.0	0.0	46.48
0.0	0.0	46.52
0.0	0.0	46.56
0.0	0.0	46.6
0.0	0.0	46.64
0.0	0.0	46.68
0.0	0.0	46.72
0.0	0.0	46.76
0.0	0.0	46.8
0.0	0.0	46.84
726.7746852454376	726.7746852454376	46.88
0.0	0.0	46.92
0.0	0.0	46.96
0.0	0.0	47.0
0.0	0.0	47.04
0.0	0.0	47.08
757.7982612077644	757.7982612077644	47.12
0.0	0.0	47.16
0.0	0.0	47.2
0.0	0.0	47.24
0.0	0.0	47.28
0.0	0.0	47.32
0.0	0.0	47.36
0.0	0.0	47.4
0.0	0.0	47.44
0.0	0.0	47.48
0.0	0.0	47.52
0.0	0.0	47.56
0.0	0.0	47.6
0.0	0.0	47.64
0.0	0.0	47.68
0.0	0.0	47.72
0.0	0.0	47.76
659.651606204717	659.651606204717	47.8
0.0	0.0	47.84
0.0	0.0	47.88
0.0	0.0	47.92
0.0	0.0	47.96
0.0	0.0	48.0
0.0	0.0	48.04
0.0	0.0	48.08
0.0	0.0	48.12
0.0	0.0	48.16
0.0	0.0	48.2
730.8465076325424	730.8465076325424	48.24
0.0	0.0	48.28
0.0	0.0	48.32
0.0	0.0	48.36
0.0	0.0	48.4
0.0	0.0	48.44
0.0	0.0	48.48
0.0	0.0	48.52
0.0	0.0	48.56
0.0	0.0	48.6
0.0	0.0	48.64
0.0	0.0	48.68
0.0	0.0	48.72
0.0	0.0	48.76
0.0	0.0	48.8
0.0	0.0	48.84
786.7218205091066	786.7218205091066	48.88
0.0	0.0	48.92
836.2344369045171	836.2344369045171	48.96
0.0	0.0	49.0
851.2848048075601	851.2848048075601	49.04
851.2285299018794	851.2285299018794	49.08
831.9297669454604	831.9297669454604	49.12
0.0	0.0	49.16
0.0	0.0	49.2
0.0	0.0	49.24
0.0	0.0	49.28
0.0	0.0	49.32
0.0	0.0	49.36
0.0	0.0	49.4
0.0	0.0	49.44
0.0	0.0	49.48
0.0	0.0	49.52
0.0	0.0	49.56
0.0	0.0	49.6
0.0	0.0	49.64
0.0	0.0	49.68
0.0	0.0	49.72
1084.240231557006	1084.240231557006	49.76
1113.5950271232505	1113.5950271232505	49.8
1157.5611540074299	1157.5611540074299	49.84
1184.935536206622	1184.935536206622	49.88
1189.5415445089502	1189.5415445089502	49.92
1189.4217685706606	1189.4217685706606	49.96
1186.9465784613656	1186.9465784613656	50.0
1182.9665206986817	1182.9665206986817	50.04
1179.007989361076	1179.007989361076	50.08
1178.0236974854802	1178.0236974854802	50.12
1177.2702014049316	1177.2702014049316	50.16
1173.6757837834639	1173.6757837834639	50.2
1175.2342358661135	1175.2342358661135	50.24
1172.3930516040728	1172.3930516040728	50.28
1172.4308801836612	1172.4308801836612	50.32
1173.4415314625955	1173.4415314625955	50.36
1171.6896594950226	1171.6896594950226	50.4
1164.4897960749422	1164.4897960749422	50.44
1149.7813380784632	1149.7813380784632	50.48
1134.2911697024101	1134.2911697024101	50.52
1121.0500614898926	1121.0500614898926	50.56
1107.0931030909649	1107.0931030909649	50.6
1096.654769753454	1096.654769753454	50.64
1086.1450248251444	1086.1450248251444	50.68
1083.8326988941637	1083.8326988941637	50.72
1079.9060481699032	1079.9060481699032	50.76
1078.837772460479	1078.837772460479	50.8
1087.4182464960072	1087.4182464960072	50.84
1108.3544869383925	1108.3544869383925	50.88
1152.6862475684882	1152.6862475684882	50.92
1199.2236585019484	1199.2236585019484	50.96
1241.1991948714895	1241.1991948714895	51.0
1256.8946329221678	1256.8946329221678	51.04
1242.5720972696736	1242.5720972696736	51.08
1236.2144329591974	1236.2144329591974	51.12
1212.9781228459944	1212.9781228459944	51.16
1180.6200123760136	1180.6200123760136	51.2
1142.9014174435438	1142.9014174435438	51.24
1104.114988792351	1104.114988792351	51.28
1075.9857043852833	1075.9857043852833	51.32
1061.589851644322	1061.589851644322	51.36
1047.1854880163758	1047.1854880163758	51.4
1029.4935504789842	1029.4935504789842	51.44
1035.014487741143	1035.014487741143	51.48
1033.3602010897011	1033.3602010897011	51.52
1036.30935760929	1036.30935760929	51.56
1024.913462790567	1024.913462790567	51.6
1018.1533359710221	1018.1533359710221	51.64
989.3435136222312	989.3435136222312	51.68
973.7671516472482	973.7671516472482	51.72
930.9188011342559	930.9188011342559	51.76
895.9335438699542	895.9335438699542	51.8
834.0383244745854	834.0383244745854	51.84
804.0474970994435	804.0474970994435	51.88
793.5544639959741	793.5544639959741	51.92
792.2106274048779	792.2106274048779	51.96
796.0743167079886	796.0743167079886	52.0
0.0	0.0	52.04
0.0	0.0	52.08
0.0	0.0	52.12
0.0	0.0	52.16
0.0	0.0	52.2
0.0	0.0	52.24
1024.3248197506002	1024.3248197506002	52.28
1944.0118913427586	1944.0118913427586	52.32
1965.450573309585	1965.450573309585	52.36
1968.5721864864697	1968.5721864864697	52.4
1047.4585969270609	1047.4585969270609	52.44
1071.49796725572	1071.49796725572	52.48
1066.2034771171927	1066.2034771171927	52.52
1085.4198783636875	1085.4198783636875	52.56
1083.8212889982667	1083.8212889982667	52.6
1092.2595877150798	1092.2595877150798	52.64
1094.368316818751	1094.368316818751	52.68
1096.7971830157317	1096.7971830157317	52.72
1090.4826026051537	1090.4826026051537	52.76
1083.0216202013667	1083.0216202013667	52.8
1067.9474278666019	1067.9474278666019	52.84
1066.7614317723517	1103.567321833596	52.88
1059.759808560878	1098.2165965761624	52.92
1050.4171159876646	1074.0521523005768	52.96
1058.02943678647	1085.9802807302456	53.0
1046.8890786569627	1072.7631708823283	53.04
1048.1833295041877	1075.2721190615623	53.08
1055.738673291194	1086.4482719253463	53.12
1047.4445231933296	1077.1365681616687	53.16
1044.2434597756132	1076.7049230339624	53.2
1047.9800859021786	1077.4551673646824	53.24
1039.5612131218052	1073.0118569433841	53.28
1042.9146413941937	1079.1293784590723	53.32
1044.2098205807113	1077.4642178194047	53.36
1042.8899106387958	1073.848445646105	53.4
1038.1687864910664	1062.5175863645527	53.44
1036.5073538244412	1063.5559318331816	53.48
1034.2580349188736	1077.7491093837577	53.52
1034.0573507375188	1067.4701179994174	53.56
1032.0496483944653	1067.4055101395934	53.6
1029.8960173159537	1071.1819401255011	53.64
1021.5837864760333	1065.50512986194	53.68
1019.3559201711183	1062.4338818388856	53.72
1015.8961472369214	1060.553144627453	53.76
1012.787903030805	1060.3118375550025	53.8
1016.8640674722537	1062.965375220938	53.84
1014.6022356100498	1063.6045839298638	53.88
1013.5641487600981	1047.3114238586006	53.92
1010.3193455578032	1047.23173222022	53.96
1007.3249543319835	1049.4149077473123	54.0
1006.6798001140374	1040.6526347098616	54.04
1004.5767880382939	1044.5235944771205	54.08
1003.6678224767572	1044.8845402887875	54.12
993.9620082429444	1046.3942050608298	54.16
996.0826795599407	1051.6171523130863	54.2
996.588881116269	1053.3699465993868	54.24
997.1370206450035	1054.8349996602872	54.28
996.8733169077495	1049.2303835260575	54.32
999.8736531256312	1054.849547561203	54.36
1007.0211051135352	1063.8946992717918	54.4
1007.8107923731033	1063.6047801136608	54.44
1003.644838093409	1057.3910659571443	54.48
1007.0883870494608	1059.7659349366677	54.52
1002.3942296495832	1058.9237718261404	54.56
998.3635375730406	1051.19923965788	54.6
999.7854132868796	1053.427384975175	54.64
1001.4159828379636	1048.7549023449649	54.68
995.8927761442063	1051.7786314154134	54.72
990.4789567282891	1047.5079087985748	54.76
986.4424340787464	1044.2154895520048	54.8
985.0922199185989	1040.223590403471	54.84
979.28074705837	1042.0151121477504	54.88
975.6765114631619	1028.076477200399	54.92
973.0055508210356	1031.9514825379158	54.96
970.89882458056	1028.7149110768437	55.0
964.6241039349272	1027.946121105195	55.04
963.2791953194767	1036.7688550821774	55.08
970.2315237318637	1038.8326527213355	55.12
971.1285707546068	1052.5311104640637	55.16
970.1345999431016	1037.2965180392978	55.2
963.5800237494628	1042.162826006209	55.24
970.1920739516598	1040.7415711300507	55.28
966.511223893404	1040.5840055634933	55.32
967.0870278947793	1043.284581919134	55.36
963.2641552352309	1044.9787916582115	55.4
963.1525742348457	1043.3690340831727	55.44
971.1062202942408	1043.791336302608	55.48
971.7357911299634	1049.6032590814066	55.52
962.9963959838004	1052.9986404134283	55.56
964.4798867021705	1058.4814742964058	55.6
960.6851466515776	1050.9413835426851	55.64
965.8070305601119	1050.8949484304237	55.68
963.1371882700606	1056.2048716641893	55.72
972.3914213128791	1059.9007869621412	55.76
968.4806100932459	1059.6419646253855	55.8
971.1735953495771	1059.6299581464236	55.84
976.0657221854292	1063.9656091638294	55.88
980.8810997112029	1058.8083485178577	55.92
982.9030241272574	1062.2261647437556	55.96
985.3778666124475	1056.8542293756543	56.0
979.3556156498149	1060.530713133425	56.04
978.1518461087215	1058.2189249435812	56.08
975.9975535844899	1057.967210518155	56.12
981.9538291961126	1054.8902355846053	56.16
982.1273966978838	1057.7338604261208	56.2
987.6277442168434	1062.6882422569663	56.24
987.8407219521116	1062.7861143667824	56.28
989.237197698459	1062.028628041911	56.32
990.9629617979233	1063.2716611070607	56.36
995.5917730939258	1064.7677951502167	56.4
995.3389416741493	1064.3892272566054	56.44
1001.8066776934855	1070.2877881122606	56.48
1005.1847463497996	1076.3074692626312	56.52
1006.6837846459895	1079.5117986156724	56.56
1012.4444566865551	1084.1538241238031	56.6
1006.0822176571054	1075.863445463897	56.64
992.4573001502147	1063.9658308758792	56.68
999.1544658872808	1068.2129402073306	56.72
1010.1962481397193	1075.7557515714288	56.76
1014.4724875596775	1081.0518955715897	56.8
1017.8393777697502	1091.2625621619538	56.84
1004.1633310382887	1076.3128291358498	56.88
992.8961414455928	1072.1241617864619	56.92
992.7304072675952	1060.8347738656626	56.96
997.9963935001092	1071.0561216297729	57.0
1007.8710929585012	1007.8710929585012	57.04
1012.0802628348056	1063.111312906507	57.08
1009.309972833068	1055.016317874114	57.12
1007.416435236577	1050.8945843685506	57.16
1002.0182762558154	1002.0182762558154	57.2
999.4969118598457	999.4969118598457	57.24
989.8658310379818	989.8658310379818	57.28
985.7867635640783	985.7867635640783	57.32
988.295620533006	988.295620533006	57.36
991.4115232300244	991.4115232300244	57.4
991.0083695141639	991.0083695141639	57.44
989.7115047355992	989.7115047355992	57.48
986.9467918302878	986.9467918302878	57.52
986.9223860845799	1034.295013507204	57.56
984.2968786084149	1023.8133057144307	57.6
987.7958500167347	1039.6328714067222	57.64
992.9104666910833	1052.7808684112135	57.68
999.2817919830742	1054.438348031749	57.72
1005.5796422464158	1053.6014583241968	57.76
1012.4546490771211	1067.3049716703943	57.8
1014.7133787773131	1076.3157369269	57.84
1017.7671887606368	1074.0536378776312	57.88
1024.6607961242953	1088.5250491317174	57.92
1027.6680070948444	1080.2614173514824	57.96
1034.8600226463075	1090.335616603708	58.0
1042.1905362955083	1095.8005462039123	58.04
1046.8195708758863	1098.3997674576833	58.08
1044.2494608684203	1101.3987246957613	58.12
1040.9459418907782	1095.8728033573082	58.16
1038.2743163116425	1100.8803689007636	58.2
1038.9674914506888	1104.9609512281525	58.24
1042.640025746936	1101.0224838806753	58.28
1041.7154320346308	1101.2857316602065	58.32
1038.7354695052013	1100.287643462765	58.36
1034.5203081693567	1095.015709789641	58.4
1032.5194333254385	1093.2924123652433	58.44
1030.4196568426908	1092.5870332552215	58.48
1030.6636075029387	1095.25959848706	58.52
1028.7421365414123	1089.234726576525	58.56
1023.8864991703537	1087.0048093768842	58.6
1024.4734026852639	1094.207708113969	58.64
1029.431688821441	1101.797077210984	58.68
1031.9471943483593	1103.3969440687654	58.72
1027.8975382709332	1100.9635209545343	58.76
1026.8142683204196	1095.5686718243323	58.8
1021.3112906900095	1093.797463558544	58.84
1020.7517483566845	1091.7428533559378	58.88
1019.5463003033609	1093.6897062889245	58.92
1021.3746708641728	1088.1495528967023	58.96
1027.1279066681543	1098.3307402755659	59.0
1035.1824556200024	1101.3160437119502	59.04
1033.7306027499537	1098.1088273960843	59.08
1030.0019319660637	1099.6539432635716	59.12
1025.0490891284423	1092.2389741800553	59.16
1021.9563701216433	1088.7561595545276	59.2
1023.9889460446562	1087.648951593773	59.24
1026.915809343338	1095.8171522623577	59.28
1026.6661367112538	1100.8164713258664	59.32
1025.4056408836393	1089.609530933547	59.36
1022.7035516559702	1091.622524971149	59.4
1019.9158553647698	1095.1357017668265	59.44
1024.7383411159633	1098.4922163123206	59.48
1028.7788480216175	1104.2068485703705	59.52
1033.2855139296316	1106.1850575050526	59.56
1028.75172502858	1103.228639266241	59.6
1026.6538898986498	1102.729197303984	59.64
1031.9033302649639	1100.1592464070998	59.68
1032.3562903250374	1102.6709926810167	59.72
1028.9689783183958	1102.6625006940906	59.76
1026.5962514796504	1094.471961230476	59.8
1026.6684048206948	1092.1748542668631	59.84
1025.7251220936857	1093.5840060636153	59.88
1025.408231470279	1092.0691539027512	59.92
1023.7382277327625	1083.2202518561994	59.96
1023.589418637812	1085.243272762331	60.0
1021.6249754393147	1079.8053998801013	60.04
1024.1335183578535	1072.9050481025542	60.08
1023.9378618026608	1077.6224222620401	60.12
1021.5486441288416	1077.7539139628702	60.16
1024.2657672499977	1081.0875837526494	60.2
1025.8197122851072	1078.4778535489866	60.24
1023.4756262879531	1069.872731716449	60.28
1026.2220327227983	1080.3879315235997	60.32
1018.8489846523522	1084.1249564099614	60.36
1014.3221515263087	1070.5375352352505	60.4
1013.1935082677901	1075.0091819201878	60.44
1012.7837227011701	1069.8448539411415	60.48
1010.9640661170071	1070.5575841151324	60.52
1007.8344006324829	1061.1244012862653	60.56
1005.7393315769981	1054.1042117649997	60.6
1008.63253848142	1052.38801478052	60.64
1014.9859332030203	1052.0246246006047	60.68
1009.5670130522449	1052.5061097055254	60.72
1009.6210867550959	1062.030576596735	60.76
1013.6729698181198	1050.9637161412452	60.8
1016.8174400157839	1057.0461152872558	60.84
1017.2128455314975	1068.1618994235002	60.88
1015.3458733846231	1067.5090519284781	60.92
1014.2118416966554	1070.59363220458	60.96
1013.4398103427568	1075.378061580301	61.0
1011.3333185203522	1073.4183696070484	61.04
1012.1454093787477	1080.0917816100632	61.08
1013.2418730849323	1066.126413765486	61.12
1011.2906910390011	1070.3530171436237	61.16
1009.0884342236252	1062.097356640398	61.2
1010.8163651222219	1069.6064882055575	61.24
1009.867207371575	1056.8527105265948	61.28
1011.0470919176026	1061.6554171896084	61.32
1010.6109459345132	1059.4212763846826	61.36
1010.3402704121506	1062.8400116954895	61.4
1008.6484691300855	1061.5980279910139	61.44
1001.0933791219258	1068.4086571723587	61.48
993.0953658290874	1060.4034716240344	61.52
994.8587241445831	1064.905585724799	61.56
999.2465626062753	1066.8141039941709	61.6
996.3658593324591	1046.681693492134	61.64
991.454370348621	1035.6016954419283	61.68
990.3510755663399	1043.7155108472236	61.72
989.5324035626229	1019.6010813903382	61.76
993.320539275657	993.320539275657	61.8
997.8598151856875	997.8598151856875	61.84
1001.391883258364	1001.391883258364	61.88
996.7982122890282	1006.3550877360183	61.92
993.8593343393441	1009.9963920926253	61.96
986.4590895689474	1018.2415629268439	62.0
979.3854627604396	1011.971779015926	62.04
979.5202899785538	1008.2226676920877	62.08
984.6517187925358	1027.986960641691	62.12
990.504562511967	1032.0681047032056	62.16
992.8545695311898	992.8545695311898	62.2
1014.9078687304416	1014.9078687304416	62.24
1037.5864233005489	1037.5864233005489	62.28
1073.6151459313828	1073.6151459313828	62.32
1112.7118289890152	1112.7118289890152	62.36
1157.7510120288946	1157.7510120288946	62.4
1226.9847004218063	1226.9847004218063	62.44
1293.6697988777148	1293.6697988777148	62.48
1340.0029341547918	1340.0029341547918	62.52
1372.230353543354	1372.230353543354	62.56
1392.0597894694467	1392.0597894694467	62.6
1413.4031541474076	1413.4031541474076	62.64
1429.2840105245098	1429.2840105245098	62.68
1447.8441629150036	1447.8441629150036	62.72
1436.8486873091388	1436.8486873091388	62.76
1396.7954174212464	1396.7954174212464	62.8
1348.693888089855	1348.693888089855	62.84
1281.0089315672917	1400.9264762994083	62.88
1208.1521951096354	1281.0250669640275	62.92
1136.8205973624752	1230.6064450018225	62.96
1097.5666005465873	1156.8108318274249	63.0
1058.5166691501697	1058.5166691501697	63.04
1031.463949905734	1031.463949905734	63.08
1005.3996708478688	1005.3996708478688	63.12
971.1802609406524	971.1802609406524	63.16
953.6929079837189	953.6929079837189	63.2
938.1106427510124	938.1106427510124	63.24
937.589197426897	937.589197426897	63.28
941.620851007296	941.620851007296	63.32
972.7016412361637	972.7016412361637	63.36
1012.6277797684792	1012.6277797684792	63.4
1053.724790743118	1053.724790743118	63.44
1065.3432124282679	1065.3432124282679	63.48
1065.8043560629715	1065.8043560629715	63.52
1070.0770815658648	1133.713486607886	63.56
1055.180801645742	1132.2546848326626	63.6
1041.5222818631955	1085.6008430933439	63.64
1027.9319149798591	1070.7797448813296	63.68
1025.0412743371257	1061.582674522993	63.72
1016.5097097007182	1061.7162213697543	63.76
1017.647414183156	1061.7805724617795	63.8
1031.088378776567	1060.826306214926	63.84
1039.1449946245084	1050.0054001405854	63.88
1026.3370360903764	1046.8847781940153	63.92
1008.750775250382	1047.2001475792588	63.96
988.783737534362	1031.2138213799358	64.0
970.1887186434747	1022.1544634237422	64.04
957.8916014200995	1006.5049713969385	64.08
952.949718404603	1011.5961736507769	64.12
953.681385036977	1017.6095586579384	64.16
953.5095370258172	996.4994066456252	64.2
964.9579012891797	1003.6839955493114	64.24
973.7133910432423	1017.6206350648525	64.28
976.0258365970475	1015.6936401578	64.32
968.2610744876713	1011.048832009121	64.36
961.2405986316238	1008.0973745447023	64.4
959.9275500889054	1004.8432281331741	64.44
973.836631245466	1019.985075112644	64.48
980.3152350814472	1031.8027383739989	64.52
984.4493400909838	1046.046314631437	64.56
991.4576423696271	1041.6769590746214	64.6
998.1800702407069	1049.9546145017086	64.64
1007.2617666674338	1062.307998002653	64.68
1003.8053176031334	1067.5081753235836	64.72
999.2007030735192	1065.9146180781484	64.76
1005.4914730685192	1059.711378719639	64.8
1010.1993944168066	1066.1015729868036	64.84
1009.3700483915272	1064.6161007371506	64.88
1006.1654074554218	1066.5503379808547	64.92
1001.8367418453611	1060.8552109781197	64.96
1000.6664138759319	1057.521326146953	65.0
999.9585492653922	1061.1936484502846	65.04
998.7819951518163	1052.147016401886	65.08
998.2822128674024	1056.1099251677902	65.12
999.7265578348665	1058.7320800552789	65.16
999.616824672169	1058.7891236082062	65.2
999.890543831587	1057.5581002196318	65.24
1000.4533734784414	1059.9352714567945	65.28
998.7468598839779	1057.0632401241787	65.32
1004.5268489681534	1069.7502735315857	65.36
1010.2468886777385	1072.7026431835925	65.4
1018.3672468419196	1077.7073519592511	65.44
1022.1132338114776	1084.5684888103538	65.48
1016.4075781141704	1075.6808692175698	65.52
1016.5505017963758	1082.949179722655	65.56
1014.3937892175855	1070.1399666544346	65.6
1022.8096915118989	1074.1097292727645	65.64
1014.2488357062773	1068.8907513144052	65.68
1000.4797480710334	1074.6365513683802	65.72
996.9460832632117	1058.2487257721602	65.76
1005.5295495082315	1075.2552294736943	65.8
1019.438749197903	1046.791475705962	65.84
1033.4830769771745	1056.083928933294	65.88
1055.4863198617702	1050.4144775984878	65.92
1041.4835746975634	1047.6813842274769	65.96
1051.9320739175955	1046.8612293480694	66.0
1049.778106121664	1036.9809828611744	66.04
1065.8815442001435	1051.0540720110807	66.08
1081.559306162493	1056.2562626093409	66.12
1095.3980516610713	1080.406649250017	66.16
1116.8874287576346	1124.4453215510096	66.2
1129.4566684195686	1155.4638169602754	66.24
1135.8723185632568	1190.0081865985355	66.28
1134.9534108683397	1169.538766384636	66.32
1178.404723148225	1120.5833550655232	66.36
1201.6214855970481	1165.5404245341779	66.4
1254.742043341915	1216.7296667044866	66.44
1221.3486007839406	1274.8891771471335	66.48
0.0	0.0	66.52
0.0	0.0	66.56
0.0	0.0	66.6
0.0	0.0	66.64
0.0	0.0	66.68
0.0	0.0	66.72
0.0	0.0	66.76
0.0	0.0	66.8
0.0	0.0	66.84
0.0	0.0	66.88
0.0	0.0	66.92
0.0	0.0	66.96
0.0	0.0	67.0
0.0	0.0	67.04
1303.6577040407572	1303.6577040407572	67.08
0.0	0.0	67.12
0.0	0.0	67.16
0.0	0.0	67.2
0.0	0.0	67.24
0.0	0.0	67.28
0.0	0.0	67.32
0.0	0.0	67.36
0.0	0.0	67.4
0.0	0.0	67.44
0.0	0.0	67.48
0.0	0.0	67.52
0.0	0.0	67.56
0.0	0.0	67.6
0.0	0.0	67.64
0.0	0.0	67.68
0.0	0.0	67.72
0.0	0.0	67.76
0.0	0.0	67.8
0.0	0.0	67.84
0.0	0.0	67.88
0.0	0.0	67.92
0.0	0.0	67.96
0.0	0.0	68.0
0.0	0.0	68.04
0.0	0.0	68.08
0.0	0.0	68.12
0.0	0.0	68.16
0.0	0.0	68.2
0.0	0.0	68.24
0.0	0.0	68.28
0.0	0.0	68.32
0.0	0.0	68.36
0.0	0.0	68.4
0.0	0.0	68.44
0.0	0.0	68.48
0.0	0.0	68.52
0.0	0.0	68.56
0.0	0.0	68.6
0.0	0.0	68.64
0.0	0.0	68.68
0.0	0.0	68.72
0.0	0.0	68.76
0.0	0.0	68.8
0.0	0.0	68.84
0.0	0.0	68.88
0.0	0.0	68.92
0.0	0.0	68.96
0.0	0.0	69.0
0.0	0.0	69.04
0.0	0.0	69.08
0.0	0.0	69.12
0.0	0.0	69.16
0.0	0.0	69.2
0.0	0.0	69.24
0.0	0.0	69.28
0.0	0.0	69.32
0.0	0.0	69.36
0.0	0.0	69.4
0.0	0.0	69.44
0.0	0.0	69.48
0.0	0.0	69.52
0.0	0.0	69.56
0.0	0.0	69.6
0.0	0.0	69.64
0.0	0.0	69.68
0.0	0.0	69.72
0.0	0.0	69.76
