Thumb_R	Index_R	Time
0.0	0.0	0.04
0.0	0.0	0.08
0.0	0.0	0.12
0.0	0.0	0.16
0.0	0.0	0.2
0.0	0.0	0.24
0.0	0.0	0.28
0.0	0.0	0.32
0.0	0.0	0.36
0.0	0.0	0.4
0.0	0.0	0.44
0.0	0.0	0.48
0.0	0.0	0.52
0.0	0.0	0.56
0.0	0.0	0.6
0.0	0.0	0.64
0.0	0.0	0.68
0.0	0.0	0.72
0.0	0.0	0.76
0.0	0.0	0.8
0.0	0.0	0.84
0.0	0.0	0.88
0.0	0.0	0.92
0.0	0.0	0.96
0.0	0.0	1.0
0.0	0.0	1.04
0.0	0.0	1.08
0.0	0.0	1.12
0.0	0.0	1.16
0.0	0.0	1.2
0.0	0.0	1.24
0.0	0.0	1.28
0.0	0.0	1.32
0.0	0.0	1.36
0.0	0.0	1.4
0.0	0.0	1.44
0.0	0.0	1.48
0.0	0.0	1.52
0.0	0.0	1.56
0.0	0.0	1.6
0.0	0.0	1.64
0.0	0.0	1.68
0.0	0.0	1.72
0.0	0.0	1.76
1318.1059785548787	1277.1735897544838	1.8
1279.2375192998775	1235.3359241015055	1.84
1251.4205802685058	1187.676640529521	1.88
1233.7765435050458	1158.3403924832032	1.92
1221.2211523048568	1143.8964115675049	1.96
1205.7289030225872	1133.6947346444335	2.0
1187.4886248438313	1109.327447032912	2.04
1152.5341899849598	1088.0169153365803	2.08
1136.2004168636752	1071.507496253277	2.12
1128.867917187638	1067.5035923612302	2.16
1135.028790524475	1067.237415673779	2.2
1141.8333989234325	1054.5981212129404	2.24
1134.9638184421015	1051.4795867277417	2.28
1102.3528579853219	1052.4762437788524	2.32
1100.8256217635692	1059.3433129233017	2.36
1100.7707496081712	1057.8080376244723	2.4
1084.0683327719955	1061.4481410799297	2.44
1103.644156058479	1072.1398941361888	2.48
1112.713855090728	1076.3650693555485	2.52
1112.9210249809626	1072.341884598539	2.56
1110.6581583709144	1073.6439783145768	2.6
1104.053412493071	1068.7742488065066	2.64
1097.1040894319524	1067.126681487802	2.68
1086.141436965242	1063.5992788078715	2.72
1087.5759548705607	1061.0553817840125	2.76
1096.0737178740321	1054.7734705894488	2.8
1102.6363866438394	1057.818730944403	2.84
1099.419341715676	1054.6031771568526	2.88
1096.3482850059268	1048.3826963655956	2.92
1088.2419698961176	1037.9539237907622	2.96
1081.4565988629574	1033.7742455597497	3.0
1082.0677461456135	1026.5848844226116	3.04
1086.828319045059	1028.3351264978437	3.08
1095.349088792103	1030.3366430634383	3.12
1104.133043698077	1034.0365274111805	3.16
1115.461761351813	1046.297516140284	3.2
1122.5815979965887	1053.0022917906256	3.24
1134.3889689962405	1061.6035566213236	3.28
1140.2155966291773	1069.0012694510017	3.32
1143.2027833835207	1070.8795530385607	3.36
1148.378563364997	1077.227429469789	3.4
1150.8908355690146	1080.1327147406532	3.44
1156.4648721871356	1089.764539550866	3.48
1162.5972663972257	1094.0937516636652	3.52
1169.1406314496562	1095.582880110808	3.56
1174.4151723889815	1104.2006052558186	3.6
1175.4956536303264	1099.9705761659447	3.64
1179.577303174735	1105.0996040573027	3.68
1191.2061031111525	1132.0622820810506	3.72
1229.5321438930403	1164.9482857704133	3.76
1268.7221651959235	1225.7956036018534	3.8
1286.034243714898	1235.6626032002491	3.84
1284.2718380477754	1236.8463183356187	3.88
1268.593607202991	1233.9927909382877	3.92
1264.668203686487	1228.1525696188069	3.96
1262.4240061209723	1230.3470728919654	4.0
1256.5928832038478	1218.3357441581866	4.04
1258.2637762014695	1217.8046580737023	4.08
1264.290316746029	1226.528445908431	4.12
1251.146100198656	1216.188798581692	4.16
1241.217546108473	1201.6595006117864	4.2
1238.1829417113265	1205.002170175572	4.24
1233.5228499196437	1196.0364139457345	4.28
1228.1277065943098	1192.4376591031737	4.32
1223.3147454405328	1185.5575464890678	4.36
1219.2142845670237	1176.3128036327726	4.4
1213.9397948075978	1165.4851513894434	4.44
1215.1638726468573	1169.0138176969015	4.48
1214.484649427703	1163.6242485808066	4.52
1215.4078712071491	1169.88124583826	4.56
1217.526399012542	1167.02659031472	4.6
1206.7939478336589	1166.7150595412243	4.64
1205.9159660545133	1154.6053061965029	4.68
1198.3781461167773	1154.2398590642433	4.72
1195.5908789563077	1143.5069250703962	4.76
1188.2734399948308	1131.33291942808	4.8
1186.2152830861821	1125.0173895898463	4.84
1180.8801603122463	1136.2611201507727	4.88
1180.05496721523	1130.9681755615388	4.92
1178.789881853205	1130.919364833285	4.96
1176.5104546108644	1135.0514955537687	5.0
1174.5326563417427	1118.9188536878462	5.04
1171.8323826261935	1122.5235645648702	5.08
1162.0203755026728	1114.0065367846814	5.12
1154.6458466448137	1112.9534180489247	5.16
1148.9463815556737	1113.3980789985264	5.2
1152.4929843821112	1124.4821409281337	5.24
1158.2184076765247	1141.4506943929248	5.28
1164.1866409639536	1156.5225655971994	5.32
1171.6067363530185	1173.11290704295	5.36
1175.737763919673	1182.8780250668963	5.4
1179.3304991651576	1171.5514511058266	5.44
1200.2528379861603	1174.500468962842	5.48
1225.00726488459	1189.9928489297827	5.52
1217.9098823375698	1178.9602000678738	5.56
1238.9129044064216	1173.5871332397433	5.6
1238.7483803801888	1186.0074152727373	5.64
1268.592392062827	1186.3510350004758	5.68
1283.9907874236605	1172.426987077439	5.72
1298.7576876523076	1203.6359862689364	5.76
1280.3808294349694	1207.1845461031344	5.8
1270.679739774434	1217.3499238589286	5.84
1240.396413879792	1223.0801808721833	5.88
1223.4991056912168	1217.5249862171572	5.92
1210.814746202905	1208.3974939281168	5.96
1205.6855151290717	1201.4159184101404	6.0
1209.0686147511349	1197.4021032258777	6.04
1192.8380781686278	1187.5493226973147	6.08
1184.7216324942958	1178.1052108773463	6.12
1166.3319260441815	1151.5671066124182	6.16
1136.2191648680634	1124.3055704938376	6.2
1115.2608649849303	1103.3564586772184	6.24
1098.7745845769248	1088.282089512318	6.28
1096.4676511872146	1081.2235691315736	6.32
1098.3944749187992	1081.4780915944955	6.36
1101.4159439115356	1089.3032976608124	6.4
1112.2621294333082	1102.6214909255552	6.44
1121.2330774343284	1122.500971994087	6.48
1137.270309899456	1137.773101836728	6.52
1150.9819985992606	1156.2474473831103	6.56
1165.792377760615	1163.245877817829	6.6
1175.3375492860384	1166.477253504914	6.64
1179.0583531451498	1166.9548113276744	6.68
1177.0619203458946	1167.2747721769692	6.72
1186.6452279596701	1174.6324467942654	6.76
1192.2998402381047	1179.4341780906157	6.8
1200.7003615088133	1180.8050648281815	6.84
1205.797065913098	1176.1512228894007	6.88
1201.0342568793246	1168.2635228278968	6.92
1196.2305634309553	1159.9944252101434	6.96
1186.1868967212465	1149.9802494806404	7.0
1174.2175413221307	1137.1113665661317	7.04
1163.1920360252934	1128.864720742305	7.08
1151.1926787385016	1119.8404614031415	7.12
1143.3234047771366	1116.399983080112	7.16
1135.90626056158	1105.2160149481851	7.2
1128.4534583585462	1101.1646427797043	7.24
1119.2658180153603	1091.7220293517348	7.28
1108.7397607510798	1079.7541598064336	7.32
1096.2443914989537	1069.5625908773686	7.36
1083.7629308771334	1060.1346156427337	7.4
1076.2084689271976	1049.8961025340939	7.44
1070.7496710078187	1039.3584295252347	7.48
1066.2018739420853	1039.2254290349201	7.52
1065.6136621348771	1034.0233904213728	7.56
1063.196106267421	1030.9551490492227	7.6
1058.4391570279095	1024.9246335485907	7.64
1055.6610569729494	1020.5274928214003	7.68
1055.726852102302	1019.1148971606682	7.72
1056.3816280509352	1023.1232615287362	7.76
1055.3342829893081	1021.9297650465119	7.8
1056.969343904263	1023.2086737145047	7.84
1054.7508138489397	1022.9423886264977	7.88
1053.3055399947975	1020.5582533810472	7.92
1055.3328299018074	1022.1745402849468	7.96
1055.1471900576387	1023.3858402093456	8.0
1052.9407300544638	1021.0826896248985	8.04
1055.261409182431	1022.8236275155546	8.08
1054.7890585075563	1023.0614704505557	8.12
1054.6563359672298	1022.2745164599063	8.16
1053.839764657212	1022.0621231718161	8.2
1050.8091761556934	1020.3644697536234	8.24
1054.698735382412	1023.1044890245919	8.28
1054.237575159886	1021.4426493525971	8.32
1052.7318528351605	1019.0025306721343	8.36
1049.9732366597082	1016.1276559803425	8.4
1046.3499662690401	1014.4900772098579	8.44
1043.3521288195993	1011.7592159297543	8.48
1041.4879490921894	1011.2291865894372	8.52
1043.3932150688888	1013.1599038921971	8.56
1046.4055097906123	1012.7748128400137	8.6
1049.0817538783533	1017.5975457500431	8.64
1052.311241382398	1020.0501815663525	8.68
1052.025984521554	1019.370305655883	8.72
1052.6579190836796	1025.1114747557046	8.76
1061.2704400293976	1030.736973045116	8.8
1063.6442479496732	1036.774858660789	8.84
1067.9609026798003	1040.792539514595	8.88
1070.232951601977	1040.8707377653868	8.92
1068.642472563899	1042.8066232355789	8.96
1066.3237055335505	1041.0143467393182	9.0
1063.3361390317668	1042.0169293345543	9.04
1060.2877561082298	1040.500345422516	9.08
1057.784759865646	1037.7146089048354	9.12
1055.8872632365199	1035.3278288107329	9.16
1060.0031836732337	1034.6962957676312	9.2
1055.6780597012528	1037.8496068851102	9.24
1057.5612419464817	1042.9470547438498	9.28
1052.7248906884292	1041.6807058894397	9.32
1050.2656692877326	1047.7073762695916	9.36
1043.0161761861211	1047.614111907602	9.4
1044.5421158302777	1051.6218258311278	9.44
1048.6838381743887	1036.9037569813274	9.48
1051.526261169218	1014.9588599058108	9.52
1058.0234427133491	1005.1147832448834	9.56
1051.0706152175649	1014.9983586392915	9.6
1047.4729623296846	1008.4777357696747	9.64
1052.8223273600208	1015.0020192848381	9.68
1053.2495622510146	1016.0608870411737	9.72
1055.8072344934326	1022.0164632770817	9.76
1058.5416070315318	1025.0014182242248	9.8
1056.598141838982	1025.839564921572	9.84
1052.6630028491018	1025.9662725381102	9.88
1049.9182595186578	1029.9611556754346	9.92
1040.0724262742476	1032.1392059538412	9.96
1023.2390203999776	1060.1933379171332	10.0
1005.2664358455562	1103.643755706441	10.04
994.9569456051937	1112.6856022248407	10.08
990.2762244504304	1117.7002105209156	10.12
1002.9780210619152	1089.8072182957003	10.16
1020.3618390578633	1007.2276496108447	10.2
1036.1998988761713	963.1006927275431	10.24
1052.5154215905081	974.3145659589986	10.28
1060.490032666348	1011.9521422547052	10.32
1053.70464966531	1008.6288004776087	10.36
1049.115410007914	1004.0898860574339	10.4
1039.626172835691	1012.8074914549505	10.44
1031.4363637916106	1009.5827329613048	10.48
1028.4717966281216	1011.9865118206526	10.52
1024.208789882552	1011.6113265581743	10.56
1026.13037348667	1032.2205583845766	10.6
1026.3504844697463	1068.92766747483	10.64
1030.207443011741	1089.3516959086132	10.68
1027.318287396585	1106.7049028090241	10.72
1032.305033670078	1049.53146959061	10.76
1040.7827437033393	984.3127099924504	10.8
1044.0982634821303	994.9709262394302	10.84
1046.8559701063332	1015.6136792220984	10.88
1040.9245941931229	1008.1437802411017	10.92
1040.592442101473	1009.2083753729512	10.96
1041.359242807816	1004.580154146215	11.0
1041.1841295740717	1005.8532891703264	11.04
1040.8359043155406	1016.7119344692595	11.08
1040.7598248160823	1032.4437547487519	11.12
1030.9556612175231	1042.581585890269	11.16
1025.043501951282	1108.845403641437	11.2
1019.1036399901164	1121.532034801315	11.24
1032.2035411743127	1143.0895854011528	11.28
1056.5194633853073	987.4325383370525	11.32
1055.1597103839845	975.9352885338077	11.36
1059.7531622281622	1008.7297656744859	11.4
1064.4813296149102	1021.8115094382619	11.44
1058.5852792939936	1018.2925395318016	11.48
1053.1443120412744	1022.1651751922095	11.52
1051.1399823493969	1027.5271631345963	11.56
1044.8199613392017	1027.8361071909565	11.6
1039.7787506272257	1051.978019653403	11.64
1037.4613295692723	1063.9247308442475	11.68
1053.3483887434738	1030.6056161533827	11.72
1042.6923616010904	979.1366831320212	11.76
1048.3753195027339	974.1934337927107	11.8
1056.71774144377	1022.2463735515128	11.84
1054.3964218596388	1022.6006486666827	11.88
1050.2792235644956	1027.2617174675138	11.92
1050.6345940476253	1032.2437144353933	11.96
1051.1554310368865	1031.204048717043	12.0
1058.003555206009	1030.9401547619507	12.04
1082.8914647023337	1052.8619798682314	12.08
1128.4386287823568	1102.7052525383658	12.12
1201.639478096323	1171.8765670295434	12.16
1258.300905323694	1234.129750461712	12.2
1295.4962769955484	1284.2339733927836	12.24
1326.8227755836142	1314.132367231686	12.28
1357.4551094909948	1339.5696975732926	12.32
1384.8374035560676	1358.2632170710442	12.36
1401.7710308268977	1374.0734666675867	12.4
1420.0241657344545	1392.1354242802965	12.44
1441.4285369263819	1405.7585139493283	12.48
1452.2594677982474	1417.756678803114	12.52
1466.8680867744613	1432.4910353901037	12.56
1476.6644203164883	1448.693152083648	12.6
1480.2549821763814	1460.1349106990765	12.64
1490.0268229661124	1468.7167033649573	12.68
1495.2135473152314	1479.0370633239472	12.72
1501.227038774329	1486.3650932967994	12.76
1504.181045458456	1493.6682517361671	12.8
1508.8768173881158	1501.2732014535723	12.84
1517.1246649492296	1507.6769051486258	12.88
1520.6664198477708	1515.4720144180508	12.92
1527.3483138920246	1522.7683025532442	12.96
1531.9768541377598	1529.3946140558662	13.0
1540.3168550748042	1532.815850145693	13.04
1544.5647142945281	1533.9533214049866	13.08
1535.0908311022667	1527.409995193375	13.12
1529.865278673426	1518.793833589533	13.16
1529.2784051648011	1513.4580016433952	13.2
1511.81408584682	1501.5687326917348	13.24
1504.872029982243	1498.0004990070638	13.28
1505.2669474128516	1503.0124599934725	13.32
1508.0203025067406	1510.569377593245	13.36
1488.4287352404178	1502.4958469040573	13.4
1456.5841396666322	1473.0282132239033	13.44
1412.6410412814469	1439.8049715804862	13.48
1357.3939508893104	1394.6719856748393	13.52
1313.337949221371	1351.0743704668973	13.56
1270.402544844239	1305.6960316139914	13.6
1248.8812989834978	1277.4673887281551	13.64
1225.0525801017243	1244.5678400855334	13.68
1214.6756245239615	1222.9086385567143	13.72
1199.2295356686097	1188.527869273887	13.76
1192.2183650664879	1168.1603028034879	13.8
1192.2924654333485	1161.7403448116268	13.84
1190.1599514755785	1153.30412919294	13.88
1178.5057887928956	1149.9944291667339	13.92
1172.2874073128892	1154.8157102156986	13.96
1167.784627161491	1160.130371256237	14.0
1162.4957088449535	1161.0252324545938	14.04
1151.5193893991302	1144.2215374969144	14.08
1144.6642082916328	1131.481510416211	14.12
1134.0355838223638	1130.1301921324657	14.16
1118.9863729661106	1106.4129061715416	14.2
1106.7162424067828	1095.5086664235553	14.24
1093.3643012331797	1079.0033124586807	14.28
1090.3860157787208	1085.442053089169	14.32
1096.0548504462954	1083.5159090976492	14.36
1091.1838594619257	1081.9775354093788	14.4
1084.4168221276927	1093.5909925106112	14.44
1076.767941433445	1093.810138181323	14.48
1067.3835769980412	1094.827445250675	14.52
1063.7478924338081	1095.8385972399346	14.56
1065.7184824969509	1096.0977574493704	14.6
1066.297881613394	1095.6978690265682	14.64
1068.1800806789142	1094.7880392312625	14.68
1068.1976242473322	1093.201763307202	14.72
1068.5407213699843	1091.4746674147334	14.76
1068.7826537151911	1089.495294963504	14.8
1066.3827029082452	1089.6557901155543	14.84
1065.5765627127357	1087.2061856238759	14.88
1065.1173886034749	1086.6836438433293	14.92
1064.4636434609545	1082.9055622350618	14.96
1062.5729688017818	1086.5022795439613	15.0
1063.2799603195604	1083.2758578815774	15.04
1061.4477304281963	1086.043032926575	15.08
1064.142244791132	1084.6260169528093	15.12
1061.174638460038	1085.242360111857	15.16
1060.2039447795757	1084.0239808650574	15.2
1059.0622396929311	1082.9201108071438	15.24
1057.726760122825	1081.2569712938177	15.28
1059.1354525752356	1081.355027709961	15.32
1058.7903694734537	1082.3158881632196	15.36
1058.428799028803	1079.2959243092528	15.4
1053.1471468465018	1076.3926948004616	15.44
1052.2911055677218	1075.7237945621011	15.48
1047.3282174209444	1066.396743516776	15.52
1040.9550384684742	1060.6586869387793	15.56
1037.623979874522	1051.5546956968503	15.6
1029.3391084709801	1046.6181482302945	15.64
1030.286421377943	1044.7636056994572	15.68
1029.0008404474909	1040.0207617588887	15.72
1023.6005960126827	1037.0402921770144	15.76
1017.414134467031	1036.105636205142	15.8
1014.7622186269479	1036.8200181144596	15.84
1009.995073154087	1029.3998895204809	15.88
1004.7260919997393	1021.7339398511028	15.92
1002.2997490920284	1009.9487468046447	15.96
999.3363261871771	1013.1539802704115	16.0
996.3908746767167	1009.8003162819729	16.04
999.1233588864077	1011.5732341450372	16.08
1002.8154207161592	1014.7582584610107	16.12
1004.11637506233	1012.9673371670868	16.16
1004.8742357414214	1015.5691777951025	16.2
1007.7371127026444	1020.2895311976755	16.24
1008.2808469148393	1021.0075515108825	16.28
1004.9768315442582	1012.6075831005704	16.32
1004.582452154989	1015.2976161884509	16.36
1002.3061199649146	1016.4218077030065	16.4
1005.0933353175925	1016.8992138815031	16.44
1004.9691468569926	1019.961220090527	16.48
1006.8145962277572	1019.9890280323464	16.52
1008.6359327615789	1024.7259383908674	16.56
1006.8372263129476	1020.2226542683386	16.6
1006.7561616669168	1022.689855292104	16.64
1006.8388519737792	1023.3003188460943	16.68
1008.5379538475089	1023.2131692785646	16.72
1018.4325992760837	1037.6208290044158	16.76
1045.4782218032062	1058.6299624440408	16.8
1063.235410887882	1067.0784076906443	16.84
1119.8443840478824	1062.2663058524774	16.88
1141.9917161859128	1051.9728066462505	16.92
1166.4965304109298	1051.7842425382912	16.96
1177.788782472692	1042.5950811691107	17.0
1185.4374202715817	1040.7133082134435	17.04
1198.0082961750409	1037.8561318386844	17.08
1205.4659571083637	1029.6521378751295	17.12
1207.8182382193781	1030.8533727616925	17.16
1206.012633322607	1031.4369469572864	17.2
1209.0063378500708	1036.085307019382	17.24
1211.701364780141	1042.455993072476	17.28
1213.8582279807497	1042.5511657668806	17.32
1213.1149988611116	1047.9958772972202	17.36
1206.7821689009304	1045.4995656750752	17.4
1198.4889547893426	1043.0411169889458	17.44
1189.8502804505797	1039.2975481642056	17.48
1185.3376765167498	1039.1027939035514	17.52
1181.323896552829	1036.6296726219857	17.56
1179.0958037788494	1035.328639164436	17.6
1172.4520903168277	1031.5839320996813	17.64
1166.300381428963	1026.5267833001453	17.68
1164.4159202673015	1024.2888541641737	17.72
1163.898480314348	1024.3839061150948	17.76
1163.6381637590328	1024.459210839022	17.8
1158.901444397438	1021.8220696634146	17.84
1158.3564591200459	1020.4467270192097	17.88
1157.3367728718845	1018.5393394408142	17.92
1154.8515787275205	1013.5135414120765	17.96
1157.8180461873783	1013.870571628815	18.0
1157.2642229204275	1010.8996970946101	18.04
1156.1843312813064	1012.627866805326	18.08
1156.0755906785448	1009.9515871770822	18.12
1156.5469102192815	1009.6979061515882	18.16
1155.3869125346025	1009.2649554771422	18.2
1157.2534387625583	1009.3921410221652	18.24
1157.45370490662	1010.9530540109848	18.28
1158.325973160395	1011.349248885137	18.32
1160.0679194008849	1013.0998751008723	18.36
1160.3027225726325	1012.1146471271512	18.4
1156.291453540347	1011.8368931875018	18.44
1161.3253384150482	1012.199043294978	18.48
1157.9304056496337	1011.3918576730559	18.52
1160.4667058790224	1012.4780723745004	18.56
1157.289625628483	1013.6703580208593	18.6
1157.3260380328227	1013.2257244922002	18.64
1153.7964336349012	1011.2072307584632	18.68
1157.1973599427151	1012.0733018125544	18.72
1157.9581886508104	1011.8507685699215	18.76
1156.9948340449364	1010.4516701600775	18.8
1157.5443879265263	1010.4495693204884	18.84
1156.9911020871916	1012.065577059617	18.88
1158.82655438304	1011.9150534683022	18.92
1156.405378007843	1011.8760275402823	18.96
1157.6184052630306	1012.0800718435548	19.0
1158.8251879637216	1012.7542604093549	19.04
1160.5168556477786	1016.5917348588256	19.08
1159.9198719891024	1015.1721594306541	19.12
1161.15145278911	1017.150880613792	19.16
1160.470238556302	1020.2872211258124	19.2
1156.9679951800783	1019.872241326661	19.24
1156.9137010128777	1019.8555302371971	19.28
1159.5424734681314	1023.8520676963545	19.32
1160.0443786844417	1023.9662096574426	19.36
1161.0358621753298	1023.408402351531	19.4
1159.8416606019637	1023.5013406465115	19.44
1162.7508417155263	1026.264842517483	19.48
1165.160389060387	1027.6746878167598	19.52
1165.6387023766617	1027.3054649819906	19.56
1167.3291519400345	1036.6839357280571	19.6
1180.7621687853323	1052.0945990221662	19.64
1201.390928613753	1077.9306730575365	19.68
1238.3339978602608	1123.8183635648786	19.72
1277.6818617527633	1174.646812396634	19.76
1331.1804769580503	1236.7251125747066	19.8
1391.0162532905783	1314.6302747358	19.84
1428.6107033446767	1370.2126009956205	19.88
1480.6394204690798	1437.8794569160107	19.92
1517.3542948614029	1495.7236604260884	19.96
1558.1420996405457	1551.1050527643563	20.0
1599.2038470963296	1601.499007091937	20.04
1637.7764715827184	1648.9306434866753	20.08
1679.0043362023348	1692.4514215337933	20.12
1711.1275970902454	1738.9336286890093	20.16
1726.917177213413	1769.8696897178518	20.2
1744.7196657202715	1790.0107345357344	20.24
1748.7765511035936	1802.4083794546445	20.28
1755.4692240609947	1812.7739546775485	20.32
1760.5433484152861	1817.2048069503646	20.36
1776.6339379720027	1826.0672174578156	20.4
1779.0289976934998	1830.6244897558645	20.44
1774.675844872766	1831.4057472590923	20.48
1774.2415393337455	1840.7394259601335	20.52
1783.6505272170914	1878.2062219501306	20.56
1783.5212525541983	1910.3225682869415	20.6
1790.2310028943716	1848.8456772735424	20.64
1785.6751834992717	1779.3982460061256	20.68
1774.812241451356	1744.997110983247	20.72
1766.640888054846	1716.6680182363898	20.76
1767.3624033156727	1720.2599513151893	20.8
1782.9557885381105	1762.7293889117832	20.84
1775.0556290371119	1755.8088354048366	20.88
1739.3800897061878	1702.087080291376	20.92
1773.7679726549845	1732.1837610414032	20.96
1801.7858263427827	1747.1699707129746	21.0
1826.1775826354092	1767.0231289056637	21.04
1839.5315819974214	1768.2657594549771	21.08
1840.1294241871547	1782.6588523152873	21.12
1857.1225416882335	1793.9012871552034	21.16
1865.0362650820114	1801.826194767337	21.2
1857.415231545455	1788.4909700608125	21.24
1857.495970750217	1796.0820387396705	21.28
1861.0626779558897	1796.5040096423534	21.32
1855.0103941066834	1787.4212022558404	21.36
1858.6726923589335	1789.9801122886572	21.4
1862.3337422433533	1798.4436435727096	21.44
1860.3732018286914	1798.1337112840015	21.48
1860.2660301581375	1796.255645666335	21.52
1864.6778526693502	1805.3555215933072	21.56
1865.734958528481	1801.5359721565467	21.6
1861.6054737006673	1799.5616549660663	21.64
1866.582025184351	1799.60079782248	21.68
1863.8303322330246	1801.5191926422904	21.72
1862.5797144006426	1798.1590178878025	21.76
1866.2546336142434	1803.3611811127346	21.8
1866.8708468522364	1807.138894200621	21.84
1866.158148764518	1811.0680341731697	21.88
1868.5718605177715	1812.1557109466237	21.92
1868.5275575903906	1814.3604886225883	21.96
1867.527644536176	1811.976197340856	22.0
1870.022232004861	1814.9478357735359	22.04
1871.3346705594465	1816.6179103340667	22.08
1867.0145144407522	1824.227013732324	22.12
1867.2963868465931	1820.3627211104404	22.16
1869.382247572563	1828.7554895241735	22.2
1865.253405020028	1821.6422346816742	22.24
1864.8698287104562	1827.1379290227956	22.28
1868.5798395945756	1825.6338497525865	22.32
1873.5822702872465	1829.1640983444706	22.36
1872.7519497422547	1829.4969609715208	22.4
1872.0910761002383	1827.1347188920047	22.44
1871.262784855191	1833.294124551384	22.48
1872.51257501463	1829.3305978478345	22.52
1876.0357030044026	1836.1010087653785	22.56
1875.9932141073293	1833.916727103632	22.6
1877.3380852491957	1831.7583543256094	22.64
1867.743868614929	1825.1358712706096	22.68
1872.5975663826239	1828.3585402706167	22.72
1872.0122452994078	1832.285423743026	22.76
1878.9631484598895	1834.0458120750143	22.8
1874.951591254215	1833.8791120005926	22.84
1875.5766049344738	1836.5877269162715	22.88
1879.015644390963	1840.3431414595298	22.92
1882.8353166273578	1842.2408770494756	22.96
1881.0417671418697	1842.1020207588979	23.0
1881.7347120925292	1839.4299827878936	23.04
1883.779625840291	1844.4252649086288	23.08
1882.4979165860884	1847.096565045351	23.12
1883.4656794655702	1846.2666532062074	23.16
1882.8782316338786	1848.0115449055725	23.2
1882.8113427325266	1847.0309409244373	23.24
1882.3518014962751	1846.2680881796766	23.28
1882.2378261535928	1845.0539268995974	23.32
1883.7047655162855	1842.7047571478195	23.36
1883.064922524994	1841.5587566176087	23.4
1879.739925792626	1836.4101437702589	23.44
1883.164249656461	1839.819753076801	23.48
1882.8210794741556	1843.917101848926	23.52
1884.0489732565497	1844.5410932471525	23.56
1881.2146558318193	1839.6212183170342	23.6
1882.7834005989114	1838.18294187037	23.64
1885.0478139827749	1843.5552942746199	23.68
1884.3421963722858	1843.2615586649877	23.72
1883.2479750085802	1849.4198881148677	23.76
1884.0770421039615	1845.6631150183644	23.8
1888.0109826402113	1848.4501857690234	23.84
1887.8646668029448	1847.8523000320927	23.88
1882.3567012142282	1846.562118188967	23.92
1885.8522628131961	1853.1453970478592	23.96
1886.050221692444	1849.7405205766017	24.0
1887.8859545721762	1846.3413260008467	24.04
1885.77784128658	1852.2037273867834	24.08
1885.7168095997636	1846.5769338963084	24.12
1883.5233681983468	1846.2700157078025	24.16
1887.5903587317823	1852.4155878503464	24.2
1888.9276597749054	1853.5240169418748	24.24
1889.7490755890233	1852.3502905522282	24.28
1890.8122946170568	1852.744420538707	24.32
1886.7293359244945	1847.9409127338065	24.36
1890.5270054490325	1853.69610051379	24.4
1891.26862861005	1852.2419900120603	24.44
1891.0488143501093	1856.0852265400056	24.48
1891.183255506028	1856.8667048516493	24.52
1890.9769015167153	1853.1709902239797	24.56
1890.3468361773075	1852.2496658646503	24.6
1886.6981773503078	1852.9739732119724	24.64
1887.0079171248553	1853.1414998336438	24.68
1890.2687924108236	1848.1259246634472	24.72
1888.6001207354295	1852.45535565406	24.76
1893.9548552421604	1854.6291974428896	24.8
1890.7938431618493	1854.7882584517693	24.84
1891.5603259614236	1852.6901948897982	24.88
1892.1896696028298	1855.0684917568929	24.92
1890.320026240127	1853.7901674780076	24.96
1893.9546124530734	1857.4243770886048	25.0
1891.7619369304296	1853.8999100294204	25.04
1891.9701798480924	1853.2288953596108	25.08
1890.4856172176503	1850.4178399147972	25.12
1890.529169608639	1850.7041279857056	25.16
1889.8662753093984	1846.7034458761793	25.2
1892.4146512218733	1850.0201660873568	25.24
1892.528666877376	1852.8319558292922	25.28
1892.1743882864582	1849.731456275972	25.32
1892.2746794810237	1854.9478395356166	25.36
1893.0736320951653	1855.559416261697	25.4
1895.5814965720651	1852.9623938284751	25.44
1892.701617836575	1854.9850619874428	25.48
1890.0446282229768	1851.9765520278363	25.52
1891.5218220162678	1854.063894027544	25.56
1889.889218050557	1852.757759034185	25.6
1890.097868803086	1854.2227345563751	25.64
1889.939681030536	1851.4956893378298	25.68
1888.6866858078376	1854.9215100782744	25.72
1889.6276527801865	1852.2148702812024	25.76
1890.075886012028	1851.380385604067	25.8
1889.614978780277	1852.0889372338456	25.84
1888.7283796072606	1851.9919438137572	25.88
1887.528664789809	1850.345469185368	25.92
1889.5476271555674	1847.5222230274535	25.96
1891.3909694850836	1847.1270817157997	26.0
1891.8960227144314	1848.0310727732544	26.04
1893.0225481232817	1853.1920869040512	26.08
1893.7959390133349	1854.1704811003729	26.12
1891.107794724224	1852.3131600428624	26.16
1894.326589202361	1860.8229310257086	26.2
1890.0831920024746	1850.4872900576502	26.24
1891.1570799999854	1851.902117049871	26.28
1896.9175632219483	1857.937642215778	26.32
1896.816920961509	1854.3494455630032	26.36
1897.2219656479085	1856.1873534832255	26.4
1896.5121061618474	1853.598690643225	26.44
1896.8576780329277	1860.8618843830322	26.48
1893.2427708381276	1858.1359971638742	26.52
1894.5043203548976	1859.3369665795744	26.56
1890.3465641753392	1854.1322347467592	26.6
1890.8733537323842	1855.9907042578172	26.64
1895.8422767981756	1859.954236208085	26.68
1895.483394594698	1855.004160021801	26.72
1898.9261066723868	1860.66311291662	26.76
1895.8946770747689	1860.1564822188227	26.8
1898.3684537797444	1860.4062982824748	26.84
1896.3164094892386	1860.7506331285729	26.88
1895.0254441353802	1858.7724724075274	26.92
1896.4337020556366	1853.957235235848	26.96
1901.146671784376	1855.3034896384195	27.0
1899.3613185382355	1862.2798663141143	27.04
1900.3464808920353	1859.8612795555698	27.08
1901.2507355644555	1866.8046413425552	27.12
1902.9384026839139	1866.1126651526663	27.16
1902.0867759436885	1867.7623052623755	27.2
1899.9479006008783	1864.6218671050092	27.24
1900.9966673790539	1869.4226368467685	27.28
1898.717050315566	1868.2363852247584	27.32
1908.2384307733228	1872.6771955820175	27.36
1907.4915378997111	1869.3152490629095	27.4
1908.9366982406261	1865.791813984993	27.44
1845.5087954411354	1832.0126768295436	27.48
1847.0096202436478	1828.5395981344273	27.52
1847.2237806586209	1826.1179543386218	27.56
1847.0326554377816	1826.031994480218	27.6
1846.5971897045094	1827.3542005260836	27.64
1849.4583964270435	1827.9423213520354	27.68
1848.269550695751	1828.284296054222	27.72
1847.9340862449849	1830.898156995284	27.76
1847.2373591787875	1831.7212942326557	27.8
1849.751751219347	1833.6108746808818	27.84
1848.0066545836194	1835.2453794990695	27.88
1848.9000489979492	1835.37387460791	27.92
1850.3193044129507	1834.4031189260943	27.96
1850.3757045953419	1833.020249194299	28.0
1848.8923574075905	1835.9554332388516	28.04
1847.7388930972827	1833.4421741086576	28.08
1847.8026946165332	1831.78234783012	28.12
1849.437776126074	1832.9754426521188	28.16
1850.070877553151	1834.3445349489161	28.2
1851.462825972437	1832.9483025894956	28.24
1849.3539751444696	1834.1828867312336	28.28
1849.557962747503	1829.5522908659568	28.32
1847.3569150904584	1833.978475284373	28.36
1848.2408344271173	1833.2567096656664	28.4
1850.5766986122371	1833.765320406122	28.44
1850.5315542728574	1836.65694950754	28.48
1851.6246233371203	1835.717560997703	28.52
1850.403064973516	1835.7478072170013	28.56
1849.1336363981334	1831.135180418443	28.6
1849.3406864412532	1832.2030511008431	28.64
1847.9296027400417	1830.303388273776	28.68
1838.3986539709808	1822.681332755376	28.72
1814.2230163460697	1799.6512044254973	28.76
1753.7524628502333	1737.1778746612827	28.8
1684.8962935341706	1672.4322303826132	28.84
1604.5849662595588	1599.9151542360814	28.88
1509.6817287187248	1521.759842714746	28.92
1423.918171731942	1433.0325366898956	28.96
1348.4702616277507	1343.9251205766727	29.0
1275.6594557291005	1259.3898222182797	29.04
1212.7020741536094	1208.0921826260906	29.08
1158.2490659963544	1146.0733189493126	29.12
1116.6154841571054	1093.775257388005	29.16
1075.1246208792472	1054.3234692417977	29.2
1039.8945524210444	1006.0036303172949	29.24
997.4725430984658	957.4670466523576	29.28
953.3504941533798	908.2694066083518	29.32
909.5889211032836	839.9226224353699	29.36
875.3038745899407	871.7717943149186	29.4
854.016868202053	880.189196652996	29.44
846.5076533084165	874.7910763802051	29.48
844.7623992118117	880.7817177991593	29.52
860.1869077042732	879.4607934630758	29.56
879.1789526782103	898.467727555517	29.6
892.5722208662136	918.1122632130496	29.64
887.1389364263673	892.7636026419029	29.68
903.9301783147	896.1156842771233	29.72
900.5834462209797	890.833168038803	29.76
893.7498627437742	870.3045148513806	29.8
883.4013439779243	883.8433593995711	29.84
888.7953569221187	882.9163841458972	29.88
879.7244915664689	874.7635914836889	29.92
884.0662039061358	887.2806645273332	29.96
878.4489467383032	881.8028536615979	30.0
876.1441761679422	888.7582763792624	30.04
864.0369690914674	877.9758404122117	30.08
852.733512917123	875.7164869934395	30.12
850.2816274041353	866.473570570362	30.16
849.2791026741927	854.5738966626358	30.2
840.7258791012923	856.1775360219655	30.24
846.8523267569841	846.5630531810267	30.28
841.7205553894954	857.1510392661617	30.32
841.7077407119808	858.7016436498513	30.36
844.7863392017072	852.5063524152241	30.4
840.6469584048226	864.7900807876259	30.44
848.7750879575962	848.3933008596247	30.48
839.6468622680366	856.5327297301133	30.52
842.6012317456199	847.0070108881476	30.56
840.3216090627355	872.4599929182206	30.6
848.3677431938255	859.8959758413613	30.64
846.6545683532659	848.4266008437962	30.68
842.8686476604108	846.0925213730076	30.72
846.2419712322119	845.5419517909705	30.76
839.3736940269166	856.449162685446	30.8
846.2171415187826	855.4957965865615	30.84
847.1543360388315	852.551079274214	30.88
846.2510180917382	847.3711642803733	30.92
846.4120794652232	834.0000776492448	30.96
844.4107971044907	853.293543022526	31.0
849.5936760611272	851.2489505874219	31.04
839.7247115454908	861.6776057687212	31.08
846.9869055246115	858.6950386004861	31.12
847.907530609686	868.1867882804534	31.16
846.6191413785032	855.8118049209799	31.2
840.5430139451327	854.2673545505123	31.24
839.0086857778949	861.1692450551491	31.28
848.6028284081113	871.4965068724176	31.32
846.7240575640814	853.3168392208715	31.36
841.7039149891652	852.0111471568777	31.4
846.874750602386	853.3238443681796	31.44
839.5780822876375	861.3533695808283	31.48
851.502751983305	852.5197338737743	31.52
846.9669691411824	869.3048034809882	31.56
855.7038570034711	859.0968593971792	31.6
841.735513417497	872.4116727837286	31.64
853.4165371732071	862.5499356221719	31.68
849.6801860347346	875.1017469293164	31.72
853.8566906557294	857.1805329898707	31.76
850.7346707683882	867.5876171122964	31.8
853.0823003857034	854.5510663658121	31.84
843.854860274842	849.2886864274858	31.88
848.2583553362952	865.1312143400821	31.92
853.5688750226966	881.2208927994825	31.96
850.4599125636558	872.7771284128481	32.0
853.293918287897	869.4280203128117	32.04
853.9481934215978	854.3088389890083	32.08
856.4182004935666	843.0880205955149	32.12
857.6328225156533	860.0751941671738	32.16
855.5024491151358	847.3138128340445	32.2
859.3859421574365	849.2749554020595	32.24
850.1789581124197	869.1859107722049	32.28
852.2540614142	879.9090310479592	32.32
857.4491293516795	885.1134665407633	32.36
855.5606038986795	892.9480648295566	32.4
855.3978057376273	883.0328937962339	32.44
858.1245612232663	889.5142426789903	32.48
854.3799049312559	881.7354782321466	32.52
857.0372780175721	892.1885473728917	32.56
860.5722065682095	865.3568831646946	32.6
854.0781643864655	868.4537265811838	32.64
859.4691025457778	877.0847595416438	32.68
856.7499643435024	891.4125418178392	32.72
863.2351541903595	885.6092373961629	32.76
863.6077534051614	888.4490204628715	32.8
861.5104498408489	882.658735287428	32.84
861.7108795975442	874.4795686130523	32.88
853.6868228959075	882.3218449982916	32.92
868.4507129778679	877.9014202749355	32.96
865.8102307861333	900.7482776941579	33.0
877.0437200256812	901.9754940434722	33.04
897.8289458616268	925.521153913754	33.08
911.2809529898254	952.2750549217443	33.12
950.56025795446	982.8505332101142	33.16
1003.3808292568906	1023.169065440743	33.2
1049.1363911351666	1108.275678300306	33.24
1074.259703108226	1119.5830888600672	33.28
1103.7001832503906	1168.1712696779837	33.32
1131.9074688689086	1182.8683590283633	33.36
1157.5365694119523	1258.92617658476	33.4
1171.5164461504694	1201.2769370953506	33.44
1193.8448147462532	1220.4461750483938	33.48
1202.3117061690766	1215.9497063350643	33.52
1217.321202068846	1249.3489879973672	33.56
1213.6992451546712	1241.247378725867	33.6
1216.4944118099695	1232.8987169761324	33.64
1240.734927224355	1281.6361763296302	33.68
1276.4041818973747	1353.7967368284387	33.72
1362.9620739359007	1410.5153436406779	33.76
1434.6854887352551	1427.469036831017	33.8
1510.0175842588098	1456.61826057818	33.84
1571.4517367386388	1518.4734371357235	33.88
1608.089934831917	1539.57435540423	33.92
1627.6645543091036	1594.7946176497203	33.96
1641.6612581309237	1603.3974515116272	34.0
1617.002399507064	1584.4428570775997	34.04
1560.434443201637	1537.5958948795771	34.08
1494.8789451183918	1473.4654809727297	34.12
1439.905551652848	1396.8196006694784	34.16
1390.13363930092	1328.0453509713323	34.2
1360.9671296187737	1279.2105994887688	34.24
1341.1189189886652	1243.6201989418184	34.28
1336.2016834763717	1211.488184743815	34.32
1320.0101514167889	1187.3073113120065	34.36
0.0	0.0	34.4
1309.9152977844237	1155.9031931553684	34.44
1310.555469333893	1146.385174382045	34.48
1303.6458276632225	1129.1408043766921	34.52
1298.3270165429708	1112.2670893624995	34.56
1286.0833329362404	1098.8641368848168	34.6
1275.8974136411573	1090.7987238568078	34.64
1271.6841366931142	1078.8839859150496	34.68
1268.2828186063045	1069.801652602933	34.72
1268.7200536210114	1054.9702082590518	34.76
1270.2783913314006	1055.169943596436	34.8
1278.1218263469168	1064.0949009558428	34.84
1282.584164316124	1069.7603016065952	34.88
1287.1940606420305	1072.5213159009006	34.92
1289.112477159765	1076.0236002068173	34.96
1292.4985282789628	1077.8548831244352	35.0
1291.0403915708835	1079.4730243906606	35.04
1290.8879572139479	1079.5633344633004	35.08
1292.2557884008552	1080.573825734647	35.12
1291.01987083741	1077.7006975660008	35.16
1287.908195511075	1073.2364145577453	35.2
1283.8561197463957	1067.2957743042693	35.24
1281.2469684477082	1070.1673362124266	35.28
1275.5528427652007	1064.3501225049233	35.32
1270.7676162982596	1056.1518834681003	35.36
1266.067529095995	1052.2449091819924	35.4
1256.2131815298847	1049.6881692778104	35.44
1247.2905991376842	1045.015676619543	35.48
1244.4791019341405	1046.7119271118565	35.52
1241.3180766788903	1046.3749133573567	35.56
1241.2874455362073	1045.3319658269945	35.6
1241.010625013732	1044.116117525459	35.64
1245.193571796439	1043.4717040144717	35.68
1247.8127476217148	1043.6505702049749	35.72
1253.379000071263	1044.3778323615848	35.76
1257.3714012160194	1048.4646535395564	35.8
1263.482798682402	1051.6298172424051	35.84
1270.4382101659003	1056.755395116099	35.88
1273.0182648279222	1057.0214931845906	35.92
1272.5378330204087	1056.2610521069814	35.96
1271.2557329911815	1054.6109310860309	36.0
1270.0016182854868	1056.954526319973	36.04
1270.8129672556247	1055.242534540443	36.08
1269.664448932906	1054.8879650323206	36.12
1270.25768090699	1055.0869174109037	36.16
1269.917371897188	1054.462750073222	36.2
1270.0683667057262	1053.4497753353533	36.24
1268.8650142929346	1051.1071455359904	36.28
1273.6601048503373	1052.2340057712877	36.32
1277.1829355881878	1053.16384037089	36.36
1279.0386346567248	1055.317890123558	36.4
1289.9825627385367	1052.7810286780868	36.44
1302.673766468552	1060.8737947312184	36.48
1316.1901488022781	1068.648668135097	36.52
1328.3241628832343	1077.5018020094524	36.56
1340.4051677859159	1082.5860423440106	36.6
1350.154353728571	1088.3162251817587	36.64
1355.7885553896176	1090.9104287314462	36.68
1361.732582586184	1092.693697464593	36.72
1366.872462064758	1096.3046009891113	36.76
1374.694892831767	1099.4658130037635	36.8
1374.6192951381631	1103.3219431557882	36.84
1377.7274966901107	1105.3433526231631	36.88
1382.916938774776	1108.0674554888367	36.92
1383.0384186334722	1113.2283341492093	36.96
1383.7610983261638	1114.379239333864	37.0
1383.168816791956	1115.894514503941	37.04
1384.2875126511392	1115.8527841289103	37.08
1382.807421179075	1114.574840531696	37.12
1382.290392574174	1115.5368143004323	37.16
1382.0871903278678	1112.958829102424	37.2
1381.1950655229691	1112.8684542353903	37.24
1380.3036145848923	1113.0138142384321	37.28
1381.3451257990944	1113.6852605830031	37.32
1381.6390917339922	1114.718872490618	37.36
1381.6781052357198	1116.0727737055588	37.4
1381.4684101843561	1115.7018885305417	37.44
1381.471837864884	1116.6711969036046	37.48
1381.7177747416738	1115.4727492341553	37.52
1380.1524455213373	1114.9895840878598	37.56
1379.7055622779524	1114.1236955142242	37.6
1378.7926934365375	1110.9867132548109	37.64
1377.1976662836698	1113.6474937080898	37.68
1378.069341799687	1112.2577778474265	37.72
1378.8509399065595	1113.5528758704822	37.76
1378.4144791510234	1113.4215482143668	37.8
1378.0122589151615	1113.7684184291227	37.84
1375.7144990857378	1111.1267771837765	37.88
1376.504377401956	1110.222243769076	37.92
1375.4982436412442	1109.9501287152814	37.96
1375.730343429884	1109.1193635234215	38.0
1375.9920501468732	1109.3311862697733	38.04
1372.646237455683	1108.9597250404581	38.08
1373.1814778200007	1107.383187214049	38.12
1373.3481598419066	1105.9272257574105	38.16
1371.9417522645715	1106.4162523840573	38.2
1372.0535217494341	1106.6263683165153	38.24
1371.4509292804016	1105.780730661251	38.28
1370.3466172456403	1106.8856532670961	38.32
1368.8838615370266	1105.534913325558	38.36
1369.0934552244535	1105.5108459763899	38.4
1366.671023355268	1105.6470541433168	38.44
1366.7549019158982	1104.6425798011205	38.48
1364.4321450218522	1102.9199322181598	38.52
1363.617170765033	1102.1557032083683	38.56
1362.5513187488539	1102.347360413498	38.6
1362.604574908852	1100.6892865884363	38.64
1362.63940158745	1101.2274602809102	38.68
1361.089943545553	1099.3212080620456	38.72
1358.3055190933171	1098.8820554737574	38.76
1358.3491474066157	1098.9778506323255	38.8
1357.0868582192202	1097.7537828895388	38.84
1355.2769939960226	1095.4331955183202	38.88
1355.3262983329012	1093.870002573422	38.92
1353.2057549588988	1094.7474926037953	38.96
1353.2819791743627	1092.4245059907855	39.0
1350.6899922766302	1092.1421100415412	39.04
1350.1340268874621	1092.2040533745335	39.08
1350.4639804299086	1090.3281630573558	39.12
1351.5818918278012	1090.84932402022	39.16
1350.4459117610263	1090.4890243833895	39.2
1349.8486226464347	1089.7516885110742	39.24
1347.4601441843572	1089.2564453296782	39.28
1349.6013687617406	1087.4896648020149	39.32
1349.4260685844129	1088.6782444026446	39.36
1349.7365580080764	1083.951628091961	39.4
1351.3264311253956	1087.5307615833015	39.44
1349.39018593354	1084.2472318158966	39.48
1351.061579098522	1084.491171397545	39.52
1351.0679141211078	1084.054586056797	39.56
1350.3165727326425	1083.78555106082	39.6
1347.5722802360895	1081.8425450151467	39.64
1344.960888176531	1079.9644635576988	39.68
1336.1357720427688	1076.3003298520184	39.72
1326.9970624310067	1062.8372224542552	39.76
1316.1890907521004	1048.631452394096	39.8
1307.235865795082	1036.3287536976336	39.84
1304.1972752508932	1028.6535394659059	39.88
1302.8055591368736	1025.1335088790308	39.92
1299.915622661697	1020.0721388748366	39.96
1298.526673166505	1015.9011419216364	40.0
1298.884903096858	1016.3299317418637	40.04
1299.3147701652754	1015.891795165879	40.08
1300.9545662654566	1013.1832299263806	40.12
1296.2573073487354	1013.3968644855178	40.16
1298.7655668147256	1008.718733925825	40.2
1296.153796682085	1009.9758608975956	40.24
1293.9403135204523	1007.7719209530699	40.28
1293.4505989520349	1007.2776220492857	40.32
1289.3597333058	1004.8001129956206	40.36
1287.8140974978799	1006.4049501024172	40.4
1289.2258238632585	1004.8850225736564	40.44
1287.4422588743055	1005.8306889422292	40.48
1288.283505137103	1008.4446813221505	40.52
1289.9065736198916	1010.4706056462542	40.56
1288.1081046841718	1011.9535507461228	40.6
1295.1807012874572	1018.0384304951899	40.64
1295.9534152573474	1018.0569342939723	40.68
1293.9446646588203	1021.5782810783177	40.72
1284.3045772696867	1013.0751035234613	40.76
1278.088573091263	1007.3542506244919	40.8
1269.2720824347216	1005.5200015751391	40.84
1263.0199552796098	1008.0861730703382	40.88
1249.582192830436	1014.5456804098555	40.92
1235.4541288383634	1021.2755807034176	40.96
1223.091450321844	1026.7225388420002	41.0
1201.7095198246693	1027.6835217631528	41.04
1194.5860016051925	1031.746614888731	41.08
1189.5091120192913	1029.3381610377348	41.12
1191.4319122230856	1043.7223478238925	41.16
1199.7733529469606	1085.4079855615832	41.2
1213.4881311645652	1135.6863896104107	41.24
1226.2335835091455	1193.3349175306716	41.28
676.502584318495	701.0916510103928	41.32
688.5018413294523	717.5706684129541	41.36
699.8451834115443	743.1289199588631	41.4
712.3183281042434	729.575167109701	41.44
707.9071694944718	745.146487774467	41.48
0.0	0.0	41.52
707.3345751908886	743.3427830984144	41.56
704.590707573915	737.204083378298	41.6
695.0505690177563	729.2000974784863	41.64
713.9521730943724	737.2003206837489	41.68
711.8310319610547	742.8760615442426	41.72
721.4430400304765	745.4047980133504	41.76
722.6329476764632	745.3719914593877	41.8
716.0177503269297	742.7267413957851	41.84
719.6584174930352	728.7168726233178	41.88
712.5686399838648	732.3111403678447	41.92
0.0	0.0	41.96
0.0	0.0	42.0
709.4548673488076	741.705103472218	42.04
0.0	0.0	42.08
0.0	0.0	42.12
706.4569209348447	740.5658161241461	42.16
700.3343146424301	726.1676983784124	42.2
704.9484971398592	711.2467770732048	42.24
703.601418527176	732.6193607857836	42.28
702.4783263210333	737.600508457009	42.32
0.0	0.0	42.36
703.6719639769789	731.6884356923381	42.4
702.0254910900788	731.5455225615466	42.44
0.0	0.0	42.48
701.2608184689977	721.2756247546374	42.52
701.4278779494334	732.7640606804039	42.56
704.5661953130597	709.6021912207892	42.6
0.0	0.0	42.64
702.3088627565868	730.485531909624	42.68
0.0	0.0	42.72
696.8576712310136	733.1488205215135	42.76
0.0	0.0	42.8
696.874160061465	737.924745924966	42.84
696.887471018623	703.8711866231799	42.88
696.5267493489514	721.82721408522	42.92
693.6395951952148	740.1005468855783	42.96
699.9506840132545	739.2793561527795	43.0
701.8356786147463	713.1740342639946	43.04
678.3400756111897	715.7225367233876	43.08
0.0	0.0	43.12
686.6081391832084	732.0000285130762	43.16
688.3358366190276	698.6051640617809	43.2
689.6819697336615	715.7209622511522	43.24
695.6438222608695	728.8736939588106	43.28
0.0	0.0	43.32
691.9720143754255	721.0712418156028	43.36
692.1687046813189	721.4613210560252	43.4
684.0880513887279	706.1881758981774	43.44
690.0946632766996	720.7465086285317	43.48
687.3026023737817	703.4045337312959	43.52
697.3181305516131	729.6497112662628	43.56
689.1211356412722	726.5550782936534	43.6
676.6083749444364	715.4976270632628	43.64
689.1984224583084	727.0156535277505	43.68
689.8659629414774	700.4040284191385	43.72
691.2540260125776	716.6174993041435	43.76
686.6820084447762	725.715138243001	43.8
0.0	0.0	43.84
693.9486379395751	718.2148028311548	43.88
699.0807191401908	721.4043344043866	43.92
693.1651662000992	716.9452533207606	43.96
0.0	0.0	44.0
693.8854806391081	708.1364459397579	44.04
694.5852889633119	715.4547793831955	44.08
695.5638615173183	729.0373193180029	44.12
688.830010273298	702.4251449805158	44.16
695.1929302434135	730.6995877997745	44.2
683.3261773082241	692.1928301425837	44.24
686.4519706386038	723.7495018144697	44.28
674.9555525439496	711.9516420081686	44.32
687.1058552341171	716.6945560002694	44.36
675.4077056470668	710.6970390257919	44.4
685.8787665710024	702.2592030145174	44.44
687.6725195385659	719.5751263356827	44.48
695.6863005694538	713.0033794779481	44.52
698.3996383442859	727.1605640408613	44.56
0.0	0.0	44.6
687.185144536978	702.0524761562194	44.64
695.5020943115505	727.606614114943	44.68
686.9553040869366	708.1972094521597	44.72
689.6611984437055	709.5199099601958	44.76
692.1581745013701	721.4408252816538	44.8
690.5843609478542	728.1659755347811	44.84
0.0	0.0	44.88
694.4793331793496	720.1435764090794	44.92
693.0640936789277	729.2035948691318	44.96
703.1851547291669	719.2216505008681	45.0
699.1237381965541	735.9599095305053	45.04
705.5261444255217	730.155758499321	45.08
702.7739672539826	709.3260651344219	45.12
676.8429791895268	694.7555944096924	45.16
696.2624666232025	730.0077758059304	45.2
699.4976995859088	714.2705136470995	45.24
694.6983539364345	716.7387126393187	45.28
688.7389915902733	725.8048891154973	45.32
697.8873061036854	721.7033047253178	45.36
697.6585000514049	703.8539621468997	45.4
691.7120169636801	711.7861352142002	45.44
0.0	0.0	45.48
690.5106523153079	724.1098139181561	45.52
695.0775921401515	717.2324451874201	45.56
681.0310303788918	692.362569087343	45.6
0.0	0.0	45.64
687.7299942224896	723.5433709979739	45.68
691.9188311634318	719.6595386775435	45.72
689.9729625210316	713.7862938277892	45.76
680.1700372685068	698.8405278888482	45.8
694.8027961511177	715.4351037426577	45.84
0.0	0.0	45.88
690.2869396263886	722.9001720121522	45.92
676.0758674515837	716.1663702786034	45.96
684.9549946476076	706.6940474541278	46.0
690.6311141986322	708.6640703998445	46.04
682.8091907903483	702.8263565494146	46.08
688.113110973206	716.4859707666353	46.12
691.3049386052429	714.4533205147628	46.16
687.2619086503304	702.7793759030042	46.2
688.7305643994235	708.8917636775587	46.24
688.2660144479142	717.745896215509	46.28
0.0	0.0	46.32
692.0223930462234	723.5101025251153	46.36
690.6182908461107	723.4370345367104	46.4
697.3552268349952	719.5986583395184	46.44
680.7852803627454	700.284892959502	46.48
688.2927601935592	713.5923580904638	46.52
682.0619149973594	708.1284819917869	46.56
0.0	0.0	46.6
0.0	0.0	46.64
694.7305230535662	724.5082990896093	46.68
687.1803785938125	690.1538740920004	46.72
693.5764517432771	725.5461047450474	46.76
676.4356365459545	705.7982122865383	46.8
700.0888914042116	731.8251603504843	46.84
696.4761433118898	714.5328404846144	46.88
693.4201113061819	715.4487140000148	46.92
688.7286314208609	720.7284595827622	46.96
674.6682707354079	711.4112761049978	47.0
696.8666044366795	718.967613678309	47.04
693.0801464670511	717.395992593471	47.08
696.5253363704082	722.499484228901	47.12
698.9299001416266	715.6988993675161	47.16
693.9088348270917	716.366939137668	47.2
0.0	0.0	47.24
686.7168258921082	709.6623719383607	47.28
691.9437065869289	716.4303058714969	47.32
0.0	0.0	47.36
692.4401523647538	720.7021167791216	47.4
694.0433040458126	716.0231786018571	47.44
685.0064861976202	707.8767035893518	47.48
675.989399118509	707.9147839081257	47.52
695.5072816473188	729.3305986574833	47.56
698.8720921864054	713.0523370074741	47.6
684.8688450782637	718.9513428584013	47.64
0.0	0.0	47.68
0.0	0.0	47.72
697.2182332448583	716.4025092739066	47.76
0.0	0.0	47.8
684.4956139738879	720.0769997038052	47.84
0.0	0.0	47.88
0.0	0.0	47.92
684.504924331075	700.8799638748519	47.96
0.0	0.0	48.0
681.8505966313612	713.938809142377	48.04
687.49308401808	706.3393428320185	48.08
689.3202913903715	694.4427011843678	48.12
681.4702777585146	710.5319512983015	48.16
665.6445489149834	699.2755053688708	48.2
679.6883415492858	711.2782495105549	48.24
0.0	0.0	48.28
681.7570257644443	696.2774662738005	48.32
679.6685094025104	717.6968283943146	48.36
669.1280217902662	710.4096945954487	48.4
668.3873845507785	694.8526746723708	48.44
0.0	0.0	48.48
672.8337067896766	702.6528888839654	48.52
690.8845080753402	715.2272991415659	48.56
690.5751331262494	718.3515755864465	48.6
703.4073549665688	729.2455296731265	48.64
725.6962588321335	733.5507451453044	48.68
739.7546143380802	756.3130598775172	48.72
744.6159302532546	771.6927928167796	48.76
0.0	0.0	48.8
772.0562170134641	788.324687406948	48.84
810.2282953769707	811.5055115114576	48.88
820.1836942498969	839.458154004196	48.92
834.1727394990771	837.6254756167768	48.96
828.0080857265395	846.9073473448296	49.0
0.0	0.0	49.04
847.1491128591681	872.1653860301464	49.08
881.6104625104056	866.3586166236333	49.12
861.4338669929389	874.039936866507	49.16
873.1806851434508	868.1843231888148	49.2
856.7765519778535	875.0828728661849	49.24
901.3685923935394	873.5236528613942	49.28
871.6130341328644	879.941896610192	49.32
867.0789210473777	892.6199520559031	49.36
907.9441397189577	906.4949813137176	49.4
955.2783687571588	930.9259718726845	49.44
1006.4900340391607	944.8150674679108	49.48
1032.3793481214695	986.5973656472286	49.52
1080.514190255878	1005.8571611768696	49.56
1146.5299226749198	1003.6529432323252	49.6
1172.6531145118304	1031.639436072409	49.64
1238.7903652154123	1058.3775878791396	49.68
1299.6418962438333	1082.6908413656956	49.72
1328.4452347245096	1114.3789592329724	49.76
1323.815251110747	1134.8723295747398	49.8
1302.0674429890441	1153.1600502854724	49.84
1283.0695556663586	1163.6320473894534	49.88
1282.363024332598	1167.3566726542635	49.92
1252.1927495649975	1186.1206111772112	49.96
1249.209350432292	1214.3480082057777	50.0
1220.6752104072448	1271.57962872199	50.04
1186.2069322823656	1268.2024358255935	50.08
1147.0270227693748	1217.9332664298645	50.12
1138.5663165449432	1202.7610991718486	50.16
1129.621373951667	1151.3404731991723	50.2
1123.3396199978704	1065.260130864258	50.24
1132.6202683276292	977.1032860995698	50.28
1177.1405867943636	1006.0572744919907	50.32
0.0	0.0	50.36
0.0	0.0	50.4
0.0	0.0	50.44
0.0	0.0	50.48
0.0	0.0	50.52
0.0	0.0	50.56
0.0	0.0	50.6
0.0	0.0	50.64
0.0	0.0	50.68
1180.8133869962667	965.8760140538457	50.72
0.0	0.0	50.76
0.0	0.0	50.8
0.0	0.0	50.84
0.0	0.0	50.88
0.0	0.0	50.92
0.0	0.0	50.96
1238.8226648551088	928.4055578386949	51.0
0.0	0.0	51.04
0.0	0.0	51.08
0.0	0.0	51.12
0.0	0.0	51.16
0.0	0.0	51.2
0.0	0.0	51.24
0.0	0.0	51.28
0.0	0.0	51.32
0.0	0.0	51.36
0.0	0.0	51.4
0.0	0.0	51.44
0.0	0.0	51.48
0.0	0.0	51.52
0.0	0.0	51.56
0.0	0.0	51.6
0.0	0.0	51.64
0.0	0.0	51.68
0.0	0.0	51.72
0.0	0.0	51.76
0.0	0.0	51.8
0.0	0.0	51.84
0.0	0.0	51.88
0.0	0.0	51.92
0.0	0.0	51.96
0.0	0.0	52.0
0.0	0.0	52.04
0.0	0.0	52.08
0.0	0.0	52.12
0.0	0.0	52.16
0.0	0.0	52.2
0.0	0.0	52.24
0.0	0.0	52.28
0.0	0.0	52.32
0.0	0.0	52.36
0.0	0.0	52.4
0.0	0.0	52.44
0.0	0.0	52.48
0.0	0.0	52.52
0.0	0.0	52.56
0.0	0.0	52.6
0.0	0.0	52.64
0.0	0.0	52.68
0.0	0.0	52.72
0.0	0.0	52.76
0.0	0.0	52.8
0.0	0.0	52.84
0.0	0.0	52.88
0.0	0.0	52.92
0.0	0.0	52.96
0.0	0.0	53.0
0.0	0.0	53.04
0.0	0.0	53.08
0.0	0.0	53.12
0.0	0.0	53.16
0.0	0.0	53.2
0.0	0.0	53.24
0.0	0.0	53.28
0.0	0.0	53.32
0.0	0.0	53.36
0.0	0.0	53.4
0.0	0.0	53.44
0.0	0.0	53.48
0.0	0.0	53.52
0.0	0.0	53.56
0.0	0.0	53.6
0.0	0.0	53.64
0.0	0.0	53.68
0.0	0.0	53.72
0.0	0.0	53.76
0.0	0.0	53.8
0.0	0.0	53.84
0.0	0.0	53.88
1054.1884762123314	1019.6308478066078	53.92
1056.9236192932444	1019.9310978797665	53.96
1057.1359953926824	1018.5281285040671	54.0
1061.3168543914776	1014.3326874790416	54.04
1077.9430054388897	1027.264692332538	54.08
1092.2185695923208	1085.1865345497797	54.12
1100.1040411773508	1146.4182473621045	54.16
1090.6156439341278	1164.791579709056	54.2
0.0	0.0	54.24
1047.7552074302034	1144.6242145282692	54.28
1036.0987760141245	1123.2754142097563	54.32
1028.87065135565	1082.983982874884	54.36
1034.639662987466	1055.8813561596053	54.4
1052.0303883406298	1028.2571684266866	54.44
1051.0221188002658	1013.8182861855834	54.48
1044.2004442184982	1001.6112268896441	54.52
1047.589897833228	995.9545757718363	54.56
1044.8210164471263	997.0877293128649	54.6
1043.86592569826	1007.810509502562	54.64
1058.420957036805	1019.3764718236841	54.68
1053.3887236040823	1007.0064708525665	54.72
1045.5878791090574	989.7657290936982	54.76
1042.4820013345982	993.974754849735	54.8
1047.590225124284	1008.3266168731225	54.84
1024.965571129607	1083.1796443168018	54.88
1014.464518410133	1047.7519372794409	54.92
1015.6905131962824	1013.5902467676021	54.96
1030.0083203909503	1003.8404438636474	55.0
1027.8786112120572	1000.4885877217506	55.04
1026.9719761694964	993.8367980428784	55.08
1034.883741625433	991.6931468293463	55.12
1031.461332229428	989.7806431043558	55.16
1036.2447379565076	996.0575460946773	55.2
1042.0914183015186	998.0334605041613	55.24
1041.0711265615298	1006.0648216877369	55.28
1044.7882995204252	1013.3659174440659	55.32
1047.9611817330858	1023.097769703597	55.36
1054.520173915299	1037.5559235430528	55.4
1062.6085243990563	1040.3183116674452	55.44
1069.5896665750292	1045.2842839080404	55.48
1070.9712558333704	1050.4543149773194	55.52
1069.883303215844	1048.8956678680775	55.56
1066.750572041446	1029.9424186441456	55.6
1063.2414214621203	1022.3760001968301	55.64
1063.6490879008265	1031.2514443025718	55.68
1062.7976343898338	1044.029024114062	55.72
1056.9787437967718	1026.7424675868497	55.76
1054.9668957862307	1027.3243852453888	55.8
1059.3886394049985	1020.345705676716	55.84
1063.2502259172663	1019.1103503017766	55.88
1065.4828965937027	1022.6591200996124	55.92
1068.2957762017115	1038.4616826647164	55.96
1065.2674808051881	1046.6860301315867	56.0
1064.1315152648128	1061.3709683567822	56.04
1061.5612107478069	1065.423682488405	56.08
1064.3979643494804	1055.0786700259835	56.12
1069.4265103584546	1016.9843307641077	56.16
1058.39459874825	996.2865336539745	56.2
1047.8785831191194	981.7088137014268	56.24
1053.4244730664775	1001.2153864981826	56.28
1041.8300129933723	1025.7970823794792	56.32
1039.8238914473368	1019.0642904713218	56.36
1047.2100715049407	1018.9596548088439	56.4
1047.1726586625412	1013.5396760020468	56.44
1051.1683322911733	1012.0926387155367	56.48
1050.2826598860963	1019.481886342935	56.52
1052.5137816302006	1036.7094232735794	56.56
1059.2386861407247	1046.886218423649	56.6
1062.1129000387111	1056.3989453086097	56.64
1061.2346469971278	1047.9818899024438	56.68
1071.5594563918473	1052.6655174372358	56.72
1065.4405210967398	1038.1101326437567	56.76
1065.1255592664365	1020.5906548295535	56.8
1070.7164844152271	997.1084109633713	56.84
1053.9411359582236	1045.0377378976636	56.88
1034.0250647672017	1078.1449911578077	56.92
1038.7226105528655	1051.1785593505926	56.96
1056.0432504954613	1034.0474182700057	57.0
1058.7245891111038	1033.910898068299	57.04
1070.464087831849	1039.5344776788443	57.08
1072.4013430888665	1039.4103958243734	57.12
1070.8638198173717	1037.4948625271973	57.16
1073.1293732502031	1047.4540185717956	57.2
1076.8762604220724	1060.2552840362107	57.24
1085.0258939440646	1065.8406329279987	57.28
1084.6020338201467	1068.958650442793	57.32
1082.3277414651477	1070.1010685994936	57.36
1085.903563586349	1058.0744564061101	57.4
1084.8128692319287	1019.8473190433581	57.44
1090.615877098443	1018.8505494257412	57.48
1088.737294904664	1026.7960923380267	57.52
1080.256182685907	1042.8072028038816	57.56
1086.5549185938962	1044.528570725889	57.6
1070.1748421485936	1067.455396383503	57.64
1061.943872986192	1065.6545451646805	57.68
1066.1175198369056	1067.0796724844906	57.72
1067.2754329774402	1061.0996806720025	57.76
1073.4518398845948	1064.1376206559703	57.8
1079.0074009070684	1070.733894928437	57.84
1081.7515243611929	1071.604543382638	57.88
1095.7256181925648	1092.7498372355294	57.92
1121.2057273008127	1115.1561296252132	57.96
0.0	0.0	58.0
1176.260240125985	1164.4190941072177	58.04
1187.7604551744146	1168.6187111048187	58.08
1194.8891603885106	1176.283870306654	58.12
1201.737917648992	1185.4637652518854	58.16
1217.9578680587822	1202.4750859585895	58.2
1241.3684378140529	1223.6249559657344	58.24
1266.4091230889633	1250.8789436054224	58.28
1299.1497542480608	1275.9114601123645	58.32
1336.250329758334	1310.6208539510756	58.36
1363.8951684624533	1347.807395572613	58.4
1394.9301388031172	1392.106766639726	58.44
1437.148257363397	1435.083891138079	58.48
1476.8022750065331	1479.63471406965	58.52
1505.4383940098983	1518.5986840507564	58.56
1543.0331715896177	1555.3285007591414	58.6
1582.754618418457	1583.553098761356	58.64
1625.7821144855407	1596.1535548934037	58.68
1648.6299793615692	1617.3008329014358	58.72
1634.7847738052942	1607.704498390143	58.76
1626.9191142688037	1587.2579672101172	58.8
1608.6776643791939	1575.499623184571	58.84
1591.0610087966243	1576.1130448891583	58.88
1589.2366197523452	1577.0899108159995	58.92
1578.5887642727434	1571.0665401037527	58.96
1580.4609041626172	1552.5758586426007	59.0
1584.9067272923282	1558.6221760588958	59.04
1589.1960709316556	1562.5670336433607	59.08
1558.4467471190908	1550.953435186294	59.12
1512.2510007320434	1504.51042959307	59.16
1449.2224728498297	1443.6547814737553	59.2
1374.1960955783336	1364.0683232966385	59.24
1299.4851455017317	1290.3512807367918	59.28
1237.0183290588466	1226.310059344122	59.32
1186.0581832418231	1170.9056045693376	59.36
1137.2862605698351	1115.823752023312	59.4
1097.9375788016216	1069.9411626508916	59.44
1063.1372391300129	1031.936999484414	59.48
1034.1998937671156	993.0802182346807	59.52
1009.4027183631615	958.4290669589342	59.56
990.9428749500646	927.6380056130446	59.6
976.9177672735526	903.6628930357641	59.64
967.0566413811524	886.4157054401268	59.68
957.8454670252302	876.8564489209325	59.72
953.6397427030649	866.8163982448231	59.76
949.4209736771128	858.0189057518131	59.8
947.5678191434728	854.8955471550421	59.84
944.3199652438335	857.7062115777787	59.88
944.4907007674865	863.7149944455862	59.92
959.1398053105165	879.7125346619906	59.96
963.5298690642704	887.8727486666071	60.0
965.0312193034738	899.085981971741	60.04
970.6706302161399	909.609476812479	60.08
984.647905465285	916.6309624300299	60.12
987.80573539989	923.1559134524839	60.16
996.6058514910521	934.2231176829386	60.2
1014.3113275619651	951.5784883190119	60.24
1032.433631772626	974.6553808434236	60.28
1049.5674554990858	999.9689239229505	60.32
1071.4253614429954	1011.063393530734	60.36
1094.1006412136742	1022.4808770944744	60.4
1112.6865285953431	1054.551550826613	60.44
1137.8435831748413	1084.9595395632653	60.48
1157.8485388297327	1105.2239209706079	60.52
1177.8628642442773	1122.6095146441887	60.56
1193.331797230651	1145.3789325758516	60.6
1217.3806850729532	1165.4072679678757	60.64
1232.7197031735511	1173.949738293006	60.68
1243.5731452760406	1176.8558178454048	60.72
1243.1158016915358	1180.974389372773	60.76
1244.446058008239	1185.2425128424227	60.8
1240.1438999729942	1176.4214730982467	60.84
1237.5549525900637	1171.1559182471788	60.88
1232.5776757720075	1169.1101879726652	60.92
1231.3159818891509	1165.806070487296	60.96
1228.8699248979651	1166.4052576602635	61.0
1240.1823515541446	1170.4925689464421	61.04
1240.3678330273212	1175.63154362431	61.08
1240.2980415292423	1174.763892276787	61.12
1244.1531234490071	1170.7227832418505	61.16
1242.6166330186593	1177.7970106009075	61.2
1249.6907943199333	1174.8573195985086	61.24
1245.6512016808526	1179.843993271391	61.28
1243.613723119555	1176.4298895339819	61.32
1238.3638703426834	1165.0427705758163	61.36
1231.3370306950796	1160.3279485287921	61.4
1225.7757318123386	1159.293869474713	61.44
1216.4883598950871	1143.8472040556421	61.48
1213.0885781204888	1142.3843605219745	61.52
1198.0876987002348	1139.8094305926304	61.56
1189.1590400959822	1125.6518671163165	61.6
1184.5278382550766	1125.5341929307795	61.64
1183.9109916547825	1125.6231205236863	61.68
1182.1203148223212	1117.757842718506	61.72
1174.5585819675082	1120.5335301849002	61.76
1175.315428549129	1118.1155833284834	61.8
1172.1376536240198	1115.9046221339775	61.84
1170.1178830678944	1115.0256109041102	61.88
1170.3271279877117	1115.2836185007316	61.92
1166.7657916095852	1113.4452935691693	61.96
1165.4747596130724	1110.3234602748005	62.0
1158.6991975840092	1096.7072134239702	62.04
1161.6227691929585	1105.572856364707	62.08
1159.243502618294	1105.609443098006	62.12
1155.1612291466408	1095.3757947193424	62.16
1145.9004475951112	1083.9649644178792	62.2
1147.2887855363406	1078.2740244275155	62.24
1141.5526640619573	1069.3655032228003	62.28
1133.6933528166471	1066.7516732883878	62.32
1140.9673836420493	1071.0822446256307	62.36
1143.6253043352915	1080.2024192077733	62.4
1147.910165047209	1087.3078403936133	62.44
1154.5606289418486	1090.2701039232306	62.48
1154.3711929907504	1089.8549193838003	62.52
1157.8741568759328	1092.3615463229087	62.56
1161.4488006784761	1097.658962944695	62.6
1159.7336721234633	1102.0204812210086	62.64
1161.3377621716593	1104.598622394006	62.68
1161.7371007661466	1107.7367659589902	62.72
1163.8965534508734	1107.9450563680969	62.76
1165.1992607812829	1104.627130472972	62.8
1162.0108666624792	1116.5402163913982	62.84
1161.3227049406582	1115.409041816054	62.88
1165.589560318452	1118.7929970730065	62.92
1167.3902539001836	1119.3994221869234	62.96
1165.2427656404725	1121.216620652002	63.0
1170.9215060426761	1123.107947398016	63.04
1164.660602631987	1120.2865553547729	63.08
1142.474358758535	1093.344414314874	63.12
1111.3055983047122	1060.1605874475706	63.16
1094.2173356580577	1110.7890080453453	63.2
1072.2428779050742	1014.7206192010971	63.24
1066.05174772103	1058.8799943185752	63.28
1052.7239854467557	1057.6902633634877	63.32
1046.4930304404575	1058.1932103806955	63.36
1040.5921876824375	1047.7443877022765	63.4
1047.7875160502379	1135.9544103940189	63.44
1055.4302410838138	1086.7522700474249	63.48
1060.297968075724	1063.9623255626518	63.52
1056.3558316849605	1080.3680796590486	63.56
1043.2516195403443	1111.5558873807126	63.6
1038.2701795121943	1082.7512039842234	63.64
1021.8951424351203	1033.5780808153056	63.68
1024.6399187625132	1010.7492525305212	63.72
1044.910045853677	992.5700987170752	63.76
1047.3584518845478	998.1274861337026	63.8
1046.8811777261133	997.8467154932048	63.84
1044.6515843404839	994.9770834483937	63.88
1034.40298264754	984.2840490373486	63.92
1033.2373027483675	984.172277315842	63.96
1029.9624610985861	986.0491949190421	64.0
1028.529848625855	984.9619521073964	64.04
1028.65736757749	985.3622945674917	64.08
1032.0910482870224	984.5344763678731	64.12
1046.1256523120796	977.2395323561714	64.16
1048.838358849433	969.8153183299293	64.2
1060.8561187775836	983.706268995815	64.24
1096.1951124634616	1016.6569629594607	64.28
1136.6847849136755	1069.5522999530274	64.32
1199.9163531409984	1141.5812978668876	64.36
1273.6661610861445	1233.0135765906416	64.4
1368.9532402037478	1356.9256630767502	64.44
1467.3637697571824	1470.8172235411773	64.48
1559.1337271797468	1560.7710957138586	64.52
1713.3192635035177	1655.3131961859556	64.56
1260.4796335951366	1247.16302478716	64.6
1324.3411172944732	1298.6035809243579	64.64
1447.4203667494617	1456.704817488087	64.68
0.0	0.0	64.72
0.0	0.0	64.76
0.0	0.0	64.8
0.0	0.0	64.84
0.0	0.0	64.88
0.0	0.0	64.92
0.0	0.0	64.96
0.0	0.0	65.0
0.0	0.0	65.04
0.0	0.0	65.08
0.0	0.0	65.12
0.0	0.0	65.16
0.0	0.0	65.2
0.0	0.0	65.24
0.0	0.0	65.28
0.0	0.0	65.32
0.0	0.0	65.36
0.0	0.0	65.4
0.0	0.0	65.44
0.0	0.0	65.48
0.0	0.0	65.52
0.0	0.0	65.56
0.0	0.0	65.6
0.0	0.0	65.64
0.0	0.0	65.68
0.0	0.0	65.72
0.0	0.0	65.76
0.0	0.0	65.8
0.0	0.0	65.84
0.0	0.0	65.88
0.0	0.0	65.92
0.0	0.0	65.96
0.0	0.0	66.0
0.0	0.0	66.04
0.0	0.0	66.08
0.0	0.0	66.12
0.0	0.0	66.16
0.0	0.0	66.2
0.0	0.0	66.24
0.0	0.0	66.28
0.0	0.0	66.32
0.0	0.0	66.36
0.0	0.0	66.4
0.0	0.0	66.44
0.0	0.0	66.48
0.0	0.0	66.52
0.0	0.0	66.56
0.0	0.0	66.6
0.0	0.0	66.64
0.0	0.0	66.68
0.0	0.0	66.72
0.0	0.0	66.76
0.0	0.0	66.8
0.0	0.0	66.84
0.0	0.0	66.88
0.0	0.0	66.92
0.0	0.0	66.96
0.0	0.0	67.0
0.0	0.0	67.04
0.0	0.0	67.08
0.0	0.0	67.12
0.0	0.0	67.16
0.0	0.0	67.2
0.0	0.0	67.24
0.0	0.0	67.28
0.0	0.0	67.32
0.0	0.0	67.36
0.0	0.0	67.4
0.0	0.0	67.44
0.0	0.0	67.48
0.0	0.0	67.52
0.0	0.0	67.56
0.0	0.0	67.6
0.0	0.0	67.64
0.0	0.0	67.68
0.0	0.0	67.72
0.0	0.0	67.76
0.0	0.0	67.8
0.0	0.0	67.84
0.0	0.0	67.88
0.0	0.0	67.92
0.0	0.0	67.96
0.0	0.0	68.0
0.0	0.0	68.04
0.0	0.0	68.08
0.0	0.0	68.12
0.0	0.0	68.16
0.0	0.0	68.2
0.0	0.0	68.24
