Thumb_R	Index_R	Time
0.0	0.0	0.04
0.0	0.0	0.08
0.0	0.0	0.12
0.0	0.0	0.16
0.0	0.0	0.2
0.0	0.0	0.24
0.0	0.0	0.28
0.0	0.0	0.32
0.0	0.0	0.36
0.0	0.0	0.4
0.0	0.0	0.44
0.0	0.0	0.48
0.0	0.0	0.52
0.0	0.0	0.56
0.0	0.0	0.6
0.0	0.0	0.64
0.0	0.0	0.68
0.0	0.0	0.72
0.0	0.0	0.76
0.0	0.0	0.8
0.0	0.0	0.84
0.0	0.0	0.88
0.0	0.0	0.92
0.0	0.0	0.96
0.0	0.0	1.0
0.0	0.0	1.04
1266.1447181110943	1207.7746154434235	1.08
1250.554338283358	1187.0738911177787	1.12
1234.6963741701875	1170.1554147752956	1.16
1234.1202922541497	1160.4838817512893	1.2
1236.6489533425076	1154.6892066637913	1.24
1240.392294192621	1151.6917203469	1.28
1233.904094433911	1148.5114534341167	1.32
1225.3719389189412	1143.9283856042705	1.36
1218.9789125537682	1139.937770798219	1.4
1213.255263718263	1137.9459280070157	1.44
1207.6607864959333	1135.823877922332	1.48
1203.511058642474	1129.50152143664	1.52
1197.8510926017484	1128.0048588734821	1.56
1195.4830407898419	1129.296986673108	1.6
1192.9828952156095	1129.7776603788664	1.64
1192.7407387972094	1132.4740248949208	1.68
1189.6646854415562	1130.4302946919297	1.72
1182.4569861006598	1123.5755233906623	1.76
1173.8945701023622	1123.1385544163172	1.8
1168.5003699573622	1121.979619766162	1.84
1162.0082376749472	1124.4702400887984	1.88
1153.9713597963942	1125.7183066015514	1.92
1151.1015702764491	1124.543865449326	1.96
1146.5666755468867	1121.117774160733	2.0
1140.8130429148996	1120.867819396313	2.04
1134.381604199687	1118.6221323108357	2.08
1133.874567124183	1116.1149068952805	2.12
1131.1783183785365	1115.4712029645773	2.16
1132.909497424247	1119.5608343267008	2.2
1135.511550938435	1121.1477628501314	2.24
1135.3429274723223	1120.0353561647046	2.28
1136.7904350145884	1117.4637891836517	2.32
1137.1339933683582	1119.7616617645983	2.36
1134.979226147579	1116.0820006808442	2.4
1138.1394735639196	1109.5614279775225	2.44
1132.8168481193993	1110.2841465661932	2.48
1143.1170478275951	1129.508314084715	2.52
1144.1887149551108	1138.4849543286084	2.56
1137.7060360244254	1127.2063812515603	2.6
1138.150499794421	1130.1056278673689	2.64
1139.2336440507593	1137.8890229191834	2.68
1147.6674797874084	1136.1381794609874	2.72
1149.0339771075564	1129.8300167225357	2.76
1144.1995889548184	1118.2814959345926	2.8
1133.7454057967072	1084.1173887591892	2.84
1133.6879896122987	1078.3422679575845	2.88
1131.8703366782731	1083.1385307570524	2.92
1132.6849341329455	1081.0848404229428	2.96
1127.8317501958477	1078.6125601376866	3.0
1130.9687119358452	1075.794394507545	3.04
1134.7930728343	1079.3433007347196	3.08
1138.3752306340145	1066.149843094469	3.12
1142.2984497977798	1068.683603912213	3.16
1149.8352406341462	1076.6680301722515	3.2
1158.1322724714482	1084.1785301127247	3.24
1167.4929587181814	1095.0088644129455	3.28
1170.9527919137652	1095.6788773885096	3.32
1178.624604359094	1102.038318239823	3.36
1181.7656615978551	1102.110646421881	3.4
1190.4277626948942	1116.5806652145816	3.44
1217.8582180708527	1154.007818099004	3.48
1268.9930919423286	1209.8953368215628	3.52
1309.8265744953715	1261.3217890252447	3.56
1317.421764710836	1270.3776697188453	3.6
1304.8828592371929	1249.828102138929	3.64
1294.4342652655039	1237.1773418878245	3.68
1285.3682154004355	1230.4351234713024	3.72
1280.5492348932403	1220.4253555229036	3.76
1278.545204107041	1234.4216630169312	3.8
1278.6325284843424	1236.4497187676745	3.84
1280.2799012754422	1232.5778616412917	3.88
1279.1109913530547	1235.9736409621207	3.92
1281.269224483021	1232.7417159909955	3.96
1281.2168688277138	1231.2282729484257	4.0
1280.166867813443	1237.8405639899995	4.04
1279.780388102813	1227.7080646883708	4.08
1278.1347836734592	1230.4685862887754	4.12
1274.8367429950522	1228.1307758287244	4.16
1278.5979176269193	1229.3358447236037	4.2
1284.0395306751423	1237.457994464211	4.24
1299.753883934594	1256.0332083559358	4.28
1320.315746328268	1283.3860342579069	4.32
1344.0361509183342	1300.699436464073	4.36
1363.9526947619302	1323.642269407084	4.4
1379.9528559707605	1348.8666162648701	4.44
1387.7115252454128	1351.4558577050964	4.48
1385.97026074466	1336.7198862762905	4.52
1387.464649621766	1333.7124353259455	4.56
1388.8526678160995	1333.2991687390158	4.6
1388.94214880504	1338.5070352075384	4.64
1386.9394824598912	1340.0235818977412	4.68
1386.4412511851697	1340.537015668904	4.72
1387.0612256118402	1339.749773749921	4.76
1384.865272677111	1339.0419388773487	4.8
1376.9187022483386	1334.5757194753637	4.84
1357.6215775609387	1318.690448980149	4.88
1334.480289882099	1292.1276850517122	4.92
1313.5151951821204	1267.195404003157	4.96
1290.907114721273	1251.0885053781617	5.0
1273.5359699759804	1227.6161491582263	5.04
1258.2724448119043	1215.0272593643251	5.08
1244.1375724327615	1203.1106820949171	5.12
1225.6467413443272	1189.6079300487813	5.16
1209.6278486774063	1178.6233013733647	5.2
1194.8065754788051	1160.6462909038144	5.24
1182.0544043812172	1155.0612254649268	5.28
1171.3671774262955	1149.8625769185574	5.32
1159.3985836724685	1140.6030533081323	5.36
1137.8396303565357	1131.489014396768	5.4
1122.7289121630777	1125.0829433589988	5.44
1114.0589480517897	1113.5593754630136	5.48
1097.4349167404312	1112.7741598145915	5.52
1076.018198175032	1109.4929888118816	5.56
1070.5564820446525	1103.0464013657115	5.6
1054.7724883098438	1084.8091958696282	5.64
1044.6715802393783	1066.613796435936	5.68
1041.1364523078287	1064.1690048533824	5.72
1065.1284897985358	1064.0446372362371	5.76
1069.1708130883449	1058.2991145091646	5.8
1064.25826403766	1053.6666461735729	5.84
1069.4521411947196	1059.6362903430888	5.88
1070.8004750817552	1066.2976091574928	5.92
1072.8986872740131	1069.2484611405127	5.96
1070.7261186357675	1071.127203773811	6.0
1058.7256747624963	1075.7141725432386	6.04
1055.9513799368767	1070.1999543481247	6.08
1053.1266074393814	1066.9722144748791	6.12
1050.283668126401	1054.2200989933624	6.16
1044.645992360411	1034.0690438675074	6.2
1038.414172204924	1012.1892975721283	6.24
1040.8523121772596	1009.9890908198314	6.28
1066.552469175545	1037.1644418876924	6.32
1085.6587558359738	1066.1078852062142	6.36
1108.4756607672866	1086.7876634235356	6.4
1134.9173194199957	1112.261262014259	6.44
1152.1827001889435	1137.5666824801174	6.48
1165.190411471695	1157.8347045892297	6.52
1169.0829900953627	1155.7938362173475	6.56
1174.3386759040864	1143.4020788006649	6.6
1162.9121536536518	1132.375448914466	6.64
1146.7114787987255	1120.2747882438714	6.68
1136.6948624651548	1112.218499308572	6.72
1132.8110352347073	1110.269858006137	6.76
1131.2797687801392	1116.392840260008	6.8
1141.5754281917673	1138.1589607129333	6.84
1155.0197285916051	1151.5957229855067	6.88
1171.4451924262705	1161.8212497699383	6.92
1186.6796549439402	1175.5529560250995	6.96
1196.6912886659297	1191.6010042060605	7.0
1207.2626956330764	1192.4201352278258	7.04
1209.273814456456	1192.029179264892	7.08
1212.7989916248655	1196.2448437623725	7.12
1217.7636727764798	1198.882451428558	7.16
1220.4681320789184	1198.6151211250797	7.2
1220.592484261959	1197.7729479969812	7.24
1221.6118782183535	1194.253545868209	7.28
1220.154420469265	1187.49224559172	7.32
1219.720923156493	1180.1091803443544	7.36
1219.7739192739925	1178.8878451073697	7.4
1215.8593030624588	1175.1559923862637	7.44
1206.535819993357	1166.2762076213028	7.48
1192.567810083314	1159.9795581156218	7.52
1175.8608378460826	1141.3414163009634	7.56
1158.318478813467	1124.4851046214353	7.6
1146.824975545643	1113.3072110210687	7.64
1140.5368663181373	1104.2473343126348	7.68
1136.8638833286714	1099.3090133273113	7.72
1133.597427093894	1094.1956606619303	7.76
1129.287129918363	1089.6828373544643	7.8
1126.31253438644	1086.4996011239073	7.84
1123.5597886552837	1085.5147620247324	7.88
1123.319842771708	1084.190422599232	7.92
1125.3319118083093	1084.448469298037	7.96
1123.966780983768	1084.4112766412893	8.0
1124.5581678918802	1086.8490230358032	8.04
1128.383654530449	1085.7903587516423	8.08
1129.4515723799204	1090.867249469336	8.12
1130.992477880766	1093.6087011146046	8.16
1128.5444381751238	1092.544345899448	8.2
1132.7735895274684	1094.7922078964245	8.24
1128.488617978363	1094.6520895678646	8.28
1127.3620341996116	1094.7553116778242	8.32
1126.807519765086	1096.7917278860107	8.36
1127.0103037458575	1095.9362358354854	8.4
1126.6263974080603	1097.470466510531	8.44
1127.5694556791539	1098.5402584320116	8.48
1123.8803685303926	1096.2185318498964	8.52
1127.2226499726182	1094.4243799739313	8.56
1125.036925924136	1095.438399723174	8.6
1124.4448193674414	1094.345936830154	8.64
1124.2817982814188	1094.939250262423	8.68
1122.4919039259998	1096.4653502282822	8.72
1120.9750836531443	1095.2610513540662	8.76
1122.0029497200578	1093.964204171449	8.8
1125.0258513753965	1098.924069078807	8.84
1124.8060303092604	1099.029759077957	8.88
1123.7685046956296	1098.0265765690585	8.92
1123.5210938344344	1099.4153123449519	8.96
1123.4265602047908	1100.5641964370177	9.0
1124.515042948467	1100.793670257036	9.04
1126.0931130833555	1103.2437489921674	9.08
1124.5247220782555	1101.7438877902096	9.12
1127.2257664980766	1102.974405502089	9.16
1127.7415501885441	1104.8610210347838	9.2
1128.8497437219282	1105.822549671395	9.24
1129.5886581063214	1105.8708903564777	9.28
1128.4921103682823	1107.05905874348	9.32
1128.8742700109701	1104.1501487879573	9.36
1127.358634831253	1102.7790157725017	9.4
1128.8729591599697	1105.2640088800033	9.44
1128.704368521368	1107.174749985474	9.48
1128.7174313010835	1106.9263088953796	9.52
1131.1633999893907	1111.6731344748043	9.56
1127.5675910477999	1114.418893143907	9.6
1122.5655449863762	1133.8896211233434	9.64
1114.8559884763679	1159.8131582596163	9.68
1103.8098450026253	1190.7766014814256	9.72
1099.857631939786	1212.749582808168	9.76
1096.886284775015	1204.5228568154123	9.8
1090.8141657116382	1196.346402661687	9.84
1094.2536068534603	1199.5469430916369	9.88
1115.1596191017118	1165.8325014250677	9.92
1140.2504299804918	1071.1090386437722	9.96
1127.5390392500337	1064.2389708140056	10.0
1140.9173575600003	1068.573664369767	10.04
1138.4608032699946	1104.9943011585365	10.08
1143.5936699916597	1108.4649160977872	10.12
1139.7461651506046	1103.7011049583964	10.16
1138.703015369365	1106.7720203303081	10.2
1134.6394164261478	1105.2992250342193	10.24
1133.591557161613	1104.8455222380742	10.28
1136.5009859869158	1111.4640418873385	10.32
1138.957763859088	1114.4326797223378	10.36
1129.5762154987306	1106.6527100169546	10.4
1134.62924926615	1105.4216806452548	10.44
1124.2665899668802	1103.7734728082448	10.48
1117.0841467860305	1101.1365268720692	10.52
1113.4165652244617	1100.1863491535917	10.56
1114.4290976732186	1106.506321447735	10.6
1101.1514408447838	1160.8578634412772	10.64
1095.2969484805287	1208.3098845837433	10.68
1099.143111386627	1214.3485295604376	10.72
1087.1412244933651	1220.58912727403	10.76
1093.8873983801896	1210.8805463521765	10.8
1108.0467650126836	1169.9259696108863	10.84
1136.7676812362708	1052.9645398101577	10.88
1128.4446567399336	1035.0137897670036	10.92
1121.7997871321957	1038.3121633392295	10.96
1126.0337068050073	1082.3054527981044	11.0
1129.209857390095	1083.4957844355667	11.04
1124.863141195773	1070.8322273558563	11.08
1117.4327439153749	1075.4341937528604	11.12
1119.757677290869	1082.1569560890389	11.16
1107.492192728944	1083.5631235135986	11.2
1098.7288949673577	1079.205667157097	11.24
1090.2094786168593	1069.9607251246093	11.28
1086.948005435504	1075.9690543099064	11.32
1087.6176749292745	1075.2784923735735	11.36
1091.5569598475847	1092.2798306556197	11.4
1073.5069243430532	1160.3664256684879	11.44
1077.491586075038	1205.3344480380947	11.48
1104.6862673428006	1185.4300763189633	11.52
1067.3678650469624	1215.8241106210548	11.56
1083.066943282163	1240.179742983611	11.6
1099.4729036845417	1188.7078867043422	11.64
1125.496406422298	1129.9859511297823	11.68
1122.1993998358525	1013.0054008118956	11.72
1117.458523287894	1010.8997733839898	11.76
1107.5240736648084	1061.0903881237612	11.8
1116.6416251260341	1067.6930096015967	11.84
1106.8578770683073	1060.5225999249485	11.88
1102.7419305622143	1076.2398411889446	11.92
1091.612162278825	1078.1508961126665	11.96
1078.5746572511475	1095.202210036453	12.0
1084.2442221692872	1116.7108803321878	12.04
1089.6299183001424	1175.5825450522077	12.08
1088.767333287304	1202.2968780967212	12.12
1092.8209807951266	1022.5548212183492	12.16
1103.2796621753523	1002.2353117250228	12.2
1100.969115493526	1037.587464547875	12.24
1109.7632769581091	1052.0218633420022	12.28
1105.0106727890638	1055.3832649752078	12.32
1104.2707308693316	1056.0982719718418	12.36
1103.6513878567227	1057.2014377069302	12.4
1105.2363857476535	1060.9416193314107	12.44
1116.5390061673006	1070.5187774603355	12.48
1124.1551616441914	1076.5851964795363	12.52
1133.2619273501143	1084.5579159167612	12.56
1143.6705840628654	1094.7338021177823	12.6
1151.079043401732	1102.7674565728314	12.64
1160.4671113130437	1110.6099347524741	12.68
1182.3409610309152	1124.6672836280916	12.72
1230.5694717294782	1175.438306802991	12.76
1280.1923733658375	1233.8002047665248	12.8
1318.4488263005546	1277.6992453174591	12.84
1350.7149863582256	1311.6886320654137	12.88
1368.8583843699487	1326.6708755496916	12.92
1376.6505273435307	1333.9917616345338	12.96
1385.158760641629	1338.8204986432488	13.0
1388.7907796865563	1349.0393267585566	13.04
1400.7678790666894	1367.2749706444024	13.08
1416.2874560506411	1388.7028402292929	13.12
1437.0863140759197	1409.2710307173677	13.16
1460.4468163847396	1435.0944145673243	13.2
1477.7565831522165	1451.099840900969	13.24
1501.0651541202626	1462.4568174469816	13.28
1514.2629817022712	1464.7027485493477	13.32
1510.6919776675586	1465.2137255076136	13.36
1505.5525687858633	1463.8588130429007	13.4
1498.2875891714061	1462.9227050573948	13.44
1503.947000826153	1451.071185541245	13.48
1490.7608042778302	1439.8768765236944	13.52
1420.3411634559159	1398.5928232909182	13.56
1333.459022843697	1321.095990489828	13.6
0.0	0.0	13.64
1165.8373320002029	1148.7401477337078	13.68
1106.849637644592	1092.6281017925232	13.72
1052.5003644969026	1039.2055872734445	13.76
1016.2524169911229	1015.0378402581017	13.8
1002.2091665994735	1023.7336947047053	13.84
995.2054117138904	1042.8197612228862	13.88
1007.3246548215841	1053.0260876495424	13.92
1020.0042868728173	1070.1607901229559	13.96
1041.8315766300543	1073.6858473263494	14.0
1049.9832156907607	1073.1112527943685	14.04
1051.0285768068568	1064.245213842142	14.08
1042.6798360019634	1055.6453096006578	14.12
1046.7268374042744	1045.3668453341572	14.16
1040.7752709663562	1039.3539321864373	14.2
1039.3950067814435	1023.1767158882085	14.24
1045.900956631187	1024.055289290883	14.28
1049.2549645513334	1018.8669917306595	14.32
1053.6301725055368	1011.8956259571701	14.36
1056.0707901030173	1004.8203259195965	14.4
1052.1961911545968	997.504851903769	14.44
1042.1427251461741	989.3152118031933	14.48
1036.4735661215827	978.9270742206302	14.52
1058.5747821915224	969.9695009332527	14.56
1076.7645973519038	973.1898145218944	14.6
1093.2839398031322	983.9896163860903	14.64
1107.620342207091	1001.3660718275518	14.68
1112.9829269666427	1013.51250934032	14.72
1113.6128297765	1018.9100287057954	14.76
1112.0144649049366	1026.1878143724546	14.8
1110.3818490632686	1026.7905102898624	14.84
1108.317579113067	1020.9827845353477	14.88
1093.2997148751688	1013.6869510375757	14.92
1079.170126697294	1007.554780317712	14.96
1068.3594109127514	1001.0518791329231	15.0
1066.7260336817887	1005.295023560467	15.04
1065.9004586612089	1013.3485418566937	15.08
1062.9672812198087	1016.3176503049708	15.12
1055.4997530424753	1011.9008833977286	15.16
1051.8672965887183	1008.0507818645415	15.2
1049.3746250868821	1004.9951668638017	15.24
1051.661399214027	1002.9508676990171	15.28
1047.0377619831863	1000.1014116121553	15.32
1050.777291641022	1002.0396524985387	15.36
1047.2264976248662	997.262390519935	15.4
1045.1663150291624	997.3818872435982	15.44
1044.4234056289986	995.726499649771	15.48
1043.4532061120804	996.6437075227216	15.52
1047.8597861479209	1003.1967610524813	15.56
1045.4237627433338	999.8081618195889	15.6
1046.847954337761	1006.5726412734197	15.64
1050.2741437365626	1006.1409316080881	15.68
1047.7395833691508	1005.1476907535539	15.72
1047.9080878955579	1005.9918713309704	15.76
1047.733916092983	1007.1928040519856	15.8
1050.9222197423649	1008.0725281875427	15.84
1050.4750156824998	1010.3935333470316	15.88
1051.5329272923786	1011.7482873788078	15.92
1054.6646508131444	1011.6719553767215	15.96
1054.4222776226268	1012.4461655413004	16.0
1056.4790472849156	1014.4433138608188	16.04
1058.5844689017308	1015.9905116564387	16.08
1058.8960133686548	1016.407649218466	16.12
1058.8464463768803	1019.5944927784833	16.16
1059.721632434401	1019.172539776953	16.2
1062.9652164459874	1020.9035139374868	16.24
1066.934205152485	1019.526424428644	16.28
1070.3690288978	1009.0371294933971	16.32
1072.322435680055	996.4527204846596	16.36
1076.850529379702	988.4761253298406	16.4
1088.2797136891613	989.6240857707265	16.44
1099.741645365167	990.5537208235402	16.48
1108.5500725915797	988.9284288916022	16.52
1118.3335661837282	995.4903091085904	16.56
1121.2645077465615	1006.4753635708107	16.6
1125.801853963346	1012.9597313288709	16.64
1129.0143759027508	1013.7030748784365	16.68
1137.2200036627523	1015.7229901344544	16.72
1146.6114760109951	1023.059918272151	16.76
1154.2755277239	1032.4922552803187	16.8
1169.8081839052084	1042.989903721478	16.84
1190.8536429711887	1052.5998800348877	16.88
1198.0313544432754	1052.8094249902226	16.92
1204.2592222859537	1047.7567805368112	16.96
1207.0985744338398	1037.1906629732691	17.0
1205.5123422608654	1034.687750318361	17.04
1203.6838847534616	1032.3997648259672	17.08
1208.0413075642591	1036.9806868443882	17.12
1211.6251670714107	1037.9914188933496	17.16
1210.610508548959	1036.4398246570024	17.2
1205.4532829405061	1037.5493303122344	17.24
1202.2564493429118	1039.8213732430881	17.28
1201.6717815644133	1039.6405753034787	17.32
1201.660134183551	1036.056953050104	17.36
1204.779208452655	1033.1645086050257	17.4
1204.238327716	1032.688026236937	17.44
1203.765624325275	1035.857717053782	17.48
1206.7781006501357	1038.563841511277	17.52
1206.1605796364565	1041.377711025002	17.56
1205.3988652967535	1037.0880061675512	17.6
1207.3285566081445	1042.5339198490626	17.64
1204.846829263714	1040.0370788378007	17.68
1209.6704406694787	1042.926166566229	17.72
1210.3463045555068	1043.035588497773	17.76
1208.1871225455488	1042.6613138306304	17.8
1209.05075519103	1040.670224147001	17.84
1203.8587595015226	1036.0132251622538	17.88
1204.936162332966	1036.12448995679	17.92
1207.648569676189	1039.3279687243032	17.96
1203.320238004252	1036.5626742578536	18.0
1205.1996906437153	1035.3901532495622	18.04
1205.204363374949	1036.636845471171	18.08
1204.2920487089298	1036.575166062695	18.12
1207.0244081341616	1035.0567355401897	18.16
1206.7555438488603	1036.8129418051687	18.2
1203.160379605627	1034.6349650249215	18.24
1209.7994450261622	1035.6177639445934	18.28
1204.7173049118746	1036.9820725380819	18.32
1205.6039677388942	1036.3934828635631	18.36
1205.4294830529782	1037.7208952094004	18.4
1206.644956306616	1039.1089481870863	18.44
1204.988949717499	1039.2336958444835	18.48
1206.4326372892713	1040.6847045601467	18.52
1206.312139679507	1040.0433468991782	18.56
1207.78543275651	1041.798836788337	18.6
1203.5611528049494	1039.2048791206519	18.64
1210.1380039284927	1041.5227754749021	18.68
1210.7262249272937	1042.7162516915525	18.72
1203.577169114888	1040.6377197232312	18.76
1208.2579436088442	1042.4241973418357	18.8
1210.1875737878051	1042.8219761323987	18.84
1205.84323029522	1042.0970657079795	18.88
1205.307846376946	1041.6356679985417	18.92
1212.6329773196337	1044.4912002319766	18.96
1207.4653702590585	1045.0583155415557	19.0
1207.001306154823	1044.6943152708402	19.04
1204.9571220461255	1044.1850763017196	19.08
1206.294361661827	1044.2038899294948	19.12
1208.416271806354	1044.6813981148262	19.16
1208.7444860503558	1042.911838659045	19.2
1208.3197499494524	1042.3306718386566	19.24
1208.6229919314785	1042.518823234452	19.28
1211.7085416121013	1043.256480070009	19.32
1209.8123146339942	1043.5745474339972	19.36
1209.1315206070433	1046.8971654920263	19.4
1203.4501823147286	1047.5970052131936	19.44
1203.3193198133333	1046.247810054764	19.48
1207.7340257822395	1049.249699441914	19.52
1204.9710595897975	1049.2830132344905	19.56
1205.2486222345142	1050.464907272557	19.6
1205.3290414203923	1046.106771327761	19.64
1204.5424913719617	1048.7006258115864	19.68
1206.2291588284206	1050.3504540171787	19.72
1205.0515865069501	1048.7985957959422	19.76
1204.4646497679942	1049.6391648035335	19.8
1202.1420370956355	1044.4825465647907	19.84
1201.7584505826387	1048.5318804956325	19.88
1202.1313301407401	1049.4906394670309	19.92
1203.5910581976605	1046.1247890239686	19.96
1204.3542254118775	1047.4283387723362	20.0
1204.1298118418697	1046.9117438101703	20.04
1201.8983189958994	1047.149419638759	20.08
1198.3610365436284	1044.575515833684	20.12
1198.8644348040148	1041.739910273151	20.16
1195.0812425132715	1041.3511126136352	20.2
1195.567339079857	1039.41020925364	20.24
1195.5516466563633	1034.5047403881133	20.28
1192.2527567090144	1030.3054996038145	20.32
1192.7138990768835	1028.7842193472734	20.36
1187.6699513470217	1033.812555895808	20.4
1188.26286572725	1035.7654175845003	20.44
1186.8279901421254	1039.1296000843483	20.48
1188.4544981241731	1048.9792899243162	20.52
1190.379928321701	1052.6454129726346	20.56
1187.2244684556547	1057.7418432736458	20.6
1184.0563240491858	1068.7111045854695	20.64
1180.336885199654	1077.3392992004838	20.68
1171.591324139378	1083.0717006026243	20.72
1168.5266489335663	1087.6824704965231	20.76
1168.673754317205	1098.1030292654852	20.8
1174.8776562005016	1103.4957974111317	20.84
1184.413283175302	1121.4762586629317	20.88
1196.8669317655279	1139.2805508502222	20.92
1212.6098436745665	1159.575810038749	20.96
1230.8434621921724	1182.8310234361468	21.0
1251.6445352418702	1210.5146783923585	21.04
1276.7272291970817	1242.715647902101	21.08
1302.5311060350575	1275.9132478285903	21.12
1335.6449003442713	1317.856928973763	21.16
1365.9769993674918	1353.9857765756526	21.2
1398.4595884582616	1388.0948840785873	21.24
1425.9163513072776	1420.2744607862626	21.28
1451.8932422579169	1445.1407620190148	21.32
1471.2913928527998	1465.1870606644025	21.36
1491.343324094496	1485.6117746034797	21.4
1505.8948304202784	1498.9898562312453	21.44
1515.6241031518578	1511.305712929141	21.48
1521.91939650041	1512.6526935203772	21.52
1527.66995257807	1522.880042672124	21.56
1529.3308222027588	1526.3212447403216	21.6
1530.1286174898266	1527.4183314874183	21.64
1528.7962703655028	1526.9937992600342	21.68
1529.1451983392449	1526.7979733177485	21.72
1527.5955613702572	1525.1276959619806	21.76
1527.2247532474057	1522.485733638665	21.8
1524.143218885563	1516.5708176030284	21.84
1524.352272399185	1518.370179909586	21.88
1524.3906333436385	1518.4711732441854	21.92
1524.5849854655487	1517.3392165823382	21.96
1525.208412460075	1517.1109992264498	22.0
1523.5938256390932	1515.7416757106498	22.04
1524.854653827033	1518.1313377098152	22.08
1523.079680458818	1516.7801837134866	22.12
1520.6249731810224	1515.1752398966196	22.16
1520.2705491548306	1511.0519041801101	22.2
1516.6842417426017	1510.1387137263002	22.24
1517.2002543340816	1508.5888907163132	22.28
1515.7617865149414	1505.169853980442	22.32
1515.228152027552	1506.2909525945217	22.36
1515.7357056142766	1506.2136807890229	22.4
1515.5565329891506	1507.017530423488	22.44
1515.5513146871597	1508.2442492208909	22.48
1514.163697461952	1508.2072044475115	22.52
1513.040869460644	1507.632449831407	22.56
1515.852471681089	1507.9215695818807	22.6
1512.7953331503063	1506.3583154824425	22.64
1512.2379787366322	1503.8109514302203	22.68
1512.5907812331156	1505.508711376004	22.72
1512.6975049559699	1505.9309964514252	22.76
1513.2718973302658	1506.7558703984264	22.8
1513.891779345822	1504.6814205715764	22.84
1512.88720508124	1501.6692011062546	22.88
1513.024265770515	1504.1459843265093	22.92
1513.4922781160158	1503.3849557998028	22.96
1514.0477934953828	1507.528689692218	23.0
1513.4165410012806	1503.988415531439	23.04
1514.4265785484451	1507.4253601494038	23.08
1517.1905716258984	1508.2489580998922	23.12
1516.9125494265704	1508.2953009557734	23.16
1517.9901350668142	1511.1651353575687	23.2
1519.8110720612776	1511.7474990097298	23.24
1516.3636649370715	1511.1306031407698	23.28
1520.330106516774	1513.620141653732	23.32
1522.8926838844784	1516.6410411310055	23.36
1525.072952259767	1518.8079763050575	23.4
1526.0397480827432	1519.4866849699179	23.44
1526.5721430514882	1519.6905236592888	23.48
1526.7061211276746	1523.9109947061725	23.52
1527.6743972288011	1522.9632007507696	23.56
1528.3336898441196	1523.6414066870987	23.6
1529.1964506570823	1526.5147364439488	23.64
1530.6773184584802	1525.455553736809	23.68
1532.401857674953	1526.5169313344356	23.72
1531.6259698138322	1526.8053003763011	23.76
1532.3996749268701	1528.2258681812286	23.8
1532.0578562707074	1526.3719798559082	23.84
1532.261478330885	1528.444944751034	23.88
1532.954968514843	1526.7713819917267	23.92
1530.92795731018	1529.661007111434	23.96
1532.0668640040512	1529.0982192829856	24.0
1533.6749784648182	1527.9893170548585	24.04
1534.3983795717293	1531.4506310163347	24.08
1533.926951874558	1528.9202940114214	24.12
1533.5822869597853	1531.4357596817704	24.16
1535.4525381073852	1530.4939556691786	24.2
1533.289571009874	1527.2568905013986	24.24
1535.3532945892716	1531.421647109992	24.28
1536.269048553218	1531.6840568586538	24.32
1534.4406363434484	1527.8672771599413	24.36
1537.3077395507314	1531.0672618207973	24.4
1536.275814519322	1531.6322319463682	24.44
1537.7947422433087	1532.5473108494866	24.48
1537.1098430133814	1532.3834693638673	24.52
1536.2420493939956	1533.550401600267	24.56
1536.463346358475	1531.2299318143891	24.6
1537.9391139009642	1534.6264155042031	24.64
1538.3819119549348	1530.9110718131576	24.68
1539.5900974157685	1534.530684305882	24.72
1539.7452937651774	1532.255986433228	24.76
1540.4293982133806	1533.94054709648	24.8
1538.6638624699542	1532.422431885046	24.84
1540.8606032468485	1535.9460279115533	24.88
1539.6886842295164	1534.4516680725915	24.92
1539.7309859287573	1536.9173013863256	24.96
1542.3672205785094	1537.750604584543	25.0
1540.1109349354247	1540.110126492122	25.04
1542.5173078043042	1541.2657533309991	25.08
1544.05549018814	1538.102533328296	25.12
1541.893473573134	1536.3598282597127	25.16
1543.6765635472645	1539.573932036926	25.2
1542.9646169336074	1539.0322420799826	25.24
1546.0140269187439	1540.8405000863875	25.28
1543.5183981670707	1539.0346935022815	25.32
1544.7454310025373	1544.648988166653	25.36
1542.0199496651005	1540.1107083687448	25.4
1543.9314771155553	1542.3620917578696	25.44
1542.6433825793138	1540.94768668827	25.48
1543.8840452218692	1543.4773368173142	25.52
1545.1814848047566	1541.9070341017498	25.56
1545.6590360950925	1542.6169727123493	25.6
1545.6705881777043	1541.6387136196254	25.64
1545.9500831418895	1542.9968486232533	25.68
1541.7608807078045	1538.7513253051852	25.72
1543.7878811710225	1539.0669947064503	25.76
1545.3885852179308	1538.8284791890612	25.8
1545.2817547206594	1538.9771825740957	25.84
1542.974674902284	1539.752369477602	25.88
1542.938865368479	1538.0962613921333	25.92
1543.5343716236098	1541.3764567845574	25.96
1544.5789608125258	1543.2791375923628	26.0
1545.252782837499	1541.7013869395041	26.04
1545.137678659109	1541.452433572383	26.08
1545.3030366412943	1541.1474172862113	26.12
1545.71234900833	1543.2127656068449	26.16
1546.6987924740067	1541.2568619851322	26.2
1547.5379865846633	1543.3752339654325	26.24
1549.163833189769	1545.7125131283838	26.28
1549.5294895694526	1544.9858155810423	26.32
1549.0003746742282	1547.8822767101162	26.36
1549.6306710174995	1548.2678405973093	26.4
1548.6812143440536	1548.6392408875577	26.44
1550.6022473653488	1548.1378014872546	26.48
1550.873665986465	1547.5568089908415	26.52
1547.8209635494393	1547.5043039136788	26.56
1550.0424151449865	1549.3216489068745	26.6
1550.0148441780107	1546.1698712709342	26.64
1551.543433866201	1548.841444194837	26.68
1551.3989351372945	1547.2720295580066	26.72
1550.3914673180807	1549.903830958728	26.76
1551.0728750115475	1549.139454089931	26.8
1549.867332998289	1548.6830087658057	26.84
1550.5115384449775	1551.4441492192334	26.88
1550.2726168325023	1550.7666918706113	26.92
1549.6610774457774	1550.2310758432343	26.96
1552.9176060321072	1551.590177202611	27.0
1548.426519839079	1547.663380242492	27.04
1551.8070755373215	1552.3787585933742	27.08
1552.6413147212431	1548.3732397291928	27.12
1550.8752965981562	1550.5064362723863	27.16
1552.402548433933	1548.5885425271738	27.2
1553.1308399572504	1551.9300728434227	27.24
1553.3390255586226	1551.0801265184355	27.28
1554.5927592342696	1554.0527671710352	27.32
1554.6574382513247	1553.1642754885324	27.36
1553.638509385637	1553.4240106741204	27.4
1553.323425239955	1553.2601854427635	27.44
1554.6763613471928	1553.5825746563603	27.48
1555.8395232160603	1552.001715150831	27.52
1555.4235227006445	1555.8598678725118	27.56
1555.4562536179042	1552.6376820207574	27.6
1556.4376711255534	1557.001604746292	27.64
1553.6410309223052	1551.7401183498755	27.68
1555.5541460456639	1557.554333734368	27.72
1553.954572409923	1555.2363704543352	27.76
1555.2906557060983	1557.0849605513897	27.8
1555.620081692579	1556.1444559757879	27.84
1556.1082513909228	1554.2402200163435	27.88
1556.6859527851802	1556.194685399582	27.92
1557.4521182398782	1557.6480653678982	27.96
1556.7790556079767	1555.257913896225	28.0
1556.278167260744	1554.4691985008844	28.04
1556.858789391987	1555.7954405259459	28.08
1558.29646708903	1556.0775192374174	28.12
1560.1906074004035	1555.9437532988509	28.16
1559.3932294987414	1557.2198599141093	28.2
1559.380226326603	1556.9958299789487	28.24
1560.531824068651	1557.2326026746841	28.28
1559.2323592453884	1556.5738000231659	28.32
1559.193111674422	1557.1007694383889	28.36
1559.1177346081172	1556.729131134846	28.4
1559.5627746017578	1558.2363229638092	28.44
1559.8365373234421	1558.106691290017	28.48
1558.8107462690878	1557.2131993335033	28.52
1552.749545706466	1554.7708553368159	28.56
1552.6104849736396	1550.3568848468096	28.6
1542.7059544224828	1541.7942945425987	28.64
1521.1705347822904	1521.1547884456102	28.68
1486.1083634013073	1485.9141418663	28.72
1446.2084268536594	1439.3933743231444	28.76
1406.5092600083021	1392.3164017271774	28.8
1361.800523551141	1348.190241132696	28.84
1325.4300980497792	1312.279460790385	28.88
1288.858799696098	1275.4943718725972	28.92
1262.6933330448667	1246.2141753579629	28.96
1240.069548856548	1220.9006323748076	29.0
1214.6088256431794	1199.4995028922551	29.04
1196.733236819803	1172.3933513158472	29.08
1177.4652096609298	1144.883269502826	29.12
1156.1921208631813	1118.5183514733822	29.16
1131.8368500933814	1093.3982351226011	29.2
1113.0964154132964	1067.4121573483976	29.24
1099.491631038727	1046.6121615279326	29.28
1087.3773446095227	1038.4996768345434	29.32
1075.5699199315634	1028.6325646582764	29.36
1066.8909529190396	1023.2723130857615	29.4
1057.694577895009	1011.8187640720239	29.44
1047.5919956817206	1002.9467982788018	29.48
1038.3490824617388	993.6220693003432	29.52
1030.085854265529	985.4763617120806	29.56
1023.4478317507819	982.0437265757687	29.6
1015.9560391091526	978.7743088109727	29.64
1008.6956056196085	976.8118849546091	29.68
1005.6574495901582	977.0419889926334	29.72
1005.0700152879255	980.326803515482	29.76
1007.276027920734	983.489773271296	29.8
1009.9484250556648	985.344305122686	29.84
1012.0534611121823	982.2995570332948	29.88
1010.1948098640431	981.3067960153506	29.92
1013.0717018806748	982.267396239521	29.96
1006.8412213265752	980.6115478161571	30.0
1011.0941670194159	980.7909541094646	30.04
1006.8244154405718	980.9861565817694	30.08
1011.4585412961708	981.4085709582853	30.12
1008.7442156713507	983.4433176253386	30.16
1008.3698134241299	983.4581357476392	30.2
1006.5127908418167	983.8272003493321	30.24
1012.8555088787563	985.1263741912513	30.28
1006.3454040094342	983.8062791510722	30.32
1009.2620060720457	986.0177887177052	30.36
1006.5603462613012	983.9293847408743	30.4
1010.4122422473173	984.9011854545085	30.44
1008.7835874639798	985.2258525988323	30.48
1007.6855846426419	983.42817637577	30.52
1006.4139372461264	981.9758687255154	30.56
1005.3537644093608	980.9153189601209	30.6
1003.896620526257	980.0022203258445	30.64
1005.2916368050104	981.4977782968401	30.68
1006.9405732451756	982.6458406968783	30.72
1009.126601131727	985.8150011985332	30.76
1007.3254800945857	983.3102864631917	30.8
1004.657919198592	980.3298222052753	30.84
1006.5618338340385	981.8188126651927	30.88
1004.8540342465785	982.0195775920002	30.92
1000.5662589692354	981.3928679107975	30.96
998.042434220093	978.0579594406029	31.0
999.5441960190635	977.2016609151383	31.04
1002.2900679162303	977.2390002565559	31.08
1003.5316010632166	978.4656278834236	31.12
1007.0910110338467	979.4873748054512	31.16
1010.3935003063464	982.5093625513954	31.2
1006.5335963898434	984.271899047893	31.24
1005.2391156036354	985.417344235399	31.28
1006.2639667293076	985.0593142695645	31.32
1004.2998031407386	984.8991141435845	31.36
1006.1755590315422	984.6038731013122	31.4
1003.1349223032047	987.0560435982921	31.44
1003.6248742441846	987.3665164768979	31.48
1002.0808320233089	988.3342066500804	31.52
1003.709388903309	987.4355830530772	31.56
1002.4121623601255	988.7582466564775	31.6
1004.1190975842148	988.0479762869123	31.64
1004.4053827829384	989.0366239900018	31.68
1002.7534238405525	989.1281271813564	31.72
1005.5641142744211	988.5343226794455	31.76
1004.8743398915055	989.0172961037053	31.8
1005.2643717278258	987.4420220341445	31.84
1004.10233775457	988.2757882626482	31.88
1006.8547316910837	987.2958047867211	31.92
1004.5819565731371	990.6776233224747	31.96
1007.076951952048	988.4703527614192	32.0
1005.8907034606614	989.7599048449077	32.04
1005.3724113001958	991.163522095865	32.08
1007.1114977194493	990.6139903813862	32.12
1008.3124467093422	990.9161679457745	32.16
1009.1232469563981	992.9156343669598	32.2
1009.6976591988728	994.0152734542986	32.24
1012.1133681501901	996.4318556510555	32.28
1013.7568629106089	1001.2965570835255	32.32
1014.8033266350786	1000.4878295693886	32.36
1025.2772135101218	999.5547718648388	32.4
1046.833591164014	1000.3811070493286	32.44
1049.342768222736	996.5214317145184	32.48
1053.8674630524072	995.4577309398951	32.52
1053.0564236574858	992.91935202078	32.56
1051.9662714415251	991.39036805814	32.6
1055.9882622544912	991.3721074199974	32.64
1063.9403733900344	996.4951732214971	32.68
1078.4832830984967	1001.6949675749678	32.72
1091.3939605426483	1016.9809027429502	32.76
1107.4216432135179	1031.784726874047	32.8
1115.2349260918577	1048.0202310297989	32.84
1123.1066699827202	1051.4759124312366	32.88
1135.676442425472	1061.8589940550432	32.92
1158.5083269555075	1079.2550849948464	32.96
1187.553849489335	1105.4450859541687	33.0
1214.3552319645325	1131.6240325744443	33.04
1242.2383552346444	1164.213071765734	33.08
1271.7336588120968	1182.643681012148	33.12
1300.9749541502063	1204.495823421623	33.16
1347.1781962254342	1238.033930708036	33.2
1375.4354218123249	1262.3431189577652	33.24
1417.8680708351274	1296.2271270109782	33.28
1448.838355165152	1296.197188314787	33.32
1470.4272908380656	1358.597777385008	33.36
1500.5296009470414	1421.093316125289	33.4
1520.8391073442829	1428.9915701037248	33.44
0.0	0.0	33.48
0.0	0.0	33.52
1495.5198020226935	1357.6504824886472	33.56
0.0	0.0	33.6
0.0	0.0	33.64
0.0	0.0	33.68
0.0	0.0	33.72
0.0	0.0	33.76
0.0	0.0	33.8
0.0	0.0	33.84
0.0	0.0	33.88
0.0	0.0	33.92
0.0	0.0	33.96
0.0	0.0	34.0
0.0	0.0	34.04
0.0	0.0	34.08
0.0	0.0	34.12
0.0	0.0	34.16
0.0	0.0	34.2
0.0	0.0	34.24
1167.7029595069603	1042.9432731066106	34.28
1165.3145054343227	1012.5456891692469	34.32
0.0	0.0	34.36
0.0	0.0	34.4
0.0	0.0	34.44
0.0	0.0	34.48
0.0	0.0	34.52
0.0	0.0	34.56
0.0	0.0	34.6
0.0	0.0	34.64
0.0	0.0	34.68
0.0	0.0	34.72
0.0	0.0	34.76
0.0	0.0	34.8
0.0	0.0	34.84
0.0	0.0	34.88
0.0	0.0	34.92
0.0	0.0	34.96
0.0	0.0	35.0
0.0	0.0	35.04
0.0	0.0	35.08
0.0	0.0	35.12
0.0	0.0	35.16
0.0	0.0	35.2
0.0	0.0	35.24
0.0	0.0	35.28
0.0	0.0	35.32
0.0	0.0	35.36
0.0	0.0	35.4
0.0	0.0	35.44
0.0	0.0	35.48
0.0	0.0	35.52
0.0	0.0	35.56
0.0	0.0	35.6
0.0	0.0	35.64
0.0	0.0	35.68
0.0	0.0	35.72
0.0	0.0	35.76
0.0	0.0	35.8
0.0	0.0	35.84
0.0	0.0	35.88
0.0	0.0	35.92
0.0	0.0	35.96
0.0	0.0	36.0
0.0	0.0	36.04
0.0	0.0	36.08
0.0	0.0	36.12
0.0	0.0	36.16
0.0	0.0	36.2
0.0	0.0	36.24
0.0	0.0	36.28
0.0	0.0	36.32
935.8513509904466	918.153989281955	36.36
829.6576793939626	880.939460861937	36.4
0.0	0.0	36.44
905.3222917399032	859.1325237303637	36.48
895.8362520222769	875.4752036404323	36.52
897.1836366680567	900.1868396156834	36.56
0.0	0.0	36.6
933.7583224163075	908.2434237960022	36.64
926.4305577586073	891.67642318195	36.68
931.3637071972529	890.7116000623117	36.72
914.6018870858777	900.4997648837053	36.76
909.2402620504807	900.2763806842647	36.8
931.932862826127	895.5099020052115	36.84
913.2026167413271	896.7762737683373	36.88
0.0	0.0	36.92
923.8269433317519	918.5332898041239	36.96
0.0	0.0	37.0
0.0	0.0	37.04
931.6474713679464	914.2636527329312	37.08
0.0	0.0	37.12
0.0	0.0	37.16
0.0	0.0	37.2
0.0	0.0	37.24
0.0	0.0	37.28
0.0	0.0	37.32
0.0	0.0	37.36
0.0	0.0	37.4
0.0	0.0	37.44
0.0	0.0	37.48
0.0	0.0	37.52
0.0	0.0	37.56
0.0	0.0	37.6
0.0	0.0	37.64
0.0	0.0	37.68
0.0	0.0	37.72
0.0	0.0	37.76
0.0	0.0	37.8
0.0	0.0	37.84
0.0	0.0	37.88
0.0	0.0	37.92
0.0	0.0	37.96
0.0	0.0	38.0
0.0	0.0	38.04
0.0	0.0	38.08
0.0	0.0	38.12
0.0	0.0	38.16
0.0	0.0	38.2
0.0	0.0	38.24
0.0	0.0	38.28
0.0	0.0	38.32
0.0	0.0	38.36
0.0	0.0	38.4
0.0	0.0	38.44
0.0	0.0	38.48
0.0	0.0	38.52
0.0	0.0	38.56
0.0	0.0	38.6
0.0	0.0	38.64
0.0	0.0	38.68
0.0	0.0	38.72
0.0	0.0	38.76
0.0	0.0	38.8
0.0	0.0	38.84
0.0	0.0	38.88
0.0	0.0	38.92
0.0	0.0	38.96
0.0	0.0	39.0
0.0	0.0	39.04
0.0	0.0	39.08
0.0	0.0	39.12
0.0	0.0	39.16
0.0	0.0	39.2
0.0	0.0	39.24
0.0	0.0	39.28
0.0	0.0	39.32
0.0	0.0	39.36
0.0	0.0	39.4
0.0	0.0	39.44
0.0	0.0	39.48
0.0	0.0	39.52
0.0	0.0	39.56
0.0	0.0	39.6
0.0	0.0	39.64
0.0	0.0	39.68
0.0	0.0	39.72
0.0	0.0	39.76
0.0	0.0	39.8
0.0	0.0	39.84
0.0	0.0	39.88
0.0	0.0	39.92
0.0	0.0	39.96
0.0	0.0	40.0
0.0	0.0	40.04
0.0	0.0	40.08
0.0	0.0	40.12
0.0	0.0	40.16
0.0	0.0	40.2
0.0	0.0	40.24
0.0	0.0	40.28
0.0	0.0	40.32
0.0	0.0	40.36
0.0	0.0	40.4
0.0	0.0	40.44
0.0	0.0	40.48
0.0	0.0	40.52
0.0	0.0	40.56
0.0	0.0	40.6
0.0	0.0	40.64
0.0	0.0	40.68
0.0	0.0	40.72
0.0	0.0	40.76
0.0	0.0	40.8
0.0	0.0	40.84
0.0	0.0	40.88
0.0	0.0	40.92
0.0	0.0	40.96
0.0	0.0	41.0
0.0	0.0	41.04
0.0	0.0	41.08
0.0	0.0	41.12
0.0	0.0	41.16
0.0	0.0	41.2
0.0	0.0	41.24
0.0	0.0	41.28
0.0	0.0	41.32
0.0	0.0	41.36
0.0	0.0	41.4
0.0	0.0	41.44
0.0	0.0	41.48
0.0	0.0	41.52
0.0	0.0	41.56
0.0	0.0	41.6
0.0	0.0	41.64
0.0	0.0	41.68
0.0	0.0	41.72
0.0	0.0	41.76
0.0	0.0	41.8
0.0	0.0	41.84
0.0	0.0	41.88
0.0	0.0	41.92
0.0	0.0	41.96
0.0	0.0	42.0
0.0	0.0	42.04
0.0	0.0	42.08
0.0	0.0	42.12
0.0	0.0	42.16
725.1036086190787	717.4686740007778	42.2
0.0	0.0	42.24
0.0	0.0	42.28
0.0	0.0	42.32
681.3335003429941	695.3667216162172	42.36
682.0014163253593	712.673752436709	42.4
0.0	0.0	42.44
658.3136194725539	728.5256850822971	42.48
659.1731452573665	676.3519328695536	42.52
0.0	0.0	42.56
644.3223152843193	692.7017135797421	42.6
632.7563219430525	666.6028717672331	42.64
0.0	0.0	42.68
629.8995281205463	681.2313385888217	42.72
621.0228277640722	637.033477095311	42.76
621.6907484292957	625.3589041014868	42.8
620.0570977761149	649.606282711841	42.84
611.7964439497681	640.0389544840536	42.88
608.3097537541148	667.0356173658395	42.92
602.7789606458138	630.7952843535419	42.96
607.8388602611055	631.5730384440076	43.0
602.495571128609	650.073274552151	43.04
603.1898790066182	651.2634093974722	43.08
599.2314287426058	660.0187984056126	43.12
596.9657326382578	662.721665236263	43.16
0.0	0.0	43.2
598.5829964493298	673.7091270688162	43.24
588.8016851293619	656.2086064908844	43.28
590.5344509000142	630.9723439182188	43.32
591.5890991953862	656.9066896716732	43.36
591.5264972589712	653.7737965994638	43.4
590.2406071479758	659.438832257338	43.44
585.3399387902286	655.6558986396526	43.48
584.9006194603143	665.7187238600712	43.52
587.0968201851246	656.925381717898	43.56
588.1065151631138	635.6774004071178	43.6
590.1887590337374	633.1628977316907	43.64
589.6665693765028	667.297429812476	43.68
587.1909327759735	661.7528672658749	43.72
585.2534043544317	670.2681139153326	43.76
583.6732648741121	674.0549031885452	43.8
582.480460186673	647.3824816462178	43.84
597.4899613823146	633.7661297514444	43.88
589.4040246868841	647.4352248943663	43.92
583.6652886827142	617.8003692149033	43.96
578.304497497672	584.6294105899955	44.0
0.0	0.0	44.04
0.0	0.0	44.08
0.0	0.0	44.12
569.6526538682871	628.927084956141	44.16
585.1021988368954	644.0295500068289	44.2
0.0	0.0	44.24
573.0792757303306	630.7074262021587	44.28
586.8877380287698	619.1728394641723	44.32
0.0	0.0	44.36
566.0934630967307	648.6675446453112	44.4
563.2060274814474	599.5762384563658	44.44
569.5665953772316	582.0086255898372	44.48
562.2442426437188	637.0102651245223	44.52
563.6289166044012	613.5954490136168	44.56
563.8036172267244	629.5846259006829	44.6
618.1803737989255	570.0854187475899	44.64
0.0	0.0	44.68
562.513588751363	584.8006762304913	44.72
557.2677314835976	598.631594392019	44.76
568.8071928302118	617.5825059612713	44.8
564.0740662931256	623.425622915946	44.84
0.0	0.0	44.88
559.3227580419658	639.9468867434344	44.92
558.1250747658053	578.8069190405321	44.96
556.9072496542008	564.8479935239238	45.0
594.5768911124293	621.1349744527698	45.04
0.0	0.0	45.08
540.5594181366006	698.4032029912229	45.12
556.0069561533404	656.4891218573712	45.16
545.204458871096	613.6018017330078	45.2
559.2916732795385	668.9764659972057	45.24
590.2787168995454	592.2020211731906	45.28
559.9463624609542	581.8041460853201	45.32
553.3255628288202	630.4062963786344	45.36
547.3770236000731	640.4626158180645	45.4
561.9085246753891	566.5563824090679	45.44
550.316170797029	577.6507418460133	45.48
548.6034422021731	646.4082768735856	45.52
545.480237433479	639.3747599309232	45.56
555.2686932831735	645.7161071865685	45.6
551.5473905851934	553.1831449721667	45.64
554.1785932557704	582.5980927615615	45.68
579.5994994210351	676.1055030411569	45.72
556.4705402858127	627.6779812100359	45.76
0.0	0.0	45.8
560.725251678211	629.3761817794029	45.84
552.57850965386	551.834288834169	45.88
559.4943681245447	591.7223389569974	45.92
576.5193071859335	559.0256989602467	45.96
0.0	0.0	46.0
550.1486236805356	666.1862310741282	46.04
546.3396311605352	612.63601314635	46.08
548.9950111440246	628.6074320785633	46.12
543.2194243549726	615.4866438678781	46.16
551.3061663681912	615.5645791384818	46.2
546.8004008184113	610.1239811974629	46.24
567.4340614179499	633.9237459171056	46.28
554.4202109282636	543.6963404125776	46.32
567.011960416941	564.035066101456	46.36
571.1170656050792	609.0503356231144	46.4
0.0	0.0	46.44
0.0	0.0	46.48
559.5125490538015	684.9068715084186	46.52
550.9033524432334	653.5650550910099	46.56
595.1384394596216	595.2095264122862	46.6
0.0	0.0	46.64
581.7589954404838	644.6147094749355	46.68
554.2425419875824	587.3331906927633	46.72
552.3545611499435	629.4334974582155	46.76
558.9998129336117	628.3151098819209	46.8
0.0	0.0	46.84
550.2734608212595	608.0394640210084	46.88
555.1029123310122	593.9202962507575	46.92
594.3895780511508	639.9036668971198	46.96
0.0	0.0	47.0
550.9315920154241	629.9939586024466	47.04
542.2193743641086	631.2614540642916	47.08
541.6073251972501	629.9219209080873	47.12
543.2676910579089	629.389423688581	47.16
543.2773553775531	651.0510858455443	47.2
547.7390820269821	601.9720150586694	47.24
553.1221375467605	608.7387112652714	47.28
553.674453849593	637.3832495323369	47.32
555.8635469752284	583.5363217742836	47.36
551.0823801148894	619.4682847334693	47.4
544.6804295021467	645.9718900215826	47.44
539.4214348871172	627.6522162485645	47.48
538.731174520279	625.1698826849516	47.52
542.0867053987798	647.9644966485092	47.56
550.76231951631	657.040490828714	47.6
548.9233811281339	638.1108362618169	47.64
545.103175304448	618.3858628665274	47.68
552.5403941241763	638.8199019536527	47.72
0.0	0.0	47.76
0.0	0.0	47.8
544.9744141378077	654.3230151132854	47.84
546.6621670815504	631.7393239383488	47.88
557.0103158315297	634.2282206838	47.92
564.8159928298764	615.9669159668322	47.96
563.7773239461843	609.8440758534111	48.0
551.8248826959076	629.2102512156096	48.04
549.7588548807881	575.943754124456	48.08
547.5144978568961	563.986824909276	48.12
543.7483125941858	629.1138499268411	48.16
565.253759126352	577.4620283688346	48.2
0.0	0.0	48.24
545.6021262213266	637.5506312319638	48.28
563.8842924410409	574.0539133711922	48.32
0.0	0.0	48.36
610.2602415740454	665.7636271156186	48.4
0.0	0.0	48.44
558.6717898572672	566.2712953625804	48.48
557.7353603051313	671.9276067336945	48.52
0.0	0.0	48.56
559.77911698938	621.4164225479237	48.6
554.2767025066679	632.3556578790102	48.64
544.9293329970268	604.5520448870236	48.68
558.7960443200441	660.1140356656994	48.72
0.0	0.0	48.76
0.0	0.0	48.8
563.4603361244771	581.6662972903985	48.84
0.0	0.0	48.88
559.1464423820072	645.0118469172498	48.92
556.5562416998769	642.497176492101	48.96
563.5223684195677	650.3528993538888	49.0
588.9546410042616	634.0744954524489	49.04
0.0	0.0	49.08
618.7894814099085	672.7369839997308	49.12
636.2888898491263	631.8024523463324	49.16
658.1792429986847	657.3022312119632	49.2
673.2283173016601	746.370132409356	49.24
0.0	0.0	49.28
714.1623624756253	724.258446511189	49.32
0.0	0.0	49.36
747.3457220318027	745.4411888929618	49.4
754.1454886586944	787.9941445242735	49.44
766.8628814083942	804.5255029959995	49.48
773.6037463409606	821.6867792735723	49.52
782.6106514585402	809.3454027546911	49.56
794.864253821239	832.0300385472278	49.6
809.6869492634843	827.5720642012025	49.64
818.1773883713842	850.5142930693843	49.68
818.8077670874555	844.2836210690256	49.72
837.5931126762194	827.6596748290817	49.76
855.1144849572808	862.5877232652424	49.8
858.5893473884113	843.957089716509	49.84
871.6113083681854	890.50222971019	49.88
873.3613438316055	872.8797566319951	49.92
887.6755473770057	882.1548332903891	49.96
890.6311467139922	875.5652229488244	50.0
888.8599869912256	892.0313832025954	50.04
895.1206677539609	890.7261939200922	50.08
900.7925848803364	875.0102171858216	50.12
918.0339684379976	906.1639164553068	50.16
919.8113199558841	900.1513854971831	50.2
924.365212299016	892.2245504597994	50.24
934.2754352803738	917.9075136713528	50.28
930.6042158960387	901.4927126794545	50.32
939.5907733488262	897.7847169325911	50.36
939.5388080399167	894.0151815179536	50.4
952.789109122323	912.0545512525123	50.44
947.0424116018881	894.9901696645317	50.48
951.0114054749258	905.6650070080077	50.52
966.8699984964862	911.1813723076652	50.56
948.833919516171	899.9976834286763	50.6
937.2340722013876	902.3676046164479	50.64
966.7948616156235	916.5306859923751	50.68
984.453474624688	927.3788513284444	50.72
990.9015157241008	918.1110285663145	50.76
991.8344998822429	918.2216160880288	50.8
999.4821768912407	919.3175521586126	50.84
1020.6998093860742	920.159082334556	50.88
1028.1663092768028	927.7568779659164	50.92
1045.239251704064	938.206280524534	50.96
1058.8623552295667	946.7418308895819	51.0
1082.5961878661637	957.1430888000122	51.04
1099.697686866666	957.1815868710273	51.08
1121.9949144338293	968.2776792640436	51.12
1131.0806018824794	975.2822134852704	51.16
1118.603920155259	982.2478683589886	51.2
1098.229458705106	1000.5934566829304	51.24
1127.2639052107938	1030.6248788149487	51.28
1144.290021461917	1051.0370223906427	51.32
1151.1349324393843	1053.6904879288977	51.36
1142.65864933401	1101.7534133176275	51.4
1158.103621418199	1129.9260379834327	51.44
1172.5582753402782	1156.142950382407	51.48
1178.8158955319589	1106.7267232040183	51.52
1178.5328155328286	1086.055689699321	51.56
0.0	0.0	51.6
0.0	0.0	51.64
0.0	0.0	51.68
0.0	0.0	51.72
0.0	0.0	51.76
0.0	0.0	51.8
0.0	0.0	51.84
0.0	0.0	51.88
0.0	0.0	51.92
0.0	0.0	51.96
0.0	0.0	52.0
0.0	0.0	52.04
0.0	0.0	52.08
0.0	0.0	52.12
0.0	0.0	52.16
0.0	0.0	52.2
0.0	0.0	52.24
0.0	0.0	52.28
0.0	0.0	52.32
0.0	0.0	52.36
0.0	0.0	52.4
0.0	0.0	52.44
0.0	0.0	52.48
1211.845762619258	1071.446914468603	52.52
1239.2326148821792	1126.3701880417948	52.56
1267.3583873337302	1179.8395415203488	52.6
1292.0553153782162	1225.4640569837802	52.64
1316.126186447256	1250.9766821942967	52.68
1321.037454488223	1266.3059221724995	52.72
1321.0324043199066	1285.140133397642	52.76
1327.5075522382274	1295.808058266616	52.8
1334.1167788643058	1306.8507833812657	52.84
1339.8896940037519	1312.2706018960025	52.88
1333.5058977785347	1300.9557600772337	52.92
1307.473734876512	1270.5917167698422	52.96
1281.3804293064454	1249.373912152069	53.0
1256.0076516103056	1227.8895539187013	53.04
1236.8935630563406	1206.895800452178	53.08
1224.4325683808977	1195.9923365014895	53.12
1219.271868147651	1191.1628773151983	53.16
1215.27931120471	1190.1719623437198	53.2
0.0	0.0	53.24
0.0	0.0	53.28
0.0	0.0	53.32
0.0	0.0	53.36
0.0	0.0	53.4
0.0	0.0	53.44
0.0	0.0	53.48
0.0	0.0	53.52
0.0	0.0	53.56
0.0	0.0	53.6
0.0	0.0	53.64
0.0	0.0	53.68
0.0	0.0	53.72
0.0	0.0	53.76
0.0	0.0	53.8
0.0	0.0	53.84
0.0	0.0	53.88
0.0	0.0	53.92
0.0	0.0	53.96
0.0	0.0	54.0
0.0	0.0	54.04
0.0	0.0	54.08
0.0	0.0	54.12
0.0	0.0	54.16
0.0	0.0	54.2
0.0	0.0	54.24
1107.0687982519064	1068.856481167519	54.28
1105.9010803943108	1065.3376939468246	54.32
1105.357670268885	1065.489288296458	54.36
1105.4649662316501	1065.2892985392573	54.4
1105.4590521592606	1064.9751881937696	54.44
1106.0150446120408	1064.2101851240907	54.48
1105.1670230482316	1063.8098888882075	54.52
1104.8775966380324	1064.5107787067748	54.56
1103.676212820881	1063.645932568454	54.6
1104.7804852475456	1065.5180495943544	54.64
1105.4616816013045	1066.0156283169774	54.68
1106.1823401364138	1065.4567170653193	54.72
1105.1268794048062	1066.4257135043576	54.76
1105.7916347853288	1068.33903922108	54.8
1107.5735814571506	1067.7496718662178	54.84
1105.5757297717698	1069.1335284990855	54.88
1104.983546779925	1066.1659373683606	54.92
1102.7802913448725	1064.691113230796	54.96
1101.4305757018244	1062.8938193714057	55.0
1095.5610357512167	1060.0308089740931	55.04
1098.0013030102114	1061.4565252425602	55.08
1097.0143338009075	1061.8364289706712	55.12
1099.4535310984118	1061.766914822504	55.16
1102.2005183912922	1063.1428624801608	55.2
1102.0663909364719	1065.0899138715693	55.24
1105.859220782632	1065.9164961432782	55.28
1105.6399560911336	1067.0706047491794	55.32
1104.2635031929544	1066.9115237310336	55.36
1105.5761562323676	1067.0383331570952	55.4
1103.587974796225	1069.8645017910244	55.44
1104.2300112605128	1066.5718597165715	55.48
1100.7633848441685	1067.2074699958434	55.52
1099.4704235923743	1065.7092126212863	55.56
1093.5671021643059	1064.5819931105134	55.6
1091.4203066500377	1060.4817734457529	55.64
1091.1387139998055	1058.9367939038323	55.68
1087.1989414349903	1056.2809803191228	55.72
1083.0814925050006	1052.9480134996206	55.76
1095.591136136178	1051.5718777911984	55.8
1111.1194239096592	1033.4766582780235	55.84
1122.022630866711	1022.7116609055818	55.88
1131.5125137071573	1023.8336113024926	55.92
1118.344133870843	1037.1290383611486	55.96
1089.9286704243455	1153.5520249169294	56.0
1080.0625750455365	1147.3430842350026	56.04
1060.207684083746	1130.7602169877905	56.08
1046.997866959925	1114.1912074193135	56.12
1037.2255738613478	1097.8760653135735	56.16
1031.5028372607194	1083.3252958948242	56.2
1030.1442867613125	1059.4807886309309	56.24
1036.1374540617521	1038.77386820111	56.28
1041.4029094600767	1027.058497162595	56.32
1046.674302087058	1013.4458482776479	56.36
1051.4359836833287	1004.6227079481574	56.4
1052.0601947079692	1005.0143413316837	56.44
1062.5063457730237	1024.933599395704	56.48
1059.541864932241	1042.2056385639253	56.52
1059.6575887146378	1054.0706998060932	56.56
1062.4440117511692	1030.2630944464229	56.6
1084.9766044960618	1001.4372126103888	56.64
1075.9496382209522	1018.9608663934351	56.68
1074.9513066241739	1023.3254971088016	56.72
1052.1476801583037	1045.3358509032257	56.76
1033.0832318951095	1120.0925019895878	56.8
1037.2663435579898	1106.2776074155754	56.84
1017.3158386731623	1123.841705739982	56.88
1014.8660348098069	1103.2142798164675	56.92
1020.6046635333629	1083.826291643912	56.96
1023.2871853349907	1071.9744531297179	57.0
1036.0367385773927	1038.5778733280067	57.04
1043.1361444709719	1025.7134764887112	57.08
1050.9581826262868	1018.3413566093179	57.12
1053.1143239344415	1022.056935287763	57.16
1068.7363176544825	1060.0297649816007	57.2
1060.7904662717813	1048.6381030634702	57.24
1069.4854930313181	1007.8403630617012	57.28
1075.5427274258184	994.1234058296244	57.32
1051.1425149701631	995.0194290123284	57.36
1049.1082764048206	1007.2711763922621	57.4
1024.4087811064305	1084.3828222880848	57.44
1013.1967603932865	1109.9700980294833	57.48
1002.2602963293958	1074.6115146259974	57.52
1008.5378803739394	1036.176076462758	57.56
1017.9610878215558	1027.6178865133465	57.6
1020.5451042597009	1025.7300139148988	57.64
1032.2507153766524	1017.349649229021	57.68
1038.8490178366337	1014.8772721619679	57.72
1039.5838366245343	1018.1250004163602	57.76
1043.0098499074902	1024.6501213199651	57.8
1049.4007288045939	1034.1395629711965	57.84
1057.3702165650907	1030.1722649568817	57.88
1077.3403235252479	1013.8971631636655	57.92
1068.2259139556022	997.1183486599474	57.96
1051.0459542566205	983.5476280009545	58.0
1053.0978071131894	986.7447604218231	58.04
1038.5898833601047	1046.8578885167374	58.08
1013.2417877331573	1064.7208022890295	58.12
1004.7611164461711	1046.9946654249245	58.16
1014.6678553359608	1022.5485680961467	58.2
1035.2005850441694	1023.0056806367261	58.24
1038.8019440389642	1014.4635399530536	58.28
1042.4166590495945	1014.5353938428576	58.32
1052.340717104268	1029.1798806708132	58.36
1054.1812963393168	1028.6816695559519	58.4
1056.4279366323992	1036.0569221528085	58.44
1058.6744178622757	1045.4511630955712	58.48
1059.242752335121	1041.8604298128657	58.52
1059.849974595916	1017.8276250512482	58.56
1059.9912870091819	1003.5019528171327	58.6
1043.84401353119	994.0765623455615	58.64
1047.4474620394542	1011.0089479070825	58.68
1026.0128334563337	1056.4605214037963	58.72
1016.1365106679942	1050.1581512435403	58.76
1015.3162578891272	1036.4934536106146	58.8
1028.3862018993693	1017.6473732410968	58.84
1041.2893596747783	1020.0849034175427	58.88
1040.2822743429092	1012.1842775762303	58.92
1044.7052306201588	1013.1171364962363	58.96
1048.5079212251912	1016.3971087488023	59.0
1057.6789422121853	1025.409022744316	59.04
1063.3007828988236	1024.831248644989	59.08
1067.7576084487682	1025.2864429161548	59.12
1073.613938055186	1038.7201171973945	59.16
1078.6120659832602	1053.7953899350925	59.2
1080.4109996263612	1059.3834653245647	59.24
1081.2709613039056	1059.586243787328	59.28
1082.7773791931404	1070.066999453523	59.32
1082.286395842731	1070.7725380611662	59.36
1081.7344560135566	1066.8647445129727	59.4
1090.5118071983918	1038.202946837809	59.44
1090.7250538260123	1009.4137290775	59.48
1098.2480583609888	981.3238630872712	59.52
1080.7107584168377	981.9214411042234	59.56
1053.3074518566355	977.8650742750114	59.6
1036.5733112201622	1000.142747772984	59.64
1029.6374074595435	1010.2709414985359	59.68
1030.0961837592715	1000.782721382784	59.72
1042.1611849920928	1001.8088496582467	59.76
1049.2067825914758	1012.2298191406709	59.8
1055.9720612194303	1012.7419432748851	59.84
1056.9140162812007	1009.2357593258962	59.88
1060.7457678865057	1012.8732342624828	59.92
1063.0399378824443	1019.3969122561439	59.96
1076.2953678583972	1053.8577452964755	60.0
1084.8874648306553	1062.7608409916973	60.04
1094.06123937827	1073.285847793224	60.08
1110.3870115623718	1096.076765954435	60.12
1125.9196689324413	1107.3678087542103	60.16
1138.0078415166045	1116.6398055941956	60.2
1150.1266931366292	1123.9174668276103	60.24
1162.3858062913653	1136.7952282240642	60.28
1176.5027811636833	1156.750057477672	60.32
1208.9240058481737	1185.341009835942	60.36
1234.1542101196749	1209.9363332636572	60.4
1267.0419364436586	1244.3952133521418	60.44
1293.2182999163897	1278.2055381746427	60.48
1315.0560674660167	1304.5540318227083	60.52
1344.90604052413	1332.4170461528574	60.56
1379.7605432812359	1361.5799764375079	60.6
1399.9852688909061	1379.2544537801255	60.64
1416.9274089526846	1407.5551286365687	60.68
1427.8924655362891	1412.669455453321	60.72
1439.4714168721134	1425.773302332062	60.76
1458.089760709816	1432.8123004463316	60.8
1484.4914021312386	1426.2410504372622	60.84
1473.926565728367	1408.303034490714	60.88
1426.113405426959	1396.955514026644	60.92
1358.6216547898227	1356.2082683760866	60.96
1308.8639558593788	1302.958635682934	61.0
1289.537753662002	1283.3091492958358	61.04
1301.279809392256	1299.976166674508	61.08
1311.8640771175362	1308.6058683360095	61.12
1302.546030302415	1277.024877686414	61.16
1275.6021435102564	1239.648105289194	61.2
1226.3225187585263	1192.5369595609013	61.24
1205.7592620239834	1108.316990679153	61.28
0.0	0.0	61.32
1421.7960149947169	1319.7831988211756	61.36
0.0	0.0	61.4
0.0	0.0	61.44
0.0	0.0	61.48
0.0	0.0	61.52
0.0	0.0	61.56
1869.638108826686	1705.8338951995888	61.6
1891.3180267709745	1719.1152924061705	61.64
1891.6901507933208	1714.2646695835413	61.68
1884.0519593143288	1712.7431650535248	61.72
1866.424625892091	1701.2437109750072	61.76
1841.7296033783534	1693.6130663388303	61.8
1806.6165402983422	1692.9005089105865	61.84
1748.1382352505525	1635.5704922574967	61.88
1685.5503565306626	1613.7976838511934	61.92
1627.722774762762	1515.8908954863623	61.96
1589.8841768404884	1633.7163438244534	62.0
1527.0478290271396	1476.5906977765148	62.04
1456.9876577721443	1377.7706839601842	62.08
1405.0815154098902	1306.9415352160129	62.12
1339.745566284969	1252.6942078815548	62.16
1285.769937485944	1209.6901304602804	62.2
1233.0637289062108	1177.2907345361407	62.24
1167.200638751082	1128.1327706980535	62.28
1108.342331164247	1053.1427838623542	62.32
1065.1314909772084	1002.4901305273956	62.36
1030.5551098034637	951.1533856407123	62.4
997.718992911979	908.8840032754276	62.44
971.8248940947951	881.1235264999934	62.48
952.9524396293436	864.5072357329941	62.52
936.0839187713811	858.5602795145518	62.56
926.5224886405462	848.0404664371563	62.6
918.5131544400998	844.668997845287	62.64
908.0550292482194	836.7637632217129	62.68
900.4271486888359	841.4651429300695	62.72
896.1602772282653	841.5503531573836	62.76
889.9897583509801	836.7656934825906	62.8
880.9152092050473	820.4336914864824	62.84
874.6749473005702	821.1143613181567	62.88
873.7674615402443	816.2463736491931	62.92
875.0068689042608	822.4087757465621	62.96
876.4239418941966	831.5049579047705	63.0
877.3603159747755	829.4674803236499	63.04
880.2567531931511	821.032661527291	63.08
885.6075215863317	827.7122599363203	63.12
890.7713181814755	829.1519747853356	63.16
894.370811478209	833.1543124399435	63.2
900.9958117837082	826.7550904413444	63.24
905.2138020299316	833.5047407448617	63.28
910.8617612944942	844.9073406067535	63.32
923.6244956591833	854.0066610195516	63.36
929.8364314107271	875.5749261576874	63.4
936.3600822165072	880.079659736714	63.44
944.0806422114099	895.9355704632587	63.48
948.004441596864	896.4952564074752	63.52
951.1873424503556	895.3906183731683	63.56
951.7326680338804	899.9858380572496	63.6
948.3652308460961	877.2416820855326	63.64
954.9889211195862	885.0707411644316	63.68
949.8353203531983	893.9071081947508	63.72
943.985246295223	889.7324842328251	63.76
935.4945985422551	865.2009521486967	63.8
931.3981439047943	869.8013614076847	63.84
933.4301562974847	864.505230290764	63.88
937.0520061952697	879.1363841392646	63.92
932.5036147347862	860.5682129798806	63.96
932.7624167080191	859.5548285445401	64.0
930.6274229925871	868.3879924661248	64.04
929.7507276439604	861.8100887948207	64.08
929.3121240601231	882.3330107740665	64.12
925.8006149455325	872.6767077613449	64.16
925.2913587767895	873.9424510262008	64.2
928.5007009592105	878.3628102394413	64.24
924.987568459667	868.2922816467027	64.28
926.8879197684929	867.9260945724994	64.32
932.9754731479763	881.0312016100288	64.36
940.7215249482863	884.7348810993647	64.4
943.7141128617357	893.32161614062	64.44
946.4501583667425	901.991829349342	64.48
959.3163642953125	918.564660952109	64.52
969.1426928408222	912.2027779365329	64.56
973.0364416372053	901.9809280939957	64.6
973.3581368767252	915.3017313338759	64.64
977.5417504836754	928.6419353657418	64.68
983.5712101727329	941.6848534862875	64.72
988.025397807331	948.8397068604095	64.76
990.6165713073619	952.9082628643573	64.8
988.3702558365899	945.0712515994237	64.84
990.104853168193	941.0913817380575	64.88
990.2873422711576	929.5531746014688	64.92
989.8893431050456	907.2440008231116	64.96
979.7456724390663	857.0469905303306	65.0
978.1514317804507	810.0916022313316	65.04
969.603625358198	787.4400965507225	65.08
0.0	0.0	65.12
0.0	0.0	65.16
0.0	0.0	65.2
1060.682705920498	963.3900514404337	65.24
1119.100915733553	1039.7317792067224	65.28
1184.1341352533993	1122.0958419882024	65.32
1241.1695136540334	1211.643530438017	65.36
1289.9603343155027	1259.5390488095654	65.4
1323.650928814499	1290.0396720099866	65.44
1344.8204708440169	1310.877257578125	65.48
1347.2863297365268	1310.2146389448803	65.52
1347.3312322963632	1327.4787161685872	65.56
1342.5410441067684	1336.2547577166501	65.6
1313.4702530979916	1340.506618038049	65.64
1270.0288337160512	1345.4237270402527	65.68
0.0	0.0	65.72
0.0	0.0	65.76
0.0	0.0	65.8
0.0	0.0	65.84
1265.1424272667532	1359.8886435167847	65.88
1314.3963036981813	1368.9101793957816	65.92
1310.3446435273352	1343.8031019689818	65.96
1331.6610567007615	1358.611320168987	66.0
1289.7660585636795	1396.4257747793504	66.04
0.0	0.0	66.08
0.0	0.0	66.12
0.0	0.0	66.16
1784.1156625764252	1696.3752753134972	66.2
0.0	0.0	66.24
0.0	0.0	66.28
0.0	0.0	66.32
0.0	0.0	66.36
0.0	0.0	66.4
0.0	0.0	66.44
0.0	0.0	66.48
0.0	0.0	66.52
0.0	0.0	66.56
0.0	0.0	66.6
0.0	0.0	66.64
0.0	0.0	66.68
0.0	0.0	66.72
0.0	0.0	66.76
0.0	0.0	66.8
0.0	0.0	66.84
0.0	0.0	66.88
0.0	0.0	66.92
0.0	0.0	66.96
0.0	0.0	67.0
0.0	0.0	67.04
0.0	0.0	67.08
0.0	0.0	67.12
0.0	0.0	67.16
0.0	0.0	67.2
0.0	0.0	67.24
0.0	0.0	67.28
0.0	0.0	67.32
0.0	0.0	67.36
0.0	0.0	67.4
0.0	0.0	67.44
0.0	0.0	67.48
0.0	0.0	67.52
0.0	0.0	67.56
0.0	0.0	67.6
0.0	0.0	67.64
0.0	0.0	67.68
0.0	0.0	67.72
0.0	0.0	67.76
0.0	0.0	67.8
0.0	0.0	67.84
0.0	0.0	67.88
0.0	0.0	67.92
0.0	0.0	67.96
0.0	0.0	68.0
0.0	0.0	68.04
0.0	0.0	68.08
0.0	0.0	68.12
0.0	0.0	68.16
0.0	0.0	68.2
0.0	0.0	68.24
0.0	0.0	68.28
0.0	0.0	68.32
0.0	0.0	68.36
0.0	0.0	68.4
0.0	0.0	68.44
0.0	0.0	68.48
0.0	0.0	68.52
0.0	0.0	68.56
0.0	0.0	68.6
0.0	0.0	68.64
0.0	0.0	68.68
0.0	0.0	68.72
0.0	0.0	68.76
0.0	0.0	68.8
0.0	0.0	68.84
0.0	0.0	68.88
0.0	0.0	68.92
0.0	0.0	68.96
0.0	0.0	69.0
0.0	0.0	69.04
0.0	0.0	69.08
0.0	0.0	69.12
0.0	0.0	69.16
0.0	0.0	69.2
