Thumb_R	Index_R	Time
0.0	0.0	0.04
0.0	0.0	0.08
0.0	0.0	0.12
0.0	0.0	0.16
0.0	0.0	0.2
0.0	0.0	0.24
0.0	0.0	0.28
0.0	0.0	0.32
0.0	0.0	0.36
0.0	0.0	0.4
0.0	0.0	0.44
0.0	0.0	0.48
0.0	0.0	0.52
0.0	0.0	0.56
0.0	0.0	0.6
0.0	0.0	0.64
0.0	0.0	0.68
0.0	0.0	0.72
0.0	0.0	0.76
0.0	0.0	0.8
0.0	0.0	0.84
0.0	0.0	0.88
0.0	0.0	0.92
0.0	0.0	0.96
0.0	0.0	1.0
0.0	0.0	1.04
0.0	0.0	1.08
0.0	0.0	1.12
0.0	0.0	1.16
0.0	0.0	1.2
0.0	0.0	1.24
1578.3903423048052	1579.7179799265032	1.28
1467.6303534414071	1454.6589687087344	1.32
1374.406099375709	1365.3956856185957	1.36
1310.8680392278113	1279.335100331722	1.4
1270.7654899010577	1222.7511911741487	1.44
1231.2311899926526	1180.928311833393	1.48
1201.4673415561201	1152.6031631401274	1.52
1189.305688397749	1136.3286381970195	1.56
1175.89311514399	1133.231248562186	1.6
1163.4891817064222	1128.1537864663558	1.64
1155.3384981680313	1129.223632392286	1.68
1148.6029894230062	1128.4246405567437	1.72
1143.8052726186684	1125.4391281228689	1.76
1137.287780304037	1123.1170822111517	1.8
1130.1015453322873	1113.210906890584	1.84
1108.8528599715535	1097.3088167493706	1.88
1101.510551756821	1088.0965763889667	1.92
1096.4293280331449	1075.5986222170782	1.96
1095.5201389144697	1069.896660467237	2.0
1094.724589764663	1067.753520295063	2.04
1105.5482281284883	1069.581103470586	2.08
1115.4035144998004	1078.5965183480093	2.12
1118.7864883820369	1083.8286375257944	2.16
1113.0645578445533	1080.789291533343	2.2
1105.4440240977535	1066.5467822202427	2.24
1098.2817735283265	1060.8194637064712	2.28
1101.9810265812525	1060.244507314108	2.32
1114.7438800477394	1070.3762711455167	2.36
1166.5474200526255	1117.4347648529442	2.4
1228.1682539497272	1176.076003988524	2.44
1289.914107327101	1235.0099571082114	2.48
1337.4417755340294	1286.105787667091	2.52
1375.5732703807762	1312.6166958290198	2.56
1389.3149068058694	1344.015620493239	2.6
1386.5019990793785	1338.495725849643	2.64
1376.580280200278	1341.4233639090044	2.68
1374.3748973936445	1334.0382076198257	2.72
1369.473092538276	1333.0524220598911	2.76
1361.4907550903538	1321.1010720006993	2.8
1356.6571282589218	1313.4350600838745	2.84
1345.4340790541846	1296.5581169703464	2.88
1335.034759352085	1288.0296327310068	2.92
1321.217074653552	1281.21755097648	2.96
1305.4059901858327	1273.1292688292083	3.0
1294.1901951363584	1258.8974483556403	3.04
1278.6487661810204	1246.7818035915705	3.08
1273.5266129334718	1241.2815782708888	3.12
1275.3301189796255	1238.8592778168131	3.16
1283.9196117162198	1244.4497881379098	3.2
1283.5429524382116	1244.1289675018475	3.24
1277.061776003972	1241.4689415502771	3.28
1265.8814738790095	1232.2492022092047	3.32
1261.3455671426211	1212.765666984199	3.36
1224.2662166551431	1198.8235356616003	3.4
1209.6726436823258	1195.990317882888	3.44
1192.3188212511438	1188.5341364077713	3.48
1185.8278039104712	1187.5385401935648	3.52
1185.3158846771476	1185.3554904984642	3.56
1178.5039069385411	1175.5371272774626	3.6
1168.9937031667398	1166.1316573692247	3.64
1159.9399305114682	1151.4988209330456	3.68
1150.8173966906436	1142.4691538682614	3.72
1147.5084104135726	1137.7906100654693	3.76
1152.3755262459338	1141.9749706552666	3.8
1156.1271051480867	1148.3037459984942	3.84
1160.1682458936173	1163.6844783125025	3.88
1169.1721335301638	1171.9184003056816	3.92
1175.887669489027	1174.5906764997453	3.96
1181.6932403554388	1182.2111080954605	4.0
1189.0427999033818	1189.1550096577448	4.04
1187.8923259387102	1184.9362342578092	4.08
1190.535742867888	1181.5009086608031	4.12
1188.207601229782	1175.0060494472082	4.16
1196.4624726617892	1178.8341591209762	4.2
1201.8105332787209	1179.464002411048	4.24
1204.9719936729612	1181.724604747483	4.28
1205.270392811589	1171.2311108198094	4.32
1196.6960902675494	1162.7567970420523	4.36
1182.1233579168627	1145.6641209371078	4.4
1168.29383579881	1133.1698338819315	4.44
1146.7131700889604	1117.6559446156457	4.48
1134.9947322326273	1102.5113689619748	4.52
1123.3553645322609	1094.9574242672807	4.56
1116.7863177472398	1088.0802698268262	4.6
1113.2292976470799	1084.584992010103	4.64
1109.0645158655018	1080.0935729363985	4.68
1104.6428724114512	1074.7107787055854	4.72
1101.6789999386758	1068.8357945073335	4.76
1099.5744818046953	1068.1166795382344	4.8
1097.4891466113918	1061.6418288895927	4.84
1089.8697688917753	1054.6662434480347	4.88
1084.8045038955622	1052.7602532096591	4.92
1083.4528625171095	1049.3715603072853	4.96
1079.9215373686845	1046.7603344657284	5.0
1082.5633754995545	1046.9677669189473	5.04
1083.6571266868204	1046.2647113417133	5.08
1083.8107749421952	1046.9857710057026	5.12
1083.1010550965457	1047.915112636223	5.16
1082.885914736239	1047.7354470826065	5.2
1083.1521506767092	1047.556548959062	5.24
1083.599012356573	1048.2271610367802	5.28
1083.6799196099716	1047.7943471246415	5.32
1081.8594950215206	1046.823312713887	5.36
1083.9556699140367	1049.275076716449	5.4
1084.0470550205032	1049.1777916919677	5.44
1082.597594874462	1047.5766086564179	5.48
1081.3836053891496	1047.1657844301387	5.52
1076.8457109319304	1044.9197648895147	5.56
1073.173813117371	1043.3296659457867	5.6
1071.5350725047072	1043.0965824198424	5.64
1069.7031616553259	1042.2534795280535	5.68
1066.6633034360666	1039.341130193418	5.72
1065.7937485074651	1040.3429618300127	5.76
1067.6771808497758	1040.5858851176822	5.8
1066.4222519530047	1039.8191692849266	5.84
1065.2044033405207	1039.5752837408716	5.88
1064.0287675261113	1038.1057597020701	5.92
1066.1496155944665	1040.2854098729886	5.96
1066.7491936857775	1042.2733495861846	6.0
1070.7815918327153	1042.5554585809477	6.04
1070.0854784023209	1042.6584275043786	6.08
1066.1589060402946	1042.4588416606296	6.12
1066.2515800994881	1045.4484370314417	6.16
1065.2312997741117	1045.083706023222	6.2
1065.7418232972543	1045.4630260227043	6.24
1067.1778007866753	1044.3432885493157	6.28
1065.6443937039155	1044.775631695812	6.32
1066.264825006414	1043.8333806621768	6.36
1066.7928237332198	1042.8947103611788	6.4
1064.819654933061	1041.7141005500605	6.44
1062.8633536807276	1038.5239765069532	6.48
1064.121178550642	1037.8329357501252	6.52
1062.3364542178674	1036.4203705348186	6.56
1061.421549089281	1038.1004109521143	6.6
1058.8538540831362	1038.596864231815	6.64
1063.280459707925	1039.8306840867617	6.68
1064.7580985803718	1039.4970510112628	6.72
1066.1765526606828	1040.9319257682141	6.76
1061.270054608434	1041.7106451996171	6.8
1060.8200984394964	1039.7176710982772	6.84
1057.4472454336258	1041.9180982719479	6.88
1061.0731247072088	1054.0045564488153	6.92
1051.6576741651938	1071.3142309629357	6.96
1042.4330313315934	1080.9409902840478	7.0
1040.9183652645718	1069.2666867983012	7.04
1037.2860695803704	1117.916759367525	7.08
1044.3198347640814	1123.3181048143556	7.12
1058.5069950106508	1117.5509163543895	7.16
1082.0750378959865	1075.4501222876365	7.2
1089.7036867330742	988.9836547063319	7.24
1046.6597163885692	987.1770222136013	7.28
1032.8294055206118	994.586369093162	7.32
1038.6640868964696	1006.7393651715953	7.36
1041.0840241895057	1010.4265379283557	7.4
1042.0756542270358	1005.7570310752047	7.44
1037.285818842516	1001.3099463832322	7.48
1036.9425677203117	1005.0632111744607	7.52
1033.0246479750335	1006.3836955446296	7.56
1031.4687939844366	1005.3127885930419	7.6
1033.3106433547503	1002.5772023007219	7.64
1029.324435651999	1012.5517957196438	7.68
1024.0612976100088	1014.9879087283903	7.72
1016.2358960213791	1029.1513820029147	7.76
1013.3484911600211	1076.013514364072	7.8
1014.8594606469703	1111.654772497058	7.84
1019.0989790144484	1120.1515936191956	7.88
1019.7580416157699	1122.051959314076	7.92
1034.4389075402203	1132.2256007870924	7.96
1070.0019872741434	1085.0130481623728	8.0
1071.0880437692072	976.3860545241861	8.04
1029.2812526854611	986.4612993513908	8.08
1033.211476268349	997.2953983029774	8.12
1032.7029000717687	1004.6026913227167	8.16
1028.2878534214053	1000.9948430401379	8.2
1026.3308361287843	994.9469760565744	8.24
1021.8973706795917	992.3320386172869	8.28
1016.9553227816144	998.4890782056307	8.32
1012.5707168445524	1004.2741936662305	8.36
1017.254841672903	1053.4791912434841	8.4
1025.1361252101758	1064.6988081601369	8.44
1053.457364964613	1065.2685471458078	8.48
1087.0971437362232	986.2114326914993	8.52
1066.4011844811885	967.8673938950249	8.56
1043.5334996337713	996.5304265374293	8.6
1047.5145286878912	1009.7802379577868	8.64
1048.3351534202636	1026.8138774062022	8.68
1048.8844048573287	1015.2138771963412	8.72
1046.0509950872615	1012.3531545256307	8.76
1046.37429973226	1011.3777516198408	8.8
1045.4185918069925	1008.9893970804844	8.84
1047.9622554592343	1010.585153714553	8.88
1048.6928274901022	1024.8780640886187	8.92
1050.0123493312558	1017.8275635658658	8.96
1048.3711724470795	1015.3688400343082	9.0
1043.6757141335127	977.0559363657947	9.04
1036.0203421538802	987.3037127872041	9.08
1046.974149280107	1022.0139864570222	9.12
1052.6489398352037	1020.8219507483182	9.16
1058.0006465847775	1022.3714357356317	9.2
1054.252595721618	1022.3306837654212	9.24
1057.8987399706964	1024.6062556380284	9.28
1060.4118174000928	1023.6487730875118	9.32
1060.9298949843178	1020.3232214606979	9.36
1068.5757707962578	1023.9228959674457	9.4
1072.2224390893382	1026.7928642417162	9.44
1080.037392917234	1033.5378039923621	9.48
1114.5704701054906	1066.8900443136713	9.52
1167.8918856115563	1131.328988748739	9.56
1221.2319743994433	1190.452678324623	9.6
1253.8145082726762	1234.8104664755883	9.64
1277.8972606432512	1262.0411441286526	9.68
1293.1991325129593	1278.0231595250798	9.72
1291.415926662781	1281.5003026926456	9.76
1287.790166149378	1284.4977696220847	9.8
1285.9374129600192	1288.822321335312	9.84
1282.9770430591232	1287.0590455824877	9.88
1283.1601386416974	1289.2857424567496	9.92
1285.114703553189	1295.4892369987467	9.96
1295.1358340057418	1308.128842410755	10.0
1310.5467105264481	1324.5701230302366	10.04
1324.8869101986727	1337.4884216568005	10.08
1338.1543712513683	1348.5782748770348	10.12
1347.1001723751494	1359.6758484132108	10.16
1348.3814923194075	1363.0694108627354	10.2
1346.9055554305817	1362.957612368018	10.24
1358.7903791494577	1360.4893282901767	10.28
1360.274125702198	1368.649838950481	10.32
1370.5540723863714	1374.4910664830109	10.36
1378.049236581883	1383.8204005439454	10.4
1384.9618381344765	1387.020862686309	10.44
1385.93212720789	1385.7840512099833	10.48
1369.839344256789	1372.7402325678559	10.52
1343.223433288746	1342.5299600987357	10.56
1310.624175761559	1306.9348453673313	10.6
1274.7007688016688	1266.6587552189349	10.64
1246.8854273280747	1237.6596164338903	10.68
1222.5370987969943	1214.2058736785507	10.72
1212.913625038158	1196.9743782262294	10.76
1203.3689338266913	1189.6784336987628	10.8
1202.2539357986075	1190.2538984225014	10.84
1212.1086213670615	1197.5764848263836	10.88
1219.2568550081628	1199.2651787911911	10.92
1223.6888638696414	1199.3229588827635	10.96
1235.5399425267317	1206.3770986618042	11.0
1250.444303624251	1200.8449059268323	11.04
1256.5475225756963	1190.6423270624557	11.08
1255.1710763872718	1180.2099639194819	11.12
1245.9695530402169	1163.6448099216104	11.16
1228.233200431562	1139.4017117470726	11.2
1213.3197092195833	1116.3500778879297	11.24
1190.0788188409845	1095.5599014756497	11.28
1165.172054602945	1078.9579767224357	11.32
1140.0673320676688	1059.4233683268362	11.36
1121.4459888470794	1042.7506070067861	11.4
1104.8182939055205	1023.7425457390058	11.44
1087.5528282217745	1007.0697507885695	11.48
1071.2745463101035	989.8632229597913	11.52
1054.232534131245	975.9662105763682	11.56
1043.0751006161527	972.9913413623532	11.6
1033.3324757169546	974.0980414643185	11.64
1026.4940278209165	975.4887577137042	11.68
1025.3013839097073	979.3554584911963	11.72
1021.7374169543091	981.0953671264256	11.76
1027.3460886053736	985.2438569453738	11.8
1023.3055374913041	985.3146101597564	11.84
1027.9475051061465	989.5197926039749	11.88
1026.0170318454075	992.1554071927735	11.92
1023.410913671647	991.0614685401672	11.96
1020.2425196505237	991.6580980525073	12.0
1020.4831394888989	990.3008402427765	12.04
1017.8670674323139	991.0598020822013	12.08
1020.1173119356258	990.6635979110504	12.12
1018.9624149542506	991.5599099818781	12.16
1020.3419610172652	990.353149553905	12.2
1020.8421251678151	989.3445546038166	12.24
1021.0544141837643	988.6451346324476	12.28
1021.407287015433	988.6492369273805	12.32
1021.1986515029162	989.960700607862	12.36
1021.4952108025758	991.4922970365982	12.4
1020.6868809154016	989.7230301069263	12.44
1018.1871946333541	987.4525909053713	12.48
1017.4704617957882	990.5186675020622	12.52
1016.8785101756681	989.3851742278756	12.56
1016.4436934372768	989.8780318957525	12.6
1018.457466294183	990.9171096178505	12.64
1017.6127672127503	992.3104286527068	12.68
1020.500521624628	993.3026059197149	12.72
1022.5817751350972	995.9414103153706	12.76
1024.8069699877233	996.88621943474	12.8
1031.9812020844636	1001.8893143459026	12.84
1045.021882846012	1004.9689456624513	12.88
1068.5077843654387	1015.2267937294182	12.92
1108.3137705262081	1029.7212810063186	12.96
1147.0244422868009	1040.5651483847469	13.0
1173.753743892222	1059.1555246613464	13.04
1194.2223610859915	1054.2464194842728	13.08
1221.0514184010276	1052.135218715229	13.12
1235.2517848801365	1052.6476816054865	13.16
1250.2624082505374	1050.4682635653542	13.2
1260.7697776464413	1040.6993942816596	13.24
1260.4237752442416	1040.5680270777546	13.28
1262.817159242066	1035.1442936699675	13.32
1263.760294459847	1031.2103653000186	13.36
1263.5197682295352	1028.0454717496548	13.4
1263.486874665689	1020.4720407376168	13.44
1265.260064615219	1021.0984176456752	13.48
1261.2921726897496	1021.4711791584036	13.52
1259.1416191295718	1028.6488136481375	13.56
1259.7733503079678	1033.9437561146835	13.6
1263.1045714051222	1036.434137958083	13.64
1262.2359166017563	1040.6016970436121	13.68
1267.6482962571151	1044.5333759514992	13.72
1269.3873372549467	1048.5283932683676	13.76
1272.7296705409744	1053.7565230243383	13.8
1273.8904958336013	1056.8187322444885	13.84
1275.2400360140798	1058.373641083916	13.88
1274.7508897054768	1053.8514942145687	13.92
1283.7685837218976	1054.7182176368358	13.96
1276.8429649694062	1058.2287924493974	14.0
1282.4352558287019	1057.9586497285916	14.04
1281.934231418654	1060.1030915920253	14.08
1282.5164282224512	1061.6847995936607	14.12
1284.102229193612	1061.2429953993237	14.16
1287.3841351105782	1060.236606823929	14.2
1290.3497105957713	1059.033561077843	14.24
1290.1214816914533	1056.6665349242776	14.28
1293.6168265702838	1057.5101220849765	14.32
1290.4327723005038	1056.832727706209	14.36
1295.3020914621331	1058.8626299586422	14.4
1292.6697893381931	1058.3889305864795	14.44
1292.380730941765	1058.965544012428	14.48
1292.4350788945296	1060.1269194657834	14.52
1293.9565207902115	1061.2395785266322	14.56
1295.3307436634132	1063.8641753291488	14.6
1294.2029436619484	1063.5790575713033	14.64
1296.0427268032295	1067.1521739848035	14.68
1294.2426490216326	1066.0884406246266	14.72
1298.5723307791513	1066.6913620729015	14.76
1299.4217032290449	1066.6518846791557	14.8
1298.4172499519848	1068.1256348263994	14.84
1297.2208981888564	1067.674448965773	14.88
1299.4410292321522	1070.1073401843062	14.92
1297.9858835297593	1069.7677163614057	14.96
1300.7893951588812	1071.606789188766	15.0
1299.230173778278	1072.652962853933	15.04
1300.7095901995576	1072.834385032074	15.08
1301.1327097937187	1073.4958598006276	15.12
1301.3780878388084	1074.8214647707841	15.16
1301.8846344122558	1074.244214841282	15.2
1303.1300576526996	1075.6340393526373	15.24
1300.8240794822052	1075.6017814786833	15.28
1302.1868338617687	1075.2551555222717	15.32
1302.3435333887112	1075.8140017083913	15.36
1304.3561226521615	1075.691407328077	15.4
1303.927431138287	1076.6526662561948	15.44
1302.95042153076	1073.865637914892	15.48
1300.0924389942738	1075.4496087857221	15.52
1301.2030489436513	1073.1561544167173	15.56
1300.8900242534526	1070.4513861402186	15.6
1303.9085533963703	1074.513650064115	15.64
1309.666658660284	1091.6724486899852	15.68
1322.3189956138424	1116.4984021307496	15.72
1335.4391060442326	1136.2622554866898	15.76
1350.5024653754974	1157.3738749293339	15.8
1369.6658042494842	1185.1926653222135	15.84
1384.0181414918518	1215.0964334233909	15.88
1396.4613460736875	1245.2825319114197	15.92
1413.1725608904198	1265.8369162822871	15.96
1435.259577819832	1294.240778632894	16.0
1451.0921632400941	1318.3376575581215	16.04
1467.7469331824493	1339.4710896973704	16.08
1472.7843861442714	1351.6893845041843	16.12
1476.1647058557542	1363.6971286891614	16.16
1483.047158227929	1372.3909285241966	16.2
1481.6996825011192	1386.4705158725938	16.24
1486.4474270869712	1392.003348648626	16.28
1485.661628109881	1394.757261878684	16.32
1488.9799370805795	1395.8011409955914	16.36
1490.7068449437143	1400.2983957888077	16.4
1491.8807570413742	1403.5968388766566	16.44
1493.3565702130206	1407.5607998305022	16.48
1495.4278581405126	1407.8690985491294	16.52
1499.1109636129586	1409.9152673814026	16.56
1495.9055241413207	1407.8904572088331	16.6
1492.1282423593548	1407.8193715580346	16.64
1492.6601660271344	1408.4493034341604	16.68
1493.8292016289681	1409.635156912125	16.72
1492.8661204899513	1410.609546625985	16.76
1494.3762405433224	1412.2104938614361	16.8
1496.4078907377368	1414.3389914274157	16.84
1496.2417544997863	1413.080177021983	16.88
1493.2719735040075	1411.5355346407773	16.92
1494.6674134237098	1413.1126357232065	16.96
1494.3584485779497	1416.3661760106277	17.0
1495.6060926453138	1415.3348343387283	17.04
1498.1628091708296	1415.755519381676	17.08
1496.9858065835201	1416.7235706175459	17.12
1501.1845240986545	1417.7759736142236	17.16
1501.565457338227	1420.3616886483892	17.2
1504.1142296342136	1419.6489106974166	17.24
1501.7048748142827	1420.7756816274175	17.28
1503.0669913301692	1418.0207082595662	17.32
1500.8645823749487	1418.537087837774	17.36
1500.3974001825168	1419.0026689709773	17.4
1501.8915261640018	1420.6042305640967	17.44
1500.7063303458654	1419.1415639726079	17.48
1501.0232808489916	1420.5530612505233	17.52
1498.7591776306942	1418.8457540554436	17.56
1498.8104155257531	1420.0984489885811	17.6
1500.4793887262924	1419.9818923187672	17.64
1501.543180836825	1419.112167688356	17.68
1500.3433025042011	1417.1510329839628	17.72
1498.3340081091824	1419.5602976053142	17.76
1500.5254673803918	1417.1098539688876	17.8
1503.6718127289323	1417.858719030666	17.84
1499.9467335878417	1419.779143532672	17.88
1501.4292917954704	1418.4710478178806	17.92
1501.1398916475537	1421.4385317565007	17.96
1503.2123053590274	1420.3153005115753	18.0
1505.2136678512168	1423.89621874676	18.04
1505.6157845897485	1422.8454603841508	18.08
1506.7974768547508	1422.7003436092384	18.12
1504.940635176525	1425.8445201427355	18.16
1502.8323125472562	1424.6458831006516	18.2
1506.3824994242343	1425.232871942533	18.24
1509.1348221564772	1427.4386299084726	18.28
1507.0669015492747	1427.7791021771604	18.32
1509.224037166289	1427.2449329139308	18.36
1510.4045734758608	1427.3259973339298	18.4
1510.0852957903853	1428.3155158501418	18.44
1510.5972475623894	1427.3869867585684	18.48
1510.3213580599206	1428.5023224243585	18.52
1511.6070506981355	1429.1604541954282	18.56
1512.768377570462	1427.6089645465186	18.6
1510.1822555039876	1428.7954700355544	18.64
1511.3317930999162	1429.3428357346418	18.68
1510.7942056977147	1429.9749898268371	18.72
1512.0130570935883	1428.5761808631623	18.76
1511.2794813603132	1429.773993278454	18.8
1513.047667914879	1428.587991633277	18.84
1509.7278401614724	1426.74647618307	18.88
1510.139316870993	1425.6210367268009	18.92
1509.9145359925612	1426.4186551745302	18.96
1509.4600106878127	1426.3027234705296	19.0
1510.0170113023341	1427.9132262554635	19.04
1512.9442790820167	1428.9153787359846	19.08
1511.950090601865	1428.4607116837753	19.12
1511.993405606831	1429.555826178962	19.16
1514.6818060726428	1430.3958542633268	19.2
1512.5374554112536	1431.4725094031185	19.24
1511.758333809989	1432.0269141845695	19.28
1511.7893077796407	1430.0688248391702	19.32
1512.1309117792346	1431.0344764836761	19.36
1513.499593163458	1430.7835527031427	19.4
1512.2448317547087	1430.016448656651	19.44
1513.5230617714594	1428.0087711415727	19.48
1517.6467242586257	1429.7458581712297	19.52
1516.1052988434449	1431.094143444644	19.56
1515.2459623433463	1429.2658642524411	19.6
1514.9854163967639	1429.690977135683	19.64
1514.3732645716132	1428.9012763277167	19.68
1514.8234236538556	1428.6541185700228	19.72
1511.657943934286	1428.3438790645775	19.76
1512.872731017844	1428.3311405572492	19.8
1511.3187547063442	1430.544994846873	19.84
1513.9664651245193	1431.0034488868353	19.88
1508.9874234246229	1427.566624061065	19.92
1512.1559000174022	1426.3258293927345	19.96
1514.6667469158713	1429.1774573011128	20.0
1514.725828434673	1428.6715927364453	20.04
1514.1551560825276	1429.7242330927893	20.08
1511.4180369887515	1430.1193207827368	20.12
1514.6720121998146	1430.3775172116252	20.16
1512.2666219702048	1430.1397006698826	20.2
1511.483309704287	1430.5495953460954	20.24
1512.0411265083774	1431.4425227435358	20.28
1513.6294500840427	1430.5290835008936	20.32
1511.724187606443	1430.62476318242	20.36
1515.7647499047455	1430.9819008791058	20.4
1512.9957373697307	1430.849834703372	20.44
1515.2547383717506	1430.9432779213687	20.48
1514.1014838700664	1431.3451220089041	20.52
1515.775830213296	1430.6978362913821	20.56
1514.902768818627	1432.2336350700045	20.6
1515.136944523693	1432.8857738931977	20.64
1515.0460052723427	1432.4322865376698	20.68
1514.1081076473176	1432.9498644540427	20.72
1517.2626647213208	1431.8381799055555	20.76
1516.0320877256763	1432.2376585954191	20.8
1517.7137662803952	1431.3710353887016	20.84
1514.8585737211386	1434.7026071832215	20.88
1514.670855201593	1433.1050594730023	20.92
1519.789629958278	1431.3987636203499	20.96
1520.1922242228318	1435.7804924630732	21.0
1519.8284788134167	1434.4657971086972	21.04
1518.7193353544812	1433.3376457259449	21.08
1517.5569619467421	1432.477877158205	21.12
1517.5642227731805	1434.7333248407754	21.16
1511.569590976606	1432.899709885539	21.2
1515.8237180145707	1432.5015705813667	21.24
1514.4187281651796	1432.7668463986947	21.28
1515.2559194237263	1434.5035101215908	21.32
1514.3973668650056	1435.6612688620428	21.36
1513.0301552192545	1434.5047090445205	21.4
1513.3976392091586	1434.3862558231165	21.44
1514.8762912358723	1434.5642031262491	21.48
1514.5224549981508	1435.3917894152335	21.52
1517.9475609132585	1436.2538960689615	21.56
1517.5302501570463	1434.6668280585868	21.6
1517.4037572880238	1435.1415895346152	21.64
1516.9589246369892	1432.5055636179009	21.68
1514.530070808434	1433.4217264993777	21.72
1514.5828968571216	1434.7803911650005	21.76
1516.3031987716058	1436.4150822635129	21.8
1513.3842356883151	1430.93311351661	21.84
1517.6890619221945	1434.3389371135588	21.88
1513.7548066995755	1430.9159969527698	21.92
1517.4248467130838	1434.8943281384813	21.96
1514.0834238936297	1435.2265187239993	22.0
1517.1406499161471	1436.3382907796733	22.04
1517.4615085378973	1433.8386293205504	22.08
1515.5548670263581	1436.423392345225	22.12
1516.4233700793982	1436.0621651240306	22.16
1518.1146609371608	1434.8944698296912	22.2
1517.5886247121207	1435.8508525472882	22.24
1516.4996393552267	1434.763222758393	22.28
1517.1086979555655	1437.0820213246811	22.32
1519.884413395867	1435.0090199188094	22.36
1517.3720629590482	1435.3538071192027	22.4
1519.6109708810482	1434.5862785172342	22.44
1517.4568785387319	1433.8901470089972	22.48
1519.0092942784281	1435.9258590659085	22.52
1519.8769400158124	1434.63461647694	22.56
1515.2412582882762	1434.8860532127017	22.6
1511.6457376878498	1432.813822397868	22.64
1515.0328841758578	1434.6962096021077	22.68
1516.166998594657	1434.9302705520286	22.72
1517.1792934979312	1435.7204108931596	22.76
1517.38485266767	1435.1584208548745	22.8
1516.4496122329267	1433.1611664489672	22.84
1520.3915010563207	1436.1119357496987	22.88
1519.9152397334537	1433.2971882108059	22.92
1516.930340985591	1435.4796310796028	22.96
1521.1538231093223	1432.647339636691	23.0
1518.4217668844933	1433.4524452684684	23.04
1518.806738290261	1432.6110810405305	23.08
1515.831896600532	1432.6257884871764	23.12
1514.6439500488475	1434.1753710278117	23.16
1519.495896019114	1435.4615565114668	23.2
1514.5977655318345	1432.653587725844	23.24
1515.1999081600902	1432.6368593292154	23.28
1515.6203367680857	1433.4592110308217	23.32
1513.569280451757	1433.4912328686837	23.36
1514.054993801233	1435.1843958565225	23.4
1514.9943134021282	1431.717129180042	23.44
1515.6043809834596	1430.9697518880628	23.48
1515.934025088208	1432.0687844015577	23.52
1515.0169890340496	1430.818214322443	23.56
1514.1049274460488	1431.0994019374523	23.6
1509.1716666867364	1427.8316003780608	23.64
1514.2641881819516	1429.5062009263872	23.68
1513.9974807205606	1429.0813966106364	23.72
1513.5556942855776	1431.2515005922457	23.76
1516.2004928237648	1429.196631466973	23.8
1519.339954386783	1429.304586362206	23.84
1515.7477659127774	1427.845025030616	23.88
1516.6530097349441	1431.6796946570175	23.92
1517.3435471231917	1431.4237153483646	23.96
1518.4669810156684	1430.949677993287	24.0
1518.2881853335618	1430.3299607873028	24.04
1516.696475206926	1430.916648736921	24.08
1519.5702609058355	1431.2973533944273	24.12
1516.381283425279	1435.9422638687915	24.16
1518.1604376622918	1435.668672091916	24.2
1518.4259094023716	1432.9786830418432	24.24
1518.7757180831338	1432.0474054427125	24.28
1519.888795787236	1433.9078734237441	24.32
1518.5998700346156	1431.6171567948456	24.36
1519.1659875703913	1436.0453773056854	24.4
1520.9884908646309	1433.0381330228408	24.44
1520.4948196428468	1433.2431992443583	24.48
1517.7036611988296	1432.1373587472897	24.52
1519.0619316336265	1433.182120247016	24.56
1516.008144831422	1430.1278449333588	24.6
1516.8710488067095	1432.427695098579	24.64
1513.5139106043193	1431.669680747089	24.68
1514.0703796185355	1432.8558553725175	24.72
1517.5054880000228	1430.9512288736937	24.76
1517.3397774076934	1428.686173733813	24.8
1512.9430347088264	1430.939777375507	24.84
1515.680724121563	1428.2098186667592	24.88
1512.4586466430133	1426.0933521758186	24.92
1511.8783683419383	1423.4026651022912	24.96
1511.6977642115708	1423.0945140320646	25.0
1508.2548137044319	1419.0737693365015	25.04
1506.0689862581187	1413.6647371419745	25.08
1501.1883727366655	1409.9129480226645	25.12
1497.6041671200085	1406.5849885024415	25.16
1495.4591240602472	1406.5515038705569	25.2
1486.4856669723558	1397.5346969745062	25.24
1477.163528975861	1393.9498946073463	25.28
1469.890000005552	1390.6328500193167	25.32
1456.269348284973	1383.5780786846033	25.36
1410.918641209393	1365.1592166624168	25.4
1375.8850584621948	1323.0372277268307	25.44
1337.0041414549337	1269.6700400512655	25.48
1302.2077688923207	1219.3014426430407	25.52
1269.4362747199364	1177.441952501997	25.56
1243.8120258076171	1150.7616417633549	25.6
1221.153783484098	1130.914140647269	25.64
1203.0824641545112	1129.250711752743	25.68
1178.9692092109544	1121.0180362246847	25.72
1154.5279085170978	1115.3575803576555	25.76
1134.5921483408217	1104.7207198351903	25.8
1115.1974680290882	1089.9901107960502	25.84
1096.4005330781513	1071.3809106389451	25.88
1078.7724281971823	1053.7574019157212	25.92
1067.0468480469833	1040.8551294764652	25.96
1055.8964736434589	1028.0493147497	26.0
1040.739395631718	1009.2285692224596	26.04
1027.0151935486426	991.1131163560722	26.08
1015.6886095170025	979.2509196177941	26.12
1005.8708385071295	967.2642868230628	26.16
998.0405194979269	959.9045489433415	26.2
991.9719041462791	953.9401201150093	26.24
985.0727660634315	954.4104201271001	26.28
983.9774490921598	954.0785816027784	26.32
978.1310278828294	953.8331844930682	26.36
977.8361631520738	954.9955450533574	26.4
977.7791575639228	955.4844654884828	26.44
978.0502935170725	958.3564648648652	26.48
978.3481853996509	958.3828062523902	26.52
977.9200080922593	960.4527558797629	26.56
983.4575436403308	963.8760379937777	26.6
983.4147695115772	964.8017180590138	26.64
985.22476499249	966.2558111937483	26.68
983.1037048769075	965.8737685249547	26.72
985.7790962230915	965.4853765144564	26.76
988.3075820534533	968.5202916594441	26.8
988.7089275953974	969.5268466372601	26.84
990.6796097910665	970.6378395961075	26.88
991.1091464495083	971.7233382088518	26.92
992.2151749136835	974.4849369473206	26.96
993.5673229583591	973.1733255757337	27.0
994.9314839585256	974.2415936869647	27.04
994.3591009099656	974.4617079894498	27.08
994.755218451507	975.1070083459879	27.12
996.5708646601115	974.8817669995178	27.16
995.1252250479997	975.3599031379456	27.2
994.7466067104284	976.7394266521494	27.24
996.4216269099343	977.2737280373009	27.28
998.4632697727723	978.4858544313211	27.32
1000.7834504192132	980.055579980429	27.36
999.4947914552616	980.5472161016535	27.4
1002.2628323452012	981.5522666181153	27.44
1002.5756969289722	982.2135426411395	27.48
1002.9749832878667	982.7893223521921	27.52
1005.4161132315943	984.689071281769	27.56
1003.1743283834061	985.105328515154	27.6
1002.6812792527977	986.2938132850384	27.64
1002.6803841279346	987.5245434764441	27.68
1002.0009215499481	989.7255364497411	27.72
1005.5612357769205	990.4084074668976	27.76
1005.1586716749107	993.9694141086877	27.8
1007.9415671503618	994.9847330165811	27.84
1009.2683932371853	997.5565550576397	27.88
1012.1650697187573	1000.2015878012913	27.92
1013.3025796187504	1003.8070453172522	27.96
1014.8883029391903	1003.7431147732306	28.0
1017.5599562432419	1006.6397162739948	28.04
1018.4455840992886	1007.2708172623469	28.08
1020.0461471477848	1011.1203132681724	28.12
1022.9020164380473	1013.571442001074	28.16
1023.4338227211555	1015.8882386847963	28.2
1023.2280416661516	1015.5457736428668	28.24
1024.7804719811	1015.4351771616867	28.28
1026.6031661402676	1016.183246248388	28.32
1024.1724716973904	1017.8945065159213	28.36
1027.1024866427165	1022.0957094831357	28.4
1024.151726311174	1019.7913520668494	28.44
1024.0769825729728	1020.2212917510908	28.48
1025.5754679527206	1020.6576821838293	28.52
1027.2581058941473	1021.6752443174989	28.56
1032.980303399022	1026.3841668478717	28.6
1032.9244983394838	1026.33693979949	28.64
1037.6299932081376	1022.596762602773	28.68
1039.3919483980612	1019.383757609288	28.72
1050.845802774625	1021.2894195638363	28.76
1067.4929152254795	1033.1694768714574	28.8
1087.0581522588818	1047.1596449836704	28.84
1103.4486485977638	1064.5644566130793	28.88
1123.0468379897304	1083.925585490993	28.92
1144.356464010332	1101.4591385010078	28.96
1165.315419733721	1122.332045762702	29.0
1184.8621129854469	1140.5415682245955	29.04
1211.2601673437448	1160.501166618974	29.08
1237.1397871701033	1179.9449435949302	29.12
1263.676572371449	1206.6324214194428	29.16
1295.122791971863	1237.5628627315934	29.2
1334.0798237348347	1278.45108949444	29.24
1374.6049338260743	1323.4746720197052	29.28
1414.9990948436612	1380.5338785996764	29.32
1455.8972289064577	1432.0478341930786	29.36
1497.8409376306033	1457.519423637762	29.4
1537.260252157193	1493.7803393258948	29.44
1566.0682897994675	1498.7968274038126	29.48
1567.4748160058764	1520.438729174041	29.52
1577.713413888363	1528.2774392736185	29.56
1576.257109480167	1500.760565020418	29.6
1556.7614695853242	1493.863351238603	29.64
1539.825393779518	1443.2990038463026	29.68
1533.6091005758424	1393.5910379385189	29.72
1536.9864589983338	1442.3297999354138	29.76
1506.1010544128108	1377.4213224507037	29.8
1491.242730733248	1345.5782844641187	29.84
1468.5475861021832	1352.1713365317335	29.88
1437.0994209135517	1312.9898023945987	29.92
1403.749845997071	1289.8994038121166	29.96
1365.8592517333243	1478.1046025694964	30.0
1338.5220754030415	1409.4706184807276	30.04
1313.0255945345002	1428.7381416053013	30.08
1282.9936778577357	1444.953208934913	30.12
1262.0523574095791	1252.0029520788717	30.16
1239.1087285395088	1162.49912083367	30.2
1217.6664004655916	1179.9896078766903	30.24
1230.1870332776555	1137.9837002704157	30.28
1289.807432594783	1150.3539209197772	30.32
1356.6518883280273	1176.3203493008866	30.36
1421.3497966952657	1195.0319186185916	30.4
1459.340522981448	1217.6363067621464	30.44
1474.795959211383	1206.8381815468563	30.48
1501.6167251987554	1209.9551608111935	30.52
1507.1933011745007	1208.8440877007656	30.56
1488.1397639626086	1191.7021173458302	30.6
1503.7610653033473	1179.4111942817456	30.64
1471.5098236391968	1179.4502588923006	30.68
1456.8414731361654	1136.49133827009	30.72
1452.9943743948857	1120.4112135490634	30.76
1418.416007807388	1104.2794257141313	30.8
1392.2492193606652	1088.2435880356795	30.84
1400.5790643451182	1066.1391223101623	30.88
1393.6479568476295	1060.6629623705207	30.92
1390.9281390310061	1071.5530004653774	30.96
1383.8152301275338	1059.2428430059967	31.0
1381.4178823996035	1062.5153915633518	31.04
1391.5431974036267	1065.5334158134542	31.08
1365.602737221022	1066.2953032599837	31.12
1392.9470560259097	1061.714115577147	31.16
1377.142702533021	1068.4172095657163	31.2
1380.165853337747	1098.0093299846155	31.24
1390.1353957698016	1096.9417909536667	31.28
1389.708536267803	1069.8250590331293	31.32
1367.69692473807	1066.2897219426477	31.36
1388.4138942744453	1091.168318224838	31.4
1410.0527277507465	1102.6209382983957	31.44
1397.3703210879496	1102.5675191996677	31.48
1418.9278224276468	1114.289383995913	31.52
1403.748654779926	1120.9805835590066	31.56
1441.391260562167	1116.6058983305584	31.6
1419.7784900260108	1124.4297183720064	31.64
0.0	0.0	31.68
1423.521694972505	1180.5308363459972	31.72
1433.8730392992259	1157.2919935457014	31.76
1407.7032163013992	1162.2630245381101	31.8
1392.7866626135635	1178.871585578599	31.84
1399.556161358876	1194.0531729006502	31.88
1391.6126269071492	1166.549598907006	31.92
1392.6423592782144	1182.847651103239	31.96
1408.9291846561193	1200.3385392127177	32.0
0.0	0.0	32.04
0.0	0.0	32.08
0.0	0.0	32.12
0.0	0.0	32.16
0.0	0.0	32.2
0.0	0.0	32.24
0.0	0.0	32.28
0.0	0.0	32.32
0.0	0.0	32.36
0.0	0.0	32.4
1215.6599227342062	1030.009688783203	32.44
0.0	0.0	32.48
1121.8721003421012	1050.3679087996898	32.52
1149.4964363877796	1073.4737279180267	32.56
1061.2811556215654	1133.7921047246439	32.6
0.0	0.0	32.64
0.0	0.0	32.68
1012.4985490241967	1116.0497246547968	32.72
1086.6916145184741	1070.2813680046831	32.76
1097.0837493494896	1077.5537833688652	32.8
1071.965083814003	1054.0869046619669	32.84
1066.5176847364874	1041.3088359491383	32.88
0.0	0.0	32.92
1021.6697591464067	1061.7285536818772	32.96
1061.9338322338463	1036.3680757653285	33.0
1034.634874149657	1030.455061484091	33.04
1037.7272181886372	1035.842003833817	33.08
1058.3321974529056	1022.1573575238249	33.12
1004.5071124595008	1013.4748900018466	33.16
1045.5933730446666	1017.7788739995117	33.2
1019.142521361107	1007.3824389878407	33.24
983.5321577962177	1018.4421322129692	33.28
0.0	0.0	33.32
1042.86209991971	1021.0655185769688	33.36
1050.8526109479844	1027.5418411002217	33.4
1044.619844714461	1023.4059891651469	33.44
1028.4106317363232	1017.3064167088803	33.48
993.1573027526015	1036.8078731490464	33.52
1049.921980229466	1007.6192403070983	33.56
1038.6394030744416	1032.7181239898357	33.6
1051.1183593424423	1015.1083515440769	33.64
1041.1048361959565	979.4115958801664	33.68
1033.4480209848884	971.3330969102592	33.72
1036.1265264736392	980.8197979801482	33.76
1032.8887606807416	973.7783932950763	33.8
1034.7351218656488	981.4830849119188	33.84
1031.6090290761883	968.3285521538709	33.88
1032.6841001708192	971.4280275841718	33.92
1030.9684699345512	963.8746182490944	33.96
1024.9363401211378	971.5829820470462	34.0
1025.5570650242028	969.4342549443393	34.04
1026.979942503695	969.7162057097887	34.08
1030.7618207086068	965.7172844939143	34.12
1032.9701357115027	973.7487235703572	34.16
1034.8429370430006	974.609313262075	34.2
1039.4368863311133	975.1263537013646	34.24
1038.8264092743125	970.1448814777293	34.28
1030.8556206389317	977.7054031196182	34.32
1044.8782114945006	978.0393021406281	34.36
1045.4952728751377	975.2655664941989	34.4
1043.0357855657032	976.285388201008	34.44
1051.589660396905	974.5670620905692	34.48
1045.6095922561808	976.373849140086	34.52
1040.0376204929735	964.6123158761723	34.56
1038.2511486923759	974.5901763375241	34.6
1046.3956848427579	974.6984954894766	34.64
1040.2225081374272	969.0677903820405	34.68
1055.918899759144	965.8026690599995	34.72
1044.569786888729	967.6730374154395	34.76
1048.9792494807325	968.0184318831147	34.8
1040.725245483557	962.292377786226	34.84
1043.9832928962949	963.0891687595114	34.88
1037.6336111385783	975.6161021854457	34.92
1045.4277307501202	964.207948708618	34.96
1042.2270589788993	966.2770831259055	35.0
1048.6083961406912	967.4664531405343	35.04
1046.1566056764352	968.9771173692299	35.08
1044.774352857605	964.4473124801157	35.12
1047.3008563743683	975.5483807667702	35.16
1049.4231299205585	968.4591675505856	35.2
1039.2050546282112	974.6346947584606	35.24
1051.161735346797	968.7555019410513	35.28
1032.9413209272486	960.8765764927886	35.32
1049.5214768273358	968.9535073093126	35.36
1039.2000932211529	966.2685954021251	35.4
1035.2481823024182	966.7672963010516	35.44
1037.1008615273547	962.6318611554736	35.48
1043.0621361941498	969.9565177914194	35.52
1045.0489573533569	959.4669105726214	35.56
1019.8536929649084	954.2283643231734	35.6
1028.54962228438	958.280134862905	35.64
1018.2288222998831	951.6511649724624	35.68
1008.8039969759474	946.5983415763063	35.72
1007.6661907544246	941.6459181317169	35.76
1006.5943474170689	942.9093342489952	35.8
1011.5935491279132	941.8318415223742	35.84
1006.862805244878	948.661211173184	35.88
1004.9975093277957	947.2625606473559	35.92
998.2657017314249	936.2216782519056	35.96
1010.3382719994523	945.1674123033009	36.0
998.82145499411	944.4073508318223	36.04
1009.2013990267251	947.3119032686109	36.08
1012.1353499843182	946.9953331271892	36.12
1001.5312979551115	942.6903005371576	36.16
996.5922109143157	952.8656141225006	36.2
1002.6536297720113	946.5927378180126	36.24
1002.7098736745291	945.116648274734	36.28
1007.7166490181605	953.7829176638396	36.32
1002.225514899211	943.6316633896057	36.36
1012.0361322624749	944.0457420915645	36.4
1009.0282808736877	948.383139784856	36.44
1004.6412295308917	948.5247704835848	36.48
1008.6227812309505	955.5186762241053	36.52
1012.2685266501525	949.9239564124533	36.56
1007.5150782407053	947.6331855593097	36.6
1008.4357372921252	941.7760912741611	36.64
1006.487958979131	940.0412527785174	36.68
995.1956838849279	940.2984943097073	36.72
995.8440977031428	941.3833109810673	36.76
981.0880722765276	947.2776616842565	36.8
987.1143505455312	941.300140757962	36.84
974.7607519135369	931.1201593117144	36.88
961.3999023465695	932.3944861070004	36.92
957.9957093891269	924.5006949740875	36.96
933.7348280067122	909.8872117909793	37.0
0.0	0.0	37.04
880.7220830756279	887.2928795943743	37.08
851.9521212599576	861.8761788456101	37.12
0.0	0.0	37.16
0.0	0.0	37.2
0.0	0.0	37.24
745.099333677415	743.3078610034713	37.28
710.4300198640899	707.6179054532944	37.32
683.9883729349889	691.892961659619	37.36
667.4958095212331	667.9238687795214	37.4
646.4241377518529	700.7326883128068	37.44
613.5309837652218	615.344147749008	37.48
0.0	0.0	37.52
0.0	0.0	37.56
0.0	0.0	37.6
0.0	0.0	37.64
0.0	0.0	37.68
0.0	0.0	37.72
0.0	0.0	37.76
0.0	0.0	37.8
0.0	0.0	37.84
0.0	0.0	37.88
0.0	0.0	37.92
0.0	0.0	37.96
0.0	0.0	38.0
0.0	0.0	38.04
0.0	0.0	38.08
0.0	0.0	38.12
0.0	0.0	38.16
0.0	0.0	38.2
0.0	0.0	38.24
0.0	0.0	38.28
0.0	0.0	38.32
0.0	0.0	38.36
492.81953760864064	606.7507971216929	38.4
0.0	0.0	38.44
0.0	0.0	38.48
0.0	0.0	38.52
0.0	0.0	38.56
0.0	0.0	38.6
0.0	0.0	38.64
0.0	0.0	38.68
0.0	0.0	38.72
0.0	0.0	38.76
517.5488936836326	663.7452517966528	38.8
514.9196178684567	648.4883492217596	38.84
0.0	0.0	38.88
0.0	0.0	38.92
0.0	0.0	38.96
0.0	0.0	39.0
0.0	0.0	39.04
0.0	0.0	39.08
0.0	0.0	39.12
0.0	0.0	39.16
0.0	0.0	39.2
0.0	0.0	39.24
0.0	0.0	39.28
0.0	0.0	39.32
0.0	0.0	39.36
0.0	0.0	39.4
0.0	0.0	39.44
0.0	0.0	39.48
0.0	0.0	39.52
0.0	0.0	39.56
0.0	0.0	39.6
0.0	0.0	39.64
0.0	0.0	39.68
0.0	0.0	39.72
0.0	0.0	39.76
0.0	0.0	39.8
0.0	0.0	39.84
0.0	0.0	39.88
0.0	0.0	39.92
0.0	0.0	39.96
0.0	0.0	40.0
0.0	0.0	40.04
0.0	0.0	40.08
0.0	0.0	40.12
0.0	0.0	40.16
0.0	0.0	40.2
0.0	0.0	40.24
0.0	0.0	40.28
0.0	0.0	40.32
0.0	0.0	40.36
0.0	0.0	40.4
0.0	0.0	40.44
0.0	0.0	40.48
0.0	0.0	40.52
0.0	0.0	40.56
0.0	0.0	40.6
0.0	0.0	40.64
0.0	0.0	40.68
0.0	0.0	40.72
0.0	0.0	40.76
0.0	0.0	40.8
0.0	0.0	40.84
0.0	0.0	40.88
0.0	0.0	40.92
0.0	0.0	40.96
0.0	0.0	41.0
0.0	0.0	41.04
0.0	0.0	41.08
0.0	0.0	41.12
0.0	0.0	41.16
0.0	0.0	41.2
0.0	0.0	41.24
0.0	0.0	41.28
0.0	0.0	41.32
0.0	0.0	41.36
0.0	0.0	41.4
0.0	0.0	41.44
0.0	0.0	41.48
0.0	0.0	41.52
0.0	0.0	41.56
0.0	0.0	41.6
0.0	0.0	41.64
0.0	0.0	41.68
0.0	0.0	41.72
0.0	0.0	41.76
0.0	0.0	41.8
494.83811072730344	667.9538367382544	41.84
0.0	0.0	41.88
0.0	0.0	41.92
0.0	0.0	41.96
0.0	0.0	42.0
0.0	0.0	42.04
0.0	0.0	42.08
0.0	0.0	42.12
0.0	0.0	42.16
0.0	0.0	42.2
0.0	0.0	42.24
0.0	0.0	42.28
0.0	0.0	42.32
0.0	0.0	42.36
0.0	0.0	42.4
0.0	0.0	42.44
0.0	0.0	42.48
0.0	0.0	42.52
0.0	0.0	42.56
0.0	0.0	42.6
0.0	0.0	42.64
0.0	0.0	42.68
0.0	0.0	42.72
0.0	0.0	42.76
0.0	0.0	42.8
0.0	0.0	42.84
0.0	0.0	42.88
0.0	0.0	42.92
0.0	0.0	42.96
0.0	0.0	43.0
0.0	0.0	43.04
0.0	0.0	43.08
0.0	0.0	43.12
0.0	0.0	43.16
0.0	0.0	43.2
0.0	0.0	43.24
0.0	0.0	43.28
0.0	0.0	43.32
0.0	0.0	43.36
0.0	0.0	43.4
0.0	0.0	43.44
0.0	0.0	43.48
0.0	0.0	43.52
0.0	0.0	43.56
0.0	0.0	43.6
0.0	0.0	43.64
0.0	0.0	43.68
0.0	0.0	43.72
0.0	0.0	43.76
0.0	0.0	43.8
0.0	0.0	43.84
0.0	0.0	43.88
0.0	0.0	43.92
0.0	0.0	43.96
0.0	0.0	44.0
0.0	0.0	44.04
0.0	0.0	44.08
494.93226066329424	596.9265041181511	44.12
0.0	0.0	44.16
0.0	0.0	44.2
0.0	0.0	44.24
0.0	0.0	44.28
490.1753086925251	620.768474102337	44.32
0.0	0.0	44.36
0.0	0.0	44.4
0.0	0.0	44.44
0.0	0.0	44.48
0.0	0.0	44.52
0.0	0.0	44.56
0.0	0.0	44.6
0.0	0.0	44.64
0.0	0.0	44.68
502.35374867493647	620.8402539464519	44.72
0.0	0.0	44.76
506.97401755111827	628.3479188838302	44.8
0.0	0.0	44.84
0.0	0.0	44.88
0.0	0.0	44.92
0.0	0.0	44.96
0.0	0.0	45.0
0.0	0.0	45.04
0.0	0.0	45.08
0.0	0.0	45.12
0.0	0.0	45.16
0.0	0.0	45.2
0.0	0.0	45.24
0.0	0.0	45.28
0.0	0.0	45.32
0.0	0.0	45.36
0.0	0.0	45.4
0.0	0.0	45.44
0.0	0.0	45.48
0.0	0.0	45.52
0.0	0.0	45.56
0.0	0.0	45.6
0.0	0.0	45.64
0.0	0.0	45.68
0.0	0.0	45.72
0.0	0.0	45.76
0.0	0.0	45.8
0.0	0.0	45.84
0.0	0.0	45.88
0.0	0.0	45.92
0.0	0.0	45.96
0.0	0.0	46.0
0.0	0.0	46.04
0.0	0.0	46.08
0.0	0.0	46.12
0.0	0.0	46.16
697.2726882621691	728.2764314780874	46.2
0.0	0.0	46.24
0.0	0.0	46.28
0.0	0.0	46.32
0.0	0.0	46.36
0.0	0.0	46.4
0.0	0.0	46.44
0.0	0.0	46.48
0.0	0.0	46.52
0.0	0.0	46.56
0.0	0.0	46.6
0.0	0.0	46.64
0.0	0.0	46.68
0.0	0.0	46.72
0.0	0.0	46.76
0.0	0.0	46.8
0.0	0.0	46.84
0.0	0.0	46.88
0.0	0.0	46.92
0.0	0.0	46.96
0.0	0.0	47.0
0.0	0.0	47.04
0.0	0.0	47.08
0.0	0.0	47.12
0.0	0.0	47.16
0.0	0.0	47.2
0.0	0.0	47.24
0.0	0.0	47.28
0.0	0.0	47.32
0.0	0.0	47.36
0.0	0.0	47.4
0.0	0.0	47.44
0.0	0.0	47.48
0.0	0.0	47.52
0.0	0.0	47.56
0.0	0.0	47.6
1248.1571777175204	1017.5273862021055	47.64
1255.1459327189739	1021.3313561031463	47.68
0.0	0.0	47.72
0.0	0.0	47.76
0.0	0.0	47.8
0.0	0.0	47.84
0.0	0.0	47.88
1225.4713091904648	1092.4706121320726	47.92
1197.8346185920848	1090.946916195162	47.96
1198.9044030066818	1126.8842566940311	48.0
1180.8588774305408	1186.9643090029206	48.04
1155.2168546158332	1107.2312313445702	48.08
1127.2404066763042	1089.4618404833332	48.12
1125.9037918774377	1022.7102644359238	48.16
1124.8506697742914	1025.3222811107773	48.2
1136.1986375894521	1049.1491022624068	48.24
1144.5876648103565	1016.0001744408451	48.28
1153.666194205371	1041.4276968569206	48.32
1160.593421032165	1050.5471908035558	48.36
1165.5770901838555	1069.1801047025403	48.4
1171.1424428646988	1078.5191514547503	48.44
1180.852121847496	1092.7904130385873	48.48
1194.691600677315	1104.9875411766632	48.52
1233.3518485364038	1109.6429172940502	48.56
1201.3806605879734	1126.1728411929682	48.6
1198.745504736493	1144.5056808062434	48.64
1209.1892249195334	1150.1143593394618	48.68
1220.0756778428477	1174.7559382885563	48.72
1127.9528484980626	1125.4710483383894	48.76
1223.2790617469811	1157.5263902742786	48.8
1211.8897050349835	1140.3696280501347	48.84
1186.8102784355324	1101.0684041154702	48.88
1168.6301621984876	1099.0097381583398	48.92
1163.0020959426247	1092.8378741078975	48.96
1158.5613583675884	1063.8568061262347	49.0
1144.7586764388	1051.123447838268	49.04
1043.5720423418509	1036.5893198554538	49.08
1018.667906071765	1019.8604078372559	49.12
1000.5928462786239	1013.6474638630908	49.16
982.7368767207302	996.2889730581364	49.2
967.8258411121371	988.7419450654836	49.24
955.9483087776727	975.8048097632292	49.28
955.3534757383013	967.4978302682701	49.32
940.8487323825207	957.7941563647042	49.36
936.7199863491921	942.3496130606632	49.4
925.3775020319149	924.8628997572922	49.44
917.1421734186071	908.4514147822081	49.48
903.8110487654133	891.3818529333416	49.52
896.681699425653	874.9979525570061	49.56
883.5342745605714	855.9485793823105	49.6
873.9593137014705	863.4917327493894	49.64
858.2541465726332	847.4251621108051	49.68
849.0926482948427	839.2019815035374	49.72
857.877061052595	842.9836297659273	49.76
862.5680304058492	847.3094252152179	49.8
867.9993494311467	844.0714122188066	49.84
871.2416958017564	846.0742315789173	49.88
875.4979971593226	850.9670102574128	49.92
877.0022309357779	844.8935222004243	49.96
881.9133086978228	849.399638028199	50.0
888.7030612519864	847.7522432447041	50.04
891.3937193105611	871.5733757534316	50.08
888.9221511688241	861.9654485696017	50.12
884.3423017605128	866.2089895812553	50.16
883.9258098584371	860.2144047283614	50.2
884.5255468767405	859.5675022144788	50.24
892.1106139437786	861.0829289534371	50.28
894.1686409325843	860.6932702499388	50.32
898.1345840933514	866.1146546471457	50.36
891.5871539720774	871.1587081819042	50.4
871.6432290097594	854.6037577243511	50.44
853.7137528258362	836.4379417312798	50.48
842.132786654921	818.5417320849795	50.52
835.8086500713538	831.2275310030561	50.56
822.7887521046315	827.43781435322	50.6
808.9924661176942	797.9235876466092	50.64
805.1401900411759	807.2565794109531	50.68
795.336258304214	808.8136663161414	50.72
790.0058774548534	787.9340282917414	50.76
785.7907766547013	799.3935655726543	50.8
782.1443875355144	782.7695517457744	50.84
778.1329911933443	787.12309552278	50.88
777.5207795856519	790.7220730244218	50.92
779.9156064458133	790.5357751237395	50.96
784.7482983805021	794.3926739921092	51.0
784.3930589814855	787.1602204606422	51.04
785.4875977620412	792.1880790703808	51.08
784.3895643412732	797.0912906475444	51.12
787.789745551541	810.4585678040611	51.16
789.8128862374466	818.4944815106369	51.2
790.6488045147009	818.9771135309039	51.24
791.4693797656324	819.9681977804595	51.28
789.6882970679458	819.9872272792484	51.32
786.9836315251572	817.6878132958981	51.36
783.5923026053084	821.0997987553998	51.4
782.6620400395668	830.6708757740031	51.44
781.2794677180675	818.6648714137426	51.48
782.823732946414	820.7076991223498	51.52
780.4686654597043	825.4739046887885	51.56
780.3956581657786	826.3479565155142	51.6
781.9486496149945	825.2867778822067	51.64
776.4699977536369	815.8455294640195	51.68
774.87915261917	825.4127420747443	51.72
771.0023248575523	815.3155377983201	51.76
771.3212528321957	812.4849649373807	51.8
769.8962394116397	807.1177418774303	51.84
763.0726536929277	794.5467281736616	51.88
758.4062481429912	795.9257124773959	51.92
757.8694590545352	774.9720545653959	51.96
756.2655220540119	781.1884855888181	52.0
751.3744606890327	778.4584360924414	52.04
748.1967793546199	771.8432343959407	52.08
744.4340230346063	769.9554733889901	52.12
744.1309485660735	771.2677998069202	52.16
742.406330774296	772.0833808573755	52.2
740.0745894883115	767.5948130587392	52.24
737.348052928536	760.2474081062718	52.28
737.8207223183725	760.2447014049424	52.32
738.020280652699	757.4496084774329	52.36
738.1217206732936	765.4826355404394	52.4
736.04061587725	771.1409927763502	52.44
738.078265338619	766.3218533599271	52.48
743.4349630535565	763.2190486542103	52.52
745.3030303466763	752.6536462071203	52.56
749.3643026367417	755.2450480113046	52.6
758.5069964191875	770.6281545419868	52.64
769.6171091442776	778.4846033386634	52.68
781.0961956932947	804.1906444414759	52.72
789.546062514256	819.6422648660282	52.76
795.3801815830715	826.4210579427466	52.8
808.0631814901909	837.620962101838	52.84
811.1158013827239	833.0395043382464	52.88
811.8491810000122	820.1796485708041	52.92
804.761104967183	824.3884586896021	52.96
799.2141102389168	826.0434912130756	53.0
803.6043655413006	829.0076655301608	53.04
800.4985396735526	839.2597284580443	53.08
791.7884822157025	842.8723570819571	53.12
783.3693790821374	841.690901372358	53.16
778.2511597931842	840.7089791556263	53.2
785.9151187643517	838.7165374284058	53.24
779.4584310255406	848.7393135238933	53.28
780.0255422009141	845.511961074401	53.32
781.372738601088	838.4307556187863	53.36
782.3188176223895	837.9362990787299	53.4
786.9941460412894	842.2131339999695	53.44
783.1789665570409	834.5274335990225	53.48
782.6843456254356	827.2019169976952	53.52
780.9764725480578	832.0539949870843	53.56
773.5625659550573	820.7938143705074	53.6
771.8937862195769	816.0838909755015	53.64
767.2824549941494	831.0039869837789	53.68
768.1511873786314	832.6534422355173	53.72
773.4392758614648	819.2159542079552	53.76
770.8750155855366	833.0936378978059	53.8
763.597237451405	829.7917683593694	53.84
769.6958458173084	824.9411277343357	53.88
770.1231613851747	825.0965348933263	53.92
770.2381401380396	816.3190593652621	53.96
768.6202224214034	805.9055669170168	54.0
764.6240762878954	808.7658725358303	54.04
764.6365643980224	799.4635791700168	54.08
762.9868379008569	796.9422923186384	54.12
763.142517997316	794.5324734001193	54.16
760.5448266601933	780.1123874717258	54.2
759.0980722238554	782.5054776147915	54.24
756.6951834857783	790.9869750067874	54.28
762.333267301638	792.7444751818913	54.32
760.4878755587797	789.7559630737692	54.36
764.3307263749214	798.7472806268385	54.4
767.1424997713237	812.0863785624764	54.44
768.714710201714	805.0071465094061	54.48
768.2540151260644	792.4636133593306	54.52
768.9869198854074	795.166522757778	54.56
769.3256983285246	797.794930462103	54.6
772.5001788952321	800.0531723039876	54.64
774.9204665137908	802.0258260987443	54.68
774.7498654290227	798.3629233088496	54.72
774.254817679989	810.78005586337	54.76
775.6855522476385	795.3405130065644	54.8
768.3135230429117	796.4807076384767	54.84
759.0232798130173	806.4627849727655	54.88
756.5546185184867	785.736770247746	54.92
760.6434722755289	814.9947270467633	54.96
763.370165658389	807.6774812538167	55.0
765.0568533240175	813.3800588980533	55.04
759.9513819336622	803.202647946124	55.08
752.3494473997401	816.2311890341188	55.12
743.5436678924061	760.4372507949416	55.16
736.2992028509123	747.3630443541696	55.2
723.9568419417617	719.051172731632	55.24
714.3156554709793	721.5975681382313	55.28
703.9048553017498	719.8759418585267	55.32
685.2154776569575	706.0108457912406	55.36
678.6443829329713	695.5090240173067	55.4
668.1990251570172	691.818465441207	55.44
658.3834472282086	668.9100946136665	55.48
651.5259640290335	655.3338090534664	55.52
652.1100526635616	654.2302750654051	55.56
652.0037230560595	643.3675310829607	55.6
652.3939282950283	632.9073366459235	55.64
657.0222671567359	637.8106094186302	55.68
658.410872416738	640.8459624905767	55.72
669.4684958953386	635.6260033299219	55.76
674.7156792124016	645.2825936612234	55.8
686.4021628094091	670.3304841914209	55.84
695.8548890745886	695.022785204854	55.88
718.9165982588253	708.1925041699496	55.92
738.3604167040608	732.0038375716241	55.96
747.9256570517091	752.2551979270114	56.0
744.5599117779352	745.1763198614457	56.04
731.1587272829377	745.9045236750105	56.08
697.3684513824549	718.6587459590634	56.12
663.833625659401	672.2524000304852	56.16
615.102767339952	631.5489229269051	56.2
553.741559837305	573.2015203757903	56.24
495.8580296130475	529.7289569429116	56.28
447.2575968032397	501.83423292531535	56.32
411.3991905706315	454.98206925128824	56.36
376.21125130558255	438.81389187303546	56.4
347.10679640837816	415.613745494902	56.44
319.09077047770717	386.74373138852366	56.48
319.3803234921682	353.827561450442	56.52
310.1434351905614	381.5294443145524	56.56
289.4190935331533	361.07800782434737	56.6
290.06272345280195	343.17003183304473	56.64
289.38019312497886	340.96808514491016	56.68
297.25393819061827	354.75419605837016	56.72
307.02585820553486	377.25493676547035	56.76
324.81727157209434	403.2047130675394	56.8
336.93607065947356	418.13337918366415	56.84
375.14307848839064	436.30887252914977	56.88
396.4137339970251	444.0240520596008	56.92
438.8262856452824	471.76238845265357	56.96
463.1887241905593	518.6569188206369	57.0
490.1749204130324	551.9480866400904	57.04
513.6521462056351	560.0353788991515	57.08
536.3416725731719	601.7426201587768	57.12
566.2370412921766	609.6986709551544	57.16
589.2417241470316	646.1328316261956	57.2
608.9881571866728	662.3016927418535	57.24
624.2638934909415	693.2835826785217	57.28
638.489587749661	706.1073509177186	57.32
650.4012057831325	699.4200330686283	57.36
658.3948898497766	711.8648514624771	57.4
662.9223650189124	716.8297796950658	57.44
668.1511535920453	723.3512140266364	57.48
676.8209882915768	723.9084883663112	57.52
683.0734979794213	734.1504612335048	57.56
691.2825985610021	739.4133135994468	57.6
694.6447768919619	739.8334231622928	57.64
702.3981706608841	752.7562762078206	57.68
709.2552542902267	754.5383184184741	57.72
710.088870769299	754.4311222558407	57.76
709.4636152450918	759.8309350329666	57.8
704.6036825148778	744.2818718796862	57.84
698.6352399013703	744.8998832319737	57.88
690.2184774929013	741.7606403180426	57.92
691.5852420436557	740.4879832740878	57.96
693.1791884088212	747.8693883500947	58.0
695.4237159523361	743.7345120004082	58.04
692.3993384143299	735.3278255008736	58.08
693.5690250839227	743.177413749342	58.12
693.1771999425837	744.4207202964103	58.16
697.3758255042106	744.1963325498197	58.2
701.9400725039388	756.2094963963214	58.24
708.0397280436368	770.1985137869227	58.28
715.1965632142461	762.063681293599	58.32
715.9084175116889	776.124848698004	58.36
715.3959782819871	770.352723820269	58.4
714.4839039309215	770.7185936368369	58.44
713.4512197099344	772.5806340173025	58.48
714.6515770002192	770.9803722521048	58.52
714.0479680698419	754.6689483032029	58.56
712.0388530187362	765.0014227159974	58.6
712.7616586990254	763.9198977673235	58.64
712.0252838573571	770.4835076353643	58.68
714.6113789641853	779.7109786588026	58.72
715.323909420828	770.4561008772961	58.76
716.2139144182557	767.629505870476	58.8
713.2238977498168	767.9681953270635	58.84
713.9178773944997	770.8860911601022	58.88
712.7164303059637	772.0321543999488	58.92
712.2327327534193	771.1887466650737	58.96
709.6172068752326	761.6691918077747	59.0
709.6559983533743	766.0170261145032	59.04
711.7210845260322	766.2656841761462	59.08
714.0238653765987	761.8392509746383	59.12
722.0420782789403	770.3617746802854	59.16
720.136197181391	760.2537344437146	59.2
729.8188315325916	772.0992595541755	59.24
736.4638325514226	782.7676835588666	59.28
724.8441340747382	763.3835457937554	59.32
731.5544725346117	782.162658396512	59.36
734.3420852555319	782.6513780108519	59.4
733.9357239651316	786.8644476342535	59.44
734.3940067694377	774.2612306665358	59.48
740.0718983626157	781.4831824846955	59.52
743.3980622746681	777.1299863367128	59.56
750.2023002769726	796.7510370851643	59.6
752.185547190635	793.3523504473592	59.64
756.2578214673408	792.8659688907902	59.68
758.5379588084769	797.533970867495	59.72
760.7455144973353	793.2665857567983	59.76
763.9575508732868	794.8469306293294	59.8
768.2577185280352	798.4110704270724	59.84
772.0382635237819	804.3605464133368	59.88
775.670064263725	803.6528548222622	59.92
779.4652747328981	803.1218074719366	59.96
783.4632239169763	806.1034934041353	60.0
785.5723047435865	816.2668931942404	60.04
787.2738991658831	807.6616154031917	60.08
787.8664168211982	812.9460572806042	60.12
789.9772074155153	818.0704711245817	60.16
793.9746397351106	823.5717611389651	60.2
797.6531260153911	823.9077240445584	60.24
799.7029955725085	827.005916153554	60.28
806.2522808734867	834.5994285380091	60.32
818.5151094964613	828.3826352935986	60.36
827.5656941923243	836.6856725952822	60.4
835.0573543627632	832.0949981808645	60.44
851.8408313427491	837.3405998732078	60.48
869.8061061506754	843.5365712582732	60.52
885.546160298673	851.989748283784	60.56
897.0546690286436	873.1691038631741	60.6
903.8663132980837	868.3555894299859	60.64
905.0261601774926	866.1119532555282	60.68
904.7725440427913	862.7811746586052	60.72
904.7694331009803	864.3510873559827	60.76
902.4885032229383	848.9269409717697	60.8
891.8873222306241	833.8684160432431	60.84
886.008198115041	831.9422376255585	60.88
876.9819067148104	822.9834772475889	60.92
867.016400793371	816.1983938402839	60.96
859.7423065780149	803.3870018772103	61.0
851.3702908322683	776.6939789024553	61.04
825.6458227139973	738.5778034358362	61.08
774.8427552828088	662.9130267183406	61.12
1268.2556092375357	1226.6841667588499	61.16
1264.2226812426213	1227.47707200498	61.2
1264.7988014802609	1229.5870645403772	61.24
1257.75635229804	1219.1505674201173	61.28
1254.5409750987699	1222.6282540201646	61.32
1245.5470328678794	1227.7505007799969	61.36
1249.0838624707812	1229.4207628539743	61.4
1254.647683826845	1246.1306553655259	61.44
1262.5975687541497	1258.3795213620294	61.48
1263.833419850394	1268.7376709626626	61.52
1265.3853799688786	1263.6664496600727	61.56
1264.3480527413935	1267.5093443763515	61.6
1267.9821190602324	1274.2047052489381	61.64
1273.396682519335	1276.8331668290793	61.68
1273.0980190152657	1278.8002202955931	61.72
1277.0957039918846	1281.1988777685774	61.76
1280.0130149762824	1285.3804035422745	61.8
1282.8628342084114	1290.739277514831	61.84
1289.0939432093228	1296.5970637535224	61.88
1293.3670463378035	1295.8162754772725	61.92
1298.4587424127021	1296.9146873250174	61.96
1301.5447441329004	1296.5888763362657	62.0
1308.542831456402	1296.4024426545336	62.04
1310.1375494779957	1295.6008272105817	62.08
1311.8808785768517	1295.906579417572	62.12
1312.750119579527	1296.0741511633669	62.16
1315.279724107207	1298.9482299402562	62.2
1316.6282343826633	1299.8795880677862	62.24
1319.5011956526605	1300.6357042404604	62.28
1321.7121755682574	1299.0787144459441	62.32
1324.093715264904	1297.8005912260808	62.36
1326.8324565505022	1298.7655120524264	62.4
1327.4141056664378	1299.2386697506568	62.44
1327.9993654603234	1300.1329559282483	62.48
1330.517615799042	1301.9412875116375	62.52
1330.7395106654985	1301.322270009225	62.56
1332.8740596138355	1301.6202223786988	62.6
1333.814653521412	1303.522748287501	62.64
1334.5008036420284	1304.3483018322233	62.68
1335.6162261672353	1304.3026544603072	62.72
1342.684847516527	1309.0242787975237	62.76
1347.7718759128445	1329.1770274780506	62.8
1345.1580817189297	1340.5108321891332	62.84
1340.6590648069944	1338.6384934061566	62.88
1334.1424641325607	1324.4539501440254	62.92
1329.8060748244486	1309.5525549136541	62.96
1327.5908611025131	1294.7565952413358	63.0
1328.252481615315	1287.7009661735538	63.04
1328.2036336372619	1285.7858185554107	63.08
1327.3294063935116	1285.9745408363685	63.12
1328.661971736976	1293.7253533149167	63.16
1328.8643833717897	1300.5804741779534	63.2
1328.1311785453668	1303.317495400927	63.24
1326.8880319710147	1307.0229292518698	63.28
1326.3717234779574	1308.225240548716	63.32
1328.678080957222	1313.1837666705585	63.36
1331.6955814826938	1315.3856672256325	63.4
1334.2254762205068	1317.6777858058701	63.44
1336.412267505879	1320.1554840720075	63.48
1337.0615512813847	1321.788161063493	63.52
1338.3735437320097	1322.8690056594419	63.56
0.0	0.0	63.6
0.0	0.0	63.64
0.0	0.0	63.68
0.0	0.0	63.72
