Thumb_R	Index_R	Time
0.0	0.0	0.04
0.0	0.0	0.08
0.0	0.0	0.12
0.0	0.0	0.16
0.0	0.0	0.2
0.0	0.0	0.24
0.0	0.0	0.28
0.0	0.0	0.32
0.0	0.0	0.36
0.0	0.0	0.4
0.0	0.0	0.44
0.0	0.0	0.48
0.0	0.0	0.52
0.0	0.0	0.56
0.0	0.0	0.6
0.0	0.0	0.64
0.0	0.0	0.68
0.0	0.0	0.72
0.0	0.0	0.76
0.0	0.0	0.8
0.0	0.0	0.84
0.0	0.0	0.88
0.0	0.0	0.92
0.0	0.0	0.96
0.0	0.0	1.0
0.0	0.0	1.04
0.0	0.0	1.08
0.0	0.0	1.12
0.0	0.0	1.16
0.0	0.0	1.2
0.0	0.0	1.24
0.0	0.0	1.28
0.0	0.0	1.32
0.0	0.0	1.36
0.0	0.0	1.4
0.0	0.0	1.44
0.0	0.0	1.48
0.0	0.0	1.52
0.0	0.0	1.56
0.0	0.0	1.6
0.0	0.0	1.64
0.0	0.0	1.68
0.0	0.0	1.72
0.0	0.0	1.76
0.0	0.0	1.8
0.0	0.0	1.84
0.0	0.0	1.88
0.0	0.0	1.92
0.0	0.0	1.96
0.0	0.0	2.0
0.0	0.0	2.04
0.0	0.0	2.08
0.0	0.0	2.12
0.0	0.0	2.16
0.0	0.0	2.2
0.0	0.0	2.24
0.0	0.0	2.28
0.0	0.0	2.32
0.0	0.0	2.36
0.0	0.0	2.4
1962.0394123090616	1783.8993663442668	2.44
0.0	0.0	2.48
0.0	0.0	2.52
0.0	0.0	2.56
0.0	0.0	2.6
0.0	0.0	2.64
0.0	0.0	2.68
0.0	0.0	2.72
0.0	0.0	2.76
0.0	0.0	2.8
1433.7454308956376	1413.8650009432133	2.84
1369.1969794737915	1350.344637558788	2.88
1303.7891682763116	1282.7573128287274	2.92
1259.0226014989062	1233.9114113879814	2.96
1223.0850278855655	1195.3225408605904	3.0
1208.9709881546416	1164.9931656118856	3.04
1199.1187986847456	1134.568277496646	3.08
1187.176976403321	1109.915914402757	3.12
1167.4434578143023	1089.4730850211845	3.16
1150.9086803491155	1079.940928869532	3.2
1138.9457400434183	1094.6866472723555	3.24
1138.010396354948	1092.584392222769	3.28
1128.5404130164945	1077.2542667544546	3.32
1126.0049267056197	1061.5752180838324	3.36
1111.9541696063916	1046.7018403037064	3.4
1120.1750088602953	1032.1898545416195	3.44
1129.076600400443	1006.5497790952744	3.48
1130.0482994044098	1008.8536687658741	3.52
1138.5440592347281	1011.9563727760511	3.56
1139.9318934547107	1016.3963035549257	3.6
1142.9737298326336	1019.2532405052731	3.64
1145.0220574433126	1033.9686781194362	3.68
1145.8110233007365	1033.0410974606414	3.72
1136.6913030042901	1038.110904599544	3.76
1122.906527939879	1008.3107598581649	3.8
1107.691953027646	997.6806114626929	3.84
1104.2999837445514	962.4877464740847	3.88
1103.6036279516425	964.3705728101534	3.92
1107.517762956404	969.3213500909643	3.96
1126.2470356169445	986.8966339915505	4.0
1142.2692812887942	1005.8923110711323	4.04
1143.7683507246736	1019.2454375874107	4.08
1141.0420770930784	1020.4751280787406	4.12
1138.1258988294292	1022.441557949146	4.16
1139.2429850879653	1026.0858258110268	4.2
1146.8202064569075	1032.2668020042695	4.24
1154.6301890293867	1042.903666337448	4.28
1165.9318130032227	1052.3450070577449	4.32
1168.751327895897	1061.53641834597	4.36
1163.9874392414904	1060.2908044758665	4.4
1159.5469694049066	1056.9010286531532	4.44
1153.4179533729362	1053.6170154056078	4.48
1145.3258733769524	1047.994889911057	4.52
1138.237453645188	1038.367709012348	4.56
1125.9335160213575	1030.2512217779463	4.6
1107.2624529120812	1013.1380778595152	4.64
1086.6692562079827	996.8387997092663	4.68
1058.5089124291114	977.4149006887444	4.72
1045.8781266979156	959.138558410367	4.76
1034.228568411811	968.7526355142737	4.8
1026.9237087352503	971.4877894078588	4.84
1025.4730743577506	976.6840161106303	4.88
1030.3416141037476	977.194686469566	4.92
1040.8001617415828	994.7936488093102	4.96
1039.4370225972973	1004.2949997119123	5.0
1033.5266688237848	1004.2751234405997	5.04
1034.1943873877556	1009.8785592891277	5.08
1036.1430907004628	1011.5685505243829	5.12
1035.7925504673785	1009.6950559687373	5.16
1036.6801253257217	1005.5238577100855	5.2
1035.8617515721241	998.0083754407378	5.24
1038.8183868532496	993.300099669723	5.28
1041.8957568567555	1002.612514218961	5.32
1043.5512957352282	998.6351576290324	5.36
1044.7889833037539	1001.9722864128987	5.4
1041.9685045489202	1006.6926996814417	5.44
1043.4782213396659	1019.796921601301	5.48
1048.38265615989	1040.4917697100848	5.52
1061.0747470951112	1060.0854342609837	5.56
1090.690338163337	1089.3288200684942	5.6
1114.4150426764834	1103.8452073425178	5.64
1126.408544545651	1110.570761422574	5.68
1121.8405910748272	1107.457054736938	5.72
1106.4870184908618	1098.8670746835776	5.76
1097.3600251308915	1093.888649995303	5.8
1095.2647955805976	1090.0942380344009	5.84
1095.123811909721	1089.3126445674002	5.88
1091.8767609955476	1076.317882535691	5.92
1108.138636795316	1039.8866933609766	5.96
1105.0558543314285	1011.2551895624224	6.0
1067.259905988136	1017.4810757597456	6.04
1072.9932841410234	1042.2437618825231	6.08
1119.8455054652372	1094.4547300777945	6.12
0.0	0.0	6.16
0.0	0.0	6.2
0.0	0.0	6.24
0.0	0.0	6.28
0.0	0.0	6.32
0.0	0.0	6.36
0.0	0.0	6.4
0.0	0.0	6.44
0.0	0.0	6.48
0.0	0.0	6.52
0.0	0.0	6.56
0.0	0.0	6.6
0.0	0.0	6.64
1486.5656916910177	1480.920571291169	6.68
1489.5873261037482	1486.4210265156719	6.72
1466.884441300777	1467.5286678233215	6.76
1422.1952594986558	1423.7293783961672	6.8
1368.2221595390502	1356.065030460322	6.84
1302.9107298291551	1288.9126871660303	6.88
1245.0643118605294	1226.1770255888607	6.92
1192.2813790444795	1171.5226167172664	6.96
1157.5636837402765	1127.885619566454	7.0
1131.2133577861414	1098.7213361640177	7.04
1114.2326037582063	1075.590973778639	7.08
1105.4471539409083	1059.7392104240848	7.12
1095.921964534916	1056.7857602242013	7.16
1087.1414298692034	1053.5825038325438	7.2
1079.0356968762694	1048.459414118625	7.24
1080.0022861880836	1045.0538378931726	7.28
1078.6128020733454	1042.752609022106	7.32
1085.0828872064085	1043.558596554175	7.36
1089.997920894507	1047.8056721276344	7.4
1085.0025958257631	1044.597435982943	7.44
1078.8374017524345	1040.7452497279678	7.48
1075.1834073632483	1039.6076412537059	7.52
1074.2108934748164	1037.4325203040908	7.56
1071.3167561428168	1033.4288139210491	7.6
1073.1179425417329	1036.4740814768331	7.64
1072.283224543155	1037.9158236997255	7.68
1074.5801665873596	1037.827570471091	7.72
1074.1403949935561	1043.0843447620393	7.76
1076.254087143442	1045.2913424016826	7.8
1077.7502075160482	1047.4076242586166	7.84
1080.1874207005728	1054.241576855283	7.88
1084.110023750133	1054.9842226486437	7.92
1085.4585716017789	1057.8207046630557	7.96
1087.873841881621	1059.4398708827057	8.0
1092.4687079690839	1058.1579832649177	8.04
1093.0869042573524	1060.9414604921164	8.08
1098.7556416922791	1062.7311341119896	8.12
1097.5037460783017	1062.878343099178	8.16
1096.0843799221736	1065.2938950323057	8.2
1097.7599264500827	1065.2737255538837	8.24
1097.0058633830224	1067.9510930486344	8.28
1102.0508237722515	1065.0046625721282	8.32
1100.403193135626	1068.075367581496	8.36
1098.6665734739686	1073.3113238275373	8.4
1102.9936776041247	1073.3933999130722	8.44
1103.0726512979247	1076.4711917205666	8.48
1105.9702133325206	1072.5422803592953	8.52
1107.0937639406493	1065.5666769392374	8.56
1107.6082920781523	1071.8393675544569	8.6
1108.7667323855471	1077.73525101821	8.64
1110.1068495902643	1084.3969386549206	8.68
1111.9823457412538	1084.08368332779	8.72
1114.2018161045035	1079.4102388036274	8.76
1116.7474082545386	1087.9013100533052	8.8
1114.6549030039275	1091.2153003548688	8.84
1111.843304594169	1086.571310988805	8.88
1107.586440278058	1085.5766282877776	8.92
1105.7195549446164	1081.4799542684787	8.96
1102.854874336139	1084.172411176842	9.0
1102.1744216889485	1084.6895033630399	9.04
1103.13126915083	1085.2080894610801	9.08
1107.8668488996227	1079.4777787840553	9.12
1105.8021922625317	1078.8443602988302	9.16
1103.529857093854	1082.5715111387824	9.2
1106.2342596768608	1085.3700688064941	9.24
1109.0336309424906	1089.9582889555595	9.28
1107.0946248506677	1086.6788051472777	9.32
1102.7477197226099	1092.323674118502	9.36
1097.164214725526	1087.8955135207354	9.4
1092.9960218862966	1091.218661604479	9.44
1094.0588253998906	1091.816434142088	9.48
1089.1239582647504	1105.9599596439853	9.52
1087.9889792831832	1109.427113064534	9.56
1082.6346243179053	1134.0860489161978	9.6
1080.5621150823379	1142.4335871283158	9.64
1073.5260901079153	1166.813552958465	9.68
1062.9007619777974	1156.2072508308584	9.72
1058.853257581216	1180.8023212750982	9.76
1056.1905363609126	1182.7457428327764	9.8
1048.3055004433313	1199.902109569629	9.84
1050.131177019048	1189.6756418161492	9.88
1052.2550779957505	1190.4376510872821	9.92
1054.1987456674528	1193.7449258413963	9.96
1047.82762606728	1182.4312287748626	10.0
1040.6717105529658	1176.831719495142	10.04
1033.7820018226992	1177.6809949304668	10.08
1027.1127681463377	1179.3642446730382	10.12
1028.007921690446	1175.6431700462404	10.16
1048.7488857552396	1164.7583281022191	10.2
1077.2803670248081	1070.360871046823	10.24
1101.7551045273137	1000.5974215132021	10.28
1052.3443251347599	964.1912487895707	10.32
1015.5456951610644	972.5557734211038	10.36
1026.2091438235445	985.0272354210856	10.4
1020.1342618913551	984.3866700181173	10.44
1025.5625365533156	989.5705880210134	10.48
1029.8841386953995	988.1604910413282	10.52
1023.0537487229739	993.9290655475979	10.56
1025.6452397188505	1004.6873113081592	10.6
1026.062997618457	1008.2681380503107	10.64
998.1828265083496	1004.520803858894	10.68
990.7668616628678	999.6553631564482	10.72
983.1713074194661	1020.1510683054299	10.76
1005.9628233166089	1084.5044587769014	10.8
1063.7164088103725	1134.126794443201	10.84
1101.052267174348	1073.4824668108633	10.88
1088.855418618432	1020.2829709898065	10.92
1016.7827676254049	974.5446537923797	10.96
1026.8259876180275	964.6029517292073	11.0
1017.7542380671428	953.048897758149	11.04
1015.4211791333765	960.2619467094577	11.08
1012.5376720949689	954.0184056197406	11.12
1009.1755786726017	959.182176352827	11.16
1006.6927123729043	954.2242383929279	11.2
1003.8688023920214	960.9280750684821	11.24
1007.2767387504251	963.3924216345736	11.28
1003.7757348640669	973.9826934607389	11.32
1002.8852774292784	972.6766977244398	11.36
1001.1178007426043	988.4813005816444	11.4
1006.7157217181302	1003.6429688361495	11.44
1004.666128020483	987.141277826186	11.48
991.5702437474274	943.4953243161797	11.52
1001.0256438116328	923.9394065280428	11.56
995.8746123889554	940.9077420663975	11.6
991.9279844214245	944.826278009926	11.64
999.37320427783	946.2081984315456	11.68
1015.1284925275799	957.2344107204972	11.72
1016.6535931095863	959.182431877428	11.76
1016.8754242217966	962.5317825137886	11.8
1016.8028487084011	969.416920557437	11.84
1011.9457870012143	968.3643670029328	11.88
1008.9951583400475	972.5126751113597	11.92
998.3402578073437	963.3501518996288	11.96
997.6384269119264	968.9120435413009	12.0
996.9469176313066	965.3304845605975	12.04
1005.4151906668833	983.0902741117982	12.08
1036.5622131641833	1026.333113013193	12.12
1094.7891778801793	1079.062439608992	12.16
1133.1041221471487	1123.1926717560884	12.2
1151.499565707608	1135.1252471862442	12.24
1147.2719178089728	1125.3549566902168	12.28
1126.8686768013954	1109.9622059131434	12.32
1124.2074753410063	1093.0350867272077	12.36
1126.0816699969403	1097.1287812918572	12.4
1151.430347068841	1116.0562677789922	12.44
1188.440468572412	1151.1839212005698	12.48
1263.5050716514993	1234.6351834483223	12.52
1333.6952614783768	1301.442288421723	12.56
1406.1806899843702	1368.7047709315061	12.6
1478.8497721028925	1442.9953862065522	12.64
1551.6233817652624	1515.6626522162164	12.68
1628.3141569588388	1594.6375695053462	12.72
1684.8061814985188	1666.3463054985552	12.76
1729.2692590106408	1700.6497619036318	12.8
1765.0613827120376	1736.4682920524936	12.84
1782.5827546142475	1750.50322711963	12.88
1781.720892233955	1736.3040072928882	12.92
1781.1772432487128	1727.7011885496029	12.96
1760.94989248256	1709.6054084041007	13.0
1756.7821310454658	1701.6719975709054	13.04
1767.0522553855021	1688.4426648235187	13.08
1789.66458873147	1689.174218804417	13.12
1787.2096990253578	1706.1513370689997	13.16
1758.7842701564546	1705.9417748499538	13.2
1741.1289904440525	1700.5123671328092	13.24
1725.7024365323239	1741.2097715383024	13.28
1669.2044281152848	1672.050383578476	13.32
1585.6758441662073	1531.6768604350116	13.36
1495.6847512273453	1438.0689409984636	13.4
1409.8206519450987	1336.759067678296	13.44
1340.9261348363098	1263.1445296703944	13.48
1290.615556390589	1212.682707702578	13.52
1255.70607666087	1171.6116269584368	13.56
1236.4414703767713	1142.0655981806522	13.6
1234.3894942211891	1128.6689801888842	13.64
1221.477195221492	1109.7612926632344	13.68
1215.4846726332942	1099.9375515003132	13.72
1195.611349783698	1080.8271502562661	13.76
1180.000074396802	1067.169716915426	13.8
1153.4482345963936	1051.135884858302	13.84
1127.1809645690923	1041.3273444021552	13.88
1108.9118280384869	1027.2602086354884	13.92
1097.350758877396	1026.0305193389527	13.96
1085.1250252887896	1025.844264771397	14.0
1084.1490165438202	1021.538144093875	14.04
1083.8832319559494	1022.8135625683461	14.08
1071.165754665065	1027.7818446348904	14.12
1068.9406066935705	1031.8951300294736	14.16
1076.2800812018118	1032.218717804305	14.2
1082.0074813990816	1034.7887749733911	14.24
1084.0564377380706	1038.3153216868786	14.28
1087.9618905404088	1040.0004229419508	14.32
1093.6397560321952	1042.2923280249188	14.36
1089.36269615808	1036.0438904658213	14.4
1095.784887166607	1034.8710169952988	14.44
1098.1895481395686	1025.5142407245414	14.48
1097.8832272160819	1034.0270716245943	14.52
1092.6552485157129	1042.7742076102916	14.56
1092.8718741515972	1041.5637167492807	14.6
1085.9687041924349	1041.0792646936088	14.64
1083.3176493789379	1031.0338368117673	14.68
1076.7808070541473	1025.8149602815545	14.72
1065.957269025951	1016.243840921867	14.76
1059.1722135184773	1013.2412780347005	14.8
1056.1398514688815	1012.487664780108	14.84
1054.4646137180284	1017.1157726040944	14.88
1054.7019138359456	1016.354570959256	14.92
1052.1431834728764	1017.4089140650467	14.96
1051.1736755557624	1013.9901526103788	15.0
1047.154560203505	1012.1823380132616	15.04
1049.0982841364346	1011.2725653188355	15.08
1048.1873388303288	1010.1277404306705	15.12
1050.814251092994	1010.268550986146	15.16
1049.897739477061	1010.2736218218539	15.2
1052.401305261694	1009.7164083460963	15.24
1052.4328948357868	1013.7041308425939	15.28
1052.0578730439302	1017.7884182319373	15.32
1053.312415114807	1015.3037396503312	15.36
1055.4847972819325	1014.9898226281899	15.4
1059.0926050530577	1019.6006865014115	15.44
1073.6225364582062	1034.346706120018	15.48
1090.6272537102493	1043.6476829630926	15.52
1108.7383216600902	1068.9046766243207	15.56
1135.3908267759457	1090.3487284006383	15.6
1154.1699814532897	1119.9868186420724	15.64
1170.6948655780059	1121.1743805872038	15.68
1198.9009224668537	1123.3957976824206	15.72
1223.4261984735667	1106.9549857748048	15.76
1245.4152358209708	1084.016478796389	15.8
1256.130015444132	1079.0844468570344	15.84
1265.661660469234	1073.3944512879636	15.88
1265.7432785740527	1063.8438172827043	15.92
1271.3530838296488	1067.558552739507	15.96
1275.9709642822393	1068.7465374706528	16.0
1291.4967751636868	1059.910986159273	16.04
1303.967131999101	1067.2798933298545	16.08
1316.1033606952062	1073.2040967825576	16.12
1328.383438284816	1075.5376025422365	16.16
1342.2436145731012	1079.7995805751054	16.2
1343.0716525633547	1082.768125300297	16.24
1347.3251257004297	1079.7751962798407	16.28
1335.0113375787284	1080.8536447886652	16.32
1335.4373175353282	1074.2939107812365	16.36
1320.7400408686171	1067.5212979812488	16.4
1316.881756176388	1062.4976289971573	16.44
1309.699816762126	1052.5949846891313	16.48
1304.759871434584	1049.2143860992703	16.52
1304.3320230629647	1046.717114270359	16.56
1303.7951584012703	1040.9582430372454	16.6
1305.1371084895102	1039.0761855887065	16.64
1303.0793851609847	1033.4057339244052	16.68
1298.3194931514204	1029.8320953987666	16.72
1296.490735323903	1028.7959397432749	16.76
1294.450781180641	1031.5906660633423	16.8
1293.2190901816402	1032.2033236291616	16.84
1278.6896474270802	1024.4731356828436	16.88
1277.9376987248195	1025.9372039684442	16.92
1281.3807733218848	1024.9917118933045	16.96
1273.214909959496	1029.5633557228525	17.0
1281.08839948021	1027.385950193844	17.04
1276.2643531407768	1026.9151640566854	17.08
1281.4333874160598	1022.2377188186219	17.12
1281.8025074964942	1025.4008537625534	17.16
1287.170845592992	1017.5516936214198	17.2
1280.4155499667538	1027.774932207609	17.24
1277.227515332556	1015.7719003310647	17.28
1278.545302864484	1022.9652759756545	17.32
1280.07442340593	1013.9536118807943	17.36
1278.179510045452	1019.210453854759	17.4
1287.9396008136855	1014.0929274295207	17.44
1282.283741999189	1020.513748345539	17.48
1292.601133667339	1008.5988412331012	17.52
1286.8426333500558	1019.8712415913355	17.56
1292.0849875141062	1011.9133340853476	17.6
1292.493716838501	1015.7073865659958	17.64
1293.824175417446	1019.3081069517946	17.68
1291.0426497130732	1017.8657177048361	17.72
1287.8654054750593	1012.5363276166458	17.76
1301.9576765881066	1020.3397018658225	17.8
1298.261153414043	1019.3771430907277	17.84
1299.691583540394	1024.1417352509325	17.88
1302.139276797719	1023.0423273152106	17.92
1302.8456791821648	1025.4747679461875	17.96
1302.9438009579426	1026.0048705153117	18.0
1302.139161450013	1023.7884668519513	18.04
1302.5603112548204	1025.7679672251948	18.08
1294.5454905394513	1020.7824515531278	18.12
1297.1719720060419	1021.9733128859948	18.16
1300.104845975676	1022.2532802602728	18.2
1299.6878552508451	1017.1340581725276	18.24
1297.6733460589567	1015.5904088949598	18.28
1294.2967741979255	1019.6332103299231	18.32
1292.823904833294	1019.5563276600074	18.36
1293.4175999819918	1015.1085008684665	18.4
1292.4032364416526	1016.8561292535619	18.44
1289.4589880358026	1011.170792850938	18.48
1289.7189640373424	1016.5252253546955	18.52
1299.3844694028487	1016.5740737343184	18.56
1294.7745493151644	1016.6849076767253	18.6
1302.0657663812153	1012.3232128268606	18.64
1298.460885779935	1013.564864238435	18.68
1292.1806705691808	1007.8937332589566	18.72
1300.0470575833767	1015.9998128343153	18.76
1294.935474182407	1009.4265531090577	18.8
1290.0580925631082	1008.032504676242	18.84
1287.272401145681	1006.0319764396324	18.88
1288.3940850627926	1009.1639516284064	18.92
1286.5314180367768	1004.0577163146164	18.96
1287.7890016569588	1003.5516103066416	19.0
1293.8683707092769	1010.3121931048431	19.04
1289.2737847728056	1005.914760951925	19.08
1290.2239247679593	1003.0801749354375	19.12
1288.9372691399635	1006.2817537606306	19.16
1289.4803588819786	1009.4542590207587	19.2
1290.6848183547795	1007.6100439127534	19.24
1288.2416315546502	1008.5805388805773	19.28
1289.8269922807012	1008.7284654730115	19.32
1289.4029083836488	1007.4699511001314	19.36
1299.8526009072675	1023.086428372399	19.4
1291.4903275712365	1009.839833691022	19.44
1287.5763485430539	1006.423415906897	19.48
1291.1712321072303	1006.9732353337373	19.52
1286.170364654471	1013.3357063201407	19.56
1291.8901396212157	1013.3117110699161	19.6
1287.2663805752734	1011.8739722494225	19.64
1287.674417849713	1009.9665566246667	19.68
1293.1282527962344	1009.7636375522522	19.72
1295.155166569674	1012.8486098990611	19.76
1296.0489485314877	1013.9217872282786	19.8
1301.8796727843398	1014.6363822713266	19.84
1298.1894959298065	1015.868646976201	19.88
1294.0355914561153	1013.856088134575	19.92
1296.876261133775	1014.344440404737	19.96
1302.0224873082702	1021.7748823465382	20.0
1299.460904280254	1024.2080887926054	20.04
1309.8929664822208	1028.0735213521602	20.08
1303.2087053516284	1041.5285127471222	20.12
1303.5787041107412	1042.0389656828959	20.16
1300.8751335598013	1042.8834838377943	20.2
1307.76147721271	1068.9442318962645	20.24
1309.295084165494	1061.0152014043867	20.28
1306.1342248161998	1054.0648054337971	20.32
1304.9877362166458	1055.1678571008092	20.36
1299.8039625095869	1056.8044850577407	20.4
1301.842564709066	1059.768527856094	20.44
1319.2563689514336	1066.9866222405365	20.48
1311.277652601903	1071.4161439685702	20.52
1316.984052235521	1068.5465490936933	20.56
1315.4365449359686	1069.7285007268217	20.6
1320.5740810233415	1065.3717865306521	20.64
1313.7001448948565	1066.975499283	20.68
1321.8924885450097	1065.451340197669	20.72
1319.9029498588727	1072.7489246351224	20.76
1346.4470588558747	1080.2295115702761	20.8
1356.5444039484369	1093.5442647908142	20.84
1359.9816955352426	1099.4479552932607	20.88
1368.3970823974328	1104.3231181300143	20.92
1368.3835958211027	1113.8359826887597	20.96
1373.8463300443075	1122.574788119056	21.0
1364.5976983701712	1123.1808775149038	21.04
1366.9240815178616	1125.8152712282063	21.08
1363.607344275199	1117.2679210948463	21.12
1355.227281080641	1109.8384657960742	21.16
1346.9625980757116	1096.006955660717	21.2
1337.704459949088	1092.0415678067109	21.24
1326.1141991753364	1084.2549867934924	21.28
1322.3854608672227	1083.8801795088561	21.32
1321.9614846271668	1087.7997289912596	21.36
1324.2791118595526	1091.3531817822854	21.4
1331.2873600809191	1092.8846778051309	21.44
1328.9130383928666	1099.5667776301846	21.48
1317.707103077973	1091.4078193952091	21.52
1303.1756941071064	1090.0190194272332	21.56
1284.3744583089722	1087.9398992048348	21.6
1263.3617826085201	1095.1270587545046	21.64
1231.2267604309425	1099.8586438850014	21.68
1203.0989024837859	1099.2400932523954	21.72
1189.0918989762174	1107.8982862874757	21.76
1181.0435459691014	1114.526397385418	21.8
1172.743569790127	1110.101929153372	21.84
1157.3848154919378	1107.016576431516	21.88
1147.060270556751	1105.868123681101	21.92
1145.0020205909063	1109.617464257694	21.96
1149.2483109475015	1110.8128751575616	22.0
1161.1000195086538	1123.0181783031335	22.04
1180.669534258804	1142.4090779650912	22.08
1204.914488773518	1162.359782174784	22.12
1231.764458731045	1194.2154307031155	22.16
1257.1306912717696	1221.7490111844425	22.2
1282.0994417109778	1248.231905472469	22.24
1304.2556379945347	1276.3737840835906	22.28
1323.9568125961011	1298.3224172008431	22.32
1339.0604276917547	1316.190721804996	22.36
1354.3395750781813	1330.6899736144976	22.4
1367.0286400987302	1343.5877527156613	22.44
1381.619331506219	1357.2348518783629	22.48
1394.0729518426854	1367.7869990587435	22.52
1405.768099719206	1379.9117813989358	22.56
1417.1678326326844	1389.6088363599697	22.6
1426.1916045009361	1396.9507878372633	22.64
1433.3987467890179	1404.0496304353555	22.68
1435.6129344218723	1408.9453977211267	22.72
1440.7676091690482	1412.8423182556148	22.76
1443.5314164663914	1408.3242877491002	22.8
1444.1457486757336	1407.374748696907	22.84
1445.3323889093992	1413.4858499078587	22.88
1447.562949983746	1421.421588312688	22.92
1449.4087750156148	1418.4280385811787	22.96
1451.2193024249805	1416.7350910073915	23.0
1450.3263952055274	1417.378366201298	23.04
1448.4410538824711	1411.4411407135287	23.08
1444.087157492646	1409.631109123605	23.12
1442.0557676913284	1410.6807008157764	23.16
1439.7122177970848	1406.8701565449053	23.2
1441.0583691598342	1405.0988413301852	23.24
1440.902396764983	1405.0199070268498	23.28
1439.3769108629863	1405.2831206445148	23.32
1437.3563746330935	1402.3743678149958	23.36
1435.1787375962515	1395.534046623823	23.4
1433.3659736265647	1395.6584461212994	23.44
1433.1836737242456	1393.0647643936072	23.48
1432.7166855301386	1395.1454928565224	23.52
1434.671304963866	1390.1945879814152	23.56
1432.7676978238615	1389.9492823759922	23.6
1432.8371119753763	1382.9875926493012	23.64
1430.6385721280276	1379.1667089214652	23.68
1430.1648587785442	1388.9586986464308	23.72
1430.3866585523585	1387.2863603722665	23.76
1430.4745777598357	1381.7059646162743	23.8
1424.184939985224	1374.4987725645524	23.84
1419.168806259421	1371.57430425831	23.88
1413.4586751955503	1374.2338765612308	23.92
1414.2771179330505	1370.9482487941864	23.96
1413.8013435686817	1371.7713239592686	24.0
1406.5642069759037	1366.7890754222549	24.04
1400.3321489292787	1359.8069870185454	24.08
1402.901130029496	1357.8403075545223	24.12
1401.9570018905442	1360.5533829211058	24.16
1402.4490896929199	1362.1849472158856	24.2
1398.8940659841921	1360.4940271509768	24.24
1388.9918546372237	1353.133240169494	24.28
1345.103811544508	1331.2390925617372	24.32
1296.1774774408593	1290.8250023301953	24.36
1256.4748909761192	1247.5091053908639	24.4
1224.0459601611146	1212.5311730156143	24.44
1201.9159957577774	1173.004883438067	24.48
1179.0389618856818	1147.934598152459	24.52
1162.4447359479625	1130.8692446329571	24.56
1145.7354190556593	1121.8334598482381	24.6
1148.5160443286293	1114.9694495769947	24.64
1148.7879904652902	1106.9338409013549	24.68
1133.5799746077207	1103.1985613039367	24.72
1128.123748546609	1097.8829358443593	24.76
1129.2001999192146	1089.5811401237713	24.8
1120.1641126123984	1075.658141763701	24.84
1105.9008733766489	1062.2830874719127	24.88
1095.2878860920075	1049.1873010319316	24.92
1084.898528879202	1033.9023697509983	24.96
1077.4075263373338	1025.0802502693718	25.0
1069.378572749997	1015.8589388217122	25.04
1064.6082684463374	1008.4713609169779	25.08
1057.16017890855	1003.9146900875427	25.12
1052.0574706937145	1002.1036957851455	25.16
1048.835793400248	1001.8131324701475	25.2
1046.972487324528	999.7787856708029	25.24
1043.2734408573372	997.3075227647992	25.28
1039.6948683504336	995.2233410959475	25.32
1039.6619210140227	996.4158751859809	25.36
1040.6431628725204	999.2703805290382	25.4
1041.2457837689533	1000.2463881222549	25.44
1037.4109825361902	997.4051219065069	25.48
1033.5010214912952	997.7008982764501	25.52
1034.6076526336449	998.3919108065169	25.56
1029.0049247005193	995.7709956100447	25.6
1031.7379786494528	997.1299929587327	25.64
1025.5956093570549	993.3958860575714	25.68
1028.308758342769	994.4028894130688	25.72
1024.2789494476624	990.0534777721535	25.76
1026.2076991185618	990.0620994830156	25.8
1021.4456108564083	986.0345991800788	25.84
1019.9381500290621	984.2092470173993	25.88
1019.1655687357595	987.3219595639815	25.92
1015.794435367377	981.778383616397	25.96
1015.9076415239105	981.0128871459394	26.0
1011.4497619971756	978.2980970253127	26.04
1011.630424143096	980.279568303665	26.08
1014.2206230728298	982.6596499376786	26.12
1014.260415525682	985.4467659269807	26.16
1014.1479022062296	985.747587536899	26.2
1011.708115588038	986.003219859667	26.24
1014.4053023416781	985.9605203800795	26.28
1014.3071240057862	986.4107330045491	26.32
1019.107370356668	988.6199824621191	26.36
1020.4529851861098	994.1463445048456	26.4
1019.4141656799172	996.4439782027833	26.44
1021.3749668028921	995.2691506898337	26.48
1020.9659829506425	997.3699246096388	26.52
1024.8886576036127	1001.3410525963725	26.56
1026.6178822581294	1002.2172995090306	26.6
1025.1853229561775	1002.3713819636909	26.64
1024.7584980392842	1004.7150143434335	26.68
1024.9979041808317	1003.9272655185272	26.72
1024.026681556212	1003.3192209452241	26.76
1025.6757165474703	1005.8277855340526	26.8
1027.6646733698224	1007.5091238562442	26.84
1041.7979416934768	999.8270148735297	26.88
1044.552063834122	984.9654603860885	26.92
1047.4691658867343	979.1128231643344	26.96
1052.1517390454196	971.5209054870201	27.0
1056.0340533597753	970.8514370138156	27.04
1057.811574200299	966.0494896393914	27.08
1067.2495226630042	968.9863564026143	27.12
1081.632161822059	974.4491681206397	27.16
1085.04249683169	978.538159472665	27.2
1088.5726584819504	985.6545199056145	27.24
1088.719942058994	990.1199795514648	27.28
1090.5012737012657	991.3627828206171	27.32
1088.8549932061812	996.4389624103926	27.36
1091.8628174003402	1004.1669426330407	27.4
1095.0067855787045	1004.6330859479533	27.44
1092.144029816163	1009.3163682304177	27.48
1093.2362766043723	1016.8171226790806	27.52
1095.4115391682515	1020.5908375304041	27.56
1101.2136444481423	1018.627322460286	27.6
1103.3395031098942	1031.092445525052	27.64
1110.271916419371	1017.1692542548361	27.68
1122.9551117898448	996.4035815016083	27.72
1145.6633215958848	989.1146440224934	27.76
1165.1484649836523	974.8483115237959	27.8
1190.0368551785518	965.679767646693	27.84
1205.0607853143526	980.4560890158729	27.88
1219.2612333549346	995.5449911942284	27.92
1233.3867169208738	1013.9854650534534	27.96
1246.0085697843056	1023.6128943701842	28.0
1256.2510770162542	1034.5342595309298	28.04
1264.1498957761028	1056.6019624410042	28.08
1270.2593439040902	1090.1277804165982	28.12
1275.0910150332916	1137.6549700261305	28.16
1298.4912024908056	1184.165445191644	28.2
1322.2733235279802	1239.6038228565176	28.24
1358.2095650726071	1297.4071348859995	28.28
1401.701722320547	1357.5172133558176	28.32
1451.7184694236219	1395.3956661760951	28.36
1486.4933633938622	1427.7888432293544	28.4
1530.0003667003414	1485.151295447581	28.44
1572.4434612111042	1508.5835338360093	28.48
1590.5146107760283	1509.5388203098876	28.52
1609.9545115842407	1502.9954334970316	28.56
1626.1600389700395	1510.6934113679297	28.6
1648.2361172529738	1495.5257794685504	28.64
1689.4436311393476	1506.8525596901418	28.68
1737.9376065604092	1534.894426734826	28.72
1629.4571512473296	1630.770854948954	28.76
1689.5902287732517	1642.4782491245178	28.8
0.0	0.0	28.84
0.0	0.0	28.88
0.0	0.0	28.92
0.0	0.0	28.96
0.0	0.0	29.0
0.0	0.0	29.04
0.0	0.0	29.08
0.0	0.0	29.12
0.0	0.0	29.16
0.0	0.0	29.2
0.0	0.0	29.24
0.0	0.0	29.28
0.0	0.0	29.32
0.0	0.0	29.36
0.0	0.0	29.4
0.0	0.0	29.44
0.0	0.0	29.48
0.0	0.0	29.52
0.0	0.0	29.56
0.0	0.0	29.6
0.0	0.0	29.64
0.0	0.0	29.68
0.0	0.0	29.72
0.0	0.0	29.76
0.0	0.0	29.8
0.0	0.0	29.84
0.0	0.0	29.88
0.0	0.0	29.92
0.0	0.0	29.96
0.0	0.0	30.0
0.0	0.0	30.04
0.0	0.0	30.08
0.0	0.0	30.12
0.0	0.0	30.16
0.0	0.0	30.2
0.0	0.0	30.24
0.0	0.0	30.28
0.0	0.0	30.32
0.0	0.0	30.36
0.0	0.0	30.4
0.0	0.0	30.44
0.0	0.0	30.48
0.0	0.0	30.52
0.0	0.0	30.56
0.0	0.0	30.6
0.0	0.0	30.64
0.0	0.0	30.68
0.0	0.0	30.72
0.0	0.0	30.76
0.0	0.0	30.8
0.0	0.0	30.84
0.0	0.0	30.88
0.0	0.0	30.92
0.0	0.0	30.96
0.0	0.0	31.0
0.0	0.0	31.04
0.0	0.0	31.08
0.0	0.0	31.12
0.0	0.0	31.16
0.0	0.0	31.2
0.0	0.0	31.24
0.0	0.0	31.28
0.0	0.0	31.32
0.0	0.0	31.36
0.0	0.0	31.4
0.0	0.0	31.44
0.0	0.0	31.48
0.0	0.0	31.52
0.0	0.0	31.56
0.0	0.0	31.6
0.0	0.0	31.64
0.0	0.0	31.68
0.0	0.0	31.72
0.0	0.0	31.76
0.0	0.0	31.8
0.0	0.0	31.84
0.0	0.0	31.88
0.0	0.0	31.92
0.0	0.0	31.96
1306.1293534563213	972.2608700424573	32.0
1277.636364280126	983.1758411984774	32.04
1269.7542588633728	987.7237121792872	32.08
1241.687666722035	983.2243863681088	32.12
1204.7696419504086	1009.8684644378434	32.16
1213.495944829721	995.3242721594933	32.2
1196.235154683162	1004.3193013341121	32.24
1173.0344694432458	1043.2255874522596	32.28
1168.4226802299775	1034.848113191406	32.32
1171.84390489356	1031.786213694142	32.36
1174.760117800679	1018.5191639103913	32.4
1170.4343102914288	972.9471957539946	32.44
1161.6394874138625	970.4123228324241	32.48
1166.1045148040982	975.641444076607	32.52
1161.2041207645996	969.4464140802394	32.56
1173.984358059268	978.7453566917064	32.6
1179.5987497365882	988.0029263087222	32.64
1190.925625150929	994.6898782501418	32.68
1201.111132130861	1022.204507455837	32.72
1197.3298179498104	1022.1621819683043	32.76
1199.3230046755232	1008.0463011952346	32.8
1207.0105946400804	1029.9299049565154	32.84
1201.1341274621063	1020.2444823567296	32.88
1204.4055065801474	1015.6597837500603	32.92
1206.0042494384977	1004.2666227583503	32.96
1210.3648923567237	1011.1317769772987	33.0
1201.2482372856775	1003.9300345536036	33.04
1197.795253123331	1000.9971499127452	33.08
1203.8341514825395	1001.6366366864219	33.12
1205.1758534201226	1001.5352091066328	33.16
1200.0083517049638	1003.5550744694352	33.2
1199.1655819779824	1005.9214440537671	33.24
1194.0049685832346	1001.7664265546528	33.28
1190.878587778849	995.4141861126136	33.32
1188.534545306685	999.3754176224205	33.36
1184.5736134380327	997.03190629718	33.4
1182.9961805677087	990.2907273217781	33.44
1176.8582214078806	991.3074754694151	33.48
1180.6058806092244	990.8467510716309	33.52
1181.676827628808	988.7961527875614	33.56
1177.5787789844574	988.8490849143751	33.6
1173.2084673005493	988.7526573581008	33.64
1171.8639157993566	989.8164979936529	33.68
1171.1291784045698	989.9264751267798	33.72
1173.767976721217	992.5492438623703	33.76
1177.24273636681	988.9044236890346	33.8
1176.2107480489544	991.4985066056288	33.84
1178.0577781124396	995.6754484017404	33.88
1171.94897432219	988.8386639946424	33.92
1168.8447841256248	985.7608242582447	33.96
1163.5053726766553	976.4317484007358	34.0
1160.0246337280887	973.0367116572672	34.04
1157.0769347409273	978.5640418932368	34.08
1153.731124202072	963.2443396211008	34.12
1151.0888626856863	961.8626204839928	34.16
1144.9678741166365	955.3409808937578	34.2
1139.9203012932278	945.5394311038405	34.24
1134.212201319068	942.9695010564749	34.28
1128.625470121108	943.562614474688	34.32
1123.3803874756218	936.2211009188487	34.36
1114.7877543755494	938.6594080980591	34.4
1092.472552946697	927.5151304339701	34.44
1068.1829613759767	894.9231019993327	34.48
1033.8369687392026	870.5823861210538	34.52
1008.2933458039817	851.9343021887177	34.56
989.2122156665006	836.657568275976	34.6
974.7468817054817	827.2145152663003	34.64
953.9963360960584	824.0071438661245	34.68
931.9309845134135	805.7098831122958	34.72
912.2367416305792	797.9853817165872	34.76
891.2762701894936	781.7053776360822	34.8
865.0895173050972	766.9470130924873	34.84
847.1353270229954	753.4655314277046	34.88
821.2411192178464	738.5097242662661	34.92
802.7460422014674	730.7233083439522	34.96
788.992397401828	712.9837215491377	35.0
767.9407081042827	707.2337097441277	35.04
749.0345433511674	688.7148630764838	35.08
728.7235838818979	680.8661562735641	35.12
717.8259629739532	674.2637484684973	35.16
711.8107462222903	679.9067003046887	35.2
697.9120745346859	668.6815987740673	35.24
689.251167625783	652.4880270917827	35.28
679.2294491173188	662.6386253186788	35.32
671.4539422041056	648.9336741985207	35.36
650.4679360431044	633.5462453651684	35.4
627.9394702626928	616.0972613954794	35.44
610.3441532637157	610.3584565316377	35.48
611.9531623590443	621.8514447626869	35.52
608.8500582552238	614.5527631351144	35.56
613.8646436181785	622.9226616003707	35.6
610.666973851366	615.1325105276769	35.64
617.7412148194892	625.5865690253885	35.68
620.9721411536138	619.003620334848	35.72
618.3112788204943	635.124992052082	35.76
618.2953561233107	633.5083263365246	35.8
613.5799592488389	636.6695003573067	35.84
611.6636735989055	623.6432423801135	35.88
608.9058073739967	627.7702944189555	35.92
602.2804443747583	624.7941175046901	35.96
593.3669039549609	623.7799236318639	36.0
581.0018152155852	627.031861854787	36.04
569.2471381613755	623.9285941496663	36.08
562.6024049949253	619.9680811476845	36.12
558.5232970138214	622.9564085591976	36.16
555.157090600617	613.5786026723584	36.2
550.0017279841809	614.8057438082457	36.24
545.1018597495646	606.554413462281	36.28
541.2502773037314	606.3612076319761	36.32
538.4958519704853	607.2643724832341	36.36
549.8520587920273	613.0365646868095	36.4
551.4776081910284	612.4268464722837	36.44
555.5741141757368	619.8191454005033	36.48
551.4281412143205	614.5858389988908	36.52
552.5788059746773	616.8656218781271	36.56
547.5207763940538	610.7379170510433	36.6
551.8823571004324	613.2700438252209	36.64
0.0	0.0	36.68
0.0	0.0	36.72
0.0	0.0	36.76
0.0	0.0	36.8
0.0	0.0	36.84
0.0	0.0	36.88
0.0	0.0	36.92
0.0	0.0	36.96
0.0	0.0	37.0
0.0	0.0	37.04
0.0	0.0	37.08
0.0	0.0	37.12
0.0	0.0	37.16
0.0	0.0	37.2
0.0	0.0	37.24
0.0	0.0	37.28
0.0	0.0	37.32
0.0	0.0	37.36
0.0	0.0	37.4
0.0	0.0	37.44
0.0	0.0	37.48
0.0	0.0	37.52
0.0	0.0	37.56
0.0	0.0	37.6
0.0	0.0	37.64
0.0	0.0	37.68
0.0	0.0	37.72
0.0	0.0	37.76
0.0	0.0	37.8
0.0	0.0	37.84
0.0	0.0	37.88
0.0	0.0	37.92
0.0	0.0	37.96
0.0	0.0	38.0
0.0	0.0	38.04
0.0	0.0	38.08
0.0	0.0	38.12
0.0	0.0	38.16
0.0	0.0	38.2
0.0	0.0	38.24
0.0	0.0	38.28
0.0	0.0	38.32
0.0	0.0	38.36
0.0	0.0	38.4
0.0	0.0	38.44
0.0	0.0	38.48
0.0	0.0	38.52
0.0	0.0	38.56
0.0	0.0	38.6
0.0	0.0	38.64
0.0	0.0	38.68
0.0	0.0	38.72
0.0	0.0	38.76
0.0	0.0	38.8
0.0	0.0	38.84
0.0	0.0	38.88
0.0	0.0	38.92
0.0	0.0	38.96
0.0	0.0	39.0
0.0	0.0	39.04
0.0	0.0	39.08
0.0	0.0	39.12
0.0	0.0	39.16
0.0	0.0	39.2
0.0	0.0	39.24
0.0	0.0	39.28
0.0	0.0	39.32
0.0	0.0	39.36
0.0	0.0	39.4
0.0	0.0	39.44
0.0	0.0	39.48
0.0	0.0	39.52
0.0	0.0	39.56
0.0	0.0	39.6
0.0	0.0	39.64
0.0	0.0	39.68
0.0	0.0	39.72
0.0	0.0	39.76
0.0	0.0	39.8
0.0	0.0	39.84
0.0	0.0	39.88
0.0	0.0	39.92
0.0	0.0	39.96
0.0	0.0	40.0
0.0	0.0	40.04
0.0	0.0	40.08
0.0	0.0	40.12
0.0	0.0	40.16
0.0	0.0	40.2
0.0	0.0	40.24
0.0	0.0	40.28
0.0	0.0	40.32
0.0	0.0	40.36
0.0	0.0	40.4
0.0	0.0	40.44
0.0	0.0	40.48
0.0	0.0	40.52
0.0	0.0	40.56
0.0	0.0	40.6
0.0	0.0	40.64
0.0	0.0	40.68
0.0	0.0	40.72
0.0	0.0	40.76
0.0	0.0	40.8
0.0	0.0	40.84
0.0	0.0	40.88
0.0	0.0	40.92
0.0	0.0	40.96
0.0	0.0	41.0
0.0	0.0	41.04
0.0	0.0	41.08
0.0	0.0	41.12
0.0	0.0	41.16
0.0	0.0	41.2
0.0	0.0	41.24
0.0	0.0	41.28
0.0	0.0	41.32
0.0	0.0	41.36
0.0	0.0	41.4
0.0	0.0	41.44
0.0	0.0	41.48
0.0	0.0	41.52
0.0	0.0	41.56
0.0	0.0	41.6
0.0	0.0	41.64
0.0	0.0	41.68
0.0	0.0	41.72
0.0	0.0	41.76
0.0	0.0	41.8
0.0	0.0	41.84
0.0	0.0	41.88
0.0	0.0	41.92
0.0	0.0	41.96
0.0	0.0	42.0
0.0	0.0	42.04
0.0	0.0	42.08
0.0	0.0	42.12
0.0	0.0	42.16
0.0	0.0	42.2
0.0	0.0	42.24
0.0	0.0	42.28
0.0	0.0	42.32
0.0	0.0	42.36
0.0	0.0	42.4
0.0	0.0	42.44
0.0	0.0	42.48
0.0	0.0	42.52
0.0	0.0	42.56
0.0	0.0	42.6
0.0	0.0	42.64
0.0	0.0	42.68
0.0	0.0	42.72
0.0	0.0	42.76
0.0	0.0	42.8
0.0	0.0	42.84
0.0	0.0	42.88
0.0	0.0	42.92
0.0	0.0	42.96
0.0	0.0	43.0
0.0	0.0	43.04
0.0	0.0	43.08
0.0	0.0	43.12
0.0	0.0	43.16
0.0	0.0	43.2
0.0	0.0	43.24
0.0	0.0	43.28
0.0	0.0	43.32
0.0	0.0	43.36
0.0	0.0	43.4
0.0	0.0	43.44
0.0	0.0	43.48
0.0	0.0	43.52
0.0	0.0	43.56
0.0	0.0	43.6
0.0	0.0	43.64
0.0	0.0	43.68
0.0	0.0	43.72
0.0	0.0	43.76
0.0	0.0	43.8
0.0	0.0	43.84
0.0	0.0	43.88
0.0	0.0	43.92
0.0	0.0	43.96
0.0	0.0	44.0
0.0	0.0	44.04
0.0	0.0	44.08
0.0	0.0	44.12
0.0	0.0	44.16
0.0	0.0	44.2
0.0	0.0	44.24
0.0	0.0	44.28
0.0	0.0	44.32
0.0	0.0	44.36
0.0	0.0	44.4
0.0	0.0	44.44
0.0	0.0	44.48
0.0	0.0	44.52
0.0	0.0	44.56
0.0	0.0	44.6
0.0	0.0	44.64
0.0	0.0	44.68
0.0	0.0	44.72
0.0	0.0	44.76
0.0	0.0	44.8
0.0	0.0	44.84
0.0	0.0	44.88
0.0	0.0	44.92
0.0	0.0	44.96
0.0	0.0	45.0
0.0	0.0	45.04
0.0	0.0	45.08
0.0	0.0	45.12
0.0	0.0	45.16
0.0	0.0	45.2
0.0	0.0	45.24
0.0	0.0	45.28
0.0	0.0	45.32
0.0	0.0	45.36
0.0	0.0	45.4
0.0	0.0	45.44
0.0	0.0	45.48
0.0	0.0	45.52
0.0	0.0	45.56
0.0	0.0	45.6
0.0	0.0	45.64
0.0	0.0	45.68
0.0	0.0	45.72
0.0	0.0	45.76
0.0	0.0	45.8
0.0	0.0	45.84
0.0	0.0	45.88
0.0	0.0	45.92
0.0	0.0	45.96
0.0	0.0	46.0
0.0	0.0	46.04
0.0	0.0	46.08
0.0	0.0	46.12
0.0	0.0	46.16
0.0	0.0	46.2
0.0	0.0	46.24
0.0	0.0	46.28
0.0	0.0	46.32
0.0	0.0	46.36
0.0	0.0	46.4
0.0	0.0	46.44
0.0	0.0	46.48
0.0	0.0	46.52
0.0	0.0	46.56
0.0	0.0	46.6
0.0	0.0	46.64
0.0	0.0	46.68
0.0	0.0	46.72
0.0	0.0	46.76
0.0	0.0	46.8
0.0	0.0	46.84
0.0	0.0	46.88
0.0	0.0	46.92
0.0	0.0	46.96
0.0	0.0	47.0
0.0	0.0	47.04
0.0	0.0	47.08
0.0	0.0	47.12
1672.1598002146945	1733.799008913664	47.16
1722.0143762467344	1769.1927159528718	47.2
1768.509277902508	1794.4704598417848	47.24
1802.989725747939	1827.0043449259779	47.28
1817.927507305865	1840.867822142404	47.32
1836.232753825868	1852.2248284943953	47.36
1829.3997192932948	1848.3331898483677	47.4
1807.6704597289056	1817.7990128564757	47.44
1751.504861361024	1765.1111691652984	47.48
1681.744786032222	1678.9347279693527	47.52
1583.323829517495	1574.4695946614695	47.56
1463.8492670521414	1453.421651581075	47.6
1377.9957877188374	1355.3889477243767	47.64
1298.1985917253248	1256.565888296816	47.68
1239.6092011554251	1194.5674040458161	47.72
1209.9635065825485	1175.2566632607359	47.76
1209.176159560619	1174.8464818896653	47.8
1217.6101203964984	1192.2439964481584	47.84
1222.220918792876	1195.7457617202135	47.88
1218.9019872064896	1186.7152779700978	47.92
1216.3661007379492	1186.649174253963	47.96
1207.374735446886	1176.5817833580522	48.0
1199.698414311455	1165.0233081683546	48.04
1199.9248799458553	1164.5778052095009	48.08
1200.0876322343456	1161.8069446727661	48.12
1203.929969765608	1169.5920565057106	48.16
1198.8559303278205	1162.0327930370463	48.2
1197.9679252314984	1161.5157329300491	48.24
1194.319839544616	1155.3134447995708	48.28
1180.6393278357345	1145.9720597221562	48.32
1169.2849472779476	1134.4079047321568	48.36
1153.9761983495098	1117.744699593513	48.4
1137.3969450743537	1106.575921914079	48.44
1141.673192580513	1099.327738828301	48.48
1135.525743859033	1099.228587649569	48.52
1130.5220633148588	1100.0807994029399	48.56
1123.8775943466303	1095.7868661375737	48.6
1130.2799915751257	1094.361803734163	48.64
1130.3063230439202	1100.390903184166	48.68
1131.9434189247434	1104.72527239866	48.72
1128.6138335905998	1103.5388336872093	48.76
1128.0848350297158	1102.6156451585632	48.8
1127.73031960679	1100.498762997779	48.84
1126.81281546806	1094.1789595601174	48.88
1123.266443190813	1094.4212454659255	48.92
1117.8521447907203	1092.3494861059773	48.96
1114.9907109258268	1090.2930292413764	49.0
1118.0987614335909	1087.6930916476872	49.04
1118.4108300187888	1092.5001893572664	49.08
1106.88502858327	1093.6637075113342	49.12
1113.7792522267948	1089.7147656217671	49.16
1119.6424928805543	1093.676000744295	49.2
1137.3065588944473	1083.9027051318146	49.24
1146.3620305761226	1068.4974855620248	49.28
1153.7385442728328	1090.5212371619464	49.32
1198.9446090099896	1094.2870937266168	49.36
1214.417158365522	1111.9596656717865	49.4
1160.9333589295745	1127.391473003938	49.44
1124.2886694907977	1148.4957539102072	49.48
1102.9821289516983	1136.1119432967876	49.52
1098.6383161180675	1112.5043943341639	49.56
1101.2208105209681	1115.6233558949737	49.6
1098.1813189441898	1106.1408030879993	49.64
1098.5661161428936	1105.2611199364267	49.68
1103.269151043251	1099.874873465189	49.72
1100.987717324148	1097.6509542354088	49.76
1101.3674525578429	1096.6969838771613	49.8
1103.8741049331861	1086.7871587464476	49.84
1114.7538825795243	1077.0852439321714	49.88
1116.873413750316	1078.677476437535	49.92
1122.7419580096284	1077.1743511571008	49.96
1119.8390496310044	1079.129219801512	50.0
1116.001404172164	1071.2196614273678	50.04
1112.2500391756819	1072.2621648690927	50.08
1118.6034567021727	1074.339094966957	50.12
1118.9118662821008	1073.8031773223065	50.16
1124.872165288714	1074.1535119401797	50.2
1121.978436408354	1089.4595987808216	50.24
1120.92446271942	1088.9703520849196	50.28
1121.8296375696996	1067.9650729044586	50.32
1125.6699715810223	1066.273895741886	50.36
1136.6438413466908	1094.055865123773	50.4
1180.9969729954507	1136.8592641363473	50.44
1191.885222124775	1153.8587524621694	50.48
1157.7774880650384	1144.7211291839976	50.52
1129.8459602875523	1123.0805150948777	50.56
1124.3515880084685	1107.7331055241468	50.6
1137.9857953141154	1090.714800478602	50.64
1135.9807707682862	1096.6555926679214	50.68
1137.514177325173	1100.452868862292	50.72
1138.1871779764044	1102.6794892270766	50.76
1126.4559240843355	1090.2958700963334	50.8
1127.174268441865	1087.0136934255286	50.84
1130.3667361073135	1086.14352552951	50.88
1126.5116308457295	1095.1199740604616	50.92
1127.0399077639727	1085.3801773937419	50.96
1125.878728840181	1064.4104667255574	51.0
1114.2486635911118	1062.9880021159017	51.04
1117.4208091302858	1057.6431000349623	51.08
1114.739958988751	1061.8325553579416	51.12
1119.3384083429046	1071.4900737360974	51.16
1124.2346653836046	1078.9654910657966	51.2
1131.888755777751	1081.7450450340914	51.24
1125.2038523002639	1083.1653419599998	51.28
1123.181543523907	1079.6655533707012	51.32
1121.105145586545	1077.2849184122028	51.36
1128.8327010594353	1084.50194447927	51.4
1134.6773995534425	1089.016193633764	51.44
1128.4113217239449	1090.737712240754	51.48
1128.4905505298298	1092.2091895463207	51.52
1126.129715488555	1093.2510161752982	51.56
1126.1874577366107	1095.5159679697615	51.6
1128.1327371331954	1094.3228350289037	51.64
1132.450952073248	1098.3522132598637	51.68
1138.5766821875732	1101.4275029598205	51.72
1137.763132475629	1103.2921280256078	51.76
1136.4840057192278	1100.5371470320501	51.8
1135.1570678607484	1105.5636723999473	51.84
1131.3498691515922	1110.6735728951458	51.88
1134.8055484401352	1113.3433522081903	51.92
1131.695369569546	1117.9819320911024	51.96
1132.7170020640779	1118.1290214175426	52.0
1141.6918712436127	1120.0961386939114	52.04
1137.999808428915	1123.0052468656197	52.08
1137.4509961343238	1122.1472726899522	52.12
1145.7061046776882	1097.1500799975672	52.16
1156.7453800670728	1103.866557602601	52.2
1162.1895977507754	1087.9481822528558	52.24
1156.5270256367846	1086.2267490218317	52.28
1155.3132793034797	1095.2548853338685	52.32
1141.5573789547764	1092.4092402455155	52.36
1146.9575007020956	1108.2649194755277	52.4
1152.9229577414592	1116.2107521606024	52.44
1160.6563970494294	1126.3300117732783	52.48
1181.1618024305837	1138.0288576049968	52.52
1209.7479262981794	1174.5616218560617	52.56
1255.6634282611174	1223.8275457363711	52.6
1304.031064757488	1256.0101225238736	52.64
1313.1266709791416	1269.887586934645	52.68
1301.9117863265515	1275.8195365110828	52.72
1289.9324509887801	1263.8655295294195	52.76
1273.92147356436	1247.497941728286	52.8
1267.797807616669	1234.2613632394757	52.84
1254.0122205345533	1220.8388047281162	52.88
1234.1249916198608	1215.2043252731078	52.92
1222.1291332458277	1196.608888117455	52.96
1218.7747091229949	1189.4164263787638	53.0
1248.6843190890681	1209.0986359307724	53.04
1289.1501255315925	1248.0182108987403	53.08
1350.8670057978682	1308.1152579857905	53.12
1414.7002078264466	1386.0521447053554	53.16
1489.2364117554803	1448.5957036481043	53.2
1541.9014866643174	1511.6627427335277	53.24
1582.5338788856811	1563.9641055056554	53.28
1628.5014812815148	1613.2065764368772	53.32
1654.7012281161858	1653.3654665050378	53.36
1695.9097152332226	1676.3142363363145	53.4
1694.9000938833406	1687.0484965414116	53.44
1675.1830926217735	1668.5022297782887	53.48
1642.517633707358	1639.7530091675053	53.52
1629.4749284358609	1621.63567386117	53.56
1609.0369920253515	1608.0868967444608	53.6
1608.895321393689	1590.0537611848451	53.64
1604.5214510831422	1583.6488468078635	53.68
1612.3541729706449	1591.753273122712	53.72
1617.5217382366743	1627.7821591900965	53.76
1594.9980050536167	1636.1366719932407	53.8
1555.2870272810164	1605.3367780492333	53.84
1498.5844566805738	1527.7840975015138	53.88
1461.5757682217743	1415.1837018365845	53.92
1389.7028979938964	1331.1986444618844	53.96
1354.5710991307296	1281.3874218824822	54.0
1344.6833344278873	1225.4340273435034	54.04
1332.1338118466879	1167.2683457484372	54.08
1295.3700776354465	1101.571927190147	54.12
1265.8866791689281	1067.9836430243886	54.16
1230.4178919246528	1053.1469445673006	54.2
1238.5890372273243	1054.3208182498597	54.24
1256.4105169145205	1098.9222989367993	54.28
1222.8435506393093	1165.2407819785972	54.32
1057.2999076622643	1082.4049232061034	54.36
1089.6637335189068	1118.4787735274147	54.4
1206.9009245228183	1191.820876365073	54.44
1234.3295285659663	1103.0892213622478	54.48
1190.2914323358475	1092.984444815474	54.52
1196.2246629393533	1098.6546412585526	54.56
1203.1940534495052	1127.566700615284	54.6
1218.0194360428766	1141.3231770753807	54.64
1221.2233011287963	1136.7885812628772	54.68
1243.8334507957616	1147.3283217223038	54.72
1270.4263763225215	1173.7222534869975	54.76
1279.2073629448141	1197.4930326571723	54.8
1270.8264783691566	1214.5401866524649	54.84
1262.9404590866936	1201.0319374877772	54.88
1259.861547700249	1191.2318113664692	54.92
1260.3218052058717	1183.435609142107	54.96
1264.641202859679	1153.86647151545	55.0
1256.857350397256	1146.2047114949796	55.04
1245.42905855958	1132.3725556253553	55.08
1239.2652155876115	1133.8212144794754	55.12
1229.060913887488	1141.8105909171377	55.16
1222.3997726118705	1151.9182747416373	55.2
1216.3183682351344	1156.3316913632689	55.24
1215.5555156572873	1128.2009905394125	55.28
1213.606834381647	1146.1811918283909	55.32
1213.2168440718744	1150.3315398046886	55.36
1206.9461308397947	1133.2932226210482	55.4
1204.3015084798033	1118.2468661221335	55.44
1203.092136442007	1115.9750165442372	55.48
1203.0247230893483	1126.5332388145514	55.52
1202.4380295551978	1129.4564422303665	55.56
1199.1999056575867	1103.8945344068306	55.6
1193.251752602239	1105.0034699267278	55.64
1190.7835110674675	1095.3627729869215	55.68
1181.9891439046266	1092.6025177140482	55.72
1173.6154366145602	1079.1681595530208	55.76
1162.1149460542927	1072.771168482449	55.8
1132.9878805133408	1054.8538069486747	55.84
1112.3836966405513	1012.5173555345488	55.88
1107.0607049156201	1030.3180645508014	55.92
1107.1794153619317	1014.2272179245914	55.96
1104.518286467739	1018.9587674005311	56.0
1113.6314055120092	1027.177342157647	56.04
1120.6180234154856	1040.811491786094	56.08
1124.5164099412673	1046.663329808116	56.12
1132.0247507885824	1050.6957668249152	56.16
1131.1819936025074	1042.3589036491055	56.2
1126.175098169425	1041.5518784985109	56.24
1116.9659735503974	1037.582180533717	56.28
1116.0447564831452	1036.429441938228	56.32
1119.474881851634	1034.2861642522369	56.36
1123.985390751231	1042.2296953872315	56.4
1127.8061876700592	1045.7350394307466	56.44
1127.3079442357143	1042.9736792168424	56.48
1130.59784316483	1046.8754257468509	56.52
1131.04727259536	1049.27938741912	56.56
1138.4394901815913	1055.9429503831257	56.6
1141.586231682956	1057.4835069822295	56.64
1145.9452990484092	1065.3296812420967	56.68
1142.971951586332	1060.2964984065216	56.72
1142.7581207519584	1063.73822092119	56.76
1143.4529977487512	1065.4660198950219	56.8
1143.2889546826066	1066.6493369113716	56.84
1142.7691175594798	1070.9665077184238	56.88
1147.451230755701	1073.9151126511113	56.92
1151.904381839544	1081.5671149413265	56.96
1156.037252260224	1082.4384577262902	57.0
1161.3705014884683	1079.5390142631938	57.04
1166.2660888323198	1083.9053240285093	57.08
1169.9627965124048	1084.6568075969524	57.12
1173.8020829331829	1092.5050044490124	57.16
1173.4975796138147	1103.5766020281023	57.2
1178.292458260889	1109.421824491882	57.24
1178.2149510795682	1114.889435655943	57.28
1175.8444884781802	1117.0192826165703	57.32
1173.9617086998844	1117.392222255485	57.36
1168.953828192365	1116.1040328418042	57.4
1159.1660484627148	1114.2736503553367	57.44
1148.9930617596558	1111.6143909078737	57.48
1139.8523682212108	1098.3909227326878	57.52
1133.3668333691026	1096.6474058116044	57.56
1130.852086977536	1090.1567636381917	57.6
1134.618668577638	1080.3745821432935	57.64
1135.6634411568423	1075.552930283192	57.68
1144.578622170815	1073.6795905734066	57.72
1153.8192728412089	1076.7793108237483	57.76
1156.7874021422406	1080.817289338048	57.8
1160.863341551116	1074.888838014317	57.84
1157.989592955601	1067.1719174450318	57.88
1140.3229147854672	1059.9374790772995	57.92
1129.3389921257701	1060.7610543004537	57.96
1129.1755488943822	1071.6787174487308	58.0
1144.3053894871225	1088.7309698133283	58.04
1153.4740024753396	1102.4182370207288	58.08
1164.6000348143668	1130.1255994424907	58.12
1177.5782637812595	1150.895367930614	58.16
1197.501510476543	1186.651762589914	58.2
1230.0300846725493	1204.6978169222389	58.24
1248.1492265202005	1239.7488334743657	58.28
0.0	0.0	58.32
0.0	0.0	58.36
0.0	0.0	58.4
0.0	0.0	58.44
1408.4961057819814	1419.96718558061	58.48
0.0	0.0	58.52
0.0	0.0	58.56
0.0	0.0	58.6
0.0	0.0	58.64
0.0	0.0	58.68
0.0	0.0	58.72
0.0	0.0	58.76
0.0	0.0	58.8
0.0	0.0	58.84
0.0	0.0	58.88
0.0	0.0	58.92
0.0	0.0	58.96
0.0	0.0	59.0
0.0	0.0	59.04
0.0	0.0	59.08
0.0	0.0	59.12
0.0	0.0	59.16
0.0	0.0	59.2
0.0	0.0	59.24
0.0	0.0	59.28
0.0	0.0	59.32
0.0	0.0	59.36
0.0	0.0	59.4
0.0	0.0	59.44
0.0	0.0	59.48
0.0	0.0	59.52
0.0	0.0	59.56
0.0	0.0	59.6
0.0	0.0	59.64
0.0	0.0	59.68
0.0	0.0	59.72
0.0	0.0	59.76
0.0	0.0	59.8
0.0	0.0	59.84
0.0	0.0	59.88
0.0	0.0	59.92
0.0	0.0	59.96
0.0	0.0	60.0
0.0	0.0	60.04
0.0	0.0	60.08
0.0	0.0	60.12
0.0	0.0	60.16
0.0	0.0	60.2
0.0	0.0	60.24
0.0	0.0	60.28
