Thumb_R	Index_R	Time
0.0	0.0	0.04
0.0	0.0	0.08
0.0	0.0	0.12
0.0	0.0	0.16
0.0	0.0	0.2
0.0	0.0	0.24
0.0	0.0	0.28
0.0	0.0	0.32
0.0	0.0	0.36
0.0	0.0	0.4
0.0	0.0	0.44
0.0	0.0	0.48
0.0	0.0	0.52
0.0	0.0	0.56
0.0	0.0	0.6
0.0	0.0	0.64
0.0	0.0	0.68
0.0	0.0	0.72
0.0	0.0	0.76
0.0	0.0	0.8
0.0	0.0	0.84
0.0	0.0	0.88
0.0	0.0	0.92
0.0	0.0	0.96
0.0	0.0	1.0
0.0	0.0	1.04
0.0	0.0	1.08
0.0	0.0	1.12
0.0	0.0	1.16
0.0	0.0	1.2
0.0	0.0	1.24
0.0	0.0	1.28
0.0	0.0	1.32
0.0	0.0	1.36
0.0	0.0	1.4
0.0	0.0	1.44
1683.4143533699646	1681.7483095113284	1.48
1542.2982246561517	1531.0146058919347	1.52
1422.212294630882	1406.1772477727743	1.56
1312.8128676067543	1305.224793153959	1.6
1241.227919602207	1226.7341116101168	1.64
1196.661330809235	1164.9574671819291	1.68
1155.8622178117073	1124.3315409478084	1.72
1144.6636053307502	1098.581331839939	1.76
1134.0479784075935	1083.5800772627217	1.8
1137.8780035384084	1080.455201235133	1.84
1141.106526995023	1081.4068377058102	1.88
1143.8042245637832	1089.687346625953	1.92
1143.8135756648335	1088.128403739382	1.96
1140.3930360971526	1089.7409028347488	2.0
1138.125096157441	1089.975917429053	2.04
1136.329264092876	1089.9505858399928	2.08
1129.2995386498906	1086.8944085808066	2.12
1126.6992695480837	1080.151439660276	2.16
1117.490127154829	1078.4118357308053	2.2
1112.1225454302223	1071.8638702051462	2.24
1116.2658721432745	1069.1032615729684	2.28
1123.342006733744	1079.2282163797247	2.32
1124.9952725894766	1078.8214953335548	2.36
1124.4660650946664	1075.7812213133127	2.4
1129.3933717113096	1083.8949742771674	2.44
1138.0936835473944	1090.9939724960666	2.48
1146.6094869013082	1101.6336409654482	2.52
1152.565667773078	1104.2424583048976	2.56
1161.2498621855875	1119.1884471846972	2.6
1168.4092553313417	1121.4826612544684	2.64
1180.3227841889307	1134.0864203807241	2.68
1192.5640384926119	1145.4679095004094	2.72
1208.0563416070056	1157.5754571909238	2.76
1237.324422027554	1194.4658246955878	2.8
1254.9340556771185	1210.8993912392862	2.84
1265.6189947832922	1224.2792272857198	2.88
1255.8651765891054	1216.1291042585203	2.92
1244.4745168587638	1204.5216647967354	2.96
1235.4770235847961	1198.9867684014944	3.0
1224.849205548536	1186.3435215016225	3.04
1220.1006637937605	1182.8659331755389	3.08
1213.4902004071093	1183.7598467809137	3.12
1202.8863657966613	1177.1037312768415	3.16
1195.6165134385164	1171.7282148258535	3.2
1182.8559227731291	1156.3195993424124	3.24
1181.2919252923455	1156.5678521450234	3.28
1180.9786002108547	1158.4605512406167	3.32
1184.2350796421424	1164.1315064618004	3.36
1196.1564724189936	1168.1580710748785	3.4
1201.6736023491685	1161.9301832775088	3.44
1201.2218103628259	1168.9701644161566	3.48
1192.5215539345156	1196.9775925269366	3.52
1179.4046789725865	1194.5504355553405	3.56
1165.578932456443	1174.6715083780787	3.6
1159.2536594421688	1161.7905403837544	3.64
1148.705857461641	1153.9818044429053	3.68
998.210641969977	950.5341322847362	3.72
967.8746511996551	924.1417232372742	3.76
918.5358524206669	916.7473477277896	3.8
922.8200439513179	929.7798657666515	3.84
932.3067798327168	947.1353603190291	3.88
951.5549594018379	950.7317970847354	3.92
969.9348631018756	958.5260356059429	3.96
998.2552171779145	964.8488047545243	4.0
1011.4438769704263	954.3157427547227	4.04
1023.386435748197	947.8750238532419	4.08
1033.8514033512304	940.7386946592106	4.12
1048.0814395922594	938.8065916391032	4.16
1052.0010722623535	933.7405575796829	4.2
1040.9359177541628	928.4822085394062	4.24
1036.430028106904	929.6750550498307	4.28
1023.2851943632551	936.7314227736059	4.32
1022.8874496254797	946.8172342329569	4.36
1018.4577196971558	952.1967193298703	4.4
1017.9292764951854	953.5505420412206	4.44
1021.8656819982931	966.8096869320199	4.48
1014.4273582304405	967.7585735467153	4.52
1009.2695739591079	966.2687528187031	4.56
1003.4877376628016	971.2138938812802	4.6
1001.2243335983717	973.0630270111863	4.64
1003.4355914595758	972.1936206355421	4.68
1004.1119927429041	976.4152635485042	4.72
1001.9444157368704	973.0445261342528	4.76
986.6829603062733	959.0159828527096	4.8
962.4818269536488	930.3386778788968	4.84
931.7625436184211	898.4175842610554	4.88
909.9099997340206	869.6562530330623	4.92
892.6378915796553	850.8401595833872	4.96
880.3318940473467	836.0587078883684	5.0
870.3303880392442	824.2243998641321	5.04
860.8090091484262	808.526797472997	5.08
852.7796937510835	797.2368046222459	5.12
848.8062062012328	795.767104120772	5.16
846.435592905379	793.6133254724466	5.2
846.2769231502597	791.8260446079294	5.24
844.1962408094545	803.5406985014961	5.28
849.7543631684692	798.8319293681134	5.32
853.7863016147818	810.6291023720735	5.36
858.6712695931234	816.8238876944185	5.4
857.4568704436662	819.7480013845181	5.44
866.1025964217339	821.5113272375537	5.48
867.3137347258744	827.819611773886	5.52
873.3019283737449	834.7526258882814	5.56
872.8612459047197	834.1240899283935	5.6
875.4256919367809	837.8956593179009	5.64
874.2237080763372	830.0594017185741	5.68
882.2854428737661	847.7769872045744	5.72
885.9449490531516	850.0595155702033	5.76
891.3569947223328	857.2398860975579	5.8
884.9307264516526	838.3167042868782	5.84
884.8187352058469	851.0219369908306	5.88
878.8211517924326	848.1556998660369	5.92
873.1220106849036	839.8838953928067	5.96
871.9741014546847	831.2309087786763	6.0
867.1682180402211	833.2603931360219	6.04
864.0936366261202	829.9766458058251	6.08
860.8663351817795	832.1443831986772	6.12
854.7914867445218	829.3195822819538	6.16
851.9430350412194	822.8554683260454	6.2
850.5218004064046	814.6598628390615	6.24
852.0581136938051	810.6029861268869	6.28
851.1872260618698	801.2139912784122	6.32
856.1551235901189	809.8802102688555	6.36
854.9827394217683	821.7574387623952	6.4
858.5243406883068	821.8313993437487	6.44
858.3902902147903	814.5973498147686	6.48
857.0317542119753	816.586648862015	6.52
856.9895651833723	811.6699368831949	6.56
857.5646594792257	821.3088844828773	6.6
857.8677598621168	819.7386173265592	6.64
856.0698374895944	833.9833106004303	6.68
855.9585026113554	835.2061222522796	6.72
853.8858407777498	829.6972804956355	6.76
855.9515214368098	823.6745888156554	6.8
854.0085561828065	831.1536144020921	6.84
852.474005203142	829.6918578015576	6.88
857.1068352388452	822.0507729918346	6.92
856.9693011158134	821.456379754713	6.96
857.3382371739337	821.6033694765895	7.0
851.8092283081864	821.896585513858	7.04
848.9857779665956	826.8554338402156	7.08
845.3824226961568	827.2498991786365	7.12
843.159989847152	829.6537602943745	7.16
840.779857878402	817.1520837581405	7.2
840.9009163075258	813.3864057159554	7.24
844.0903462648063	811.3262484634696	7.28
846.3835777070426	810.381050754469	7.32
846.8023234936351	819.2599873262398	7.36
844.2209109764646	819.6732276398074	7.4
841.3367072536462	818.7704298293377	7.44
842.6226114558563	820.4818033440264	7.48
841.6567026964146	817.0254445178775	7.52
841.3651661451223	832.685904929009	7.56
844.7196826808396	822.2526683304411	7.6
845.8596713968915	823.0808248559881	7.64
847.5662957209307	824.4925261986443	7.68
847.3083132673373	815.2110788773678	7.72
846.2583647525119	810.4593011823316	7.76
849.2070692696876	816.5763416347957	7.8
854.9972554605789	832.4777013570098	7.84
856.873838141934	827.0422607625015	7.88
854.4798624768762	819.8162765516528	7.92
854.3651881311453	821.6136622665017	7.96
852.2138384496509	820.3880435281203	8.0
858.2580184636779	834.3988206978697	8.04
867.0285745441661	847.0868210430353	8.08
878.2159507876523	867.760958763357	8.12
875.535367699342	839.6831233792018	8.16
880.0816887931377	851.8259819826527	8.2
881.7060381554469	859.8657452025036	8.24
872.1737550373758	843.9941727201144	8.28
866.830226525335	852.2559032526914	8.32
865.2347670104696	842.4316319975818	8.36
860.6564554230597	844.9119836928007	8.4
858.6188147558087	848.6775129106189	8.44
854.4878360069272	850.3097442720841	8.48
849.9929709654756	842.7273211370259	8.52
851.7210209121042	842.6652341392905	8.56
851.8864345330933	842.9064596706353	8.6
852.564192345408	842.8509220810871	8.64
848.1432701295896	841.1828859891814	8.68
845.7193370119688	836.2110088910798	8.72
847.3348832041427	833.6345723405125	8.76
847.5840806671914	831.5926158874228	8.8
847.4613268959706	833.7168526394018	8.84
851.0809103047505	819.6088678731719	8.88
854.8907093254339	834.9985259143325	8.92
852.1069627735274	828.7288476748429	8.96
848.2527872997927	822.3339418549806	9.0
842.5936936570637	823.5834521095699	9.04
841.7943735562271	821.0035086058947	9.08
837.9317419783503	811.3402894633798	9.12
837.7148398050246	816.0351735968271	9.16
836.4467078486258	814.8971228916743	9.2
838.6132227410471	811.6498874007686	9.24
840.4945551984563	817.1533782944636	9.28
841.8790872106927	817.987494062675	9.32
840.5071295873306	826.0513039461249	9.36
837.8308937460442	821.0728648305443	9.4
838.188922553355	819.7435686037012	9.44
843.5994846305607	835.390784179752	9.48
847.650496659406	813.0056906935868	9.52
854.9895563586725	824.2772028030672	9.56
854.7580798995405	815.4274137242412	9.6
858.1561221561841	809.4547519392307	9.64
859.3765110889633	810.1763686257596	9.68
855.3168454775204	804.6438929142594	9.72
853.4295014123433	804.2119880200471	9.76
850.5749008761805	824.0072936460407	9.8
848.1964478773575	842.900859095522	9.84
844.5802368186519	846.3416265161923	9.88
847.2247759520181	841.8132038529105	9.92
846.8891555039701	846.1749832661475	9.96
849.8049448057568	837.343477922271	10.0
853.0728228745896	839.3007576802547	10.04
860.5061764766729	857.2985553057898	10.08
862.2835410874441	851.3766531950268	10.12
866.0011757867122	838.6556000267317	10.16
870.9581046649246	831.359637859965	10.2
863.4658756496658	836.2183034555183	10.24
852.7127110853334	849.0968128358129	10.28
843.8851299745534	831.5444326949059	10.32
841.8868914791359	822.4972274082073	10.36
848.0534906574441	820.9664381120405	10.4
846.8063538351589	817.7735757265173	10.44
847.6657493465934	833.4632693283177	10.48
848.1095342165125	832.7262116084707	10.52
850.1946505827814	823.0517168910385	10.56
854.19105471018	810.4797355755397	10.6
852.8244198166393	808.9529006844655	10.64
841.1934376728288	809.9400570174256	10.68
834.4622976383604	785.6379483199408	10.72
830.4096238598089	778.8065397981374	10.76
826.7586205748155	775.8165142656575	10.8
828.1622973304069	764.001642169433	10.84
832.4768995429203	778.31433700937	10.88
833.0339778509643	795.3410062474019	10.92
834.965354701605	801.4730658903474	10.96
829.5030985706604	809.3986557591135	11.0
832.143809728045	811.2055372006795	11.04
831.4704355903725	809.150982186865	11.08
832.4045148376027	801.1222710772001	11.12
829.5217898327747	799.6997004527333	11.16
823.0754773186418	790.0609807463287	11.2
820.6770103602842	794.7623326492372	11.24
820.7679634821353	778.7070646789896	11.28
818.0710476153687	772.3814150932642	11.32
821.2378871792948	767.6523269674897	11.36
817.9707169206149	763.1513398528374	11.4
815.2854743836584	772.9160530990843	11.44
817.6971958688524	771.1577349704276	11.48
814.0982102753372	769.7541203937823	11.52
815.8407556398137	776.2111782000628	11.56
809.6064613482624	757.280303110851	11.6
806.8019706052595	750.2648010723715	11.64
785.3045960148572	773.0893187039085	11.68
745.6969293574823	734.0271274095852	11.72
717.3547350776221	720.2270082818934	11.76
717.3712741236437	707.7170590840414	11.8
734.7508358718032	681.2422358276453	11.84
753.3377767002625	673.4443058822892	11.88
753.7907919311735	723.8429247410344	11.92
748.9209695124393	735.0770120886707	11.96
744.1430023722403	736.6542597211148	12.0
740.2896582502276	732.2243691162178	12.04
739.3421277569247	724.198759778935	12.08
738.6702112739031	723.7589687565768	12.12
742.0013465530023	730.8922093146025	12.16
745.3089599098261	732.8591309670024	12.2
746.2785501046081	725.4819497787807	12.24
751.2260513281143	739.2980713003328	12.28
753.1140565746199	733.2762026634931	12.32
757.0416358793534	730.7089589075779	12.36
766.5475265819032	739.6151397643471	12.4
776.7009111710723	754.018280523631	12.44
791.2784007038698	771.8704627370676	12.48
804.4157784657547	780.484147738786	12.52
813.0461306702989	786.9044206500328	12.56
823.0629129150606	789.1002446492816	12.6
836.7922080088862	800.0736395400693	12.64
848.0384371157471	802.0201888853655	12.68
870.000623576239	825.7370212379215	12.72
895.7495829144813	834.3023302209062	12.76
922.9736842610533	847.7806443159496	12.8
945.397097521932	869.5557465789841	12.84
960.7289979017207	889.9973954135414	12.88
973.1696871355344	890.1448111513694	12.92
984.3619530541429	897.5949026975348	12.96
998.624258861167	905.2877719601527	13.0
1014.0973077123807	920.735505841281	13.04
1029.4471472641349	948.0194283596811	13.08
1039.9542976271516	972.3941056347123	13.12
1047.8778037776394	962.273679665857	13.16
1056.0671615180875	979.9397652200523	13.2
1061.0511056802627	984.6719184746458	13.24
1063.4211095327637	988.2163072279545	13.28
1069.5496598583636	995.5553388281764	13.32
1088.1733204644565	1026.597720535448	13.36
1109.5222058408435	1038.9866236940634	13.4
1128.631605823167	1040.3421461347377	13.44
1144.7127544880111	1042.6094912436888	13.48
1130.994961697288	1056.6450617497474	13.52
1089.276035701471	1065.076153995397	13.56
1065.4176299984895	1064.5676281287676	13.6
1051.138471638987	1067.8552378222385	13.64
1039.0685133517372	1018.4915560424275	13.68
1023.6458978823397	989.6774338359874	13.72
1008.7213680800711	957.1959626495134	13.76
989.5045647381448	940.2272069849133	13.8
982.1324721225989	898.4667505529953	13.84
967.8932945959518	888.1243138626346	13.88
970.6302998244838	952.6422210119312	13.92
972.3944209609381	983.2541665371441	13.96
985.2779497919945	994.0243708673029	14.0
988.4646520523609	977.2048872092452	14.04
1001.7735680632403	988.5670237213715	14.08
1001.0583774923925	986.444972072086	14.12
1016.6910703355304	1004.6308779586985	14.16
1019.1433207708196	969.0176763174023	14.2
1031.2578852083725	996.9798062719353	14.24
1010.5306318747165	1000.1691671451217	14.28
1010.1595169543361	963.5081600482638	14.32
991.6544658330605	972.2903420124708	14.36
990.6914391047068	973.1934769903665	14.4
985.5130549361658	972.8374017840239	14.44
977.3959156735388	963.0127975351814	14.48
971.0817460754714	958.915218444257	14.52
962.1395678782523	959.3665174104708	14.56
959.8121317368241	955.1934849993655	14.6
948.478247659385	952.7042782233008	14.64
934.8044961684307	952.093692810582	14.68
921.7527886720953	933.4238277005753	14.72
916.6298969792778	935.1119447378286	14.76
910.903452453224	903.0375757499767	14.8
912.4756651768427	923.4082675593569	14.84
909.4564920233832	924.598918714175	14.88
915.2671669149959	900.0712649638926	14.92
906.8725133369173	921.0263065003418	14.96
902.0067077227317	917.035917801376	15.0
905.500990434519	927.708756860757	15.04
906.9102500468026	901.5579630518791	15.08
908.5669446736193	934.0328473612248	15.12
904.0040234135233	908.6790209156643	15.16
903.1723244286056	919.6361903784999	15.2
904.4490405324897	907.8793200740207	15.24
904.4908648244245	911.378384882197	15.28
907.184906429311	917.7240311453179	15.32
911.3068457657822	918.1105899412358	15.36
910.0508787365317	918.7152657842851	15.4
906.6508183121467	922.4897366733215	15.44
904.381894824657	916.2827577132184	15.48
903.5115550987899	915.8124650399178	15.52
905.7668779056145	910.6379205568971	15.56
910.4741914406399	924.45184013217	15.6
904.757029203557	929.8344227609813	15.64
903.3869479080141	930.2019930939404	15.68
907.786873750924	950.774625241724	15.72
923.899277185342	969.8034471388418	15.76
945.849443221759	995.1847741336353	15.8
955.4837293394386	1025.9480414319144	15.84
960.7988547711551	1040.4621889794405	15.88
980.6763513504345	1025.015502147511	15.92
987.5684576018084	983.7127097060342	15.96
989.8036410703149	1004.055159780586	16.0
1008.3301136533897	1074.616503302615	16.04
1018.8491534180085	1031.9210723172541	16.08
1036.5592458844035	1099.6634507944534	16.12
1045.2315761189984	1112.4160361573586	16.16
1055.451427716265	1121.3061940290168	16.2
1063.617640461852	1133.2993321263066	16.24
1067.9125877128245	1132.6022819242119	16.28
1062.8596930355532	1128.395899086014	16.32
1059.7132311114797	1112.1461931604208	16.36
1049.0951407541522	1100.559882751969	16.4
1042.4981765187435	1094.611339491744	16.44
1236.7953599314214	1003.1008612655554	16.48
1023.5354964577501	1050.970563126282	16.52
1009.7409406903199	1051.0917619666475	16.56
1005.181224445763	1040.223118601221	16.6
992.0203392459015	1041.2170569492864	16.64
983.5207001810919	1032.4009328577995	16.68
976.8626018291216	1031.2186777151503	16.72
968.879143758238	1030.1936669824443	16.76
962.0819957998593	1026.2582895851535	16.8
962.775878320786	1023.4897338900101	16.84
956.2079561257292	1020.0431114234816	16.88
954.8853768478098	1016.0903609727462	16.92
958.9734943736878	1023.4363823576497	16.96
950.3467941341926	1017.7810709440896	17.0
955.2889138707839	1020.9466279851347	17.04
954.9039564750484	1019.5706885390039	17.08
950.3399715968997	1011.6936981587645	17.12
946.7523501452299	1006.1235578605482	17.16
941.9579533250981	1003.0711773231052	17.2
942.0189993825136	1005.0627069917598	17.24
942.5418601289143	1005.6743238136271	17.28
937.3817901233766	1007.2336087951026	17.32
937.9555130818061	1005.5501287750769	17.36
936.1424288506818	1003.8846137886611	17.4
933.4008734948883	1005.2151015614389	17.44
935.4133121036465	1001.8402252502995	17.48
936.2369714923074	1005.0142582390413	17.52
936.9551725107482	1003.6936963755657	17.56
939.0510988412937	1010.9351555918549	17.6
935.2452522354232	1000.9425424070474	17.64
938.0619645721586	1002.6342304530538	17.68
935.6137318551631	996.8473367180358	17.72
937.6043951250261	1001.0767448232695	17.76
939.6077534629911	1009.0862604622445	17.8
939.155886202515	1005.818443713303	17.84
938.9292781504328	1001.2861166049844	17.88
939.2804874279758	1007.4616000113565	17.92
939.147738463025	1012.1577993139955	17.96
940.206749913323	1008.586428620901	18.0
942.1584376941453	1012.650265561448	18.04
938.2466675521209	1005.7151802976626	18.08
941.3103105820221	1005.9967443335121	18.12
941.7675752586438	1006.1732744320731	18.16
941.464266244361	1002.6757363992929	18.2
940.12873516199	999.3938000377525	18.24
944.6848896904241	1003.1319496328794	18.28
943.817968937216	1015.5630172440567	18.32
942.4091237368503	1003.6354868905169	18.36
943.5455830150619	1010.4155543591141	18.4
937.8234428639712	1003.6622636849495	18.44
944.427875057732	1007.591870661101	18.48
943.5556559399078	1010.6419954088232	18.52
942.7865622682792	1009.6417445778936	18.56
943.428897122177	1010.918952401582	18.6
943.7111553413782	1007.6420618437145	18.64
943.7238243400881	1010.9108063654883	18.68
944.4012037144208	1011.8315450253622	18.72
944.3373218241026	1009.6874823795408	18.76
944.9455394228629	1010.3027663070842	18.8
943.470967976417	1005.0858647620963	18.84
946.0247010745462	1010.4599470786977	18.88
945.6171672600407	1009.4780815855678	18.92
944.7596628975914	1008.2303712433987	18.96
944.2737116219845	1008.447945458162	19.0
943.9254059183637	1018.1439656742472	19.04
943.8659601900865	1013.676366381136	19.08
946.757203068914	1014.5470145047102	19.12
951.1826954928531	1013.9074877776434	19.16
961.9582565494244	1019.3717591505105	19.2
1010.124941796524	1065.5108614024468	19.24
1079.0799481336503	1148.8755647700843	19.28
1180.0198880155158	1241.3060109182459	19.32
1306.374873327418	1375.6991722295907	19.36
1431.3939480399495	1475.3358989502858	19.4
1558.0275406081287	1603.823794048353	19.44
0.0	0.0	19.48
0.0	0.0	19.52
0.0	0.0	19.56
0.0	0.0	19.6
0.0	0.0	19.64
0.0	0.0	19.68
0.0	0.0	19.72
0.0	0.0	19.76
0.0	0.0	19.8
0.0	0.0	19.84
0.0	0.0	19.88
0.0	0.0	19.92
0.0	0.0	19.96
0.0	0.0	20.0
0.0	0.0	20.04
0.0	0.0	20.08
0.0	0.0	20.12
0.0	0.0	20.16
0.0	0.0	20.2
0.0	0.0	20.24
0.0	0.0	20.28
0.0	0.0	20.32
0.0	0.0	20.36
0.0	0.0	20.4
0.0	0.0	20.44
0.0	0.0	20.48
0.0	0.0	20.52
0.0	0.0	20.56
0.0	0.0	20.6
0.0	0.0	20.64
0.0	0.0	20.68
0.0	0.0	20.72
0.0	0.0	20.76
0.0	0.0	20.8
0.0	0.0	20.84
0.0	0.0	20.88
0.0	0.0	20.92
0.0	0.0	20.96
0.0	0.0	21.0
0.0	0.0	21.04
0.0	0.0	21.08
0.0	0.0	21.12
0.0	0.0	21.16
0.0	0.0	21.2
0.0	0.0	21.24
0.0	0.0	21.28
0.0	0.0	21.32
0.0	0.0	21.36
0.0	0.0	21.4
0.0	0.0	21.44
0.0	0.0	21.48
0.0	0.0	21.52
0.0	0.0	21.56
0.0	0.0	21.6
0.0	0.0	21.64
0.0	0.0	21.68
0.0	0.0	21.72
0.0	0.0	21.76
0.0	0.0	21.8
0.0	0.0	21.84
0.0	0.0	21.88
0.0	0.0	21.92
0.0	0.0	21.96
0.0	0.0	22.0
0.0	0.0	22.04
0.0	0.0	22.08
0.0	0.0	22.12
0.0	0.0	22.16
0.0	0.0	22.2
0.0	0.0	22.24
0.0	0.0	22.28
0.0	0.0	22.32
0.0	0.0	22.36
0.0	0.0	22.4
0.0	0.0	22.44
0.0	0.0	22.48
0.0	0.0	22.52
0.0	0.0	22.56
0.0	0.0	22.6
0.0	0.0	22.64
0.0	0.0	22.68
0.0	0.0	22.72
0.0	0.0	22.76
0.0	0.0	22.8
0.0	0.0	22.84
0.0	0.0	22.88
0.0	0.0	22.92
0.0	0.0	22.96
0.0	0.0	23.0
0.0	0.0	23.04
0.0	0.0	23.08
0.0	0.0	23.12
0.0	0.0	23.16
0.0	0.0	23.2
0.0	0.0	23.24
0.0	0.0	23.28
0.0	0.0	23.32
0.0	0.0	23.36
0.0	0.0	23.4
0.0	0.0	23.44
0.0	0.0	23.48
0.0	0.0	23.52
0.0	0.0	23.56
0.0	0.0	23.6
0.0	0.0	23.64
0.0	0.0	23.68
0.0	0.0	23.72
0.0	0.0	23.76
0.0	0.0	23.8
0.0	0.0	23.84
0.0	0.0	23.88
0.0	0.0	23.92
0.0	0.0	23.96
0.0	0.0	24.0
0.0	0.0	24.04
0.0	0.0	24.08
0.0	0.0	24.12
0.0	0.0	24.16
0.0	0.0	24.2
0.0	0.0	24.24
0.0	0.0	24.28
0.0	0.0	24.32
0.0	0.0	24.36
0.0	0.0	24.4
0.0	0.0	24.44
0.0	0.0	24.48
0.0	0.0	24.52
0.0	0.0	24.56
0.0	0.0	24.6
0.0	0.0	24.64
0.0	0.0	24.68
0.0	0.0	24.72
0.0	0.0	24.76
0.0	0.0	24.8
0.0	0.0	24.84
0.0	0.0	24.88
0.0	0.0	24.92
0.0	0.0	24.96
0.0	0.0	25.0
0.0	0.0	25.04
0.0	0.0	25.08
0.0	0.0	25.12
0.0	0.0	25.16
0.0	0.0	25.2
0.0	0.0	25.24
0.0	0.0	25.28
0.0	0.0	25.32
0.0	0.0	25.36
0.0	0.0	25.4
0.0	0.0	25.44
0.0	0.0	25.48
0.0	0.0	25.52
0.0	0.0	25.56
0.0	0.0	25.6
0.0	0.0	25.64
0.0	0.0	25.68
0.0	0.0	25.72
0.0	0.0	25.76
0.0	0.0	25.8
0.0	0.0	25.84
0.0	0.0	25.88
0.0	0.0	25.92
0.0	0.0	25.96
0.0	0.0	26.0
0.0	0.0	26.04
0.0	0.0	26.08
0.0	0.0	26.12
0.0	0.0	26.16
0.0	0.0	26.2
0.0	0.0	26.24
0.0	0.0	26.28
0.0	0.0	26.32
0.0	0.0	26.36
0.0	0.0	26.4
0.0	0.0	26.44
0.0	0.0	26.48
0.0	0.0	26.52
0.0	0.0	26.56
0.0	0.0	26.6
0.0	0.0	26.64
0.0	0.0	26.68
0.0	0.0	26.72
0.0	0.0	26.76
0.0	0.0	26.8
0.0	0.0	26.84
0.0	0.0	26.88
0.0	0.0	26.92
0.0	0.0	26.96
0.0	0.0	27.0
0.0	0.0	27.04
0.0	0.0	27.08
0.0	0.0	27.12
0.0	0.0	27.16
0.0	0.0	27.2
0.0	0.0	27.24
0.0	0.0	27.28
0.0	0.0	27.32
0.0	0.0	27.36
0.0	0.0	27.4
0.0	0.0	27.44
0.0	0.0	27.48
0.0	0.0	27.52
0.0	0.0	27.56
0.0	0.0	27.6
0.0	0.0	27.64
0.0	0.0	27.68
0.0	0.0	27.72
0.0	0.0	27.76
0.0	0.0	27.8
0.0	0.0	27.84
0.0	0.0	27.88
0.0	0.0	27.92
0.0	0.0	27.96
0.0	0.0	28.0
0.0	0.0	28.04
0.0	0.0	28.08
0.0	0.0	28.12
0.0	0.0	28.16
0.0	0.0	28.2
0.0	0.0	28.24
0.0	0.0	28.28
0.0	0.0	28.32
0.0	0.0	28.36
0.0	0.0	28.4
0.0	0.0	28.44
0.0	0.0	28.48
0.0	0.0	28.52
0.0	0.0	28.56
0.0	0.0	28.6
0.0	0.0	28.64
0.0	0.0	28.68
0.0	0.0	28.72
0.0	0.0	28.76
0.0	0.0	28.8
0.0	0.0	28.84
0.0	0.0	28.88
0.0	0.0	28.92
0.0	0.0	28.96
0.0	0.0	29.0
0.0	0.0	29.04
0.0	0.0	29.08
0.0	0.0	29.12
0.0	0.0	29.16
0.0	0.0	29.2
0.0	0.0	29.24
0.0	0.0	29.28
0.0	0.0	29.32
0.0	0.0	29.36
0.0	0.0	29.4
0.0	0.0	29.44
0.0	0.0	29.48
0.0	0.0	29.52
0.0	0.0	29.56
0.0	0.0	29.6
0.0	0.0	29.64
0.0	0.0	29.68
0.0	0.0	29.72
2063.1521588298424	2097.781002149094	29.76
0.0	0.0	29.8
0.0	0.0	29.84
1893.06783919444	2038.7633317015043	29.88
1932.8646253056736	1969.285691583273	29.92
0.0	0.0	29.96
0.0	0.0	30.0
0.0	0.0	30.04
0.0	0.0	30.08
0.0	0.0	30.12
0.0	0.0	30.16
0.0	0.0	30.2
0.0	0.0	30.24
0.0	0.0	30.28
0.0	0.0	30.32
0.0	0.0	30.36
0.0	0.0	30.4
0.0	0.0	30.44
0.0	0.0	30.48
0.0	0.0	30.52
1581.8395541782897	1571.5727077410747	30.56
1514.9594483243623	1493.852531531574	30.6
1459.775217193251	1433.468653110606	30.64
1407.49730335868	1379.0533792287297	30.68
1355.6984633124732	1329.0973658053165	30.72
1312.9251816508506	1276.919123759961	30.76
1281.471071389933	1228.285658615517	30.8
1249.8850636884315	1192.0770769434528	30.84
1233.943424965232	1161.1799155783772	30.88
1218.3498344931256	1144.234849691956	30.92
1211.85944542193	1127.59624281927	30.96
1206.6015998943021	1122.637947186751	31.0
1207.5612272868646	1111.9249876423903	31.04
1201.22090614046	1102.4351361689164	31.08
1189.0705345464355	1100.1791753656748	31.12
1180.1374914076905	1099.9368777600564	31.16
1173.915263267072	1089.4088324651711	31.2
1164.7884359128789	1081.6873657331878	31.24
1158.6811097132563	1084.1040186146483	31.28
1149.213877178043	1077.7003362273206	31.32
1135.7956801146424	1070.169454288179	31.36
1126.3347103072545	1068.949958527247	31.4
1122.132281167636	1057.0408327353096	31.44
1117.4605348854207	1054.6191008157987	31.48
1115.926733588849	1059.315543373617	31.52
1112.0574596146619	1057.4104935807247	31.56
1105.9657261945636	1054.0134983497653	31.6
1094.97151939351	1047.0393078525256	31.64
1092.10793679572	1043.920908121776	31.68
1087.4137848077794	1042.4478820088896	31.72
1085.4197351388812	1040.074658122255	31.76
1083.2903985453697	1039.180966873064	31.8
1081.8548949782526	1036.7630918351306	31.84
1079.982548585538	1036.8915269712497	31.88
1077.9292692324552	1035.6328745569094	31.92
1076.7740670769324	1029.9409360527934	31.96
1076.465214228871	1028.6713041897453	32.0
1074.070753049266	1025.8885423094227	32.04
1073.5210782982138	1026.2535637549188	32.08
1073.0155893198375	1023.812968036334	32.12
1073.0728758214254	1025.4898872884517	32.16
1072.7980792727762	1023.4150799068173	32.2
1070.1309097457288	1026.2631137534352	32.24
1073.520633656988	1024.2942379504104	32.28
1071.6064078370064	1024.7308744447284	32.32
1070.3122767608006	1025.1820381237465	32.36
1071.0501364720183	1023.62564670146	32.4
1068.9908898481215	1019.3557819892402	32.44
1069.181185311011	1021.2738181949732	32.48
1067.5573298219222	1020.2723668226529	32.52
1068.643047679933	1020.5214733634232	32.56
1071.0680828564423	1020.9670055076369	32.6
1072.0533956150298	1022.297219921135	32.64
1073.5020570263182	1024.1496427981026	32.68
1071.8222448651704	1024.0470234709935	32.72
1070.3337391343646	1023.8209253967226	32.76
1074.2830168031842	1025.3194282079876	32.8
1070.3846324760186	1023.4369570306255	32.84
1071.8768511492842	1027.3549412411112	32.88
1072.7413362304108	1027.384979941049	32.92
1070.32057456973	1029.5273777395885	32.96
1069.9718694566277	1028.5253450109055	33.0
1073.4700441137138	1031.0428944008927	33.04
1071.2794817255628	1028.0525509556683	33.08
1074.899810071956	1031.502463765619	33.12
1070.8293331837647	1029.6321561074121	33.16
1070.8388614672058	1028.7981304522164	33.2
1072.7957594378138	1033.0362309965853	33.24
1071.062768691189	1031.7320405939863	33.28
1073.2092811673053	1034.5302142025746	33.32
1071.216362221317	1032.0124459695298	33.36
1073.0207200580467	1033.985841391956	33.4
1073.630202554791	1034.6398922424562	33.44
1072.231127906273	1033.1829601417326	33.48
1073.8047923972604	1035.92118319867	33.52
1073.6487368153364	1034.2268132745626	33.56
1076.4180332315582	1035.8237089913262	33.6
1072.8459133694907	1032.9043487040076	33.64
1072.6977635579926	1034.2152030090824	33.68
1070.9255917651224	1033.5756376054844	33.72
1071.6069427209889	1034.7561189380212	33.76
1068.8969097645474	1033.4177756302647	33.8
1069.3801576237431	1033.2771916992424	33.84
1068.4636779469897	1034.5113967092311	33.88
1068.681148004616	1033.9645387849764	33.92
1073.4929345118842	1034.5034666406466	33.96
1072.5678057123334	1029.6142848751326	34.0
1081.6337812774664	1016.971048116772	34.04
1087.996157470352	1011.2127204327479	34.08
1091.6512922984532	1004.744428315751	34.12
1103.3063680480539	1014.7982675731382	34.16
1115.017967155842	1025.8632349331535	34.2
1125.8839804240342	1041.5893475381488	34.24
1136.1498788499923	1054.4028621200423	34.28
1135.5667903134577	1055.6765614760382	34.32
1128.928584743217	1053.1689217667101	34.36
1124.4513987815549	1051.964534538862	34.4
1126.1039453018298	1044.9039001709023	34.44
1114.1718157418659	1039.8917844772761	34.48
1122.230015285203	1032.9356445926248	34.52
1127.1432848094432	1028.5492005782874	34.56
1140.7539577371942	1033.2470645677834	34.6
1146.4242340043672	1053.345130308243	34.64
1173.2522707334601	1085.4273199955408	34.68
1209.1376568144044	1124.4522876764713	34.72
1239.638258808945	1163.8796788718466	34.76
1255.0872687854164	1163.0833372447069	34.8
1283.7974858912305	1179.1489710644303	34.84
0.0	0.0	34.88
1349.6901760517426	1216.1022553032208	34.92
1380.3824901424334	1278.2593440777175	34.96
1393.9431500792236	1316.7052074031426	35.0
1395.2936507963125	1303.4825450211413	35.04
1367.0084601239985	1361.8581148241813	35.08
1356.68707580246	1439.936025158437	35.12
1319.3840543299389	1380.9786136709222	35.16
1276.0153184923768	1224.5988272778106	35.2
1264.0434705663718	1227.5124590816456	35.24
1251.7630261518286	1180.7481405445137	35.28
1260.8574093860882	1150.3415055462622	35.32
1259.4503595080425	1161.712961691362	35.36
1265.145234819366	1116.827282854945	35.4
1261.3713533317452	1096.4495550257216	35.44
1255.543727772359	1095.8780863174338	35.48
1282.5520468444295	1109.9641308276089	35.52
1279.1935493448725	1104.511053338705	35.56
1272.4032658695423	1097.5543081103594	35.6
1269.8819507661412	1087.8943200298284	35.64
1270.394029975382	1094.5942412023703	35.68
1276.821425360543	1082.6917861975166	35.72
1337.9831942386372	1107.8897941298892	35.76
1348.1511311408237	1114.5422318390415	35.8
1349.7543111079356	1110.0470114226875	35.84
1321.3647647814894	1095.4794364224579	35.88
1334.7943876765387	1101.5536064355626	35.92
1250.421098923948	1174.932487046008	35.96
1494.9656066737393	1164.6731174291976	36.0
1488.9551138666852	1147.9053384826739	36.04
1475.0695566826312	1126.7860135648502	36.08
1464.2196651972044	1117.5038257013132	36.12
1457.5342216166996	1106.2619943453603	36.16
1449.6836950646398	1098.2553541424156	36.2
1452.4159734569598	1098.6708419827003	36.24
1441.1643353899049	1086.7246212997889	36.28
1435.4493736112966	1079.9494738278256	36.32
1431.0302599677777	1075.5408026827508	36.36
1431.9693704467984	1074.388374631275	36.4
1432.9579798372295	1073.5302519824686	36.44
1434.7346702680125	1072.9788065051966	36.48
1435.0436376728767	1072.967914983681	36.52
1435.1009620914444	1072.6397322662995	36.56
1435.231672971509	1071.1401965534199	36.6
1433.3055358381835	1071.735483417216	36.64
1431.2476607958422	1070.2662381938342	36.68
1428.3317200553952	1067.7115559994136	36.72
1428.4456852468925	1064.5139235480638	36.76
1428.7670002951984	1062.0740465871597	36.8
1431.9125664586163	1064.8176609175446	36.84
1434.613264962905	1068.5742646315605	36.88
1436.7697576969795	1069.6149172304338	36.92
1437.0589364938673	1070.8247800679078	36.96
1439.56886919505	1070.7268396901404	37.0
1439.7171607967575	1073.4454742869289	37.04
1438.0432202617524	1069.4936704845002	37.08
0.0	0.0	37.12
0.0	0.0	37.16
0.0	0.0	37.2
0.0	0.0	37.24
0.0	0.0	37.28
0.0	0.0	37.32
0.0	0.0	37.36
0.0	0.0	37.4
0.0	0.0	37.44
0.0	0.0	37.48
0.0	0.0	37.52
0.0	0.0	37.56
0.0	0.0	37.6
0.0	0.0	37.64
0.0	0.0	37.68
0.0	0.0	37.72
0.0	0.0	37.76
0.0	0.0	37.8
0.0	0.0	37.84
0.0	0.0	37.88
0.0	0.0	37.92
0.0	0.0	37.96
0.0	0.0	38.0
0.0	0.0	38.04
0.0	0.0	38.08
0.0	0.0	38.12
0.0	0.0	38.16
1171.1486331679337	1061.7973750527244	38.2
1156.833707863843	1055.9216521444419	38.24
1138.1677304943994	1035.7008133001605	38.28
1108.8590454360046	1017.3866073033716	38.32
1083.2852811975808	1018.3249001697317	38.36
1073.9007231019168	1042.3808569181288	38.4
1074.1572693464723	991.7287104384104	38.44
1059.0776103267183	978.006009964321	38.48
1046.5132154688977	964.536951748703	38.52
1043.302618978024	973.9552428744968	38.56
1048.1527711402093	965.0387551644487	38.6
1046.973501966998	966.9672870415512	38.64
1043.3111071269016	965.0604206806311	38.68
1048.1624604181352	961.7913463146383	38.72
1047.779426017982	963.5640788133343	38.76
1039.4365494899332	956.3685287592685	38.8
1041.210224480199	958.8408430936842	38.84
1047.0547700950995	956.801367440471	38.88
1043.6206623803441	959.2145235054078	38.92
1050.137916364091	956.945308263046	38.96
1050.3918674162855	959.4852196737713	39.0
1047.5141467005994	952.8410044544986	39.04
1047.4208788333835	954.5147515051415	39.08
1048.459825887492	956.3883765614913	39.12
1048.7115651989682	948.1448068599719	39.16
1048.6739323747288	976.9789918768582	39.2
1057.771041937116	960.8631674481877	39.24
1057.4335373446265	960.0579570351713	39.28
1077.6027806094512	968.147593672591	39.32
1094.013702385229	973.690798739055	39.36
1088.5472292730706	976.0707518559084	39.4
1103.2284579200073	978.5245851506298	39.44
1101.5247290227503	977.4096234823068	39.48
1100.0004899012665	971.8518272452886	39.52
1103.5966128199987	975.9952113151307	39.56
1109.5580758894353	983.0266380567834	39.6
1119.078199380729	985.3655238416803	39.64
1119.4663077345074	985.7494187430048	39.68
1113.9429193240874	989.8997541530439	39.72
1126.1182111861178	991.0444643168522	39.76
1117.2468058022794	989.1414264722536	39.8
1121.0026856170293	993.3722967998701	39.84
1121.5368701082782	991.6559948125046	39.88
1111.5344413139192	986.0590228876805	39.92
1108.386630608958	984.7718917021232	39.96
1118.367715252481	989.4618297523093	40.0
1108.6340127584017	985.4323441265852	40.04
1112.1647667648238	988.3137849363229	40.08
1121.7709168634035	987.3052808391614	40.12
1111.871565049744	991.2477646343971	40.16
1126.3310477963394	988.2247064170244	40.2
1116.8629260958867	998.1116077464654	40.24
1124.760188452624	990.3047365304155	40.28
1119.4670275494511	991.3590280680346	40.32
1118.4197879585315	992.7078260563992	40.36
1126.3532429625407	991.8670654076717	40.4
1119.6993793115912	999.3723354917139	40.44
1123.7759806453103	997.3695778345133	40.48
1128.1830608238108	997.3795595997682	40.52
1125.3615754326777	997.6199413035247	40.56
1135.5214665542212	995.9728901961562	40.6
1115.4164702100775	999.8517645780718	40.64
1131.3837405204101	998.8622563939801	40.68
1134.9470319985207	1001.2966920848202	40.72
1125.242442673763	998.5501644446975	40.76
1132.078376274648	1002.0928439118253	40.8
1140.3514147398616	1003.2280164353559	40.84
1143.1058969333549	1002.4879893394208	40.88
1137.5262514920778	1006.5731428251871	40.92
1146.4143320066198	1009.5965243953816	40.96
1147.0531654386705	1009.8498402701797	41.0
1141.514323352228	1011.1281100533429	41.04
1144.5940955022943	1010.6859280279773	41.08
1148.4958133889047	1017.0550923883235	41.12
1147.5515749231408	1008.118821371685	41.16
1141.5456287474537	1009.0978409051008	41.2
1148.9904876310982	1013.7814544041355	41.24
1144.3759739654995	1010.5547306515085	41.28
1139.029554284671	1009.9492771333282	41.32
1136.6717431390257	1015.6166349404132	41.36
1132.1814800443801	1013.633787611828	41.4
1133.9150440330695	1013.2073764575837	41.44
1135.277249821222	1014.4441022008773	41.48
1134.6170752403418	1012.5054761556264	41.52
1130.5239667913434	1010.315540550445	41.56
1128.5598690486868	1008.5804397811789	41.6
1127.944478896006	1010.3628926864362	41.64
1130.9714599880701	1007.7585595162594	41.68
1126.6958469805484	1010.9792591026014	41.72
1123.5039002991498	1006.6734321378299	41.76
1121.8314393598087	1002.2778317022148	41.8
1123.81244140503	1002.0331070974261	41.84
1122.6779829574548	1001.0024738604127	41.88
1125.0165779029405	1001.4216019802285	41.92
1125.1624340555713	1002.2529246672887	41.96
1127.7632371403279	1006.4965162089644	42.0
1128.3245556799222	1002.0208083762152	42.04
1126.4800482127869	997.7441722930686	42.08
1123.1949513337386	999.0586588919257	42.12
1124.164459156327	1002.6304699793092	42.16
1124.3566269843047	1003.2622900633239	42.2
1123.615187888108	1004.4809980801956	42.24
1127.6506411193102	1005.855092111164	42.28
1138.2100284716146	1009.3906118969278	42.32
1149.6596614559494	1030.2410124946823	42.36
1167.0209543596507	1042.0447057756146	42.4
1208.0754095743987	1071.882963120297	42.44
1238.4245598641182	1103.7950430815486	42.48
1263.4412079660199	1133.377602109268	42.52
1297.215853084801	1160.4196818391715	42.56
1337.566997914923	1195.1848836280676	42.6
1393.6490928093986	1221.665619018454	42.64
1421.7908937628629	1247.895285671312	42.68
1436.5740854124078	1275.6170656380664	42.72
1458.8654256168195	1294.84161959664	42.76
1461.3816400803614	1306.2549473308873	42.8
1478.8153650972831	1317.3965978639662	42.84
1481.455388786741	1323.6738059040354	42.88
1492.9449216940104	1331.0602626927182	42.92
1494.1222122021848	1335.8820048375335	42.96
1494.4078637092066	1337.6442840427458	43.0
1490.1392872385559	1343.0554151050658	43.04
1507.2332734153335	1347.4684544585084	43.08
1500.139459106245	1350.3765298503117	43.12
1486.237820620946	1339.0565124826603	43.16
1473.4409882596037	1329.6487792005057	43.2
1465.7810108891665	1324.653412727528	43.24
1457.9275075198066	1310.748074516142	43.28
1455.0853045646718	1303.274560227934	43.32
1446.4415032378868	1300.1090889761024	43.36
1444.8090606971691	1301.4293368933015	43.4
1449.9811905724787	1305.0262346490508	43.44
1459.9259361150364	1308.9740743974774	43.48
1462.8015459917956	1312.876849714926	43.52
1454.430332735266	1316.5441448238262	43.56
1465.5431669519928	1319.3475444600717	43.6
1470.9714478896365	1324.9702484876516	43.64
1481.287094095368	1329.7472520473066	43.68
1476.7196652511811	1324.2395367146282	43.72
1456.1368796781585	1312.3795840352072	43.76
1461.0339796325954	1313.6772567682035	43.8
1457.6564312230462	1309.4990074722966	43.84
1458.213794398468	1319.0192950282278	43.88
1465.9134321586757	1324.0957621667221	43.92
1445.8680321104998	1317.3515422663506	43.96
1441.172876881596	1311.086432607499	44.0
1435.8120496362071	1300.364615317608	44.04
1437.0762432236293	1292.6249645528035	44.08
1430.4870333596718	1291.0037199223457	44.12
1435.4054655465616	1292.3699339167408	44.16
1434.806226756268	1293.2985085425491	44.2
1455.6620832445785	1303.8599486828514	44.24
1467.9026649647585	1309.3403721847978	44.28
1462.0325102190789	1309.5941044219473	44.32
1460.9086082283434	1312.073757507329	44.36
1456.168725393772	1307.1681837885994	44.4
1446.8231171284478	1306.25665962587	44.44
1452.6037050635518	1306.008894345579	44.48
1446.5624871028535	1305.8481719397248	44.52
1446.7448889219152	1307.778805056444	44.56
1451.582074957808	1309.8801661676293	44.6
1454.2036630099747	1308.1311969075803	44.64
1457.1189388669156	1309.090984205099	44.68
1456.0588821002161	1306.0069373439958	44.72
1451.3625247412506	1306.4484600085166	44.76
1447.1918607557452	1304.9938154025783	44.8
1445.4003020936045	1302.389116652834	44.84
1439.5769309116977	1300.2050999464784	44.88
1441.5768746172723	1300.486149781245	44.92
1438.0158828036983	1298.4941735358298	44.96
1437.2894338133353	1297.0328706143534	45.0
1437.3275581565283	1295.0637261388367	45.04
1435.5495455483697	1296.4951740627127	45.08
1432.7864215805284	1293.3413916135935	45.12
1432.056562050602	1291.6075545730848	45.16
1431.125803097623	1291.0508564946535	45.2
1430.1222737838511	1290.0448638009034	45.24
1432.7593911669778	1292.2566194850372	45.28
1429.8977832692847	1291.7633516257683	45.32
1436.263429402852	1290.5381444171492	45.36
1432.0918983508332	1289.2495258533115	45.4
1430.6472526161094	1290.5988460320673	45.44
1434.006673650061	1292.7248326143822	45.48
1432.110432120284	1288.879772091189	45.52
1435.0984821379052	1292.7112247744378	45.56
1439.9378217781466	1290.1489859096932	45.6
1439.0067809843185	1291.4181840052129	45.64
1439.5389216675394	1291.785109295332	45.68
1437.287817581857	1291.3193447599856	45.72
1430.777951894806	1286.402892273684	45.76
1431.8584279597521	1289.7358682399406	45.8
1433.8722180792051	1288.9940005583717	45.84
1429.7772499545358	1292.895719606648	45.88
1438.1348709856911	1291.9781591582093	45.92
1438.6310789228653	1292.5714939521454	45.96
1433.2042654539566	1292.1036319912253	46.0
1438.26861778768	1292.832274451131	46.04
1441.481269751277	1294.0593928560104	46.08
1441.3444101738858	1296.5968208771894	46.12
1441.190917215318	1293.7284318431102	46.16
1440.2017076070456	1294.4320208024997	46.2
1442.0300088874415	1295.5996623362282	46.24
1438.5862530519175	1293.112151353748	46.28
1434.0129267595248	1297.997420269	46.32
1439.2314399283114	1292.7002969362152	46.36
1437.9042999666938	1293.196016669251	46.4
1438.3298294372503	1291.625579355818	46.44
1436.5433744327074	1290.320350672454	46.48
1439.0654446047386	1290.9046122666152	46.52
1438.797900216598	1293.2024596311276	46.56
1432.4606119971718	1291.5092007835506	46.6
1437.429825373803	1293.1520779606608	46.64
1430.8161797853415	1291.137352841746	46.68
1437.0244312963775	1294.3075359282766	46.72
1431.8012972817394	1293.9500293215544	46.76
1439.221319996621	1295.578875855161	46.8
1437.524819561311	1294.1967617174312	46.84
1441.2214712155821	1297.567431715174	46.88
1438.9365276183903	1296.5764487587303	46.92
1436.812227964925	1300.5515355706527	46.96
1436.0209629463905	1294.7523675853042	47.0
1436.8041616421676	1297.174127186933	47.04
1436.6319284892847	1292.1387785310753	47.08
1438.3207358104212	1294.609971237372	47.12
1429.8045287971897	1291.1342956728192	47.16
1432.1770031994872	1293.301938752909	47.2
1433.4160154794379	1292.0933444952295	47.24
1435.8439904677932	1293.9096822254105	47.28
1435.8706571117345	1292.4158614424139	47.32
1436.8153480324559	1295.6223093744586	47.36
1430.9385014677107	1292.0435008503885	47.4
1430.7493440814915	1294.7895350888277	47.44
1433.6376031083325	1294.2344990596105	47.48
1432.4255476399858	1298.804952989016	47.52
1431.3393058436154	1291.3602016069087	47.56
1434.301768827802	1293.2951157411385	47.6
1432.2280456598623	1296.8611710990178	47.64
1434.5236489309725	1290.9963369435586	47.68
1439.0236794276382	1293.6423029807447	47.72
1435.0527606160585	1294.4505092978648	47.76
1436.6289297775668	1297.3230220178882	47.8
1440.098769920735	1298.7789470442221	47.84
1439.1208810504415	1302.9428057528128	47.88
1435.4928394352016	1301.3706105020665	47.92
1436.4869865552082	1299.9073753889365	47.96
1433.0146303316735	1298.331583203804	48.0
1443.3039198455579	1297.0092934362397	48.04
1442.4944797007915	1300.3560574884464	48.08
1438.3373312041758	1295.2743545582841	48.12
1435.6711213239037	1301.6510683843112	48.16
1428.2812530009787	1299.668991686832	48.2
1440.4453069396664	1296.0487603406234	48.24
1435.3989315392566	1296.202978618788	48.28
1425.9155948367993	1297.1007521929066	48.32
1431.8477203940076	1290.6434225135158	48.36
1432.2351772694078	1289.3851038152907	48.4
1432.376499775086	1292.7708626379142	48.44
1431.2142447204042	1295.216696576802	48.48
1430.6148805297425	1293.7949947943798	48.52
1431.7236751931343	1297.3051026549856	48.56
1424.667136084768	1294.6413862020302	48.6
1429.9654738226861	1296.447863767039	48.64
1424.6483508479923	1295.4683061906069	48.68
1430.5860286623963	1292.3660947757849	48.72
1428.4352298468511	1296.7901020486706	48.76
1431.4009640252311	1290.0633456169012	48.8
1430.146545210619	1296.8854319493405	48.84
1429.9814721246573	1293.3808000249046	48.88
1433.9945571230721	1292.1616532874239	48.92
1427.8737167473323	1282.1912585345717	48.96
1426.3799381556673	1286.0701343060894	49.0
1430.7936151060546	1281.1304381706182	49.04
1422.4348517819508	1283.5467071918074	49.08
1427.229095675043	1286.7058515338563	49.12
1423.0207084508759	1285.0286315001933	49.16
1427.2140860434608	1285.3902520764914	49.2
1425.2177989536028	1281.3891331741024	49.24
1427.116079061151	1283.6955214685474	49.28
1426.3769734826344	1284.4060157996664	49.32
1429.4944021810215	1283.3348368930062	49.36
1428.5929454639843	1286.5619564608999	49.4
1423.2124628448935	1286.6056473384253	49.44
1430.226502162683	1286.3168676374103	49.48
1427.9264032586518	1286.1808484119547	49.52
1431.2666193052767	1285.7764699818692	49.56
1434.8203203883531	1287.0021471189677	49.6
1431.3301404170668	1286.8976267678954	49.64
1432.304864152778	1285.3273126738447	49.68
1430.514305889863	1284.1266482535427	49.72
1429.7657823086663	1281.5111643503924	49.76
1428.2650788999024	1282.8544181632815	49.8
1429.7895624732535	1277.1210688000867	49.84
1427.2185490233599	1276.2839041321138	49.88
1410.155442837682	1270.520017572514	49.92
1399.1160979448462	1261.4525344445756	49.96
1396.3645490816875	1259.1495736569389	50.0
1390.7833557294994	1264.0418794398395	50.04
1402.3230233876984	1269.631964937609	50.08
1403.3224636069672	1274.4884912938019	50.12
1398.324651941157	1276.2243946589554	50.16
1405.4604684226792	1277.9873217277511	50.2
1403.8420375504697	1277.815744508086	50.24
1400.855057678249	1278.881922398134	50.28
1391.6718827046227	1280.801000089962	50.32
1390.1393143841533	1282.4477597770317	50.36
1384.0519557105608	1280.304501695625	50.4
1379.1501859749312	1279.6035773370174	50.44
1364.0653775194048	1275.3937109768008	50.48
1355.9684163553925	1271.008847266729	50.52
1353.8173002861934	1271.4171727197258	50.56
1352.2582262329286	1261.7229615860604	50.6
1353.281230411283	1263.238014966291	50.64
1348.3397326974323	1259.589174631763	50.68
1349.5542482875403	1258.5408333322835	50.72
1351.5710365080588	1265.473461872923	50.76
1350.3581234332967	1266.352237738137	50.8
1348.98637161063	1264.3357601143653	50.84
1345.5210985762992	1265.6499105659398	50.88
1351.6866703157784	1267.6962976901295	50.92
1714.0748294029477	1407.5064323091083	50.96
1701.1823002325966	1407.1136020056838	51.0
1695.8840202672582	1408.3080652801946	51.04
1699.2934781041536	1409.1451562522063	51.08
1703.2112828604959	1414.2840940068008	51.12
1706.6235383835133	1413.687048582751	51.16
1715.4036425094152	1421.2688041235656	51.2
1724.3166174685443	1424.8089703563237	51.24
1721.0600410983868	1411.152541733627	51.28
1714.0841449940253	1397.007648425577	51.32
1692.442884763161	1382.8400820281024	51.36
1680.9494414342073	1375.3145789797443	51.4
1675.3488082115089	1368.630609031463	51.44
1672.7193531154455	1367.561884475075	51.48
1669.6377023571727	1365.9077072489558	51.52
1661.1407488452724	1358.8029606418554	51.56
1647.2266700130715	1350.4923109225642	51.6
1628.0017064271067	1336.5529460291982	51.64
1606.9834952379063	1324.5130787991723	51.68
1586.5094330890797	1298.7285308253015	51.72
1565.417139535566	1274.8345781739552	51.76
1518.1182510730155	1223.893574471965	51.8
0.0	0.0	51.84
0.0	0.0	51.88
0.0	0.0	51.92
0.0	0.0	51.96
0.0	0.0	52.0
0.0	0.0	52.04
0.0	0.0	52.08
0.0	0.0	52.12
0.0	0.0	52.16
0.0	0.0	52.2
0.0	0.0	52.24
0.0	0.0	52.28
0.0	0.0	52.32
0.0	0.0	52.36
0.0	0.0	52.4
0.0	0.0	52.44
0.0	0.0	52.48
0.0	0.0	52.52
0.0	0.0	52.56
0.0	0.0	52.6
0.0	0.0	52.64
0.0	0.0	52.68
0.0	0.0	52.72
0.0	0.0	52.76
0.0	0.0	52.8
0.0	0.0	52.84
0.0	0.0	52.88
0.0	0.0	52.92
0.0	0.0	52.96
0.0	0.0	53.0
0.0	0.0	53.04
0.0	0.0	53.08
0.0	0.0	53.12
0.0	0.0	53.16
0.0	0.0	53.2
0.0	0.0	53.24
0.0	0.0	53.28
0.0	0.0	53.32
1254.754794700488	1101.0281687738534	53.36
1298.0462047141566	1083.7584859517533	53.4
1290.9189480674404	1078.029867357123	53.44
1272.9689582701499	1069.3521258146318	53.48
1248.9016493947715	1062.5943372172135	53.52
1197.6160228125452	1055.3297748961352	53.56
1175.4545831001037	1058.2016100051512	53.6
1159.589406694301	1060.0613647664684	53.64
1149.1180355251918	1064.965844186297	53.68
1150.8481581843794	1095.8703100355565	53.72
1148.8526104932014	1146.1656293685808	53.76
1149.9986715067514	1119.5324174785003	53.8
1143.1192315382787	1099.5447572604862	53.84
1127.8383602938177	1076.2440125198268	53.88
1119.3271322390597	1115.1453045273424	53.92
1109.017208272944	1086.1506179757828	53.96
1096.370144593122	1023.4004269369301	54.0
1101.2617479640662	1033.1412690353163	54.04
1113.665741517044	1048.2149445727782	54.08
1115.7997610299142	1045.1294065634142	54.12
1124.0251891491941	1069.9603195943153	54.16
1131.896072983123	1081.1063608399918	54.2
1144.0349967110305	1098.3172674713107	54.24
1168.7595697555334	1097.374586058338	54.28
1197.8372962300216	1101.5600868746544	54.32
1214.3663577750797	1117.83780054006	54.36
1194.5421493587676	1135.0642467401099	54.4
1228.017423600533	1151.1806254652536	54.44
1222.501067614777	1163.7844074182108	54.48
1236.9728115463327	1184.3066458236137	54.52
1244.2332043831034	1179.7663178009243	54.56
1237.0383561639771	1180.7914412662856	54.6
0.0	0.0	54.64
1217.8710655831774	1152.9407904557004	54.68
0.0	0.0	54.72
1243.0175428218338	1143.6756636819523	54.76
1268.1325957575339	1147.5826161872055	54.8
1256.333505687	1140.4094929931282	54.84
1268.4508367098374	1166.7322384889032	54.88
1266.3985889236294	1190.2805874767757	54.92
1265.9503728081227	1205.7996782666908	54.96
1252.9702483601109	1212.0760903083064	55.0
1242.9561091440376	1209.5031014288115	55.04
1244.8118355998556	1224.0777388150598	55.08
1236.4105779033814	1243.6020850001394	55.12
1226.7860894636117	1240.444535936981	55.16
1211.891300937005	1231.773118980258	55.2
1184.7655199094677	1221.6117305912126	55.24
1157.551264132248	1202.285785888561	55.28
1131.4469840440604	1178.4636490470828	55.32
1104.3743681667634	1158.092267019182	55.36
1088.6451699986073	1141.5910172850067	55.4
1079.3484258269975	1127.2192659295456	55.44
1065.0377630382375	1113.701472435544	55.48
1064.8723274781864	1110.2865277995254	55.52
1065.8429792363959	1102.1544655196183	55.56
1068.1084574206716	1095.316928963893	55.6
1071.8600570568142	1095.1811229621592	55.64
1067.0024612969996	1095.0553985291008	55.68
1072.109680925978	1093.7524494191996	55.72
1085.6398735235261	1099.5338114455794	55.76
1100.6125871808679	1117.172394371138	55.8
1126.1576259835435	1135.9508455216721	55.84
1153.5244981693522	1155.2320608628756	55.88
1179.1563812792474	1175.9680286029447	55.92
1197.5751087631786	1185.8398220820814	55.96
1201.641484541283	1184.8630048678192	56.0
1200.7409080853497	1176.615369700225	56.04
1193.884379093126	1167.7427138941798	56.08
1181.7157945327172	1157.312031658132	56.12
1169.8477474201002	1149.5658572134698	56.16
1158.9116375239603	1137.5031453894944	56.2
1149.5735496882946	1127.353625842853	56.24
1141.4829576839643	1117.2858166750868	56.28
1136.9489733880523	1112.7599534146157	56.32
1135.5615261148089	1111.958322367165	56.36
1131.1475430137107	1113.0332969161693	56.4
1130.74223593595	1105.402819275158	56.44
1122.6397858353735	1098.6344134746607	56.48
1111.6877123783872	1090.0527203841714	56.52
1102.7842631988935	1082.1579130308135	56.56
1096.3892053215318	1073.7220932196979	56.6
1093.418818774141	1071.9468820957338	56.64
1094.9324252882056	1071.588653576267	56.68
1091.2315430339847	1067.0932975166513	56.72
1089.401227090055	1067.1932668563595	56.76
1088.4809247148798	1064.3247406542484	56.8
1085.4567382817932	1062.1503733013706	56.84
1082.7632271875257	1060.0087121739414	56.88
1079.2939707363416	1057.5844723668272	56.92
1076.3196471392325	1056.0418755516814	56.96
1073.51994686729	1055.064912525907	57.0
1068.9342481265685	1050.590520386555	57.04
1066.560377300309	1050.1148482452484	57.08
1063.7311338601671	1047.4525208962243	57.12
1061.8990206855729	1044.5323391213037	57.16
1061.8347259702768	1045.0355934156264	57.2
1064.9159827051283	1047.729900115021	57.24
1066.9947224170835	1050.0743793762877	57.28
1068.5186514261854	1049.5163311704696	57.32
1069.5734053859476	1049.3003328299787	57.36
1072.4558089078268	1054.4744563909467	57.4
1076.553815721254	1056.3923475766742	57.44
1077.608231998468	1054.5647444469967	57.48
1073.2274046432224	1047.3414745267517	57.52
1070.2456453855123	1037.907369055506	57.56
1066.6900104552037	1037.2173261549954	57.6
1064.6795304393916	1038.0268177231771	57.64
1067.2982957273937	1040.362176023204	57.68
1068.943544830048	1041.2442135781562	57.72
1069.0938450672313	1042.8191773679698	57.76
1069.4984026586128	1045.255652614951	57.8
1068.0451103942473	1042.8842310053174	57.84
1067.1652637754703	1042.0345472367546	57.88
1066.92295138115	1038.266562493953	57.92
1064.8616580079197	1039.0686448326232	57.96
1065.2792239544892	1040.9462858351085	58.0
1062.0931923316516	1036.7527030937592	58.04
1060.818680090043	1034.2135652462946	58.08
1058.3534886974046	1033.1720965814507	58.12
1056.2392598072056	1031.0978407690372	58.16
1056.1161980766915	1030.191550285357	58.2
1056.377771282712	1029.0329052792374	58.24
1055.9633077769568	1030.9335744571715	58.28
1055.5174844416756	1028.0122147631896	58.32
1054.04588618886	1028.0201941211021	58.36
1054.4523319772986	1028.4405542829334	58.4
1054.0225088374357	1029.3743123580814	58.44
1053.074307337606	1027.192146432657	58.48
1053.064000985885	1028.9047930249994	58.52
1052.0893160710252	1030.8405338787777	58.56
1053.404276133492	1024.5890176858927	58.6
1056.4457591578766	1017.5487350426944	58.64
1061.7565705793518	1009.191363600755	58.68
1070.9703693585873	1009.5931643621292	58.72
1089.2840319248064	1009.1140780502819	58.76
1072.645077648489	1120.7745571993048	58.8
1055.064622345395	1101.2560058478973	58.84
1040.08676792202	1087.8429175476867	58.88
1025.2550593389162	1092.8979978883253	58.92
1009.8137047662069	1089.8502313543531	58.96
1002.8958557612076	1088.3319732665366	59.0
997.1181371456481	1078.3846712832174	59.04
992.3843078253054	1062.516978126804	59.08
994.3756120808882	1006.686745114553	59.12
996.2129765216758	977.8597920411809	59.16
992.9038841338556	961.0539070665237	59.2
997.4145587030845	948.0512710641606	59.24
992.4801084539345	950.0075935289344	59.28
987.0205342222665	964.7632978395395	59.32
988.2211210038361	978.2961764691785	59.36
988.9892855232534	966.9843211428968	59.4
986.1921150124215	961.75975118598	59.44
992.5678667113596	954.3203880129556	59.48
978.8093105061843	1044.0232289584026	59.52
989.036796956397	1061.3125630621842	59.56
971.6323721588569	1051.931278972158	59.6
960.7425621622427	1064.274889630076	59.64
960.0361436882723	1049.5484401768272	59.68
968.6156498706987	965.3308651920711	59.72
971.6136040161845	959.8285395702596	59.76
978.1043979139578	950.7475590176977	59.8
977.8225598435077	938.9683112739683	59.84
974.957758715078	938.2611568821147	59.88
974.3700714940971	946.0961762791621	59.92
980.4480406556198	941.353720484243	59.96
972.8980473157189	928.1659205116606	60.0
964.4504763719293	950.733705597269	60.04
960.6359784274482	1042.8547927848742	60.08
949.7473365886742	1038.8157188340138	60.12
942.1413394703266	1032.207961216226	60.16
942.3041511457166	1001.7555523921126	60.2
951.784203009502	971.3361006997674	60.24
957.1197716152207	959.5798675546562	60.28
965.4527226524434	952.093280744013	60.32
976.0545752475742	943.0566678494561	60.36
987.3230684103885	924.947096488781	60.4
989.8577016792179	932.8256048303267	60.44
998.0440505966633	937.1660294941345	60.48
993.3907444563383	914.8936100267177	60.52
980.5703338240756	909.8941610231493	60.56
968.910913475213	938.4206072091754	60.6
968.1000141234576	1003.0779863582507	60.64
964.3360471631235	1041.147707755337	60.68
961.7947397342399	983.7632399708834	60.72
970.1874340687266	969.1326124159133	60.76
986.6248824781692	962.1156830784861	60.8
995.6692599588123	961.0391886313987	60.84
995.7554729286109	969.497007755906	60.88
990.6154703083818	970.0340638376966	60.92
989.6403517057855	973.46368235872	60.96
996.394827267265	964.5709344404793	61.0
992.5079778284405	949.3919727355271	61.04
980.1685237371275	941.721404961045	61.08
987.1369745133354	983.6281195920127	61.12
979.4729651904502	1062.5843280478664	61.16
976.6718607561519	1028.401614438956	61.2
991.3941147007787	982.9004043685657	61.24
994.7416220045718	982.262347816378	61.28
1002.8270284743586	976.4521256894017	61.32
1009.0130215784004	985.3391380551974	61.36
1004.0564605707731	975.7953360573673	61.4
1003.2315849750513	945.0587235532676	61.44
1000.9593339432824	946.1575019868327	61.48
985.3334576934819	945.6763583108045	61.52
975.3694001648936	1009.8990629169831	61.56
976.1408898484317	1036.2198311733782	61.6
978.3285945337257	1027.312142834698	61.64
994.9496113054728	979.6554204465401	61.68
998.6636561886377	983.039751474941	61.72
1006.4479770130415	992.9282889335639	61.76
1011.3770535075648	1006.1131988000843	61.8
1015.6876349109043	998.0847325193669	61.84
1018.8937421046313	999.0826617149709	61.88
1021.4405986826872	1000.2761539350296	61.92
1026.8750631521991	1007.4970158432278	61.96
1035.8624807318251	1016.4484887019645	62.0
1053.0060937560038	1037.346902374584	62.04
1068.4584793526813	1055.2551391338563	62.08
1083.9479971626024	1067.944313647842	62.12
1091.738112028646	1076.56705480275	62.16
1094.541833720688	1081.2992303538226	62.2
1100.6951589008625	1087.5955839397955	62.24
1111.8938825721289	1092.360911778498	62.28
1132.7428961670437	1114.0676805046103	62.32
1159.3633758960655	1139.2634503794973	62.36
1192.3433890770748	1168.5091041740086	62.4
1228.5602010488806	1206.7471536447233	62.44
1254.6166566253526	1235.0358255648414	62.48
1269.2439662099368	1249.1689111719313	62.52
1262.1699363792407	1250.1207034081522	62.56
1255.9407507888834	1239.7008259246154	62.6
1241.7190805854564	1221.8172096635872	62.64
1227.8727859882174	1206.5994489258949	62.68
1211.0355817361715	1196.6623462757625	62.72
1198.230639895309	1187.1687956094777	62.76
1183.5056860160523	1176.019487289798	62.8
1165.3001271318453	1160.5269004089787	62.84
1152.4123660082664	1143.013813736755	62.88
1146.3399431444657	1134.275400525801	62.92
1134.4705997878043	1124.6399526989733	62.96
1136.876132282953	1123.5723925869488	63.0
1139.6674251553402	1113.9966283289368	63.04
1140.6513186886798	1120.8243866656153	63.08
1161.7315643296283	1114.8674347862159	63.12
1198.5717738647431	1128.6777346491197	63.16
1215.8329528493148	1156.4071640006516	63.2
1208.6892102760748	1165.6938626379074	63.24
1197.98623504521	1164.828542019019	63.28
1170.3195074378418	1140.4602706678631	63.32
1128.7984378707065	1091.654875430849	63.36
1087.2963718957642	1041.8631536909495	63.4
1044.8399673828003	987.80426842525	63.44
1011.1924950097454	943.4314323323289	63.48
986.8677024212535	903.2466685392928	63.52
978.9909573336854	880.8426853024762	63.56
955.4106609810887	867.4040196949358	63.6
949.8847823857863	868.7992384642096	63.64
964.3365776775032	880.8610362664489	63.68
977.984010631044	911.2868774446787	63.72
992.3237533081236	925.9687706484594	63.76
1014.5866671162503	945.6886729762892	63.8
1031.8066734314214	958.5218063297659	63.84
934.8130587345487	894.7536211153664	63.88
933.3041458066989	901.7468409232256	63.92
927.8419272914441	906.836864210031	63.96
918.7322063943285	901.4361454782885	64.0
912.8446901451148	899.802867613455	64.04
903.5783414712146	891.2072524225393	64.08
895.3119772268243	884.0825243099982	64.12
892.9005835433671	881.7232797905071	64.16
891.2543838128094	880.918611754535	64.2
890.0397411580127	877.2731943528809	64.24
889.4107292866394	890.0653758332417	64.28
896.3446035261069	882.782440570656	64.32
905.2991681157191	890.3244219786563	64.36
913.2864685835538	898.8103425889364	64.4
918.0863938483619	903.2097124513647	64.44
915.7890725148062	904.4461209259275	64.48
914.5035490754734	915.2118950954122	64.52
910.1319925482773	908.0215810996942	64.56
904.7674776748656	897.9017689899702	64.6
896.9017637717968	889.7361897888826	64.64
888.2604768833321	887.059087712668	64.68
888.3551674823178	889.1500837746822	64.72
883.8858330724361	883.9182647457769	64.76
878.865615181743	872.5437583140606	64.8
878.1118823226109	877.8727468876111	64.84
880.5052739003615	878.2385863270989	64.88
887.0588281021207	888.5205356995573	64.92
889.6421471734433	897.6169641498581	64.96
901.9320536113502	894.8421613741298	65.0
903.6294746042178	904.4730957166682	65.04
897.4262109459272	888.2285589717161	65.08
892.218421777705	883.2457003265558	65.12
889.2878707057532	884.3071694507502	65.16
890.8129383314454	886.6838849030081	65.2
895.5562239528978	885.7700367439103	65.24
892.5037311977621	890.2705332805097	65.28
896.3857078298272	896.0091000857091	65.32
908.4740734995398	902.5975707289933	65.36
900.2095552110887	901.7228405261509	65.4
904.6180070721537	898.8014070827094	65.44
907.368070074217	914.9475695527192	65.48
909.8454201186795	918.7285339863332	65.52
909.3236718423999	915.3776521373038	65.56
919.2427914301026	924.512969057618	65.6
916.8106081371204	925.2581883671069	65.64
921.8028380172852	925.1070550587485	65.68
930.5148669958035	939.7495957774302	65.72
941.7181073299	943.8873174401554	65.76
949.3225367855802	960.877078859697	65.8
958.6308552187777	959.4427013895809	65.84
966.1228776183791	971.8192849014684	65.88
967.2954355439299	965.4454626892663	65.92
976.9431104714672	987.0835695034789	65.96
985.4843117934972	986.7343363309535	66.0
987.7425510121898	1003.8105134116944	66.04
993.5248611954735	978.7255390086272	66.08
1006.0941149643854	952.7125387098448	66.12
996.1291034676506	946.7648000907809	66.16
989.4221226238103	929.4580223522091	66.2
978.9751651103674	924.731960873682	66.24
961.9241007588548	908.4313250850695	66.28
949.3124791176461	901.2008380413455	66.32
938.3535139894318	894.8490886920628	66.36
933.6702683459455	892.3372474833039	66.4
932.9256994070047	892.8408725461164	66.44
931.324793804754	891.759836880525	66.48
925.6239120872302	888.7471771495649	66.52
923.7978989107514	889.853278183414	66.56
915.7304855464482	882.4903310775385	66.6
912.7663834604282	879.4495255250315	66.64
908.0953198636344	882.2189973692742	66.68
904.8076763535241	882.9061031316054	66.72
899.727224805264	875.8083065016951	66.76
903.5928581390784	878.2941454619956	66.8
909.4677743056067	885.1268045046328	66.84
917.8565529829647	891.6682108932881	66.88
921.6129556986572	893.8541927208109	66.92
923.8795199233281	896.8581735265333	66.96
926.7713671892105	904.6047118758746	67.0
933.7611002459471	908.0096249117379	67.04
938.8497800481824	910.3034124767814	67.08
941.5321176669021	900.602618395379	67.12
939.2611883428456	876.9115268617494	67.16
928.0067655398053	849.1075518800703	67.2
908.765712563082	822.208381428247	67.24
894.2876322627518	802.9567615725299	67.28
895.5835685439004	799.8143298865872	67.32
935.7198393217685	839.3698052041118	67.36
1027.7714600505058	948.9720615245533	67.4
1129.1440489251952	1114.2680414121369	67.44
1201.5600832863913	1256.4580766091854	67.48
1796.767764808255	1695.6986003268335	67.52
0.0	0.0	67.56
0.0	0.0	67.6
0.0	0.0	67.64
0.0	0.0	67.68
0.0	0.0	67.72
0.0	0.0	67.76
0.0	0.0	67.8
0.0	0.0	67.84
0.0	0.0	67.88
0.0	0.0	67.92
0.0	0.0	67.96
0.0	0.0	68.0
0.0	0.0	68.04
0.0	0.0	68.08
0.0	0.0	68.12
0.0	0.0	68.16
0.0	0.0	68.2
0.0	0.0	68.24
0.0	0.0	68.28
0.0	0.0	68.32
0.0	0.0	68.36
0.0	0.0	68.4
0.0	0.0	68.44
1581.173559064812	1623.8653193544808	68.48
1561.4431904546825	1608.0389549920521	68.52
1551.543284091732	1593.1661027857624	68.56
1543.270191485474	1584.413062809324	68.6
1537.7132774272443	1583.99820450793	68.64
1539.8043721599824	1585.806712138569	68.68
1540.2772644613046	1581.8860107234452	68.72
1538.4420786045573	1578.2905325277895	68.76
1537.8357709513923	1573.7647453823572	68.8
1536.937520109743	1569.5050294780806	68.84
1535.103229866267	1561.4892678063081	68.88
1534.7012977188017	1556.4254836430061	68.92
1533.4605394299867	1551.5835462191983	68.96
1531.6957605886805	1548.878429452626	69.0
1531.1363064804762	1547.8541331000554	69.04
1529.6730762281145	1546.2271272237554	69.08
1529.9994886995232	1544.5233559363978	69.12
1531.291988922484	1545.3141292352545	69.16
1532.1820849207722	1546.6124155836246	69.2
1531.5378494406443	1544.2701928694655	69.24
1530.8186474408924	1540.7585601661967	69.28
1525.70980174836	1533.5061929491774	69.32
1519.4920652507685	1528.5862874820575	69.36
1518.066980848406	1534.9594066760499	69.4
1518.7885307584684	1551.2755627891215	69.44
1511.7247580824437	1546.799122814732	69.48
1502.3306350389164	1532.0357674470456	69.52
1492.753390975028	1513.6017288956948	69.56
1484.573377698943	1495.8646539043773	69.6
1472.697860810089	1469.1298188313242	69.64
1462.8204252929213	1450.3069098195538	69.68
1451.2779028564953	1436.992347960223	69.72
1443.1816985184491	1433.7047838915003	69.76
1439.2698912907886	1445.2037386485554	69.8
1437.8304560439785	1451.0230179949212	69.84
1438.7103811175555	1447.884115640982	69.88
1437.8363166579632	1441.3687563418573	69.92
1436.3989390955678	1435.4918824038305	69.96
1435.463308946022	1433.4158614339322	70.0
1436.244661519038	1433.0514091840473	70.04
1437.3425217322076	1432.88889589147	70.08
1438.8844826966222	1432.219303242157	70.12
1439.62865449375	1432.2911473882698	70.16
1440.1018658506214	1432.166242247003	70.2
1441.8799357664227	1432.3699145006622	70.24
1439.6102267517851	1432.186706946468	70.28
1437.0392728128472	1431.2985267508914	70.32
1436.1168250689439	1432.102100134905	70.36
1440.9554689110648	1435.2582344944317	70.4
0.0	0.0	70.44
0.0	0.0	70.48
0.0	0.0	70.52
0.0	0.0	70.56
0.0	0.0	70.6
0.0	0.0	70.64
0.0	0.0	70.68
0.0	0.0	70.72
0.0	0.0	70.76
0.0	0.0	70.8
0.0	0.0	70.84
0.0	0.0	70.88
0.0	0.0	70.92
0.0	0.0	70.96
0.0	0.0	71.0
