Thumb_R	Index_R	Time
0.0	0.0	0.04
0.0	0.0	0.08
0.0	0.0	0.12
0.0	0.0	0.16
0.0	0.0	0.2
0.0	0.0	0.24
0.0	0.0	0.28
0.0	0.0	0.32
0.0	0.0	0.36
0.0	0.0	0.4
0.0	0.0	0.44
0.0	0.0	0.48
0.0	0.0	0.52
0.0	0.0	0.56
0.0	0.0	0.6
0.0	0.0	0.64
0.0	0.0	0.68
0.0	0.0	0.72
0.0	0.0	0.76
0.0	0.0	0.8
0.0	0.0	0.84
0.0	0.0	0.88
0.0	0.0	0.92
0.0	0.0	0.96
0.0	0.0	1.0
0.0	0.0	1.04
1346.5814773358395	1346.5814773358395	1.08
1241.9264436223652	1241.9264436223652	1.12
1151.2281436404478	1151.2281436404478	1.16
1077.6897211950704	1077.6897211950704	1.2
1016.3458915957088	1016.3458915957088	1.24
968.0210414880409	968.0210414880409	1.28
938.7323978833177	938.7323978833177	1.32
914.2480771149818	914.2480771149818	1.36
895.0131631016422	895.0131631016422	1.4
885.5282006483058	885.5282006483058	1.44
876.6452789419479	876.6452789419479	1.48
869.0926547514698	869.0926547514698	1.52
862.9639401284963	862.9639401284963	1.56
857.111874959755	857.111874959755	1.6
849.4435602837046	849.4435602837046	1.64
841.020606317728	841.020606317728	1.68
841.0475168530729	841.0475168530729	1.72
842.7634872288172	842.7634872288172	1.76
853.3204553635671	853.3204553635671	1.8
863.216295204362	863.216295204362	1.84
869.2425602465819	869.2425602465819	1.88
880.2782130120677	880.2782130120677	1.92
886.6688940291499	886.6688940291499	1.96
890.6193050523084	890.6193050523084	2.0
892.2451719320738	892.2451719320738	2.04
892.4009754015959	892.4009754015959	2.08
895.8367630676847	895.8367630676847	2.12
902.032055821868	902.032055821868	2.16
905.905584003559	905.905584003559	2.2
905.1493035068293	905.1493035068293	2.24
907.6092012018872	907.6092012018872	2.28
919.5025264084506	919.5025264084506	2.32
929.0899977932173	929.0899977932173	2.36
938.6061043519469	938.6061043519469	2.4
949.6695820894383	949.6695820894383	2.44
959.5303731546637	959.5303731546637	2.48
966.3798723473524	966.3798723473524	2.52
969.1037186114459	969.1037186114459	2.56
970.2204179936721	970.2204179936721	2.6
964.384820284474	964.384820284474	2.64
962.1106991347385	962.1106991347385	2.68
968.2970101173842	968.2970101173842	2.72
967.7410658423314	967.7410658423314	2.76
968.2605629820761	968.2605629820761	2.8
965.9365301144333	965.9365301144333	2.84
972.6408218625874	972.6408218625874	2.88
987.2761792888289	987.2761792888289	2.92
1002.5284797579664	1002.5284797579664	2.96
1007.7655136487332	1007.7655136487332	3.0
1003.7760621463433	1003.7760621463433	3.04
996.9405632314232	996.9405632314232	3.08
991.6563520926948	991.6563520926948	3.12
992.9011873956276	992.9011873956276	3.16
996.5596216148192	996.5596216148192	3.2
1004.2097188296096	1004.2097188296096	3.24
1011.1718225247231	1011.1718225247231	3.28
1017.7714017009664	1017.7714017009664	3.32
1020.2434914553834	1020.2434914553834	3.36
1022.1554938535537	1022.1554938535537	3.4
1003.8380512973448	1003.8380512973448	3.44
932.1201105813343	932.1201105813343	3.48
843.5883614399339	843.5883614399339	3.52
787.772181188872	787.772181188872	3.56
770.8166391420933	770.8166391420933	3.6
781.4051398332059	781.4051398332059	3.64
809.1906584747604	809.1906584747604	3.68
843.4332450270168	843.4332450270168	3.72
865.579811740137	865.579811740137	3.76
872.6861321707761	872.6861321707761	3.8
881.945659652445	881.945659652445	3.84
897.7006771349551	897.7006771349551	3.88
912.2911021670747	912.2911021670747	3.92
924.9311078221261	924.9311078221261	3.96
934.4149172610645	934.4149172610645	4.0
937.4019924040618	937.4019924040618	4.04
938.5947809072339	938.5947809072339	4.08
934.0781087474516	934.0781087474516	4.12
935.5577414617097	935.5577414617097	4.16
929.3178561300541	929.3178561300541	4.2
925.6696825631309	925.6696825631309	4.24
922.827572827971	922.827572827971	4.28
914.0587246290208	914.0587246290208	4.32
906.0305657462451	906.0305657462451	4.36
898.38365922969	898.38365922969	4.4
905.5138848899627	905.5138848899627	4.44
930.5532941586473	930.5532941586473	4.48
951.3718152801353	951.3718152801353	4.52
960.7681700471661	960.7681700471661	4.56
964.9095789426253	964.9095789426253	4.6
971.5916223966528	971.5916223966528	4.64
970.8125196381042	970.8125196381042	4.68
973.0032882231714	973.0032882231714	4.72
979.1866765318644	979.1866765318644	4.76
983.5624053572643	983.5624053572643	4.8
986.5656929425431	986.5656929425431	4.84
984.7458756763709	984.7458756763709	4.88
979.8064062322377	979.8064062322377	4.92
977.4746640617811	977.4746640617811	4.96
978.0206237248332	978.0206237248332	5.0
984.7650837696198	984.7650837696198	5.04
986.6653065501552	986.6653065501552	5.08
962.8656471151347	962.8656471151347	5.12
932.5829346975474	932.5829346975474	5.16
914.9478901469242	914.9478901469242	5.2
933.7471028154226	933.7471028154226	5.24
972.7043299564351	972.7043299564351	5.28
1031.6016583759254	1031.6016583759254	5.32
1080.4712368886305	1080.4712368886305	5.36
1131.430439736729	1131.430439736729	5.4
1175.0531690514983	1175.0531690514983	5.44
1236.412949803591	1236.412949803591	5.48
1278.025881833773	1278.025881833773	5.52
1312.61525487006	1312.61525487006	5.56
1316.6129302282138	1316.6129302282138	5.6
1300.9257816699012	1300.9257816699012	5.64
1277.8006997834684	1277.8006997834684	5.68
1241.3260471294484	1241.3260471294484	5.72
1196.0422909834158	1196.0422909834158	5.76
1182.7256069170953	1182.7256069170953	5.8
1169.8025298690768	1169.8025298690768	5.84
1158.8196935771643	1158.8196935771643	5.88
1148.3186586513436	1148.3186586513436	5.92
1141.601276770383	1141.601276770383	5.96
1134.1553812732343	1134.1553812732343	6.0
1129.924291704373	1129.924291704373	6.04
1115.2124435552732	1115.2124435552732	6.08
1102.5327520464712	1102.5327520464712	6.12
1085.6227694835677	1085.6227694835677	6.16
1061.6564886172614	1061.6564886172614	6.2
1042.3045585114314	1042.3045585114314	6.24
1019.2138934417284	1019.2138934417284	6.28
985.2278418022752	985.2278418022752	6.32
970.3887222603383	970.3887222603383	6.36
961.4403284844908	961.4403284844908	6.4
964.5527689927799	964.5527689927799	6.44
965.6797934850947	965.6797934850947	6.48
966.0352297811575	966.0352297811575	6.52
964.7506001067902	964.7506001067902	6.56
971.2380946808215	971.2380946808215	6.6
986.4423954296471	986.4423954296471	6.64
995.4760338490648	995.4760338490648	6.68
1004.1431566142893	1004.1431566142893	6.72
1003.8227565671103	1003.8227565671103	6.76
1005.4449951967996	1005.4449951967996	6.8
1008.710104543726	1008.710104543726	6.84
1009.64825599158	1009.64825599158	6.88
1011.440258627568	1011.440258627568	6.92
1015.3431754361687	1015.3431754361687	6.96
1015.3455248677918	1015.3455248677918	7.0
1010.8162780369506	1010.8162780369506	7.04
1004.8708206844391	1004.8708206844391	7.08
1003.6088760359315	1003.6088760359315	7.12
1002.3223506128547	1002.3223506128547	7.16
1002.2438432072602	1002.2438432072602	7.2
998.2903822764714	998.2903822764714	7.24
996.1606074656481	996.1606074656481	7.28
989.5801320271972	989.5801320271972	7.32
982.4519283019636	982.4519283019636	7.36
982.6201552652948	982.6201552652948	7.4
979.504571013556	979.504571013556	7.44
977.4880998471755	977.4880998471755	7.48
975.2556415797351	975.2556415797351	7.52
966.1050537183124	966.1050537183124	7.56
958.1754177920409	958.1754177920409	7.6
951.3592821452432	951.3592821452432	7.64
945.1245502538828	945.1245502538828	7.68
946.1251561558926	946.1251561558926	7.72
945.4942817075593	945.4942817075593	7.76
943.7085360710835	943.7085360710835	7.8
939.7892708453893	939.7892708453893	7.84
941.1817765118511	941.1817765118511	7.88
941.958710891563	941.958710891563	7.92
941.8490678514245	941.8490678514245	7.96
942.1520924983172	942.1520924983172	8.0
942.3849865269874	942.3849865269874	8.04
944.7708374298002	944.7708374298002	8.08
947.0862590629525	947.0862590629525	8.12
945.5398045629788	945.5398045629788	8.16
946.2296145922694	946.2296145922694	8.2
947.1686015677708	947.1686015677708	8.24
949.0000860496581	949.0000860496581	8.28
948.0918316084609	948.0918316084609	8.32
947.0536207635672	947.0536207635672	8.36
949.4386880515589	949.4386880515589	8.4
948.8187925931257	948.8187925931257	8.44
948.9706066697335	948.9706066697335	8.48
948.6257943202445	948.6257943202445	8.52
948.7328349743731	948.7328349743731	8.56
946.9317660789384	946.9317660789384	8.6
945.5426017173014	945.5426017173014	8.64
945.0117592672575	945.0117592672575	8.68
946.9668938957543	946.9668938957543	8.72
947.0465100576516	947.0465100576516	8.76
946.7042839456306	946.7042839456306	8.8
945.863433309764	945.863433309764	8.84
942.7174717116491	942.7174717116491	8.88
942.76039107398	942.76039107398	8.92
943.7634564796466	943.7634564796466	8.96
944.3190822456797	944.3190822456797	9.0
945.8780234412977	945.8780234412977	9.04
947.7606304420917	947.7606304420917	9.08
949.3500836197322	949.3500836197322	9.12
948.7585665145026	948.7585665145026	9.16
950.7257320493884	950.7257320493884	9.2
953.7138731727782	953.7138731727782	9.24
953.6297012489653	953.6297012489653	9.28
955.7690993109102	955.7690993109102	9.32
956.3829357356404	956.3829357356404	9.36
955.262744834142	955.262744834142	9.4
955.7892040633789	955.7892040633789	9.44
957.163471373321	957.163471373321	9.48
958.2417333652047	958.2417333652047	9.52
960.283725413486	960.283725413486	9.56
960.5630525968752	960.5630525968752	9.6
964.5946043488685	964.5946043488685	9.64
966.7331353144646	966.7331353144646	9.68
965.8801371377605	965.8801371377605	9.72
965.6073322408497	965.6073322408497	9.76
968.1008911804126	968.1008911804126	9.8
971.6437814128925	971.6437814128925	9.84
977.4548218734841	977.4548218734841	9.88
980.2864585146374	980.2864585146374	9.92
976.534848244133	976.534848244133	9.96
975.7410423318797	975.7410423318797	10.0
976.1829066377334	976.1829066377334	10.04
977.1358623381896	977.1358623381896	10.08
975.0001303668845	975.0001303668845	10.12
974.3548868684758	974.3548868684758	10.16
974.3556855602105	974.3556855602105	10.2
973.3738902292049	973.3738902292049	10.24
976.4457420676175	976.4457420676175	10.28
979.8719438801252	979.8719438801252	10.32
984.7777037702565	984.7777037702565	10.36
982.1627630506238	982.1627630506238	10.4
978.0899879125286	978.0899879125286	10.44
977.0922009536799	977.0922009536799	10.48
974.7470563017955	974.7470563017955	10.52
972.9114969255573	972.9114969255573	10.56
971.7375626513316	971.7375626513316	10.6
971.1974826820275	971.1974826820275	10.64
972.2371975158262	972.2371975158262	10.68
974.1271512592455	974.1271512592455	10.72
974.6743275415483	974.6743275415483	10.76
978.616236624869	978.616236624869	10.8
979.5694148874785	979.5694148874785	10.84
972.9788028957984	972.9788028957984	10.88
970.0391373754392	970.0391373754392	10.92
968.8913822412408	968.8913822412408	10.96
972.0094588354146	972.0094588354146	11.0
970.9887396763305	970.9887396763305	11.04
971.2586238747407	971.2586238747407	11.08
970.882959088715	970.882959088715	11.12
973.8091508566255	973.8091508566255	11.16
971.9126490182546	971.9126490182546	11.2
967.8213273850713	967.8213273850713	11.24
963.3177213654892	963.3177213654892	11.28
960.608505609681	960.608505609681	11.32
960.0336769612159	960.0336769612159	11.36
961.0397908583	961.0397908583	11.4
960.758482484163	960.758482484163	11.44
962.7416764004315	962.7416764004315	11.48
960.1870735325475	960.1870735325475	11.52
963.932568796328	963.932568796328	11.56
966.9296495664037	966.9296495664037	11.6
960.7184584267411	960.7184584267411	11.64
956.8479822144525	956.8479822144525	11.68
951.2374007796873	951.2374007796873	11.72
952.78325974789	952.78325974789	11.76
955.8175932459081	955.8175932459081	11.8
958.7734600627558	958.7734600627558	11.84
957.4634060980876	957.4634060980876	11.88
958.0170048908172	958.0170048908172	11.92
957.6869586455684	957.6869586455684	11.96
952.2758075203226	952.2758075203226	12.0
952.2882184561943	952.2882184561943	12.04
962.2929723583746	962.2929723583746	12.08
963.3291985144159	963.3291985144159	12.12
955.0773991111164	955.0773991111164	12.16
947.9393305502944	947.9393305502944	12.2
946.2312023651765	946.2312023651765	12.24
946.5814524326335	946.5814524326335	12.28
945.1497888253027	945.1497888253027	12.32
941.2499739031056	941.2499739031056	12.36
938.3711777659225	938.3711777659225	12.4
942.7447641727325	942.7447641727325	12.44
949.5597835762238	949.5597835762238	12.48
958.480807867927	958.480807867927	12.52
964.9360786423905	964.9360786423905	12.56
969.1530353379499	969.1530353379499	12.6
975.3106191387861	975.3106191387861	12.64
980.1690952852697	980.1690952852697	12.68
948.965060533761	948.965060533761	12.72
908.6937839714584	908.6937839714584	12.76
895.8102620054276	895.8102620054276	12.8
894.9984620235491	894.9984620235491	12.84
901.602204758001	901.602204758001	12.88
906.6567062926342	906.6567062926342	12.92
905.176370459787	905.176370459787	12.96
902.4674285604945	902.4674285604945	13.0
902.2163417308117	902.2163417308117	13.04
904.4264838514815	904.4264838514815	13.08
906.2712189889686	906.2712189889686	13.12
904.7132403475795	904.7132403475795	13.16
905.6223082386493	905.6223082386493	13.2
904.7810596549427	904.7810596549427	13.24
910.7715420851524	910.7715420851524	13.28
920.4384719012234	920.4384719012234	13.32
931.3966503042259	931.3966503042259	13.36
936.818978410462	936.818978410462	13.4
942.8371775863169	942.8371775863169	13.44
947.253229270309	947.253229270309	13.48
951.4549375780708	951.4549375780708	13.52
954.766139583873	954.766139583873	13.56
953.629021333621	953.629021333621	13.6
0.0	0.0	13.64
972.5587330147757	972.5587330147757	13.68
982.8568091179932	982.8568091179932	13.72
1001.4908565037521	1001.4908565037521	13.76
1016.5346523320802	1016.5346523320802	13.8
1016.1841575898732	1016.1841575898732	13.84
1038.3605359655323	1038.3605359655323	13.88
1074.4971695266156	1074.4971695266156	13.92
1104.0133789041408	1104.0133789041408	13.96
1138.1746314297452	1138.1746314297452	14.0
1167.248825424644	1167.248825424644	14.04
1182.348968870889	1182.348968870889	14.08
1154.427249375738	1154.427249375738	14.12
1093.0470636238615	1093.0470636238615	14.16
1049.1620306730483	1049.1620306730483	14.2
1019.2515019959066	1019.2515019959066	14.24
1004.118302241466	1004.118302241466	14.28
995.0268946517509	995.0268946517509	14.32
995.4267555203579	995.4267555203579	14.36
992.848427566729	992.848427566729	14.4
987.5521890153396	987.5521890153396	14.44
981.9113468010991	981.9113468010991	14.48
965.4452169365786	965.4452169365786	14.52
947.9877307444291	947.9877307444291	14.56
942.3964275389275	942.3964275389275	14.6
923.1290418124939	923.1290418124939	14.64
901.1108924959384	901.1108924959384	14.68
879.3709160397455	879.3709160397455	14.72
864.9426383169751	864.9426383169751	14.76
850.4721730339089	850.4721730339089	14.8
839.6645563359262	839.6645563359262	14.84
820.3918879533435	820.3918879533435	14.88
803.2582699421431	803.2582699421431	14.92
790.5130478623541	790.5130478623541	14.96
777.636141258233	777.636141258233	15.0
777.8005974989849	777.8005974989849	15.04
777.866195927371	777.866195927371	15.08
779.1737538812097	779.1737538812097	15.12
779.5023154192928	779.5023154192928	15.16
781.0980419395745	781.0980419395745	15.2
776.140192944747	776.140192944747	15.24
776.7545236771244	776.7545236771244	15.28
774.6530733881905	774.6530733881905	15.32
770.6245813652954	770.6245813652954	15.36
775.053066020145	775.053066020145	15.4
770.1072685650142	770.1072685650142	15.44
769.2868116221318	769.2868116221318	15.48
775.2648507545634	775.2648507545634	15.52
772.6428136255312	772.6428136255312	15.56
773.4326879147382	773.4326879147382	15.6
774.9823110161234	774.9823110161234	15.64
783.7508307872071	783.7508307872071	15.68
777.566019620041	777.566019620041	15.72
781.197476305829	781.197476305829	15.76
780.9236592492456	780.9236592492456	15.8
779.4084510052312	779.4084510052312	15.84
779.7023590120995	779.7023590120995	15.88
779.2066926120398	779.2066926120398	15.92
783.9196371002869	783.9196371002869	15.96
782.5944066087677	782.5944066087677	16.0
792.7327298090722	792.7327298090722	16.04
782.9278846356641	782.9278846356641	16.08
789.9311216359084	789.9311216359084	16.12
784.8672321333567	784.8672321333567	16.16
782.0109043369579	782.0109043369579	16.2
787.6206473607655	787.6206473607655	16.24
782.5736444081804	782.5736444081804	16.28
767.1078077455044	767.1078077455044	16.32
761.7894893010215	761.7894893010215	16.36
746.5182135557432	746.5182135557432	16.4
742.7782743970336	742.7782743970336	16.44
733.3921661862627	733.3921661862627	16.48
736.4753991300511	736.4753991300511	16.52
745.6456356053201	745.6456356053201	16.56
762.459158241442	762.459158241442	16.6
790.7129399695827	790.7129399695827	16.64
816.7209650156875	816.7209650156875	16.68
838.2748481531986	838.2748481531986	16.72
862.2687584047252	862.2687584047252	16.76
887.1904112643635	887.1904112643635	16.8
928.302582565967	928.302582565967	16.84
950.9481905721385	950.9481905721385	16.88
988.4037083652145	988.4037083652145	16.92
1010.4151291838124	1010.4151291838124	16.96
1018.676241414569	1018.676241414569	17.0
1021.8807571415405	1021.8807571415405	17.04
1024.2672954687296	1024.2672954687296	17.08
1025.8773396453105	1025.8773396453105	17.12
1027.8475986233327	1027.8475986233327	17.16
1029.3680851254862	1029.3680851254862	17.2
1031.2479522190972	1031.2479522190972	17.24
1033.0085430347162	1033.0085430347162	17.28
1033.9580729023062	1033.9580729023062	17.32
1038.9772303638395	1038.9772303638395	17.36
1037.1683529878296	1037.1683529878296	17.4
1039.5425059657498	1039.5425059657498	17.44
1046.6616464203762	1046.6616464203762	17.48
1049.1535841951638	1049.1535841951638	17.52
1050.949270441389	1050.949270441389	17.56
1049.0705569871511	1049.0705569871511	17.6
1047.7571246045745	1047.7571246045745	17.64
1048.9585253663295	1048.9585253663295	17.68
1050.2421910541846	1050.2421910541846	17.72
1049.9193131740776	1049.9193131740776	17.76
1050.1142551604203	1050.1142551604203	17.8
1047.913954559509	1047.913954559509	17.84
1045.8843781724047	1045.8843781724047	17.88
1044.7532411995458	1044.7532411995458	17.92
1045.954030059335	1045.954030059335	17.96
1045.1150277788481	1045.1150277788481	18.0
1048.689877177655	1048.689877177655	18.04
1044.6258714610096	1044.6258714610096	18.08
1047.3370472708968	1047.3370472708968	18.12
1046.2013792578653	1046.2013792578653	18.16
1045.1211727235961	1045.1211727235961	18.2
1045.3053680212481	1045.3053680212481	18.24
1045.115848841515	1045.115848841515	18.28
1047.0338403106766	1047.0338403106766	18.32
1047.7641732648838	1047.7641732648838	18.36
1048.5324391433694	1048.5324391433694	18.4
1048.986985494653	1048.986985494653	18.44
1046.644137315132	1046.644137315132	18.48
1050.4707894354965	1050.4707894354965	18.52
1051.3600963311687	1051.3600963311687	18.56
1048.7607642530652	1048.7607642530652	18.6
1051.3118889537502	1051.3118889537502	18.64
1052.2126171648438	1052.2126171648438	18.68
1052.6695631567927	1052.6695631567927	18.72
1055.34582996795	1055.34582996795	18.76
1058.164373211729	1058.164373211729	18.8
1056.26088460016	1056.26088460016	18.84
1055.2351190331763	1055.2351190331763	18.88
1056.3250398786704	1056.3250398786704	18.92
1057.9172494311845	1057.9172494311845	18.96
1057.9898627480886	1057.9898627480886	19.0
1057.3229227990726	1057.3229227990726	19.04
1057.2012219413807	1057.2012219413807	19.08
1057.7018287014632	1057.7018287014632	19.12
1060.7754021585115	1060.7754021585115	19.16
1062.1531258809694	1062.1531258809694	19.2
1063.9628104742044	1063.9628104742044	19.24
1063.8466087442382	1063.8466087442382	19.28
1063.673467723762	1063.673467723762	19.32
1064.3652723626271	1064.3652723626271	19.36
1062.0967968912032	1062.0967968912032	19.4
1063.2144731430524	1063.2144731430524	19.44
1061.3915914986637	1061.3915914986637	19.48
1063.2194217443189	1063.2194217443189	19.52
1061.1672339813308	1061.1672339813308	19.56
1060.053024326808	1060.053024326808	19.6
1060.664161674156	1060.664161674156	19.64
1064.5929544348542	1064.5929544348542	19.68
1063.4078089233396	1063.4078089233396	19.72
1064.2985737420615	1064.2985737420615	19.76
1062.1296328590518	1062.1296328590518	19.8
1061.8743934446748	1061.8743934446748	19.84
1059.2412957131753	1059.2412957131753	19.88
1060.5999737829497	1060.5999737829497	19.92
1059.8801914620885	1059.8801914620885	19.96
1059.7931720121799	1059.7931720121799	20.0
1057.6616434785108	1057.6616434785108	20.04
1056.7187619710878	1056.7187619710878	20.08
1055.1794996228807	1055.1794996228807	20.12
1053.9103448939422	1053.9103448939422	20.16
1050.6035631301838	1050.6035631301838	20.2
1048.9628604785512	1048.9628604785512	20.24
1047.0045877728448	1047.0045877728448	20.28
1045.6472883032923	1045.6472883032923	20.32
1037.6146317005473	1037.6146317005473	20.36
1036.6044827768183	1036.6044827768183	20.4
1031.116023598024	1031.116023598024	20.44
1023.2894974722223	1023.2894974722223	20.48
1011.1443670122513	1011.1443670122513	20.52
1002.0281407051853	1002.0281407051853	20.56
994.0744764815373	994.0744764815373	20.6
985.7524774833499	985.7524774833499	20.64
985.1654122701104	985.1654122701104	20.68
985.8737079265757	985.8737079265757	20.72
983.8634370563542	983.8634370563542	20.76
982.4067540026894	982.4067540026894	20.8
989.2614915556175	989.2614915556175	20.84
1001.0805480242535	1001.0805480242535	20.88
1019.2232289461745	1019.2232289461745	20.92
1040.9924922895725	1040.9924922895725	20.96
1062.5894011330151	1062.5894011330151	21.0
1090.8143385370672	1090.8143385370672	21.04
1122.5800317010915	1122.5800317010915	21.08
1155.4595029100478	1155.4595029100478	21.12
1196.5295935031568	1196.5295935031568	21.16
1234.7821619542779	1234.7821619542779	21.2
1270.915352569401	1270.915352569401	21.24
1308.4453947016623	1308.4453947016623	21.28
1341.3322633624505	1341.3322633624505	21.32
1369.1486069167868	1369.1486069167868	21.36
1391.2674792785083	1391.2674792785083	21.4
1407.0894892742176	1407.0894892742176	21.44
1417.284816368454	1417.284816368454	21.48
1424.5301868662052	1424.5301868662052	21.52
1429.2934513530377	1429.2934513530377	21.56
1429.583014595485	1429.583014595485	21.6
1430.1401056224906	1430.1401056224906	21.64
1425.664350817585	1425.664350817585	21.68
1424.7257471451567	1424.7257471451567	21.72
1424.5203878082384	1424.5203878082384	21.76
1421.421808242367	1421.421808242367	21.8
1421.3956876332254	1421.3956876332254	21.84
1421.414355353989	1421.414355353989	21.88
1420.787914671519	1420.787914671519	21.92
1421.1187038524808	1421.1187038524808	21.96
1420.9341580106727	1420.9341580106727	22.0
1419.7044042497225	1419.7044042497225	22.04
1419.4830391501023	1419.4830391501023	22.08
1417.1492356413567	1417.1492356413567	22.12
1415.9626811214093	1415.9626811214093	22.16
1413.2698879673824	1413.2698879673824	22.2
1412.758934427358	1412.758934427358	22.24
1412.068041605595	1412.068041605595	22.28
1411.4436120366524	1411.4436120366524	22.32
1412.2853097846425	1412.2853097846425	22.36
1412.3529981939278	1412.3529981939278	22.4
1413.5023861363165	1413.5023861363165	22.44
1413.282403426588	1413.282403426588	22.48
1411.9850914832932	1411.9850914832932	22.52
1410.6616083776294	1410.6616083776294	22.56
1411.9368092645611	1411.9368092645611	22.6
1410.5874916149294	1410.5874916149294	22.64
1410.8630440036582	1410.8630440036582	22.68
1411.3828317622192	1411.3828317622192	22.72
1411.2511934269096	1411.2511934269096	22.76
1409.4113295596583	1409.4113295596583	22.8
1408.245595836931	1408.245595836931	22.84
1409.3501370561098	1409.3501370561098	22.88
1408.3123536325254	1408.3123536325254	22.92
1409.9704645580948	1409.9704645580948	22.96
1408.8157072894626	1408.8157072894626	23.0
1409.5248376273298	1409.5248376273298	23.04
1409.7094860552081	1409.7094860552081	23.08
1410.6767621505003	1410.6767621505003	23.12
1411.5531201121573	1411.5531201121573	23.16
1412.2223429475814	1412.2223429475814	23.2
1413.2613069564418	1413.2613069564418	23.24
1413.6450062159072	1413.6450062159072	23.28
1417.122531981746	1417.122531981746	23.32
1418.4076299385868	1418.4076299385868	23.36
1420.470133485663	1420.470133485663	23.4
1421.6388498597364	1421.6388498597364	23.44
1422.1512647011218	1422.1512647011218	23.48
1424.6684276293151	1424.6684276293151	23.52
1425.3508081574475	1425.3508081574475	23.56
1427.3636090564135	1427.3636090564135	23.6
1427.4923032827592	1427.4923032827592	23.64
1427.3056395216472	1427.3056395216472	23.68
1429.108657958341	1429.108657958341	23.72
1429.968309630409	1429.968309630409	23.76
1429.7436837562786	1429.7436837562786	23.8
1429.7942374317863	1429.7942374317863	23.84
1429.9157974168513	1429.9157974168513	23.88
1430.9438009239793	1430.9438009239793	23.92
1430.596723437082	1430.596723437082	23.96
1430.179493345423	1430.179493345423	24.0
1430.6510571384738	1430.6510571384738	24.04
1430.0803571157276	1430.0803571157276	24.08
1430.7901101528555	1430.7901101528555	24.12
1431.8807110707573	1431.8807110707573	24.16
1432.3813564314742	1432.3813564314742	24.2
1431.9926085052905	1431.9926085052905	24.24
1432.8021471286304	1432.8021471286304	24.28
1433.1306875825917	1433.1306875825917	24.32
1434.6801327444387	1434.6801327444387	24.36
1434.3172683254274	1434.3172683254274	24.4
1434.068410754717	1434.068410754717	24.44
1435.7655314760414	1435.7655314760414	24.48
1434.696596163555	1434.696596163555	24.52
1436.2613352523117	1436.2613352523117	24.56
1437.424617903382	1437.424617903382	24.6
1437.1672988037305	1437.1672988037305	24.64
1437.1152734201435	1437.1152734201435	24.68
1437.717102116229	1437.717102116229	24.72
1438.7782112517234	1438.7782112517234	24.76
1439.718925971741	1439.718925971741	24.8
1439.3264011794768	1439.3264011794768	24.84
1438.7866646945627	1438.7866646945627	24.88
1438.053403429474	1438.053403429474	24.92
1439.311635296894	1439.311635296894	24.96
1441.6474190174504	1441.6474190174504	25.0
1440.549698183118	1440.549698183118	25.04
1439.6585358765556	1439.6585358765556	25.08
1441.409227244119	1441.409227244119	25.12
1441.6943641244632	1441.6943641244632	25.16
1442.4710360248312	1442.4710360248312	25.2
1443.5403554593381	1443.5403554593381	25.24
1442.2978424211767	1442.2978424211767	25.28
1444.7103196820253	1444.7103196820253	25.32
1444.4812447031738	1444.4812447031738	25.36
1444.7111122849174	1444.7111122849174	25.4
1444.7284343047422	1444.7284343047422	25.44
1443.7637531349621	1443.7637531349621	25.48
1444.4139467753034	1444.4139467753034	25.52
1447.547651463941	1447.547651463941	25.56
1448.2234325718975	1448.2234325718975	25.6
1447.8308258769928	1447.8308258769928	25.64
1445.846953117197	1445.846953117197	25.68
1443.7361974295502	1443.7361974295502	25.72
1445.8935512802723	1445.8935512802723	25.76
1444.4061483647326	1444.4061483647326	25.8
1444.1921618494848	1444.1921618494848	25.84
1442.833798535913	1442.833798535913	25.88
1444.4044812953164	1444.4044812953164	25.92
1445.219977281809	1445.219977281809	25.96
1446.2446137591066	1446.2446137591066	26.0
1445.0981021735365	1445.0981021735365	26.04
1444.8879133387527	1444.8879133387527	26.08
1446.9955898101657	1446.9955898101657	26.12
1447.2808077831396	1447.2808077831396	26.16
1447.6107814286106	1447.6107814286106	26.2
1448.9064321408732	1448.9064321408732	26.24
1449.2462102894922	1449.2462102894922	26.28
1449.6450072217615	1449.6450072217615	26.32
1451.5027963252487	1451.5027963252487	26.36
1451.999177047754	1451.999177047754	26.4
1451.6145267886204	1451.6145267886204	26.44
1448.979466287386	1448.979466287386	26.48
1449.0281386381068	1449.0281386381068	26.52
1451.010373071865	1451.010373071865	26.56
1450.149592455634	1450.149592455634	26.6
1452.785340347868	1452.785340347868	26.64
1453.1791491357278	1453.1791491357278	26.68
1453.3507589924861	1453.3507589924861	26.72
1453.512001056757	1453.512001056757	26.76
1451.670106906473	1451.670106906473	26.8
1451.0200471829937	1451.0200471829937	26.84
1451.839214360359	1451.839214360359	26.88
1451.2254515629534	1451.2254515629534	26.92
1452.0558358186443	1452.0558358186443	26.96
1452.2621394231771	1452.2621394231771	27.0
1451.934198607822	1451.934198607822	27.04
1453.049683640169	1453.049683640169	27.08
1452.7396454888622	1452.7396454888622	27.12
1451.6820732453175	1451.6820732453175	27.16
1452.7936527494578	1452.7936527494578	27.2
1452.2803920492256	1452.2803920492256	27.24
1452.6836293698607	1452.6836293698607	27.28
1452.9274541658485	1452.9274541658485	27.32
1452.8120931522271	1452.8120931522271	27.36
1453.872232276255	1453.872232276255	27.4
1452.2958185173336	1452.2958185173336	27.44
1454.042651422343	1454.042651422343	27.48
1454.2148563559488	1454.2148563559488	27.52
1455.0509450549694	1455.0509450549694	27.56
1452.8125121915416	1452.8125121915416	27.6
1455.0229552799892	1455.0229552799892	27.64
1455.860364003893	1455.860364003893	27.68
1454.6823096973776	1454.6823096973776	27.72
1455.3881283875671	1455.3881283875671	27.76
1454.409574210118	1454.409574210118	27.8
1453.2228933127153	1453.2228933127153	27.84
1454.8205531229794	1454.8205531229794	27.88
1454.2102496890175	1454.2102496890175	27.92
1456.627316001994	1456.627316001994	27.96
1456.8532353879878	1456.8532353879878	28.0
1456.2556824757767	1456.2556824757767	28.04
1457.8124890565687	1457.8124890565687	28.08
1458.258068675306	1458.258068675306	28.12
1458.1303204882533	1458.1303204882533	28.16
1459.6304008657623	1459.6304008657623	28.2
1459.5091304754148	1459.5091304754148	28.24
1459.7053876924838	1459.7053876924838	28.28
1460.00722948773	1460.00722948773	28.32
1459.0802781212087	1459.0802781212087	28.36
1459.4216309846506	1459.4216309846506	28.4
1461.69803808134	1461.69803808134	28.44
1459.0416746434657	1459.0416746434657	28.48
1456.151679305621	1456.151679305621	28.52
1452.8346070906423	1452.8346070906423	28.56
1449.163219165895	1449.163219165895	28.6
1441.9220741090044	1441.9220741090044	28.64
1419.4961165060456	1419.4961165060456	28.68
1391.3933517711496	1391.3933517711496	28.72
1348.5004989576937	1348.5004989576937	28.76
1299.235130514393	1299.235130514393	28.8
1246.97154462058	1246.97154462058	28.84
1189.7156765080192	1189.7156765080192	28.88
1137.6033589820686	1137.6033589820686	28.92
1086.6161041603166	1086.6161041603166	28.96
1042.7435485271342	1042.7435485271342	29.0
999.3404722093993	999.3404722093993	29.04
958.6668114944463	958.6668114944463	29.08
929.3786424584443	929.3786424584443	29.12
891.0780568104022	891.0780568104022	29.16
859.3377422907871	859.3377422907871	29.2
831.9654125051603	831.9654125051603	29.24
816.0692750239009	816.0692750239009	29.28
802.5334123138714	802.5334123138714	29.32
796.0395202699968	796.0395202699968	29.36
785.8228546661423	785.8228546661423	29.4
778.5066169343014	778.5066169343014	29.44
768.2810378463033	768.2810378463033	29.48
760.9196617183998	760.9196617183998	29.52
752.0151092277056	752.0151092277056	29.56
746.090024820888	746.090024820888	29.6
746.3070842884146	746.3070842884146	29.64
744.7776138214651	744.7776138214651	29.68
744.4299912742182	744.4299912742182	29.72
746.4354092358786	746.4354092358786	29.76
743.2481446486404	743.2481446486404	29.8
745.2882260915904	745.2882260915904	29.84
746.2944839908853	746.2944839908853	29.88
746.7476082382686	746.7476082382686	29.92
745.5625955555972	745.5625955555972	29.96
744.3749307160634	744.3749307160634	30.0
743.6622965065835	743.6622965065835	30.04
745.2391506692237	745.2391506692237	30.08
748.7298826449766	748.7298826449766	30.12
749.527740884656	749.527740884656	30.16
747.9632891335115	747.9632891335115	30.2
747.2912525588064	747.2912525588064	30.24
749.716010570244	749.716010570244	30.28
748.5761423202365	748.5761423202365	30.32
748.2373671661005	748.2373671661005	30.36
748.0193762430488	748.0193762430488	30.4
745.5508687843011	745.5508687843011	30.44
745.8811233587376	745.8811233587376	30.48
747.4984668171976	747.4984668171976	30.52
746.5044056574824	746.5044056574824	30.56
744.2492880936189	744.2492880936189	30.6
743.212890572747	743.212890572747	30.64
745.8556420183914	745.8556420183914	30.68
746.9500446857373	746.9500446857373	30.72
751.388821053569	751.388821053569	30.76
748.2260168238694	748.2260168238694	30.8
746.1885997214553	746.1885997214553	30.84
748.5533448332139	748.5533448332139	30.88
748.107154480556	748.107154480556	30.92
746.4886505703004	746.4886505703004	30.96
741.6733874877995	741.6733874877995	31.0
743.1534861858307	743.1534861858307	31.04
744.2489903756687	744.2489903756687	31.08
747.2084836492346	747.2084836492346	31.12
743.3164545739343	743.3164545739343	31.16
747.1144166697179	747.1144166697179	31.2
747.9168957179726	747.9168957179726	31.24
748.2222200374785	748.2222200374785	31.28
747.2274138956918	747.2274138956918	31.32
748.1996273062376	748.1996273062376	31.36
746.6398647912246	746.6398647912246	31.4
745.8962822446994	745.8962822446994	31.44
743.937305833004	743.937305833004	31.48
745.7972324898395	745.7972324898395	31.52
745.4236814663309	745.4236814663309	31.56
744.3820487502417	744.3820487502417	31.6
741.5290223388472	741.5290223388472	31.64
745.927965782003	745.927965782003	31.68
744.2200723440616	744.2200723440616	31.72
745.0868918722389	745.0868918722389	31.76
744.5214368851895	744.5214368851895	31.8
745.2050194517428	745.2050194517428	31.84
743.8798765660977	743.8798765660977	31.88
743.0555915951009	743.0555915951009	31.92
743.4470744392472	743.4470744392472	31.96
744.8526412149957	744.8526412149957	32.0
743.7825198710786	743.7825198710786	32.04
746.5244802461783	746.5244802461783	32.08
745.304664579901	745.304664579901	32.12
747.9594129035585	747.9594129035585	32.16
746.4077816324472	746.4077816324472	32.2
747.7791378994198	747.7791378994198	32.24
750.5218241293067	750.5218241293067	32.28
748.6090982076277	748.6090982076277	32.32
754.3475019445353	754.3475019445353	32.36
754.3220372569538	754.3220372569538	32.4
757.7138929069488	757.7138929069488	32.44
759.9048669558564	759.9048669558564	32.48
757.9852292104258	757.9852292104258	32.52
759.1946374783371	759.1946374783371	32.56
761.531072930374	761.531072930374	32.6
768.6229205406387	768.6229205406387	32.64
777.7701801480712	777.7701801480712	32.68
797.1309020729063	797.1309020729063	32.72
815.7678209055181	815.7678209055181	32.76
838.5337836802197	838.5337836802197	32.8
859.196701649432	859.196701649432	32.84
876.8898607020761	876.8898607020761	32.88
902.305276210596	902.305276210596	32.92
936.0071733752443	936.0071733752443	32.96
969.0601248529213	969.0601248529213	33.0
1005.0959649860839	1005.0959649860839	33.04
1037.1306432914475	1037.1306432914475	33.08
1072.6219899495345	1072.6219899495345	33.12
1109.912486311388	1109.912486311388	33.16
1155.0800776291624	1155.0800776291624	33.2
1190.4068661236329	1190.4068661236329	33.24
1225.3964871279918	1225.3964871279918	33.28
1259.0284018509865	1259.0284018509865	33.32
1307.0787293620697	1307.0787293620697	33.36
1374.56473344858	1374.56473344858	33.4
1551.927811389871	1551.927811389871	33.44
0.0	0.0	33.48
0.0	0.0	33.52
1639.9438378991792	1639.9438378991792	33.56
0.0	0.0	33.6
0.0	0.0	33.64
0.0	0.0	33.68
0.0	0.0	33.72
0.0	0.0	33.76
0.0	0.0	33.8
0.0	0.0	33.84
0.0	0.0	33.88
0.0	0.0	33.92
0.0	0.0	33.96
0.0	0.0	34.0
0.0	0.0	34.04
0.0	0.0	34.08
0.0	0.0	34.12
0.0	0.0	34.16
0.0	0.0	34.2
0.0	0.0	34.24
1167.7029595069603	1167.7029595069603	34.28
1165.3145054343227	1165.3145054343227	34.32
0.0	0.0	34.36
0.0	0.0	34.4
0.0	0.0	34.44
0.0	0.0	34.48
0.0	0.0	34.52
0.0	0.0	34.56
0.0	0.0	34.6
0.0	0.0	34.64
0.0	0.0	34.68
0.0	0.0	34.72
0.0	0.0	34.76
0.0	0.0	34.8
0.0	0.0	34.84
0.0	0.0	34.88
0.0	0.0	34.92
0.0	0.0	34.96
0.0	0.0	35.0
0.0	0.0	35.04
0.0	0.0	35.08
0.0	0.0	35.12
0.0	0.0	35.16
0.0	0.0	35.2
0.0	0.0	35.24
0.0	0.0	35.28
0.0	0.0	35.32
0.0	0.0	35.36
0.0	0.0	35.4
0.0	0.0	35.44
0.0	0.0	35.48
0.0	0.0	35.52
0.0	0.0	35.56
0.0	0.0	35.6
0.0	0.0	35.64
0.0	0.0	35.68
0.0	0.0	35.72
0.0	0.0	35.76
0.0	0.0	35.8
0.0	0.0	35.84
0.0	0.0	35.88
0.0	0.0	35.92
0.0	0.0	35.96
0.0	0.0	36.0
0.0	0.0	36.04
0.0	0.0	36.08
0.0	0.0	36.12
0.0	0.0	36.16
0.0	0.0	36.2
0.0	0.0	36.24
0.0	0.0	36.28
0.0	0.0	36.32
935.8513509904466	935.8513509904466	36.36
829.6576793939626	829.6576793939626	36.4
0.0	0.0	36.44
905.3222917399032	905.3222917399032	36.48
895.8362520222769	895.8362520222769	36.52
897.1836366680567	897.1836366680567	36.56
0.0	0.0	36.6
933.7583224163075	933.7583224163075	36.64
926.4305577586073	926.4305577586073	36.68
931.3637071972529	931.3637071972529	36.72
914.6018870858777	914.6018870858777	36.76
909.2402620504807	909.2402620504807	36.8
931.932862826127	931.932862826127	36.84
913.2026167413271	913.2026167413271	36.88
0.0	0.0	36.92
923.8269433317519	923.8269433317519	36.96
0.0	0.0	37.0
0.0	0.0	37.04
931.6474713679464	931.6474713679464	37.08
0.0	0.0	37.12
0.0	0.0	37.16
0.0	0.0	37.2
0.0	0.0	37.24
0.0	0.0	37.28
0.0	0.0	37.32
0.0	0.0	37.36
0.0	0.0	37.4
0.0	0.0	37.44
0.0	0.0	37.48
0.0	0.0	37.52
0.0	0.0	37.56
0.0	0.0	37.6
0.0	0.0	37.64
0.0	0.0	37.68
0.0	0.0	37.72
0.0	0.0	37.76
0.0	0.0	37.8
0.0	0.0	37.84
0.0	0.0	37.88
0.0	0.0	37.92
0.0	0.0	37.96
0.0	0.0	38.0
0.0	0.0	38.04
0.0	0.0	38.08
0.0	0.0	38.12
0.0	0.0	38.16
0.0	0.0	38.2
0.0	0.0	38.24
0.0	0.0	38.28
0.0	0.0	38.32
0.0	0.0	38.36
0.0	0.0	38.4
0.0	0.0	38.44
0.0	0.0	38.48
0.0	0.0	38.52
0.0	0.0	38.56
0.0	0.0	38.6
0.0	0.0	38.64
0.0	0.0	38.68
0.0	0.0	38.72
0.0	0.0	38.76
0.0	0.0	38.8
0.0	0.0	38.84
0.0	0.0	38.88
0.0	0.0	38.92
0.0	0.0	38.96
0.0	0.0	39.0
0.0	0.0	39.04
0.0	0.0	39.08
0.0	0.0	39.12
0.0	0.0	39.16
0.0	0.0	39.2
0.0	0.0	39.24
0.0	0.0	39.28
0.0	0.0	39.32
0.0	0.0	39.36
0.0	0.0	39.4
0.0	0.0	39.44
0.0	0.0	39.48
0.0	0.0	39.52
0.0	0.0	39.56
0.0	0.0	39.6
0.0	0.0	39.64
0.0	0.0	39.68
0.0	0.0	39.72
0.0	0.0	39.76
0.0	0.0	39.8
0.0	0.0	39.84
0.0	0.0	39.88
0.0	0.0	39.92
0.0	0.0	39.96
0.0	0.0	40.0
0.0	0.0	40.04
0.0	0.0	40.08
0.0	0.0	40.12
0.0	0.0	40.16
0.0	0.0	40.2
0.0	0.0	40.24
0.0	0.0	40.28
0.0	0.0	40.32
0.0	0.0	40.36
0.0	0.0	40.4
0.0	0.0	40.44
0.0	0.0	40.48
0.0	0.0	40.52
0.0	0.0	40.56
0.0	0.0	40.6
0.0	0.0	40.64
0.0	0.0	40.68
0.0	0.0	40.72
0.0	0.0	40.76
0.0	0.0	40.8
0.0	0.0	40.84
0.0	0.0	40.88
0.0	0.0	40.92
0.0	0.0	40.96
0.0	0.0	41.0
0.0	0.0	41.04
0.0	0.0	41.08
0.0	0.0	41.12
0.0	0.0	41.16
0.0	0.0	41.2
0.0	0.0	41.24
0.0	0.0	41.28
0.0	0.0	41.32
0.0	0.0	41.36
0.0	0.0	41.4
0.0	0.0	41.44
0.0	0.0	41.48
0.0	0.0	41.52
0.0	0.0	41.56
0.0	0.0	41.6
0.0	0.0	41.64
0.0	0.0	41.68
0.0	0.0	41.72
0.0	0.0	41.76
0.0	0.0	41.8
0.0	0.0	41.84
0.0	0.0	41.88
0.0	0.0	41.92
0.0	0.0	41.96
0.0	0.0	42.0
0.0	0.0	42.04
0.0	0.0	42.08
0.0	0.0	42.12
0.0	0.0	42.16
725.1036086190787	725.1036086190787	42.2
0.0	0.0	42.24
0.0	0.0	42.28
0.0	0.0	42.32
681.3335003429941	681.3335003429941	42.36
682.0014163253593	682.0014163253593	42.4
0.0	0.0	42.44
658.3136194725539	658.3136194725539	42.48
659.1731452573665	659.1731452573665	42.52
0.0	0.0	42.56
644.3223152843193	644.3223152843193	42.6
632.7563219430525	632.7563219430525	42.64
0.0	0.0	42.68
629.8995281205463	629.8995281205463	42.72
621.0228277640722	621.0228277640722	42.76
621.6907484292957	621.6907484292957	42.8
620.0570977761149	620.0570977761149	42.84
611.7964439497681	611.7964439497681	42.88
608.3097537541148	608.3097537541148	42.92
602.7789606458138	602.7789606458138	42.96
607.8388602611055	607.8388602611055	43.0
602.495571128609	602.495571128609	43.04
603.1898790066182	603.1898790066182	43.08
599.2314287426058	599.2314287426058	43.12
596.9657326382578	596.9657326382578	43.16
0.0	0.0	43.2
598.5829964493298	598.5829964493298	43.24
588.8016851293619	588.8016851293619	43.28
590.5344509000142	590.5344509000142	43.32
591.5890991953862	591.5890991953862	43.36
591.5264972589712	591.5264972589712	43.4
590.2406071479758	590.2406071479758	43.44
585.3399387902286	585.3399387902286	43.48
584.9006194603143	584.9006194603143	43.52
587.0968201851246	587.0968201851246	43.56
588.1065151631138	588.1065151631138	43.6
590.1887590337374	590.1887590337374	43.64
589.6665693765028	589.6665693765028	43.68
587.1909327759735	587.1909327759735	43.72
585.2534043544317	585.2534043544317	43.76
583.6732648741121	583.6732648741121	43.8
582.480460186673	582.480460186673	43.84
597.4899613823146	597.4899613823146	43.88
589.4040246868841	589.4040246868841	43.92
583.6652886827142	583.6652886827142	43.96
578.304497497672	578.304497497672	44.0
0.0	0.0	44.04
0.0	0.0	44.08
0.0	0.0	44.12
569.6526538682871	569.6526538682871	44.16
585.1021988368954	585.1021988368954	44.2
0.0	0.0	44.24
573.0792757303306	573.0792757303306	44.28
586.8877380287698	586.8877380287698	44.32
0.0	0.0	44.36
566.0934630967307	566.0934630967307	44.4
563.2060274814474	563.2060274814474	44.44
569.5665953772316	569.5665953772316	44.48
562.2442426437188	562.2442426437188	44.52
563.6289166044012	563.6289166044012	44.56
563.8036172267244	563.8036172267244	44.6
618.1803737989255	618.1803737989255	44.64
0.0	0.0	44.68
562.513588751363	562.513588751363	44.72
557.2677314835976	557.2677314835976	44.76
568.8071928302118	568.8071928302118	44.8
564.0740662931256	564.0740662931256	44.84
0.0	0.0	44.88
559.3227580419658	559.3227580419658	44.92
558.1250747658053	558.1250747658053	44.96
556.9072496542008	556.9072496542008	45.0
594.5768911124293	594.5768911124293	45.04
0.0	0.0	45.08
540.5594181366006	540.5594181366006	45.12
556.0069561533404	556.0069561533404	45.16
545.204458871096	545.204458871096	45.2
559.2916732795385	559.2916732795385	45.24
590.2787168995454	590.2787168995454	45.28
559.9463624609542	559.9463624609542	45.32
553.3255628288202	553.3255628288202	45.36
547.3770236000731	547.3770236000731	45.4
561.9085246753891	561.9085246753891	45.44
550.316170797029	550.316170797029	45.48
548.6034422021731	548.6034422021731	45.52
545.480237433479	545.480237433479	45.56
555.2686932831735	555.2686932831735	45.6
551.5473905851934	551.5473905851934	45.64
554.1785932557704	554.1785932557704	45.68
579.5994994210351	579.5994994210351	45.72
556.4705402858127	556.4705402858127	45.76
0.0	0.0	45.8
560.725251678211	560.725251678211	45.84
552.57850965386	552.57850965386	45.88
559.4943681245447	559.4943681245447	45.92
576.5193071859335	576.5193071859335	45.96
0.0	0.0	46.0
550.1486236805356	550.1486236805356	46.04
546.3396311605352	546.3396311605352	46.08
548.9950111440246	548.9950111440246	46.12
543.2194243549726	543.2194243549726	46.16
551.3061663681912	551.3061663681912	46.2
546.8004008184113	546.8004008184113	46.24
567.4340614179499	567.4340614179499	46.28
554.4202109282636	554.4202109282636	46.32
567.011960416941	567.011960416941	46.36
571.1170656050792	571.1170656050792	46.4
0.0	0.0	46.44
0.0	0.0	46.48
559.5125490538015	559.5125490538015	46.52
550.9033524432334	550.9033524432334	46.56
595.1384394596216	595.1384394596216	46.6
0.0	0.0	46.64
581.7589954404838	581.7589954404838	46.68
554.2425419875824	554.2425419875824	46.72
552.3545611499435	552.3545611499435	46.76
558.9998129336117	558.9998129336117	46.8
0.0	0.0	46.84
550.2734608212595	550.2734608212595	46.88
555.1029123310122	555.1029123310122	46.92
594.3895780511508	594.3895780511508	46.96
0.0	0.0	47.0
550.9315920154241	550.9315920154241	47.04
542.2193743641086	542.2193743641086	47.08
541.6073251972501	541.6073251972501	47.12
543.2676910579089	543.2676910579089	47.16
543.2773553775531	543.2773553775531	47.2
547.7390820269821	547.7390820269821	47.24
553.1221375467605	553.1221375467605	47.28
553.674453849593	553.674453849593	47.32
555.8635469752284	555.8635469752284	47.36
551.0823801148894	551.0823801148894	47.4
544.6804295021467	544.6804295021467	47.44
539.4214348871172	539.4214348871172	47.48
538.731174520279	538.731174520279	47.52
542.0867053987798	542.0867053987798	47.56
550.76231951631	550.76231951631	47.6
548.9233811281339	548.9233811281339	47.64
545.103175304448	545.103175304448	47.68
552.5403941241763	552.5403941241763	47.72
0.0	0.0	47.76
0.0	0.0	47.8
544.9744141378077	544.9744141378077	47.84
546.6621670815504	546.6621670815504	47.88
557.0103158315297	557.0103158315297	47.92
564.8159928298764	564.8159928298764	47.96
563.7773239461843	563.7773239461843	48.0
551.8248826959076	551.8248826959076	48.04
549.7588548807881	549.7588548807881	48.08
547.5144978568961	547.5144978568961	48.12
543.7483125941858	543.7483125941858	48.16
565.253759126352	565.253759126352	48.2
0.0	0.0	48.24
545.6021262213266	545.6021262213266	48.28
563.8842924410409	563.8842924410409	48.32
0.0	0.0	48.36
610.2602415740454	610.2602415740454	48.4
0.0	0.0	48.44
558.6717898572672	558.6717898572672	48.48
557.7353603051313	557.7353603051313	48.52
0.0	0.0	48.56
559.77911698938	559.77911698938	48.6
554.2767025066679	554.2767025066679	48.64
544.9293329970268	544.9293329970268	48.68
558.7960443200441	558.7960443200441	48.72
0.0	0.0	48.76
0.0	0.0	48.8
563.4603361244771	563.4603361244771	48.84
0.0	0.0	48.88
559.1464423820072	559.1464423820072	48.92
556.5562416998769	556.5562416998769	48.96
563.5223684195677	563.5223684195677	49.0
588.9546410042616	588.9546410042616	49.04
0.0	0.0	49.08
618.7894814099085	618.7894814099085	49.12
636.2888898491263	636.2888898491263	49.16
658.1792429986847	658.1792429986847	49.2
673.2283173016601	673.2283173016601	49.24
0.0	0.0	49.28
714.1623624756253	714.1623624756253	49.32
0.0	0.0	49.36
747.3457220318027	747.3457220318027	49.4
1128.8612920373614	1128.8612920373614	49.44
1128.325039296276	1128.325039296276	49.48
773.6037463409606	773.6037463409606	49.52
782.6106514585402	782.6106514585402	49.56
1149.5237013371927	1149.5237013371927	49.6
809.6869492634843	809.6869492634843	49.64
1161.8319367037705	1161.8319367037705	49.68
818.8077670874555	818.8077670874555	49.72
837.5931126762194	837.5931126762194	49.76
1199.9544198883543	1199.9544198883543	49.8
1195.7955569135122	1195.7955569135122	49.84
1197.4713279456446	1197.4713279456446	49.88
1203.8326327274194	1203.8326327274194	49.92
1209.525009113082	1209.525009113082	49.96
1209.9810505679832	1209.9810505679832	50.0
1212.0718650764247	1212.0718650764247	50.04
1214.7461282415911	1214.7461282415911	50.08
900.7925848803364	900.7925848803364	50.12
918.0339684379976	918.0339684379976	50.16
919.8113199558841	919.8113199558841	50.2
924.365212299016	924.365212299016	50.24
934.2754352803738	934.2754352803738	50.28
1216.6205211465979	1216.6205211465979	50.32
939.5907733488262	939.5907733488262	50.36
939.5388080399167	939.5388080399167	50.4
1215.7218118617657	1215.7218118617657	50.44
947.0424116018881	947.0424116018881	50.48
951.0114054749258	951.0114054749258	50.52
1207.1087536403588	1207.1087536403588	50.56
948.833919516171	948.833919516171	50.6
937.2340722013876	937.2340722013876	50.64
966.7948616156235	966.7948616156235	50.68
1199.0594458643031	1199.0594458643031	50.72
1199.7987125970196	1199.7987125970196	50.76
1199.4650074211725	1199.4650074211725	50.8
1198.7657565048544	1198.7657565048544	50.84
1197.3302823347717	1197.3302823347717	50.88
1195.2047149509697	1195.2047149509697	50.92
1191.0964037817366	1191.0964037817366	50.96
1186.5377176066797	1186.5377176066797	51.0
1183.8755154111984	1183.8755154111984	51.04
1183.4734282108516	1183.4734282108516	51.08
1180.4041574197504	1180.4041574197504	51.12
1174.57688419498	1174.57688419498	51.16
1163.444252609052	1163.444252609052	51.2
1144.1523461579884	1144.1523461579884	51.24
1128.8064776513133	1128.8064776513133	51.28
1099.65606601374	1099.65606601374	51.32
1073.1518898178656	1073.1518898178656	51.36
1038.2528300684855	1038.2528300684855	51.4
1012.5011304660876	1012.5011304660876	51.44
1006.9567511382631	1006.9567511382631	51.48
1025.5307385564417	1025.5307385564417	51.52
1047.280176455755	1047.280176455755	51.56
0.0	0.0	51.6
0.0	0.0	51.64
0.0	0.0	51.68
0.0	0.0	51.72
0.0	0.0	51.76
0.0	0.0	51.8
0.0	0.0	51.84
0.0	0.0	51.88
0.0	0.0	51.92
0.0	0.0	51.96
0.0	0.0	52.0
0.0	0.0	52.04
0.0	0.0	52.08
0.0	0.0	52.12
0.0	0.0	52.16
0.0	0.0	52.2
0.0	0.0	52.24
0.0	0.0	52.28
0.0	0.0	52.32
0.0	0.0	52.36
0.0	0.0	52.4
0.0	0.0	52.44
0.0	0.0	52.48
1038.3468943940738	1038.3468943940738	52.52
1012.8039809105229	1012.8039809105229	52.56
1007.9028618316993	1007.9028618316993	52.6
989.4692957916101	989.4692957916101	52.64
977.0977786524041	977.0977786524041	52.68
964.8792165785557	964.8792165785557	52.72
954.9052585868817	954.9052585868817	52.76
950.333290313139	950.333290313139	52.8
942.163395703379	942.163395703379	52.84
940.8675120154978	940.8675120154978	52.88
944.0237656369461	944.0237656369461	52.92
947.4680641548583	947.4680641548583	52.96
948.2868106819315	948.2868106819315	53.0
948.6433677577055	948.6433677577055	53.04
947.2185466462928	947.2185466462928	53.08
957.9688069052966	957.9688069052966	53.12
969.47420473225	969.47420473225	53.16
967.3933410550192	967.3933410550192	53.2
0.0	0.0	53.24
0.0	0.0	53.28
0.0	0.0	53.32
0.0	0.0	53.36
0.0	0.0	53.4
0.0	0.0	53.44
0.0	0.0	53.48
0.0	0.0	53.52
0.0	0.0	53.56
0.0	0.0	53.6
0.0	0.0	53.64
0.0	0.0	53.68
0.0	0.0	53.72
0.0	0.0	53.76
0.0	0.0	53.8
0.0	0.0	53.84
0.0	0.0	53.88
0.0	0.0	53.92
0.0	0.0	53.96
0.0	0.0	54.0
0.0	0.0	54.04
0.0	0.0	54.08
0.0	0.0	54.12
0.0	0.0	54.16
0.0	0.0	54.2
0.0	0.0	54.24
879.7299644683807	879.7299644683807	54.28
875.083731289779	875.083731289779	54.32
875.2680916698354	875.2680916698354	54.36
871.0508123055196	871.0508123055196	54.4
874.1673181765152	874.1673181765152	54.44
876.1896206377946	876.1896206377946	54.48
879.503189336469	879.503189336469	54.52
882.6753909530885	882.6753909530885	54.56
882.8563257291895	882.8563257291895	54.6
884.1192891097735	884.1192891097735	54.64
887.0090484637077	887.0090484637077	54.68
886.1039375765691	886.1039375765691	54.72
888.3376220142324	888.3376220142324	54.76
887.8496247457423	887.8496247457423	54.8
891.0457797392753	891.0457797392753	54.84
885.4802641432117	885.4802641432117	54.88
886.3429937225577	886.3429937225577	54.92
887.7277473008381	887.7277473008381	54.96
884.4515830921592	884.4515830921592	55.0
885.4196552265219	885.4196552265219	55.04
883.3408156329425	883.3408156329425	55.08
887.9151076937741	887.9151076937741	55.12
888.3131524706937	888.3131524706937	55.16
884.3261810515462	884.3261810515462	55.2
888.4541930331092	888.4541930331092	55.24
887.5253309131789	887.5253309131789	55.28
888.8274137214025	888.8274137214025	55.32
886.815807380768	886.815807380768	55.36
887.7160728747978	887.7160728747978	55.4
889.732233181012	889.732233181012	55.44
891.9937556250956	891.9937556250956	55.48
891.8746923992884	891.8746923992884	55.52
889.8247328767364	889.8247328767364	55.56
890.2197890995632	890.2197890995632	55.6
887.1784686592123	887.1784686592123	55.64
889.1184550572659	889.1184550572659	55.68
889.8727361554784	889.8727361554784	55.72
891.1157710775205	891.1157710775205	55.76
891.503778241028	891.503778241028	55.8
896.2879015749031	896.2879015749031	55.84
885.154011735435	885.154011735435	55.88
870.6561325045357	870.6561325045357	55.92
873.3839752820134	873.3839752820134	55.96
875.9341742533531	875.9341742533531	56.0
882.3967657849839	882.3967657849839	56.04
890.8925251457205	890.8925251457205	56.08
885.8401995202331	885.8401995202331	56.12
885.6877490195219	885.6877490195219	56.16
884.0336608077316	884.0336608077316	56.2
883.6380861903928	883.6380861903928	56.24
878.1938644680022	878.1938644680022	56.28
876.959550984359	876.959550984359	56.32
874.1854709425849	874.1854709425849	56.36
870.5217421060977	870.5217421060977	56.4
869.0391689828253	869.0391689828253	56.44
869.3122413247103	869.3122413247103	56.48
875.1100361388986	875.1100361388986	56.52
870.5621757031874	870.5621757031874	56.56
872.2269821644286	872.2269821644286	56.6
880.9244127371032	880.9244127371032	56.64
885.185755082564	885.185755082564	56.68
882.2939124296632	882.2939124296632	56.72
878.8992265909019	878.8992265909019	56.76
875.7085745785266	875.7085745785266	56.8
876.9910992375071	876.9910992375071	56.84
881.5130920854167	881.5130920854167	56.88
886.2374301512547	886.2374301512547	56.92
885.7452761703111	885.7452761703111	56.96
889.6525836106715	889.6525836106715	57.0
888.4781037173494	888.4781037173494	57.04
887.2813813592757	887.2813813592757	57.08
886.9845264615525	886.9845264615525	57.12
886.9816860250735	886.9816860250735	57.16
890.2429930076205	890.2429930076205	57.2
893.201883252243	893.201883252243	57.24
894.1952528198271	894.1952528198271	57.28
895.3980358048029	895.3980358048029	57.32
896.7996026803186	896.7996026803186	57.36
897.3919472369608	897.3919472369608	57.4
897.5523311754184	897.5523311754184	57.44
897.3459373355937	897.3459373355937	57.48
898.6363147022042	898.6363147022042	57.52
901.3804848562872	901.3804848562872	57.56
907.0892837004948	907.0892837004948	57.6
905.2152437018927	905.2152437018927	57.64
901.2516886964676	901.2516886964676	57.68
895.3670032642259	895.3670032642259	57.72
895.808696025908	895.808696025908	57.76
897.7968371165902	897.7968371165902	57.8
899.9595449324183	899.9595449324183	57.84
901.8538023967429	901.8538023967429	57.88
900.3073044119033	900.3073044119033	57.92
900.121245786612	900.121245786612	57.96
899.6908248032146	899.6908248032146	58.0
902.1467522100846	902.1467522100846	58.04
901.4922516000236	901.4922516000236	58.08
899.3056312476667	899.3056312476667	58.12
901.9712732651129	901.9712732651129	58.16
904.3438859469292	904.3438859469292	58.2
904.3478084541928	904.3478084541928	58.24
903.3289184215163	903.3289184215163	58.28
902.6891158680553	902.6891158680553	58.32
903.4724639294298	903.4724639294298	58.36
899.2295792688815	899.2295792688815	58.4
904.6342630040491	904.6342630040491	58.44
901.5033816359589	901.5033816359589	58.48
903.6025116194376	903.6025116194376	58.52
901.6051551948091	901.6051551948091	58.56
897.4355410488067	897.4355410488067	58.6
892.5062102162218	892.5062102162218	58.64
897.3426363752153	897.3426363752153	58.68
893.2337349541529	893.2337349541529	58.72
894.7338291888602	894.7338291888602	58.76
893.2788410477381	893.2788410477381	58.8
902.1940657902855	902.1940657902855	58.84
904.7507768621706	904.7507768621706	58.88
900.9191057177812	900.9191057177812	58.92
900.4962484177507	900.4962484177507	58.96
902.6089668040754	902.6089668040754	59.0
901.0144057251366	901.0144057251366	59.04
901.7172544937667	901.7172544937667	59.08
911.4731481768719	911.4731481768719	59.12
910.4193753326896	910.4193753326896	59.16
914.274268735667	914.274268735667	59.2
916.5327342533343	916.5327342533343	59.24
918.5986388152713	918.5986388152713	59.28
918.0679734755194	918.0679734755194	59.32
914.94322019188	914.94322019188	59.36
913.390300478254	913.390300478254	59.4
913.6000677023642	913.6000677023642	59.44
913.8638534320269	913.8638534320269	59.48
913.9589453450394	913.9589453450394	59.52
909.8271464828446	909.8271464828446	59.56
907.05110282537	907.05110282537	59.6
907.1371977327143	907.1371977327143	59.64
911.1541986577039	911.1541986577039	59.68
917.4541177341164	917.4541177341164	59.72
919.4073514928128	919.4073514928128	59.76
921.578177133894	921.578177133894	59.8
923.629055945103	923.629055945103	59.84
920.420383438402	920.420383438402	59.88
917.2191606359678	917.2191606359678	59.92
917.9872039562177	917.9872039562177	59.96
920.3155526476575	920.3155526476575	60.0
918.3063150260203	918.3063150260203	60.04
909.8740433569036	909.8740433569036	60.08
912.876551557013	912.876551557013	60.12
915.1276391270084	915.1276391270084	60.16
914.874350973669	914.874350973669	60.2
914.9358534172084	914.9358534172084	60.24
917.0748035850044	917.0748035850044	60.28
922.7348599511278	922.7348599511278	60.32
928.8904653689855	928.8904653689855	60.36
938.3881872195587	938.3881872195587	60.4
944.8499196972406	944.8499196972406	60.44
952.4315488774297	952.4315488774297	60.48
955.6707765189191	955.6707765189191	60.52
965.5774311482351	965.5774311482351	60.56
973.5949200626761	973.5949200626761	60.6
990.8654532206576	990.8654532206576	60.64
1007.5525943941558	1007.5525943941558	60.68
1024.343601579964	1024.343601579964	60.72
1043.5699352844724	1043.5699352844724	60.76
1054.1217760531583	1054.1217760531583	60.8
1060.0718631697132	1060.0718631697132	60.84
1070.4136981646404	1070.4136981646404	60.88
1072.3054081436887	1072.3054081436887	60.92
1068.451253338716	1068.451253338716	60.96
1065.260164129744	1065.260164129744	61.0
1060.1974756409152	1060.1974756409152	61.04
1067.7582691070804	1067.7582691070804	61.08
1075.7833100723055	1075.7833100723055	61.12
1100.2527362322244	1100.2527362322244	61.16
1130.055881690324	1130.055881690324	61.2
1185.3463615006128	1185.3463615006128	61.24
1262.1720076253869	1262.1720076253869	61.28
0.0	0.0	61.32
1421.7960149947169	1421.7960149947169	61.36
0.0	0.0	61.4
0.0	0.0	61.44
0.0	0.0	61.48
0.0	0.0	61.52
0.0	0.0	61.56
1869.638108826686	1869.638108826686	61.6
1891.3180267709745	1891.3180267709745	61.64
1891.6901507933208	1891.6901507933208	61.68
1884.0519593143288	1884.0519593143288	61.72
1866.424625892091	1866.424625892091	61.76
1841.7296033783534	1841.7296033783534	61.8
1806.6165402983422	1806.6165402983422	61.84
1748.1382352505525	1748.1382352505525	61.88
1685.5503565306626	1685.5503565306626	61.92
1627.722774762762	1627.722774762762	61.96
1589.8841768404884	1589.8841768404884	62.0
1527.0478290271396	1527.0478290271396	62.04
1456.9876577721443	1456.9876577721443	62.08
1405.0815154098902	1405.0815154098902	62.12
1339.745566284969	1252.6942078815548	62.16
1285.769937485944	1209.6901304602804	62.2
1233.0637289062108	1177.2907345361407	62.24
1167.200638751082	1128.1327706980535	62.28
1108.342331164247	1053.1427838623542	62.32
1065.1314909772084	1002.4901305273956	62.36
1030.5551098034637	951.1533856407123	62.4
997.718992911979	908.8840032754276	62.44
971.8248940947951	881.1235264999934	62.48
952.9524396293436	864.5072357329941	62.52
936.0839187713811	858.5602795145518	62.56
926.5224886405462	848.0404664371563	62.6
918.5131544400998	844.668997845287	62.64
908.0550292482194	836.7637632217129	62.68
900.4271486888359	841.4651429300695	62.72
896.1602772282653	841.5503531573836	62.76
889.9897583509801	836.7656934825906	62.8
880.9152092050473	820.4336914864824	62.84
874.6749473005702	821.1143613181567	62.88
873.7674615402443	816.2463736491931	62.92
875.0068689042608	822.4087757465621	62.96
876.4239418941966	831.5049579047705	63.0
877.3603159747755	829.4674803236499	63.04
880.2567531931511	821.032661527291	63.08
885.6075215863317	827.7122599363203	63.12
890.7713181814755	829.1519747853356	63.16
894.370811478209	833.1543124399435	63.2
900.9958117837082	826.7550904413444	63.24
905.2138020299316	833.5047407448617	63.28
910.8617612944942	844.9073406067535	63.32
923.6244956591833	854.0066610195516	63.36
929.8364314107271	875.5749261576874	63.4
936.3600822165072	880.079659736714	63.44
944.0806422114099	895.9355704632587	63.48
948.004441596864	896.4952564074752	63.52
951.1873424503556	895.3906183731683	63.56
951.7326680338804	899.9858380572496	63.6
948.3652308460961	877.2416820855326	63.64
954.9889211195862	885.0707411644316	63.68
949.8353203531983	893.9071081947508	63.72
943.985246295223	889.7324842328251	63.76
935.4945985422551	865.2009521486967	63.8
931.3981439047943	869.8013614076847	63.84
933.4301562974847	864.505230290764	63.88
937.0520061952697	879.1363841392646	63.92
932.5036147347862	860.5682129798806	63.96
932.7624167080191	859.5548285445401	64.0
930.6274229925871	868.3879924661248	64.04
929.7507276439604	861.8100887948207	64.08
929.3121240601231	882.3330107740665	64.12
925.8006149455325	872.6767077613449	64.16
925.2913587767895	873.9424510262008	64.2
928.5007009592105	878.3628102394413	64.24
924.987568459667	868.2922816467027	64.28
926.8879197684929	867.9260945724994	64.32
932.9754731479763	881.0312016100288	64.36
940.7215249482863	884.7348810993647	64.4
943.7141128617357	893.32161614062	64.44
946.4501583667425	901.991829349342	64.48
959.3163642953125	918.564660952109	64.52
969.1426928408222	912.2027779365329	64.56
973.0364416372053	901.9809280939957	64.6
973.3581368767252	915.3017313338759	64.64
977.5417504836754	928.6419353657418	64.68
983.5712101727329	941.6848534862875	64.72
988.025397807331	948.8397068604095	64.76
990.6165713073619	952.9082628643573	64.8
988.3702558365899	945.0712515994237	64.84
990.104853168193	941.0913817380575	64.88
990.2873422711576	929.5531746014688	64.92
989.8893431050456	907.2440008231116	64.96
979.7456724390663	857.0469905303306	65.0
978.1514317804507	810.0916022313316	65.04
969.603625358198	787.4400965507225	65.08
0.0	0.0	65.12
0.0	0.0	65.16
0.0	0.0	65.2
1060.682705920498	963.3900514404337	65.24
1119.100915733553	1039.7317792067224	65.28
1184.1341352533993	1122.0958419882024	65.32
1241.1695136540334	1211.643530438017	65.36
1289.9603343155027	1259.5390488095654	65.4
1323.650928814499	1290.0396720099866	65.44
1344.8204708440169	1310.877257578125	65.48
1347.2863297365268	1310.2146389448803	65.52
1347.3312322963632	1327.4787161685872	65.56
1342.5410441067684	1336.2547577166501	65.6
1313.4702530979916	1340.506618038049	65.64
1270.0288337160512	1345.4237270402527	65.68
0.0	0.0	65.72
0.0	0.0	65.76
0.0	0.0	65.8
0.0	0.0	65.84
1265.1424272667532	1359.8886435167847	65.88
1314.3963036981813	1368.9101793957816	65.92
1310.3446435273352	1343.8031019689818	65.96
1331.6610567007615	1358.611320168987	66.0
1289.7660585636795	1396.4257747793504	66.04
0.0	0.0	66.08
0.0	0.0	66.12
0.0	0.0	66.16
1784.1156625764252	1784.1156625764252	66.2
0.0	0.0	66.24
0.0	0.0	66.28
0.0	0.0	66.32
0.0	0.0	66.36
0.0	0.0	66.4
0.0	0.0	66.44
0.0	0.0	66.48
0.0	0.0	66.52
0.0	0.0	66.56
0.0	0.0	66.6
0.0	0.0	66.64
0.0	0.0	66.68
0.0	0.0	66.72
0.0	0.0	66.76
0.0	0.0	66.8
0.0	0.0	66.84
0.0	0.0	66.88
0.0	0.0	66.92
0.0	0.0	66.96
0.0	0.0	67.0
0.0	0.0	67.04
0.0	0.0	67.08
0.0	0.0	67.12
0.0	0.0	67.16
0.0	0.0	67.2
0.0	0.0	67.24
0.0	0.0	67.28
0.0	0.0	67.32
0.0	0.0	67.36
0.0	0.0	67.4
0.0	0.0	67.44
0.0	0.0	67.48
0.0	0.0	67.52
0.0	0.0	67.56
0.0	0.0	67.6
0.0	0.0	67.64
0.0	0.0	67.68
0.0	0.0	67.72
0.0	0.0	67.76
0.0	0.0	67.8
0.0	0.0	67.84
0.0	0.0	67.88
0.0	0.0	67.92
0.0	0.0	67.96
0.0	0.0	68.0
0.0	0.0	68.04
0.0	0.0	68.08
0.0	0.0	68.12
0.0	0.0	68.16
0.0	0.0	68.2
0.0	0.0	68.24
0.0	0.0	68.28
0.0	0.0	68.32
0.0	0.0	68.36
0.0	0.0	68.4
0.0	0.0	68.44
0.0	0.0	68.48
0.0	0.0	68.52
0.0	0.0	68.56
0.0	0.0	68.6
0.0	0.0	68.64
0.0	0.0	68.68
0.0	0.0	68.72
0.0	0.0	68.76
0.0	0.0	68.8
0.0	0.0	68.84
0.0	0.0	68.88
0.0	0.0	68.92
0.0	0.0	68.96
0.0	0.0	69.0
0.0	0.0	69.04
0.0	0.0	69.08
0.0	0.0	69.12
0.0	0.0	69.16
0.0	0.0	69.2
