Thumb_R	Index_R	Time
0.0	0.0	0.04
0.0	0.0	0.08
0.0	0.0	0.12
0.0	0.0	0.16
0.0	0.0	0.2
0.0	0.0	0.24
0.0	0.0	0.28
0.0	0.0	0.32
0.0	0.0	0.36
0.0	0.0	0.4
0.0	0.0	0.44
1274.6227397984164	1212.3476247386632	0.48
1268.882276817058	1213.0811011241144	0.52
1265.2848079929622	1209.9460388569767	0.56
1264.0342031138584	1211.0738365520283	0.6
1266.878799643465	1210.4055184167946	0.64
1269.5076694902373	1211.08533272957	0.68
1274.8396993667386	1210.6678824732924	0.72
1285.9554010482327	1212.5507766714127	0.76
1287.9651435829026	1209.1840036918084	0.8
1268.7688726810452	1197.4375531731723	0.84
1237.405152724567	1179.4152810317114	0.88
1202.7435105233762	1158.709519533014	0.92
1183.6269352118225	1136.176961592387	0.96
999.4463522395014	948.3236190398862	1.0
998.1832862211724	955.7378416088303	1.04
1001.0630985300589	959.3603183908704	1.08
1001.9407592723649	961.638138406159	1.12
1004.8243764931481	965.455674334946	1.16
1011.1047910114911	968.6548414854059	1.2
1014.9653702561592	977.1967808324027	1.24
1015.2682971676263	977.7978895955633	1.28
1016.0567914261127	979.186657791761	1.32
1012.5856907893688	981.5049205028614	1.36
991.6249140697211	976.8462732571732	1.4
975.951845009646	962.1324924136751	1.44
973.3991047256986	956.7631535893653	1.48
980.7571832773381	973.8298672665	1.52
982.6268296471665	993.9743151110205	1.56
1002.0362986156798	981.1150865576598	1.6
1022.5422109445483	1033.8492994389574	1.64
1040.1651514810644	1071.0238942499648	1.68
1055.4300100270268	1096.2034457501225	1.72
1049.1502741305585	1127.456985346099	1.76
1029.8629658640864	1121.9032163188394	1.8
1031.1906922357143	1116.8449243923255	1.84
1026.6316910888204	1082.9355497749723	1.88
1021.9504223595135	1068.1846155392764	1.92
1022.8275750385073	1068.2947246448782	1.96
1027.0516290844034	1069.3938634611939	2.0
1032.9910932726325	1071.9446031947402	2.04
1038.5715166439286	1066.254225961751	2.08
1047.2912087046363	1098.930830200923	2.12
1052.4064980821454	1119.3698709688556	2.16
1050.9575916155916	1104.701001149124	2.2
1047.7051135993797	1112.9665904232768	2.24
1046.547757004208	1093.909561356271	2.28
1047.1866221636342	1090.354895505681	2.32
1043.3399691637665	1095.8668854572643	2.36
1042.260469534948	1092.9293225259235	2.4
1044.689257874899	1072.299022479095	2.44
1047.5570405994984	1063.871207125149	2.48
1059.4203368961196	1097.342037789756	2.52
1081.5932473079447	1108.3829400999157	2.56
1093.5673103777265	1098.599818810242	2.6
1093.5326433618193	1123.5613593072364	2.64
1088.5185979420107	1129.3900537733666	2.68
1079.529140694664	1125.0235272613097	2.72
1073.5850298006017	1117.650100924531	2.76
1075.865956086078	1098.1261853362641	2.8
1069.0039001179248	1063.0905528563953	2.84
1068.3261984381706	1049.517565315358	2.88
1054.5324137465695	1099.6994226972447	2.92
1039.8187340104903	1130.0501004589548	2.96
1020.4400777040343	1118.8425148030733	3.0
994.087533614896	1067.4803780488112	3.04
953.8071669596993	1014.3341235668939	3.08
905.0994921008389	915.9505520260492	3.12
864.8794912109053	857.6282568169943	3.16
828.1937161193521	880.9141600119126	3.2
791.7731376981743	821.900191819013	3.24
757.9854446463032	795.5587574245371	3.28
714.739320860228	722.0873907102457	3.32
674.148726714557	696.6366795334719	3.36
643.6276039373594	655.9713542895889	3.4
1399.4602676534448	1325.8918828150868	3.44
1387.679360102835	1331.6152343343583	3.48
1377.9280938776656	1328.0680454383648	3.52
1381.462294559177	1353.039691392228	3.56
1388.5900861310972	1370.0174101388225	3.6
1406.9852809604472	1388.9019868271573	3.64
1434.5144899860416	1409.2381861907916	3.68
1448.8794776232005	1416.6488973810626	3.72
1449.2083107120357	1416.1278957357076	3.76
1445.6492657023177	1404.0368282236436	3.8
1437.1934683986483	1390.8324520070848	3.84
1406.6533709910561	1356.6613012732469	3.88
1359.2737333472287	1310.29528163718	3.92
1300.9777677555628	1259.1210870527593	3.96
897.0407362027967	910.5392766058835	4.0
909.4120663021228	943.8846743261771	4.04
932.9684051548134	967.2806780764843	4.08
954.5977957631453	999.5645161963711	4.12
962.3747903031012	1017.2333951369807	4.16
968.1298197810498	1055.5209183403501	4.2
974.9582184824432	956.9943917568812	4.24
980.8315469323599	1077.508880444	4.28
992.8813905838616	1096.5879170397636	4.32
989.9800575623946	1101.82819760074	4.36
982.4271450757802	1075.126943059036	4.4
975.7207764003368	1079.0978813217548	4.44
980.307886461915	1058.6150611109663	4.48
971.746165197981	1075.5290529610568	4.52
947.5818450484272	1039.0600994471022	4.56
924.7832620014196	1016.8390761806795	4.6
903.8340996364129	966.2851935136321	4.64
889.4080912482153	974.5437245038305	4.68
887.6553808710331	969.5983379562955	4.72
884.3751357481725	927.3645878795577	4.76
887.1449676614391	912.8865977310525	4.8
893.0353599078187	934.6634831472203	4.84
891.1017049467509	963.3060137010887	4.88
897.8015169872053	968.3251348677986	4.92
897.8023359940538	956.6413185349323	4.96
900.3981630442037	970.8784487787108	5.0
900.2502212600191	955.0346640236254	5.04
899.768126727713	948.6354490718014	5.08
897.0392497045239	977.3934817019067	5.12
892.5382513852991	943.7385469459169	5.16
897.6296742063197	966.3558258856009	5.2
900.6637636037035	950.2133547651293	5.24
900.5100350597149	966.386944556355	5.28
899.8667329419277	959.1126056578005	5.32
900.21830673923	947.9329891153441	5.36
900.731085849423	985.1587728889803	5.4
895.5504324720432	903.1185953983645	5.44
907.3316251338753	972.9020083845242	5.48
911.4507648057531	925.7208360214602	5.52
919.7144153590634	947.8601819191302	5.56
937.5582479184903	972.4186390126988	5.6
956.5090645514373	968.947796798436	5.64
977.5590890967064	988.1045449549609	5.68
1001.2748456105589	1026.2882953369106	5.72
1016.3440391283472	1019.0677778434463	5.76
1031.4517510943613	998.0727669911887	5.8
1039.3836157688565	1011.7402033364217	5.84
1047.293580541331	1044.3990644958544	5.88
1054.0924108801814	1039.3878405407709	5.92
1064.2523402512763	1048.5455975644059	5.96
1061.1262645156646	1059.7709725403013	6.0
1063.5164430663237	1056.5027144979742	6.04
1065.6156344135186	1059.8739865035238	6.08
1066.560566435673	1077.1357901048689	6.12
1063.1640886568475	1116.5457551360187	6.16
1070.3979319105508	1131.091243469675	6.2
1070.967113661815	1107.4683076051274	6.24
1069.9600562940386	1099.66309279028	6.28
1068.8677178557796	1097.7118513778162	6.32
1066.7227058195754	1136.779149913098	6.36
1068.3291276747714	1135.5267130145533	6.4
1067.5218803970308	1121.9168045443707	6.44
1070.2201654652342	1137.8257565100073	6.48
1070.249989104144	1133.2046690077277	6.52
1069.5801798987275	1140.8681808449114	6.56
1070.3837737694475	1135.4060966320735	6.6
1066.6723270832283	1134.9806619832293	6.64
1067.9376959132985	1137.2610815743958	6.68
1064.6439300683537	1133.3175438013304	6.72
1069.425872278297	1137.180659238919	6.76
1066.4763742843838	1131.1887548283707	6.8
1062.3107014158963	1130.7375512520982	6.84
1060.009232166202	1126.8655765679569	6.88
1065.6555358590974	1131.259435903809	6.92
1063.9876557026232	1131.0085062209566	6.96
1061.6118463307716	1127.575421728907	7.0
1059.247514862943	1128.5170072468807	7.04
1054.4839885282258	1118.6003977450075	7.08
1055.2176062076921	1117.078827753106	7.12
1051.6561118963	1111.0653505821695	7.16
1050.5556698552682	1108.647019486164	7.2
1049.6548859651382	1110.7020519022087	7.24
1050.8182052996879	1112.2852440530344	7.28
1050.406844187627	1117.8163875390567	7.32
1050.854539675056	1109.9142566649828	7.36
1045.6848324281002	1103.2554371711037	7.4
1043.31407420995	1101.893183582524	7.44
1043.5673241874806	1105.721908358803	7.48
1038.9979767233906	1103.7409714685475	7.52
1045.253752650696	1110.5494058984398	7.56
1052.8886227545206	1119.714495261174	7.6
1053.4123706607159	1123.2593494418632	7.64
1053.8223323708544	1131.8905899197243	7.68
1045.0293116259038	1127.167423304796	7.72
1042.2487862499197	1123.2803151266905	7.76
1041.3692391575455	1117.9355348201839	7.8
1040.512846779421	1117.8310981156112	7.84
1040.6268264595258	1122.2869386265743	7.88
1030.5557604186527	1112.0566804401774	7.92
1026.656098888066	1101.7111736159366	7.96
1025.3372859327546	1104.7873906518514	8.0
1019.4394046836074	1095.2488423507323	8.04
1016.0324967513079	1092.6996260313724	8.08
1011.6786406539361	1094.3230047189652	8.12
1005.887956596196	1084.9875364028946	8.16
995.0845844897802	1082.8387081891494	8.2
995.8577049984781	1080.0353869189817	8.24
999.9047651512963	1082.814177872035	8.28
1006.5756382609972	1087.2224709529803	8.32
1004.3920379076186	1076.8338691240383	8.36
1001.5693857514439	1069.3217514263122	8.4
1000.8116545631019	1068.3777776745778	8.44
1001.1372185976223	1070.7710964013154	8.48
993.6579781581614	1071.0313908040337	8.52
998.9911824232034	1070.9391094122823	8.56
995.7703161746799	1073.813893320594	8.6
994.2561676078711	1070.3283883212307	8.64
999.7063697501716	1077.6471024037548	8.68
1003.8945197776887	1076.4239539613175	8.72
1003.9522649113088	1086.2970301805929	8.76
1004.5400224819749	1085.2164135651637	8.8
1009.3658841003065	1092.4181180137302	8.84
1010.0246742492851	1090.5236055140676	8.88
1009.1137184659441	1087.6529048010586	8.92
1007.6678877383297	1091.8309691901447	8.96
1007.7970114014589	1083.0989768397133	9.0
1008.0368039734949	1091.1417289827439	9.04
1007.9714563280887	1087.1686426215576	9.08
1002.7842444525809	1079.038928360234	9.12
1003.1596009324911	1081.9960701648479	9.16
1004.5536700439251	1082.7515799112102	9.2
1003.5016920947534	1059.3186028493235	9.24
1001.2966629589296	1062.1267325729318	9.28
998.6042546530853	1056.9135284387278	9.32
994.7003700872913	1043.8771710180138	9.36
995.2231141525932	1034.8821727861366	9.4
993.2378998018519	1041.3136418488193	9.44
989.0487042107039	1038.414679652166	9.48
987.0583606020434	1039.426320561052	9.52
992.3180860154619	1041.1074922055734	9.56
993.01708937519	1037.573300479744	9.6
991.9010336496972	1051.9850624653357	9.64
988.3978691675654	1048.4867822868944	9.68
990.8865765096613	1045.8758141182618	9.72
1002.105402667532	1063.564007227742	9.76
1003.5481570803703	1069.4627346962377	9.8
1004.479584090719	1065.645608457197	9.84
1010.8529521032037	1080.5731042185707	9.88
1013.6291979550197	1077.8107546906945	9.92
1005.5416470375342	1064.6334543976736	9.96
996.4674227327861	1065.084193148458	10.0
991.9197579326913	1068.9391507508983	10.04
992.6625277928249	1059.310641393268	10.08
1001.0703789394641	1063.5823637740416	10.12
1005.8778939246442	1066.4016190173263	10.16
1013.8392624316477	1065.618793025017	10.2
1016.6438505951319	1078.1290879841092	10.24
1024.2130717418058	1081.224802891171	10.28
1027.5702917518079	1079.495391364512	10.32
1030.7401177917477	1087.2698427097755	10.36
1030.066938815153	1092.8459450031305	10.4
1035.7925983456328	1094.029272752429	10.44
1032.5014164403597	1098.0296383357452	10.48
1032.5678194747636	1080.9150636503357	10.52
1030.55957655832	1077.807403220012	10.56
1026.332848542184	1092.4344068183666	10.6
1025.3162684043782	1076.5035216665838	10.64
1019.5355034201631	1055.5920812020258	10.68
1017.8112275146432	1065.6957048659822	10.72
1009.8809843518447	1037.8581350299053	10.76
992.9108400508069	1018.8302976857971	10.8
978.3924726923777	984.6217644212629	10.84
962.3166347085737	993.3897614386694	10.88
937.866201451056	941.2586505496988	10.92
908.8421601002775	993.4608804813414	10.96
892.3041350733407	974.612673017297	11.0
880.6254269444319	987.9933684118644	11.04
877.7401915965976	962.3654193632415	11.08
873.232697609647	944.0281153881665	11.12
868.3904674272087	928.5553590422307	11.16
865.6247636973014	939.5949217534503	11.2
865.8931163428958	921.4736800239762	11.24
869.0677341254219	909.9624326714406	11.28
882.1316325280322	928.186840514754	11.32
915.0919535019816	899.4026974808221	11.36
945.4509529912209	900.6377946816932	11.4
962.0748321889605	948.8763809688137	11.44
969.5837880164667	975.3770065555639	11.48
971.9568946616148	975.6593913773137	11.52
971.287063627453	975.0518702800624	11.56
972.673562319612	976.3022879989738	11.6
976.8135332145063	981.3435210063201	11.64
985.1612354724612	990.3773742635934	11.68
984.5510539038753	945.3044684242094	11.72
979.1466271344876	937.1028344800735	11.76
974.9486852055386	965.473097104483	11.8
974.8812905371784	964.2280884555414	11.84
976.5736785740635	985.4161242833951	11.88
978.6431262120291	982.0528901749137	11.92
980.7731556307269	971.2431727213428	11.96
978.9638841921005	976.7476165497606	12.0
978.6433163723312	965.945773590867	12.04
974.8443975130057	973.5680883733199	12.08
969.9288238605731	958.613785064118	12.12
964.9822461452525	956.1073711367574	12.16
963.6447374429507	955.1338662779241	12.2
960.0610151039925	943.4275709885054	12.24
964.5789911196397	959.8729123589748	12.28
961.2657257216314	953.6318735015461	12.32
960.9512034294645	955.0440637261986	12.36
964.6613514635843	957.3618671318055	12.4
963.3976514572354	964.3983071335282	12.44
967.1596115867318	961.0520540973521	12.48
967.4424711775453	969.7454317579857	12.52
967.2271707440311	956.7400075106153	12.56
967.7471293539668	955.9547856192487	12.6
967.6573857954239	950.7845560488369	12.64
967.3255632389605	941.8122593039817	12.68
962.9194741097223	947.0365545193163	12.72
964.4758323953862	945.9637536583606	12.76
965.2739216729533	931.9597381787389	12.8
968.9891074878007	939.4568365391056	12.84
966.983804758086	936.0087540612958	12.88
965.9269003637191	953.383557188051	12.92
963.7522229147503	949.6989570647206	12.96
964.2348538601296	943.8077221087385	13.0
965.2721333253551	951.9157079696307	13.04
960.4802289480594	935.4901637632923	13.08
956.2277675807399	932.3712470783003	13.12
951.5938787225524	939.3947201453396	13.16
943.5392247573897	937.748857672905	13.2
941.7009285489225	948.6287277020735	13.24
944.4215363195487	936.820486884035	13.28
949.0331705951136	938.8396447818719	13.32
945.3881593180913	933.5274055631298	13.36
942.0486997181014	924.1253430453156	13.4
940.2313378088955	922.8871496414863	13.44
935.0681400647212	929.7033145301838	13.48
930.2182675592161	929.5549939851179	13.52
927.1256441695208	957.396079135861	13.56
933.9368812785867	965.1339885331608	13.6
935.7833030090253	979.2677468621575	13.64
924.0004008867818	997.9407449599611	13.68
928.2442113956766	999.8334366711691	13.72
939.5130573782653	1029.8961124612463	13.76
958.078170169984	1027.0902704763316	13.8
974.8223916258371	1044.8517727947005	13.84
990.9952563508382	1026.0829876309792	13.88
1009.2042846836501	1047.8342336280411	13.92
1039.1109921346315	1065.313041017558	13.96
1061.1213831265163	1070.4585664346068	14.0
1065.5240172692043	1061.007392324681	14.04
1070.9772666443985	1077.162751958688	14.08
1086.5395993551126	1101.1546483008135	14.12
1090.4288074073027	1104.5139187577643	14.16
1101.6702836210009	1124.491197864404	14.2
1107.0671177950423	1127.1376529803515	14.24
1113.1676816094832	1133.5793448231495	14.28
1117.4362434161153	1140.7714955533825	14.32
1127.1947735170952	1148.7388813215816	14.36
1133.6507950022326	1160.5653607634677	14.4
1146.3715589880705	1166.6998278521594	14.44
1155.1918932157068	1172.1192221052827	14.48
1168.0156123138415	1194.1064400058979	14.52
1170.681154651264	1186.1004497824028	14.56
1170.1473535834784	1187.3505533854159	14.6
1167.7293341927934	1180.9140887456895	14.64
1166.4085209150248	1181.5185396973768	14.68
1165.7974803186464	1182.058350624642	14.72
1164.7191614115764	1181.6268489045017	14.76
1165.0626246503043	1180.4624449943933	14.8
1163.101364235042	1182.5223783560289	14.84
1162.4478096089363	1184.506394242271	14.88
1162.9907858255713	1184.010353908011	14.92
1162.930480974084	1178.4674548754954	14.96
1162.0188209942091	1169.8439217742996	15.0
1160.8570456452162	1169.6459480573415	15.04
1159.4980955911442	1174.0048228513997	15.08
1159.3198456665405	1168.4271094841656	15.12
1156.3635160415672	1168.6098379952903	15.16
1155.5717412239271	1170.9806410601032	15.2
1151.0832790669233	1169.1458726184776	15.24
1149.5551005200243	1172.4395369336128	15.28
1146.9982403361691	1169.9753882355953	15.32
1146.476752379297	1175.1353386819476	15.36
1146.155433903361	1171.3039598792989	15.4
1144.1985591260207	1171.7901724938683	15.44
1145.671803753436	1168.4774337169554	15.48
1144.334140537729	1163.6627450938497	15.52
1145.5575988523192	1163.492272413961	15.56
1145.3904595926965	1164.3259266490993	15.6
1143.2929400649027	1166.306010229513	15.64
1146.0879572437939	1173.6929925935722	15.68
1143.1843752270063	1171.316472458097	15.72
1141.033761550428	1169.8601585938875	15.76
1140.1446795386594	1172.267892090949	15.8
1140.235997082669	1175.0699214243268	15.84
1141.6249563157896	1168.043012493497	15.88
1138.3043868848101	1172.3218368966818	15.92
1141.4991484918437	1171.6080435209476	15.96
1142.2307411817692	1169.2326878751858	16.0
1139.3368043444445	1173.8169066630844	16.04
1140.3518347455292	1173.3041000998505	16.08
1139.1286764002325	1170.3404958021256	16.12
1137.1699769782622	1172.170295198323	16.16
1139.3832014336604	1169.1285119132874	16.2
1139.707719887206	1168.275532888803	16.24
1138.3653419585623	1173.6036303889275	16.28
1139.3874527250787	1168.7712087565315	16.32
1140.4024616104905	1163.8101696879507	16.36
1142.815020436833	1165.3593300904365	16.4
1144.3977726578473	1176.1129076821362	16.44
1140.186985641045	1190.5942531206917	16.48
1141.3739767936156	1182.7336092103008	16.52
1145.0811593464873	1180.4963843708454	16.56
1150.7981434850656	1187.5465893805126	16.6
1152.398742083213	1192.990542059022	16.64
1158.103252031217	1203.1990006361987	16.68
1161.4771127928307	1217.194278715286	16.72
1165.7711058229686	1216.1377391071467	16.76
1170.2985254801233	1213.4408862576968	16.8
1171.5239827575053	1221.0263007835154	16.84
1175.9102316025062	1223.0115086277144	16.88
1183.360030698039	1216.4934839125312	16.92
1188.737290406211	1220.977620468391	16.96
1195.1594808901712	1226.879302617836	17.0
1200.8983473951064	1232.7222212454533	17.04
1208.4845237901447	1243.2723119310176	17.08
1214.6986431138591	1250.0832831138196	17.12
1218.1412746131293	1256.0471893907986	17.16
1223.9303846854514	1261.0861988190943	17.2
1224.9727184824812	1262.3904256800038	17.24
1226.6408037215965	1261.1483794123242	17.28
1226.9652320527837	1264.293840968594	17.32
1229.7011613268924	1273.4503091011893	17.36
1227.470447609148	1264.4229011013133	17.4
1226.9079879654823	1264.6543326564424	17.44
1232.0901665203035	1272.8627202216862	17.48
1229.5177473104345	1267.9543117735193	17.52
1228.1085993069453	1270.1441478197328	17.56
1234.2152164440595	1279.4896948167163	17.6
1232.0817380606613	1276.0005009397935	17.64
1229.0325820187797	1267.8686695290403	17.68
1230.1481387018018	1271.08100450362	17.72
1233.6947976561635	1283.9961616372182	17.76
1234.6141978525409	1277.847891566319	17.8
1235.0586148236348	1277.7968849927008	17.84
1239.649478909022	1286.9685069429042	17.88
1238.792958138706	1278.1831785245754	17.92
1236.994906110475	1282.6786248473911	17.96
1241.4266734408243	1288.1666514006947	18.0
1239.2141726218622	1278.9903089260183	18.04
1240.8805511339197	1278.119995330457	18.08
1240.1706710528406	1280.341939698495	18.12
1243.2833593117462	1285.4185723211024	18.16
1240.2532534306215	1279.7506893428092	18.2
1244.4099235455474	1283.3408224949287	18.24
1245.4472652462687	1282.1500970761888	18.28
1247.0115151985176	1288.469066254837	18.32
1246.3708985669246	1286.4642761249659	18.36
1247.4853010902523	1291.4601614667565	18.4
1250.9022160207721	1292.4452694695576	18.44
1248.4019583673776	1300.323567070918	18.48
1251.5914957202808	1296.195356726942	18.52
1251.3911734431506	1296.959174061264	18.56
1251.45639554622	1296.72767867259	18.6
1253.9254470548565	1290.2473347577438	18.64
1255.6321757511416	1296.6253232775475	18.68
1255.617742083983	1295.0348684389853	18.72
1254.1883681225302	1297.5576295205528	18.76
1252.2512214476344	1293.322529471462	18.8
1255.2914489671894	1294.605455159116	18.84
1256.7554747061033	1291.7466762434099	18.88
1255.9737539822431	1293.0021184786915	18.92
1255.428040862085	1296.048121402843	18.96
1256.7155318216787	1295.6095498933187	19.0
1255.1539918930416	1294.8454340352303	19.04
1256.3661561539845	1292.855496984999	19.08
1254.876899186532	1295.222920403527	19.12
1254.6802697579726	1293.5067044558714	19.16
1253.111688165287	1297.9033159877793	19.2
1253.9377274501335	1295.5181713359993	19.24
1253.3387999348722	1289.5272565916212	19.28
1251.0564707405683	1298.5843920488708	19.32
1252.0799141083362	1298.9203031285963	19.36
1254.3504159780368	1295.008559799483	19.4
1255.1350930250273	1293.6798505812942	19.44
1254.5207288549946	1294.6083548202816	19.48
1254.6329054735138	1294.7313161546713	19.52
1254.0178445405443	1296.0129536158463	19.56
1252.9222124479124	1294.6896981703767	19.6
1255.599928518799	1292.611104734668	19.64
1253.1903229186264	1299.6394381676523	19.68
1255.936362579418	1299.6754330757615	19.72
1257.8090586750077	1292.956348003744	19.76
1254.8286646696745	1298.8471810128224	19.8
1257.129640116367	1296.3695125679922	19.84
1255.9523506441078	1298.2631878801708	19.88
1257.4809937350171	1302.3895622999323	19.92
1256.6916778363425	1306.091957879436	19.96
1256.1644763005038	1303.9150614590856	20.0
1257.0751427498838	1302.6873882931804	20.04
1257.549337585253	1308.2294488329571	20.08
1256.7773465039459	1305.782647261974	20.12
1256.5457397082785	1305.0652994139743	20.16
1257.127419674099	1298.6741972774	20.2
1257.1720827027914	1297.8231420671873	20.24
1258.0488001570686	1299.0583012374304	20.28
1255.172090087081	1299.6372636810254	20.32
1255.7681287980745	1298.9980986984056	20.36
1258.8457068954965	1296.060481732068	20.4
1257.3976545367955	1299.2923792570386	20.44
1259.5257658619123	1296.6177996713286	20.48
1258.36691968578	1300.67706867124	20.52
1257.8952286821109	1298.8548280832274	20.56
1256.6009801981372	1297.5505358358469	20.6
1259.220455685804	1299.023179504974	20.64
1260.2901545308196	1311.5838090481423	20.68
1260.2839470019023	1307.1975240816041	20.72
1256.522599728725	1298.984007617576	20.76
1260.2200430489147	1298.8098470676443	20.8
1259.6755399197662	1306.6176897945581	20.84
1259.1876956959668	1305.2688772762065	20.88
1259.699650415067	1304.6381960317215	20.92
1257.5479773455454	1298.8750113767528	20.96
1258.7528424543957	1295.905166696216	21.0
1256.392735657523	1295.84765728564	21.04
1256.035208424733	1297.6401617929037	21.08
1257.5832455607936	1296.895732541663	21.12
1256.159126744453	1296.0305286220805	21.16
1258.4525596689496	1298.7378091013425	21.2
1257.3227341412883	1299.9818942125446	21.24
1256.929239837332	1298.9510449606537	21.28
1256.108739578838	1298.7687672405493	21.32
1255.5972295451083	1299.426234227812	21.36
1258.3690902883172	1299.8492723383376	21.4
1258.0752923592538	1301.8974773804966	21.44
1257.4766888159418	1299.6293248497966	21.48
1258.0029767045214	1307.424052112648	21.52
1255.6739731178898	1304.5046711157702	21.56
1258.1291256419954	1302.3094950517354	21.6
1257.583619394766	1302.1024878766377	21.64
1257.884449735813	1303.0397267733106	21.68
1258.8541685393154	1300.1765756325622	21.72
1261.4584762868865	1298.9291523487416	21.76
1261.7182184641567	1299.4769350066858	21.8
1259.0936957314414	1300.833348551987	21.84
1259.426831059698	1299.7046287468377	21.88
1259.2689796880181	1296.039892449194	21.92
1259.4131008521879	1299.9202278387122	21.96
1261.660802791168	1302.7445320068555	22.0
1260.6175392919315	1303.2775209564857	22.04
1261.7333018915222	1306.1629673144478	22.08
1260.9227615739276	1302.3310759255967	22.12
1261.6756879819666	1296.734841758251	22.16
1261.1558768861491	1300.041377312486	22.2
1261.0466550269348	1300.3880429029907	22.24
1260.1313948190273	1296.3603742922924	22.28
1262.9548964785806	1304.6835647565174	22.32
1262.872501677442	1302.1689998297782	22.36
1261.516306125213	1308.54387212734	22.4
1261.8483438403057	1301.2945511803907	22.44
1257.7449170341124	1300.579866867711	22.48
1261.705217336832	1304.0063217070422	22.52
1261.5896874596435	1304.259498098763	22.56
1256.5060540720503	1302.9556211262793	22.6
1260.6782045787781	1303.42880380847	22.64
1259.1523304253565	1303.0526076180788	22.68
1262.918496630093	1299.552100421399	22.72
1263.4469168680687	1304.9085760882713	22.76
1261.4094768156492	1307.7376369267497	22.8
1258.1946891243144	1302.7431020966533	22.84
1257.4975118112388	1302.2846080247944	22.88
1259.7073907196207	1304.66467487952	22.92
1256.142838940019	1302.1415157734903	22.96
1257.405815374526	1305.1623480156122	23.0
1259.6312486844383	1306.9145784526663	23.04
1257.5980020891714	1300.9934058832764	23.08
1258.4852765331211	1296.4039257950383	23.12
1262.3697570743002	1304.7963813960225	23.16
1257.615544331152	1301.3443559177333	23.2
1259.953221045609	1301.91484921737	23.24
1260.0052579470864	1307.710234381836	23.28
1258.8049554903266	1305.2836286112326	23.32
1258.6972828450039	1305.2535380230804	23.36
1259.012269855553	1306.6495880711302	23.4
1257.318675406872	1301.2727329523323	23.44
1260.5989727347494	1310.8066925671471	23.48
1258.285179255641	1301.649237578105	23.52
1261.4141008226761	1303.7129262306162	23.56
1260.403757919115	1303.2411508398875	23.6
1259.5488726668952	1302.0226427530788	23.64
1260.0257673273334	1295.5418241359557	23.68
1258.852534706016	1298.8736130521293	23.72
1258.3560098135029	1297.915060196689	23.76
1258.7092818992385	1298.554074837665	23.8
1257.780956981096	1300.2587734323704	23.84
1256.6991581735374	1303.206102756905	23.88
1258.3149913902048	1301.9783437415886	23.92
1259.9376436776488	1300.9506972673332	23.96
1259.2754053061449	1304.6776976759297	24.0
1258.7586643856373	1298.368062255345	24.04
1260.302370926333	1303.4315950325902	24.08
1258.1268407544428	1303.1228818504746	24.12
1257.4018589994112	1297.0828352907245	24.16
1260.5006756320045	1299.5592281384513	24.2
1257.9132034713527	1298.1879303623768	24.24
1260.9209691063236	1297.3871618537128	24.28
1259.4216702129684	1299.3746581682724	24.32
1260.2054834329244	1297.3560503498422	24.36
1258.7306808779945	1300.111455493065	24.4
1262.3133560670265	1301.267638349555	24.44
1262.7496865763026	1305.597109984078	24.48
1262.179596590129	1300.8405294812778	24.52
1262.8543382843043	1302.8014046272435	24.56
1262.0453057295947	1300.4033679030076	24.6
1259.8353111205918	1297.711659833577	24.64
1257.1714376198977	1299.5549289667651	24.68
1257.8903768903122	1298.0856865866433	24.72
1255.741139395647	1298.0176876544624	24.76
1255.7602485367322	1302.615092199469	24.8
1255.944317279963	1298.7039276119383	24.84
1254.679477203473	1300.3235133183475	24.88
1258.4745620023773	1300.4230805591735	24.92
1256.411368673795	1304.4806643765112	24.96
1255.4477924368086	1298.9827018849671	25.0
1254.7613030243763	1293.667697528285	25.04
1255.4497124914362	1297.2789594299622	25.08
1255.852483426939	1290.6394517520905	25.12
1253.438799159596	1290.4508796921066	25.16
1251.195718051167	1289.7443176735903	25.2
1253.9772840160929	1290.9058514213636	25.24
1251.5800355867752	1294.8914916400167	25.28
1252.539788353278	1299.1851259104697	25.32
1252.5734878906003	1291.8803347731591	25.36
1249.7097602623708	1295.6123514168455	25.4
1251.6665799555292	1284.9438340409395	25.44
1248.8461580130509	1295.9065254427333	25.48
1247.6896753917297	1291.738161529529	25.52
1245.4135900593512	1287.581655927368	25.56
1248.6445744776754	1293.8726796939748	25.6
1248.2150404482425	1297.1644099686275	25.64
1245.766382186186	1294.8142682158082	25.68
1244.5058759563442	1296.0707503731749	25.72
1241.4497175128274	1289.0466925506894	25.76
1240.1837962784773	1283.8692952086055	25.8
1239.8168615293848	1285.1539046945752	25.84
1239.0298418922985	1280.6213454249985	25.88
1233.7869000690089	1280.3018874716224	25.92
1233.6489742121942	1286.748206700449	25.96
1235.0148415881706	1284.2738941792109	26.0
1228.8461051171305	1274.6082422368647	26.04
1224.323114439493	1274.0011016414749	26.08
1219.9687458758374	1268.1874919283407	26.12
1209.9380368497002	1255.9392963410908	26.16
1199.7142159844902	1237.2952267342052	26.2
1189.3157882262908	1225.989567505617	26.24
1176.5099148469262	1222.2769675689676	26.28
1168.3098448281914	1203.8951204391237	26.32
1149.4148594624799	1177.8099229578038	26.36
1134.1236103763274	1164.8179890777371	26.4
1117.1295905987831	1155.2580559540306	26.44
1102.381118789414	1132.9773150292256	26.48
1085.8298768507386	1118.8976835229137	26.52
1068.731933290583	1079.5235233200042	26.56
1048.459168991432	1043.0776694558651	26.6
1026.9583147385586	1060.5494100833143	26.64
1016.2210905756403	1071.9467838877113	26.68
1004.7509742479504	1051.9464070562262	26.72
1001.8066689144744	1067.5244283132695	26.76
1010.1173742810082	1070.7079820433087	26.8
1006.8670706585262	1062.1538324119201	26.84
1016.4534622262133	1062.9084702625787	26.88
1018.624719439281	1049.7430754002662	26.92
1014.3941357213553	1056.16395193993	26.96
1019.0853670119858	1044.3821070250647	27.0
1025.137407585721	1034.399767384472	27.04
1032.336617462136	1020.1307250456048	27.08
1031.5166107687112	963.773771817206	27.12
1031.5036692693195	998.9137767762854	27.16
1035.7737971361198	1017.9035252762133	27.2
1036.6103349416926	1017.8628736190345	27.24
1035.0291293775635	1010.0920385447953	27.28
1035.615666494966	1013.5346064871934	27.32
1031.0488030927418	1018.1968768528055	27.36
1030.433736509937	1016.313607166185	27.4
1021.2691454983503	1010.8127238065184	27.44
1016.3049704603155	1007.0195555143091	27.48
1013.7335798747916	1003.4431636595904	27.52
1008.6773012982218	998.8298925099956	27.56
1007.1402762432193	994.0813079904184	27.6
1002.5190318980074	985.1869627340322	27.64
1001.2653076831878	995.5144564216293	27.68
996.1180055753856	986.7791042128607	27.72
998.9870037215767	979.2825480250959	27.76
994.8518160093878	980.6541480756218	27.8
996.3676502397484	979.7793576220265	27.84
992.4876833307951	979.1142718906951	27.88
989.4544750929485	978.3248223289561	27.92
992.0235155955208	972.5962266174222	27.96
992.5987654657145	978.9747604936896	28.0
997.4813139053583	982.0382923381217	28.04
990.8698501847934	972.7844860359411	28.08
990.3120346828986	979.1594437005592	28.12
989.9246258396399	971.3093544027059	28.16
985.8131389877382	966.2915369021191	28.2
986.8979833981999	962.7974759824668	28.24
987.118629143077	969.2014662014179	28.28
983.6895860851098	956.7843541465976	28.32
986.3110630496546	967.6215401413461	28.36
983.7596352450529	968.8130075002532	28.4
983.0288583147768	973.5877441411517	28.44
982.8498404048205	968.1889069391138	28.48
980.4399108167253	962.7591502406858	28.52
983.2331537461604	966.3169033304198	28.56
979.2806786212639	958.2482475303148	28.6
976.8939401979305	952.4984262382103	28.64
977.4069535469404	957.8044948834723	28.68
979.7936721403097	961.3684728286178	28.72
980.7231189688608	963.8589052509428	28.76
978.5021897545793	956.7864297123213	28.8
976.0700294105231	957.8197110061786	28.84
977.960656267754	962.5805274894859	28.88
979.6877367675824	961.1755964704015	28.92
977.0909212804643	957.9300237823695	28.96
977.0421914555707	954.174706499609	29.0
974.0719549475839	956.7056907282508	29.04
975.8056556665699	949.5894472052668	29.08
976.258307594889	955.3262115771535	29.12
977.2139716204954	953.5213662049085	29.16
975.7589989936776	956.792939542289	29.2
978.0481578871571	958.313881909015	29.24
978.0522539380426	952.2469401770893	29.28
976.9111925345962	969.2319835520375	29.32
975.3977488852975	953.4321155848626	29.36
978.2411931960281	955.3259194555394	29.4
976.7267389285488	957.7549986021525	29.44
977.7167296523229	957.1242813602695	29.48
975.526630626476	949.6061569719029	29.52
977.4241771246031	958.0514637997082	29.56
977.7356554034172	954.9485430697322	29.6
977.4617933000153	951.1278165874138	29.64
976.6506115933064	948.3785473830138	29.68
975.805706702943	943.1155651527253	29.72
976.5236806780956	949.8649437743435	29.76
975.5690757813416	945.3444214839705	29.8
975.8918170470362	946.0025146843628	29.84
975.4372550639367	949.7927912683558	29.88
976.2613379491577	955.729166571697	29.92
975.9988468075134	951.7723007871223	29.96
975.5332933683443	949.3862482972698	30.0
976.4998745193847	950.7108683409059	30.04
975.0648677888419	953.5833381516094	30.08
975.709313088418	956.6592390203792	30.12
976.9323149181785	953.6132173979385	30.16
975.6432834575053	952.2473490285897	30.2
977.6679349887561	950.9271101137634	30.24
974.5250702083041	949.6738812178952	30.28
977.9199079800969	954.8669610167011	30.32
977.2451330423868	956.2486974169208	30.36
976.1482283942212	951.5290998814883	30.4
975.4036304762158	948.7041138870952	30.44
976.2117751644989	956.8988786974593	30.48
975.9722687239587	952.4679253004125	30.52
979.7997575537194	953.3968898064453	30.56
983.9616240202329	975.8633118985092	30.6
989.9131367922926	977.2625847684244	30.64
1004.9316076453557	998.2295950049385	30.68
1029.6538825152593	1040.7212384056918	30.72
1077.0640628713757	1117.7050701844266	30.76
1129.1224761075139	1176.9230054921923	30.8
1189.906335560504	1236.6311676841735	30.84
1260.3116278248824	1307.6076608049368	30.88
1339.7038473487066	1412.2709331009735	30.92
1408.7418344397142	1489.0854192598256	30.96
1461.3032253950414	1534.7921596622148	31.0
1498.0351625019848	1608.1984233072403	31.04
1546.8216226246268	1625.006090645795	31.08
1573.296545437484	1666.7514394142336	31.12
1599.1976013131416	1685.1348784742295	31.16
1601.8684937851572	1694.611018791953	31.2
1608.8273988597302	1651.534573368908	31.24
1612.7337134895986	1638.4250333952066	31.28
1620.7809574294372	1663.1016955749028	31.32
1650.9844812833735	1636.179883676592	31.36
1684.673577832823	1662.160767116651	31.4
1717.7301744996266	1680.7260453831514	31.44
1755.0003769462876	1724.2476821130108	31.48
1783.3666743145616	1785.4870494021645	31.52
1762.2075620125036	1806.7216888065864	31.56
1712.2725457389222	1761.283851163693	31.6
1673.127458527902	1691.1693431346628	31.64
1650.1166772820848	1644.186881931128	31.68
1578.9934168173763	1574.4412703705163	31.72
1480.5699830193062	1483.1130066334026	31.76
1405.1690137750297	1405.6426705807828	31.8
1324.7208036536274	1322.356724949357	31.84
1241.6125692274325	1240.7693683956018	31.88
1163.9491184574765	1156.6316454380833	31.92
1079.6256877627015	1078.018746702157	31.96
1009.5037355748645	1006.7490696558016	32.0
948.918920531043	943.4719130797947	32.04
890.8654416279218	890.9489096433109	32.08
842.6532137966249	847.231404349244	32.12
807.5966543493374	808.8698069266766	32.16
0.0	0.0	32.2
776.8028222429723	779.8442366859384	32.24
770.729034314543	776.5206703717977	32.28
759.768767967817	769.9372136351071	32.32
737.2161623765504	747.0318295713656	32.36
724.9059691169823	745.0326635472838	32.4
713.1060048189448	737.2183217954495	32.44
704.9870945817537	731.7652277200331	32.48
697.2412022020777	722.9644821500303	32.52
692.6094770436937	714.5180854326458	32.56
688.6415274996848	714.424930286835	32.6
688.923038681501	717.7460365106019	32.64
685.5362171511842	721.8928514377857	32.68
683.8384804458839	723.237579631454	32.72
677.3623820280005	719.6870227477864	32.76
676.8344367463069	723.5592635065997	32.8
680.2056144656187	723.4105100971514	32.84
680.525638892178	729.212967336802	32.88
679.7909277618435	727.857625511317	32.92
678.464732297561	728.3997844048747	32.96
678.8971595746706	726.3730062223813	33.0
679.3112160529948	726.1852879027881	33.04
681.6230463642532	726.7045558402463	33.08
681.6733223830042	729.5486182642235	33.12
679.7032165579475	730.8007655824854	33.16
678.6952802749929	724.9772100313731	33.2
676.5602443698806	727.3731302547643	33.24
675.8481851219777	724.3612542089263	33.28
675.8372469823477	724.4888448919941	33.32
678.097955358848	725.1829142283837	33.36
675.2617110692798	723.8783332018735	33.4
676.445308734627	722.6556011971372	33.44
676.302869298694	726.5214043834713	33.48
675.7369884006185	724.2986900650038	33.52
672.6077340315429	720.2778949777321	33.56
673.9387439080667	722.2166922698574	33.6
671.6707753084376	718.0277701484792	33.64
672.6279940152824	720.8719504773514	33.68
671.526847500276	720.4022532474872	33.72
672.5877746522007	720.5700297812231	33.76
670.8075982081735	718.950885600114	33.8
669.8956086271742	718.419326897548	33.84
669.7852358300928	717.6108535959321	33.88
671.1714798736213	721.922443087496	33.92
672.675125792837	719.1443838853849	33.96
673.5790244317474	725.0508790756738	34.0
672.5849824290469	719.5060290870858	34.04
676.6276753110653	723.3570196778552	34.08
677.3614805389282	725.9049748197685	34.12
684.5288247024557	729.5755800765687	34.16
688.31193795902	732.081447404343	34.2
693.3910035613671	734.4944349919014	34.24
697.2592603099831	737.7298929385652	34.28
702.0872141598825	742.4588535567073	34.32
704.6229169138996	744.0145227095436	34.36
706.7221838106144	746.0936171799347	34.4
706.745728826075	749.379660022567	34.44
709.0162441063904	748.3271072749837	34.48
709.9519422287761	751.6042992882072	34.52
708.410953234494	748.0874667666254	34.56
707.49721336158	745.4937480444171	34.6
704.1693976048556	748.5403150142157	34.64
705.4956036690086	743.019162010977	34.68
704.1979104920525	744.1772461216459	34.72
702.128215145312	743.4857042064245	34.76
702.5601738623844	741.847407358439	34.8
701.3959131971222	739.7791440855552	34.84
699.9988828779741	741.0028894043505	34.88
700.3809419091798	739.2521375923918	34.92
698.5707529353942	741.4235211346933	34.96
699.4699186011567	738.9150135027911	35.0
697.8093765641665	741.1215814670693	35.04
694.5490343955526	738.2166798382583	35.08
694.9911856711707	739.6569696252155	35.12
695.6986303249273	733.4699483209611	35.16
695.8895388644831	735.5571850154548	35.2
693.8064953117677	734.5290339066911	35.24
692.3303284358857	731.3530794702482	35.28
692.3870821429631	731.3387912626745	35.32
692.9236760318221	732.8715107238673	35.36
691.8138035846266	732.0311181958224	35.4
693.196947327522	729.2553943337601	35.44
693.5221703262372	732.1366093192703	35.48
692.1170412166026	730.2751631954769	35.52
691.9297416427945	728.2082779447068	35.56
689.676157110907	730.2816389423247	35.6
690.0992638335642	730.5506793322048	35.64
689.6597171675094	732.7898451011013	35.68
690.3970287532622	727.2689151493115	35.72
689.0736546471763	726.471913750877	35.76
690.1121809197826	729.605958008151	35.8
690.4807591034926	726.9351695191907	35.84
692.5276297641451	725.6250946160512	35.88
692.0216453043546	725.0698233493872	35.92
692.6200629465925	723.6442030140568	35.96
696.7681387574241	718.2102680521156	36.0
699.0820174784018	718.0895319218033	36.04
699.9325456855112	719.978160443396	36.08
704.04983694669	717.9475128972903	36.12
704.6628588439394	717.5813461681037	36.16
705.8205907739793	720.8351944098742	36.2
715.8191798200355	722.823656815818	36.24
716.490607084782	723.7918635426176	36.28
722.3235224098128	725.8915797451292	36.32
728.7473050736387	732.3414601023495	36.36
734.9211399554915	734.5607199538599	36.4
741.8924353341814	739.7957995514322	36.44
749.6581703838044	746.3457439242011	36.48
749.2788072795408	743.8672907541422	36.52
759.0634495102139	745.8099652872844	36.56
760.853929966004	751.1187983585587	36.6
761.9674186496358	749.2228279171565	36.64
762.1438498030337	746.616574578781	36.68
765.1287577037634	746.3407329550771	36.72
769.6018665356042	746.5119356983696	36.76
769.6215033958788	750.5733860280559	36.8
773.811812552378	751.2446279799183	36.84
773.7985931476142	751.4427608145919	36.88
774.0470456451864	750.0816273932052	36.92
776.7357842012743	753.5720983829309	36.96
774.1861342032286	751.644204455712	37.0
774.3911073326723	752.1581839344385	37.04
776.0277206081423	756.1222739672471	37.08
780.9193161993976	754.5533407381347	37.12
778.0202448823808	755.8803183227393	37.16
781.2319885823815	753.1862889603129	37.2
782.5894311260362	760.874069595425	37.24
784.2586577722383	766.4737880365582	37.28
784.2844400653429	759.1366030819632	37.32
783.9522066972285	760.0129608533036	37.36
783.8459101625274	757.4821439990747	37.4
782.1206008500053	755.3859687439825	37.44
784.1466469695897	755.7797828693336	37.48
783.9768380960489	753.2565563637876	37.52
778.5465755806604	752.6758420547363	37.56
780.6541943555305	759.3478917083942	37.6
773.8579413712478	753.2318533688763	37.64
775.7038012167984	751.4987741857568	37.68
772.694117853157	752.9805729706834	37.72
770.750238963655	753.9306957549181	37.76
773.4015988179814	757.1992632903743	37.8
772.0496906098324	753.103952264545	37.84
772.0192403024051	753.2835425803904	37.88
770.5560548887552	751.4699519880604	37.92
772.4106485583817	750.4049584666096	37.96
772.4162759329307	749.294161050276	38.0
772.4841473325165	748.5638093542308	38.04
771.7540216704904	749.8360328897171	38.08
771.948037823116	752.6623103057117	38.12
772.4909512997629	753.2835402940617	38.16
771.4124434006488	747.6520976083208	38.2
772.0489023518408	753.0815218743501	38.24
769.6702518959501	753.7027013163985	38.28
775.9679150074953	759.2142550408503	38.32
772.4159586406836	753.3622532448363	38.36
772.9822218971441	756.2880421444605	38.4
772.2660518909215	755.2723392437464	38.44
772.1953423235901	756.0528818081879	38.48
772.4530423863849	754.743643737205	38.52
772.2565977518353	750.3885300694184	38.56
770.6812687436053	751.7966755722792	38.6
771.4411698526702	752.1463869221138	38.64
771.0924747537355	749.6173851937257	38.68
772.2657812007736	750.4403866337168	38.72
775.3970031202138	753.1258697402523	38.76
775.3526907825411	749.6985108536521	38.8
775.9823131566255	752.5198444522499	38.84
774.6824308469429	749.4172514296414	38.88
776.1288779870351	748.217743912438	38.92
774.967126834719	750.0181534221605	38.96
775.8642288218218	748.4826675610659	39.0
778.0472091844175	752.5620512395734	39.04
776.9471037569009	755.6271003032193	39.08
773.3647429908134	753.9544456192955	39.12
773.6025355793133	748.3647459557425	39.16
774.5438332623604	749.851228043549	39.2
775.5218308808943	751.7899980363388	39.24
773.4807314405	748.9744543516548	39.28
774.6600254903507	751.9550142365086	39.32
772.0862108711726	747.6279513834232	39.36
772.0677611460485	746.6144154383919	39.4
772.6670747496074	747.6019501343071	39.44
772.7124615751146	749.2025093977113	39.48
773.8727244473816	746.540227766918	39.52
773.2568920878674	749.751715845088	39.56
772.8032027266197	750.9982691648979	39.6
772.7867282974591	751.7326245169024	39.64
771.237344879853	751.1799111540843	39.68
771.2044182631116	750.7012498432439	39.72
771.1844964790105	749.5472318005669	39.76
770.138940676145	746.757318477447	39.8
769.3185724914335	745.6288507070332	39.84
768.2826635115341	746.6910472780896	39.88
769.0439895474151	745.0954591083902	39.92
768.9707883727301	744.6850148190059	39.96
769.6492900645037	742.2712937761551	40.0
768.973870832294	745.3244644572457	40.04
767.6933167164794	746.4214951406278	40.08
769.3582011329942	745.3891830646147	40.12
767.0888211091855	741.9139147306495	40.16
765.8744653699507	745.7352391317019	40.2
765.6334397675984	748.8314446801205	40.24
766.7651242386376	745.9352491930446	40.28
767.1542118633424	747.0998496022454	40.32
766.8224601307649	747.6322853009366	40.36
767.9819397668161	750.5360115532901	40.4
766.8304386720918	748.0528236082162	40.44
764.2354453677835	745.6171630611068	40.48
763.5969445971111	740.7421294364448	40.52
761.9148716626183	742.7036587072718	40.56
762.465846673859	740.2805335897285	40.6
762.8132602786961	738.5074722122721	40.64
761.5014879447898	742.3954354869057	40.68
763.0108944221009	746.1140453532493	40.72
762.1838544941731	749.1142211102363	40.76
761.2524552142789	747.3954079171766	40.8
761.2326192070274	748.3870285735081	40.84
758.0933382052518	739.8969614199443	40.88
760.0921044057061	739.7643510208436	40.92
758.6167678974339	737.5344194338744	40.96
757.3013637787743	740.9301123363641	41.0
759.057848175113	742.0558107324746	41.04
758.4787131802309	742.8993622733467	41.08
758.1062938212033	737.1466118094592	41.12
758.9946805746922	735.9428014042553	41.16
758.7407654445398	737.2560519430795	41.2
757.0746219796376	740.5284156572513	41.24
755.1325051642619	737.4856236524923	41.28
756.5147167230975	735.3027928075483	41.32
755.6612655238066	738.5774767610567	41.36
756.5561000479441	735.6814045469623	41.4
757.0047691328681	738.7258769917377	41.44
754.9566214628142	743.0627508122998	41.48
756.571786933392	740.7194011028279	41.52
757.6368453351627	742.2349995599327	41.56
755.5192958997402	741.4473264619211	41.6
759.1008973536879	741.3044157304904	41.64
757.6305801565644	739.9064040438469	41.68
760.3397424507507	742.5769898006594	41.72
760.9280722940372	742.6919844475052	41.76
760.4876110476923	741.6969779813086	41.8
759.0520716196146	744.5699910441213	41.84
762.5875795399411	743.9649393829487	41.88
761.8335342026504	746.5665445729265	41.92
762.5303392431733	744.719717231271	41.96
762.6963136854883	745.3477445143441	42.0
761.0377068503363	748.9659033593962	42.04
761.3138616236369	746.9974705267473	42.08
760.1757851918508	747.9547251248824	42.12
760.2856444896549	749.994076168515	42.16
763.2864451053509	752.9912424632009	42.2
764.6095323210076	754.1094195241567	42.24
760.5619345665187	752.8248209140093	42.28
761.7620689555392	746.763878421706	42.32
724.8247418299793	725.8607346260341	42.36
722.2523154124337	725.9462484293463	42.4
720.372683671898	726.1015892871154	42.44
720.9616634616365	727.8792499511891	42.48
721.1013199857932	724.0715784275321	42.52
723.6424189575636	718.5479070709079	42.56
722.0511609400811	718.8663015354791	42.6
718.9702338566462	716.0531771619659	42.64
715.6782764799959	720.1464793994982	42.68
715.6601427908805	721.1291029618578	42.72
715.1468648077099	720.6079843578838	42.76
712.9682422641403	720.8430829329169	42.8
718.4524509430296	725.933372912416	42.84
714.7713719856416	719.5443500544759	42.88
713.894190369081	720.8876109570774	42.92
710.4147429779485	721.9275843280708	42.96
711.0527907483432	724.1865901495726	43.0
712.6263719011163	722.0707007910481	43.04
709.787431229199	720.8143903714785	43.08
711.750372186158	723.9330805191399	43.12
710.1022536256997	716.7263406492015	43.16
711.5763592835984	719.5726127189243	43.2
715.1144194769817	722.4684419313229	43.24
708.5062645836247	721.9666055660848	43.28
713.2879146322838	722.4144031618994	43.32
710.8178272318786	717.3260293847534	43.36
711.4784229448717	722.7466271071961	43.4
713.9266751839457	720.8905689572041	43.44
714.9975550229068	717.4283942041693	43.48
714.3071320902711	717.9227034122038	43.52
712.5554373178295	720.8888452804548	43.56
712.9871326561262	723.5937455554231	43.6
711.8168403627245	717.3349595226449	43.64
709.250236807678	717.752698476471	43.68
710.9890074003182	721.2767724388056	43.72
710.5566908569617	727.1499812665851	43.76
709.3329063255783	720.9061083579973	43.8
714.1432922564069	718.8549059243285	43.84
712.7785978609845	717.7483287952489	43.88
707.2728901854489	720.1970643367963	43.92
709.6762448209744	723.5119200595266	43.96
711.4573244124167	725.8255185940596	44.0
712.2165296277532	724.4609347867939	44.04
709.0971374112694	718.685600196941	44.08
712.1892860098276	723.4051321716059	44.12
713.6081044710874	730.9340654938745	44.16
713.0110003730549	717.6862368519286	44.2
711.2654686258008	713.6262622667499	44.24
708.1565688027073	716.9934953851451	44.28
711.7495098632061	722.1568361663644	44.32
702.2819604700411	720.9121652934145	44.36
709.1027171715535	726.8974248029779	44.4
706.2192485682322	715.4901218753203	44.44
706.2653273648916	712.8372961778799	44.48
703.8328584635026	707.7985459869956	44.52
705.2224491417787	709.3201583632006	44.56
706.8336327899975	715.9442715060768	44.6
706.5073059150137	714.038214779113	44.64
705.1831802018099	714.2367360105064	44.68
705.3500189202197	712.9326879465035	44.72
705.7622946604034	719.9760159245251	44.76
707.2462283770717	722.2309308469589	44.8
702.0863993024948	711.819568864127	44.84
707.2045570775954	721.1199644432943	44.88
704.9585809453937	709.9197758236485	44.92
706.3636388292624	717.6098242605747	44.96
703.0441175138828	711.5553535431833	45.0
708.8399115839879	720.584052125026	45.04
704.3096305169465	714.3522366416155	45.08
701.0703426450873	715.161906301522	45.12
703.471792552057	715.2007779855663	45.16
700.39309250137	716.336935867966	45.2
703.2900691569441	717.4336457273639	45.24
703.4404793858826	716.5465850496801	45.28
699.5576973489269	716.1513009540226	45.32
701.7717611713632	713.2431216504182	45.36
700.0453345342706	713.6400182331606	45.4
702.946457905557	712.7631144925695	45.44
699.7037132571531	708.2053471202473	45.48
699.5680165200733	711.9714597339339	45.52
699.0092479964044	706.3121001377037	45.56
695.9049100527783	708.1846981728738	45.6
693.865016150624	718.0192578311454	45.64
695.8927602309943	718.4624791364889	45.68
697.5011825631573	712.7791427841231	45.72
691.9758448923992	716.2207018160476	45.76
698.8010972812374	722.7966935701207	45.8
699.3617397982043	725.5853577856386	45.84
712.2792334604558	713.3917851703251	45.88
735.4178880863885	705.3777677278645	45.92
767.1145123171442	730.3624663521846	45.96
792.5927567289648	767.2139651857509	46.0
812.8821310097493	748.8410235784994	46.04
839.0371626756503	775.6002341754935	46.08
927.2941418932907	870.5473920890812	46.12
972.9667754590758	901.3429914613782	46.16
1006.8958705700701	924.1109693635467	46.2
1015.4873715536245	937.3812528639652	46.24
1011.6433496245314	942.3946178543442	46.28
1008.7681056141905	940.9577380980995	46.32
1005.0329602739625	938.085536178767	46.36
1010.2720690687456	939.2741705320836	46.4
1013.2123020312013	943.3395883028402	46.44
1016.5012120945478	945.6448724083699	46.48
1038.0013756457745	955.1823567657598	46.52
1071.2929888443994	966.3029307182192	46.56
1104.1495254370182	994.2342674002696	46.6
1136.173159052638	1020.1771231459253	46.64
1154.6807898092213	1043.2428477862413	46.68
1160.5567150581721	1058.0083550182226	46.72
1164.059058269175	1061.7025980109315	46.76
1166.6522838494689	1067.1403652878284	46.8
1176.928459156644	1068.3681049682893	46.84
1182.5023060970163	1069.927416037743	46.88
1178.7057438432007	1071.2116683235688	46.92
1179.321186402044	1068.9746527754241	46.96
1180.5063568770256	1067.6657013364627	47.0
1182.8704664222792	1067.4124544282122	47.04
1185.1349914019233	1068.9647625232585	47.08
1187.2504429092335	1072.6407420017838	47.12
1187.6698156416867	1073.7923987800311	47.16
1192.162660365315	1075.617754316612	47.2
1194.3079583416413	1078.5658212522676	47.24
1195.1500762373018	1077.9967901064172	47.28
1199.8638493712538	1080.574449891905	47.32
1201.1349259276355	1081.3790482511356	47.36
1200.3765676646656	1081.0115489656653	47.4
1198.5324005865268	1076.3704716218049	47.44
1200.8782394736381	1081.6518749172087	47.48
1213.4499541494515	1101.3675125554553	47.52
1236.0496225201077	1137.0676627782798	47.56
1263.879628371436	1172.7484098946022	47.6
1290.4019382546635	1208.6280451440446	47.64
1302.75278037253	1239.9004845564368	47.68
1315.4200416257913	1260.5575463397956	47.72
1316.3421265560457	1268.92137574558	47.76
1292.3404229104174	1265.0719317842359	47.8
1266.2478792380928	1236.1090120716115	47.84
1240.2545408964013	1217.2711408170549	47.88
1227.61676500809	1216.1760713683668	47.92
1214.5914965879756	1213.1859713946556	47.96
1203.6194005968905	1217.5988543436	48.0
1184.138022810577	1193.9593595658475	48.04
1182.4914385442005	1204.0019609326846	48.08
1169.181942885778	1203.560548036933	48.12
1172.175826568927	1198.7045698651077	48.16
1155.6049660823303	1215.5375296442417	48.2
1229.0009312349612	1239.6463048187666	48.24
1224.5435536622947	1229.5701356833752	48.28
1214.0183282640103	1208.9630144545642	48.32
1059.1360048672834	990.330907871651	48.36
1240.0961483289882	1178.0960441986808	48.4
1241.1540443034155	1181.5729689447624	48.44
1249.4107669483474	1196.9352264923302	48.48
1247.3988607445722	1204.0441030862219	48.52
1233.2818418498405	1214.980589612789	48.56
1226.3362347622444	1217.5303785753438	48.6
1216.2517557789747	1216.504183622646	48.64
1192.8724823108212	1199.6531392230863	48.68
1177.2395958586471	1177.072850302473	48.72
1146.071291323185	1145.2145648043456	48.76
1114.3122164015376	1115.11837845545	48.8
1090.999299533355	1081.4974695870646	48.84
1077.1344182497385	1058.664912438511	48.88
864.1903117813304	817.1900811785382	48.92
838.1349592652996	794.6612047431515	48.96
826.2732683914858	803.0093917048619	49.0
826.3056014299137	804.0899178326374	49.04
832.6048153530357	806.5313650840588	49.08
837.3594873359041	820.4461813251925	49.12
841.7633502066827	815.868154995347	49.16
849.3849536618061	846.0232405097714	49.2
859.5262396297647	849.3915365872872	49.24
862.5189113780549	858.1603988057774	49.28
869.348311704205	859.2437922186064	49.32
870.5267149765951	864.4446312895906	49.36
870.0661931595355	860.1477922057612	49.4
872.1549574151564	864.1592829529734	49.44
875.2109785027252	872.551229493073	49.48
881.9864625748871	904.430710274018	49.52
894.7821466880989	905.7421713720391	49.56
908.25117687818	904.1775541175866	49.6
915.8711098138074	909.440284881013	49.64
932.0442081969328	938.871745783705	49.68
949.0774053783745	956.8772090557794	49.72
974.206131965345	976.5105268036117	49.76
1197.1221948337345	1201.9934966918893	49.8
1197.8350150070742	1204.1157855127371	49.84
1191.0324287950993	1199.578128042707	49.88
1176.0093995409054	1183.3701185364878	49.92
1150.7804110927832	1167.1531424492227	49.96
1133.7116032236365	1134.3783030015873	50.0
1121.2096345474922	1115.4419887696818	50.04
1108.1512350630373	1107.8727243698854	50.08
1102.9654004380636	1105.8217794216596	50.12
1111.7135013421225	1107.419689377049	50.16
1110.9276634398307	1110.8055750437898	50.2
1117.003164422636	1111.3627502180054	50.24
1108.981788247832	1109.7000982241132	50.28
1106.0070901777594	1105.4700298558903	50.32
1101.4470345337731	1100.0262144819599	50.36
1094.7519268360536	1089.8719827031416	50.4
1084.3889655336718	1082.1999474112363	50.44
1077.4132479997768	1076.9709371913457	50.48
1073.8883990705094	1071.2503215004085	50.52
1070.1126887961004	1067.2478172349038	50.56
1067.3700910200794	1066.5149988794628	50.6
1067.4006178129694	1065.2976920054916	50.64
1070.0246666239996	1065.9554092941526	50.68
1070.8602371305449	1069.207114839193	50.72
1069.2116899561784	1071.2759159479883	50.76
1069.6230341723588	1069.1419212223248	50.8
1071.3013279223735	1068.6854839412483	50.84
1071.021320691207	1072.1871387508509	50.88
1075.7103232033742	1073.5734276735332	50.92
1073.6584172102546	1074.778810340393	50.96
1068.5625808441291	1072.2431228834762	51.0
1070.0011007181997	1069.2501985745487	51.04
1062.8576895525034	1067.0880716657216	51.08
1059.0314890298714	1064.2688818544368	51.12
1057.4706910230768	1060.3056001520154	51.16
1057.591954558728	1054.0393115614556	51.2
1054.445169880839	1056.9788119256157	51.24
1054.3144413005116	1052.9280285429268	51.28
1054.1532821890257	1052.0144633862203	51.32
1052.8963749483692	1051.4978192938793	51.36
1048.5399711627963	1049.3474143192677	51.4
1045.2726657331827	1048.943381608314	51.44
1047.6205503315898	1046.881083850468	51.48
1047.2963263182144	1050.6128514398697	51.52
1048.175071673454	1053.4275402214366	51.56
1049.0942434534982	1057.852696349772	51.6
1050.4830646345292	1060.4687211265802	51.64
1054.0445838548087	1065.7286849298614	51.68
1053.742092091806	1065.6225420917372	51.72
1053.0760837451403	1066.1766940832233	51.76
1051.6544702432395	1066.6522533640928	51.8
1051.7527793338306	1064.9617932175554	51.84
1052.5684354438495	1065.8737540958089	51.88
1050.7099630286816	1066.4162237531052	51.92
1049.053956528615	1066.8833030362882	51.96
1047.2179578761754	1061.9731909591876	52.0
1045.7929458260323	1048.2831316208058	52.04
1048.7206807003336	1044.992767718944	52.08
1048.5314988847786	1045.3631598274037	52.12
1047.7771539953565	1044.2421785282602	52.16
1048.08469189813	1038.8471829481343	52.2
1046.3841424435334	1038.467981788359	52.24
1043.6734591060685	1039.4073882581924	52.28
1043.0141173045206	1040.6049471332597	52.32
1045.10098697146	1043.5282111131187	52.36
1045.6072273007442	1046.462142824011	52.4
1049.6868234686326	1045.6642192540987	52.44
1050.4028905714385	1044.0187249361768	52.48
1050.1166206725004	1040.943891069419	52.52
1049.137896821282	1031.231232229625	52.56
1048.8949788055897	1028.8239585417714	52.6
1046.7091898324027	1019.8453777164327	52.64
1043.8699367437002	1002.5213649869764	52.68
1043.5384419443512	994.0721020958634	52.72
1056.6878679822153	993.9677821835484	52.76
1049.3511708333801	999.8102775989295	52.8
1031.9381366251564	1008.1707552609329	52.84
1037.8911316836538	1017.8673192233971	52.88
1032.8018416682235	1016.1402873807223	52.92
1036.987093646858	1018.0074940003095	52.96
1044.7722179214709	1024.547069054435	53.0
1057.881602585512	1023.4724046130458	53.04
1071.9619900557975	1014.392865962583	53.08
1079.9961570004664	1003.9688400714093	53.12
1072.5911050479324	990.4213112070021	53.16
1075.4034189168076	987.2859466621129	53.2
1060.4445814595622	1008.0045298437815	53.24
1052.3997810463989	1039.736976943446	53.28
1044.4711397143983	1039.0945208703636	53.32
1045.7766555474514	1033.469935542251	53.36
1046.374320119188	1027.8530639564335	53.4
1055.644755415222	1024.737374617257	53.44
1068.3605269806542	1012.5265662090808	53.48
1071.511396626784	997.72728936768	53.52
1073.9438104202784	980.3459775728797	53.56
1076.627737495495	979.4808426210052	53.6
1054.6304336099877	1006.2418024843297	53.64
1038.568351893453	1027.9166147630624	53.68
1035.7462507049859	1019.96691929289	53.72
1048.4296462743362	1014.2954965888102	53.76
1057.6558176569572	1003.940770707861	53.8
1064.702428337853	983.5550549808165	53.84
1064.1799372950645	973.2432319130969	53.88
1056.3084287450047	967.3196310097442	53.92
1061.0314722429948	981.4392793651828	53.96
1037.797122375132	999.1520782817782	54.0
1032.6055267515603	1026.7267738208961	54.04
1025.179987317833	1018.5457454728116	54.08
1030.9624811132917	1009.1734938008491	54.12
1038.256228599058	1007.404949686365	54.16
1049.7612267456088	990.7674235836743	54.2
1052.2356987978303	984.046936055316	54.24
1051.650922820894	967.3952023901525	54.28
1051.0795845734642	965.6447643965282	54.32
1039.0956925667376	997.2272668184959	54.36
1026.8536937429446	1026.3913020648456	54.4
1026.769866709773	1023.0952116663909	54.44
1035.194711249929	1016.1397641668801	54.48
1043.8774279710776	1012.971388857431	54.52
1044.2371389194743	998.0041481068265	54.56
1040.2574035849784	988.4156544289675	54.6
1038.1459405631422	972.7004863428544	54.64
1044.8491980086194	960.4202931472938	54.68
1037.7591089321636	981.9290623072769	54.72
1031.080330627558	1003.8002851068693	54.76
1034.9644915837857	1001.6657349450134	54.8
1038.3608883031632	998.5871305329732	54.84
1034.424809385484	994.4954634603881	54.88
1037.4298702653796	993.9639706451693	54.92
1044.880387717675	1000.9353472734598	54.96
1054.7123641242026	1013.2560267217315	55.0
1070.1631218423347	1020.903740539612	55.04
1069.9394800051107	1023.0261465969656	55.08
1067.3681726768957	1017.1807584474192	55.12
1061.4755145574038	1017.8331497530371	55.16
1061.938267537601	1015.3671165006116	55.2
1072.9585599605402	1027.1798997938286	55.24
1082.7717796833658	1048.2549798688078	55.28
1091.033877888023	1071.0459369387418	55.32
1116.7908225330389	1090.1230765262155	55.36
1128.1937287609019	1104.6068801808858	55.4
1139.6707424162623	1130.8769509345475	55.44
1152.8459291999336	1143.3919245855247	55.48
1164.260179366279	1157.7104035906602	55.52
1168.1840203559934	1166.83895704637	55.56
1175.2409058165088	1174.4289422520856	55.6
1176.1461024862563	1172.8055894655838	55.64
1177.6396783545135	1174.276931164295	55.68
1174.1383310035837	1169.001124603066	55.72
1161.9512493036057	1154.7233952374072	55.76
1150.4951498957098	1145.3126684467577	55.8
1149.8537503602904	1142.4812791888378	55.84
1156.4929711881905	1156.1885377887793	55.88
1161.2652822592993	1154.2055173641081	55.92
1158.6064706253126	1145.9966246051392	55.96
1160.9573037584905	1143.4745117542614	56.0
1163.1308581249275	1149.9368347327581	56.04
1164.4589489231237	1150.55599849338	56.08
1167.235964629507	1148.683265830951	56.12
1165.5707333556136	1146.7295625825373	56.16
1166.231939294098	1143.6836876916338	56.2
1173.3967776476875	1144.8809862123662	56.24
1184.6825498372887	1151.8558412249588	56.28
1205.6331836128688	1168.422899636164	56.32
1222.5569871586686	1193.34116369843	56.36
1250.272020570874	1226.1775891067707	56.4
1285.4884067297894	1266.0738776177373	56.44
1334.7283524124362	1321.1140721650438	56.48
1395.7884937838935	1389.496964380149	56.52
1466.5654986763336	1461.45648522568	56.56
1524.8382645480792	1517.1450765017094	56.6
1577.5433281364403	1561.2976057145186	56.64
759.232888290089	758.1861992591647	56.68
729.2965070070873	718.7766225168947	56.72
701.0204913606832	678.0839572828776	56.76
681.3571176847831	641.8779686166428	56.8
660.7606165555034	620.07646175642	56.84
642.4033167352493	596.901290783112	56.88
634.9138264768328	578.5812466917488	56.92
636.6448054684126	566.2816042619113	56.96
638.6618228547222	560.6085639121957	57.0
632.2753343339248	548.3262137585745	57.04
628.0987737832462	560.527771275441	57.08
637.5437501697681	548.6723776800361	57.12
649.7385198409321	551.3094633198699	57.16
647.0762234924839	550.2205248092969	57.2
685.6106039702197	562.5291030161036	57.24
697.3479147641708	559.0344543497748	57.28
653.7632928362253	570.0312928398822	57.32
669.1790953247367	570.004294107365	57.36
673.1493879626229	569.1618744378524	57.4
661.7099795058772	570.5043826203612	57.44
667.9220793892249	568.8118884951475	57.48
672.605252941792	556.6542288203992	57.52
643.6650072404741	552.0111878828187	57.56
640.3105758385403	550.2577099262455	57.6
638.6121667597367	566.7050526765177	57.64
634.0394385585316	580.0261521160417	57.68
666.4818220576958	605.5059500152271	57.72
699.2716106941078	635.3864163691519	57.76
730.2989434483183	667.7705360100898	57.8
766.3436031447021	710.542139068261	57.84
796.784873974606	756.3287437953443	57.88
834.1815241884977	796.741745979652	57.92
871.4882584922991	840.1226998684022	57.96
901.4655165547964	887.5108271127792	58.0
939.8813359186387	938.9228188379122	58.04
968.792049625039	968.7256547146412	58.08
998.3201639717869	1001.4436351521251	58.12
1019.2049038049995	1033.2346856174097	58.16
1038.7827026618575	1056.1824901457737	58.2
1060.1124048371646	1085.857468351175	58.24
1073.2991950222545	1101.676495863775	58.28
1081.9398340463792	1115.6981225701295	58.32
1093.2073073812592	1127.6408737083325	58.36
1102.0180313347648	1145.6939503334013	58.4
1103.5859747890847	1143.7597163140715	58.44
1103.7996487348728	1155.3424768259192	58.48
1102.3197918154056	1142.3509756361298	58.52
1097.6783112259338	1141.150930341628	58.56
1100.062534582367	1141.7740948452652	58.6
1096.2648100169556	1133.2818538827905	58.64
1096.3551076961726	1139.245309568131	58.68
1090.2974423974476	1131.831818218366	58.72
1083.3625977209094	1116.4341962196438	58.76
1081.5369834373455	1129.5788428027784	58.8
1076.1897933882226	1116.3522721213567	58.84
1073.2955867159	1114.435703310667	58.88
1066.848074352215	1108.9728446508332	58.92
1063.0342968581824	1101.3422937251398	58.96
1061.475063773704	1107.5050029105364	59.0
1059.0730029404135	1104.4522317178157	59.04
1060.327169409131	1119.6831125647984	59.08
1058.145152347543	1106.0703683153954	59.12
1061.5153497325566	1108.2152711993842	59.16
1061.2089463198747	1105.8052643628355	59.2
1062.7476966434006	1099.9026183998938	59.24
1063.0787214756954	1105.5879944435324	59.28
1062.9754878722708	1112.873503965163	59.32
1060.9928056735614	1100.8250375739724	59.36
1062.1308803097759	1096.5508192062068	59.4
1061.3380398766924	1094.2495844054229	59.44
1062.4924086316826	1093.9116192282531	59.48
1059.0876000091828	1079.2721119502232	59.52
1058.1754637059562	1085.0716709083451	59.56
1056.7697436161986	1077.8353998756893	59.6
1061.1979887384368	1088.4458661359113	59.64
1058.8605914345958	1088.0774086739984	59.68
1057.9176995696582	1081.5064962170723	59.72
1058.021965070826	1090.6547893220907	59.76
1064.8266761511547	1105.2883987315167	59.8
1068.377551579144	1111.5230039537025	59.84
1059.9644947180816	1117.9784364581635	59.88
1056.7956580621171	1100.495905016351	59.92
1054.4511277577271	1091.8344513713682	59.96
1049.2657087876278	1096.5935166859767	60.0
1051.7221509122057	1100.0029389802996	60.04
1053.7649378898127	1093.934223513845	60.08
1053.1671752312648	1086.3002774311653	60.12
1049.60081569478	1095.634774617673	60.16
1045.3277876544594	1080.5962941071464	60.2
1046.0373199932953	1069.611814213147	60.24
1038.0421427913104	1053.09804843636	60.28
1027.1398937448848	1043.7979932108842	60.32
1019.888828751213	1022.6936384216439	60.36
1001.6544556767795	1042.9975476373752	60.4
1004.7243808907646	1092.5084364802387	60.44
1005.5003793585229	1091.9179452064886	60.48
1012.6015922203957	1087.1983745877483	60.52
1016.6029110276154	1088.4467134205486	60.56
1037.3422865188877	1073.5285830396065	60.6
1048.5916920674345	1089.6047726907511	60.64
1049.283460803329	1008.1881811561153	60.68
1054.8238385780396	984.3405376467654	60.72
1023.2206521879898	937.7371682420485	60.76
988.2353997225606	885.2402915811762	60.8
983.8877377063355	886.9409200874246	60.84
982.9698699763957	914.8869083266035	60.88
992.5257847845834	941.6150974217693	60.92
992.0397962057733	937.8985442168294	60.96
998.1059469487539	952.7422519849111	61.0
1005.3683249192247	959.9362418929313	61.04
1007.8900755978646	959.2867207025437	61.08
1011.345751088715	965.4527869000387	61.12
1015.0738010948687	968.1068216528863	61.16
1012.3861889954323	966.4260837130412	61.2
1008.1401880903228	962.91827815757	61.24
1006.1370139655647	960.6650589963414	61.28
1001.6836596427194	955.276883066352	61.32
998.8009473941526	948.3253486508607	61.36
996.3168476605197	923.1647563755291	61.4
991.3387982219756	906.9568534258641	61.44
979.0389713642455	898.7957846672244	61.48
973.5306787165849	898.824742513344	61.52
980.3516868769517	917.7321401735264	61.56
998.2130014047598	951.9302096939371	61.6
1038.9434762844282	1006.6464476708155	61.64
1088.5502194888745	1060.4286816433873	61.68
1157.3512501228356	1112.6417246821227	61.72
1223.0865656488418	1165.1423589500582	61.76
1304.3003752677246	1202.5825314190372	61.8
1343.5090245537526	1262.2203107187847	61.84
1303.2858016665296	1313.7801090754258	61.88
1213.470085722714	1321.922182136953	61.92
1288.122460160466	1315.7465927955366	61.96
1293.180759504356	1336.0278991508553	62.0
1246.4654919085515	1318.817469232915	62.04
1300.467753552945	1393.6661857663546	62.08
0.0	0.0	62.12
0.0	0.0	62.16
0.0	0.0	62.2
0.0	0.0	62.24
0.0	0.0	62.28
0.0	0.0	62.32
0.0	0.0	62.36
0.0	0.0	62.4
0.0	0.0	62.44
0.0	0.0	62.48
0.0	0.0	62.52
0.0	0.0	62.56
0.0	0.0	62.6
0.0	0.0	62.64
0.0	0.0	62.68
0.0	0.0	62.72
0.0	0.0	62.76
0.0	0.0	62.8
0.0	0.0	62.84
0.0	0.0	62.88
0.0	0.0	62.92
0.0	0.0	62.96
0.0	0.0	63.0
0.0	0.0	63.04
0.0	0.0	63.08
0.0	0.0	63.12
0.0	0.0	63.16
0.0	0.0	63.2
0.0	0.0	63.24
0.0	0.0	63.28
0.0	0.0	63.32
0.0	0.0	63.36
0.0	0.0	63.4
0.0	0.0	63.44
0.0	0.0	63.48
0.0	0.0	63.52
0.0	0.0	63.56
0.0	0.0	63.6
0.0	0.0	63.64
0.0	0.0	63.68
0.0	0.0	63.72
0.0	0.0	63.76
0.0	0.0	63.8
0.0	0.0	63.84
0.0	0.0	63.88
0.0	0.0	63.92
0.0	0.0	63.96
0.0	0.0	64.0
0.0	0.0	64.04
0.0	0.0	64.08
0.0	0.0	64.12
0.0	0.0	64.16
0.0	0.0	64.2
0.0	0.0	64.24
0.0	0.0	64.28
0.0	0.0	64.32
0.0	0.0	64.36
0.0	0.0	64.4
0.0	0.0	64.44
0.0	0.0	64.48
0.0	0.0	64.52
0.0	0.0	64.56
0.0	0.0	64.6
0.0	0.0	64.64
0.0	0.0	64.68
0.0	0.0	64.72
0.0	0.0	64.76
0.0	0.0	64.8
0.0	0.0	64.84
0.0	0.0	64.88
0.0	0.0	64.92
0.0	0.0	64.96
