Thumb_R	Index_R	Time
0.0	0.0	0.04
0.0	0.0	0.08
0.0	0.0	0.12
0.0	0.0	0.16
0.0	0.0	0.2
0.0	0.0	0.24
0.0	0.0	0.28
0.0	0.0	0.32
0.0	0.0	0.36
0.0	0.0	0.4
0.0	0.0	0.44
0.0	0.0	0.48
0.0	0.0	0.52
0.0	0.0	0.56
1270.3007410775033	1375.7081022285288	0.6
1250.1336645308236	1348.9814037198523	0.64
1229.532472929173	1318.8958429955594	0.68
1210.9815847876605	1276.6092520530917	0.72
1207.9686838158896	1237.1392012836864	0.76
1225.4327485345123	1215.3693961636143	0.8
1247.2529959374995	1200.8374784378918	0.84
1253.2094229114518	1200.1565182311845	0.88
1262.0192511169405	1201.3960294806093	0.92
1263.1880156253817	1207.405539386399	0.96
1259.3113675846419	1211.5311503575817	1.0
1251.9917131256927	1211.385420075083	1.04
1255.6118191913413	1213.7808968390505	1.08
1255.314043286738	1212.7916232002572	1.12
1255.4103278849984	1207.8135960459078	1.16
1253.5668860397536	1206.9734967324914	1.2
1250.3512456228118	1204.4080359667455	1.24
1238.0077173129346	1196.4866914132197	1.28
1238.3056780832212	1193.4055854036867	1.32
1232.814379723918	1194.7971725522136	1.36
1230.784137891963	1197.5259921045185	1.4
1229.2232953285613	1201.9873158334299	1.44
1228.8775042587392	1205.9398722831102	1.48
1234.1370779003605	1209.9703418041572	1.52
1240.0412992017323	1209.2540354480125	1.56
1240.981840972576	1207.33466710167	1.6
1234.1175798531833	1200.9934532192535	1.64
1225.3570274302426	1199.4207495641	1.68
1218.2892319402174	1196.7565850663657	1.72
1209.8685735004742	1208.5376289895084	1.76
1201.0966892189772	1185.4274092798653	1.8
1199.7637171570934	1192.80533558152	1.84
1200.3709504743742	1196.0042005594828	1.88
1205.600728826098	1198.349654467332	1.92
1213.2325331565087	1206.4006995208742	1.96
1214.7865225577505	1220.2920159140515	2.0
1215.2926280761733	1220.17380187544	2.04
1214.2648080712365	1226.5975004024428	2.08
1212.3920219820893	1228.3024165300844	2.12
1213.2363622873368	1223.654824899194	2.16
1217.1100324681722	1230.3724338601012	2.2
1222.791513985581	1240.7731798438554	2.24
1231.1659614104342	1262.485389728719	2.28
1241.6144951328108	1281.316857059087	2.32
1250.477297726962	1279.7851846483711	2.36
1269.0066636333686	1285.774774213087	2.4
1270.3278592162892	1286.3051733671766	2.44
1263.4669191349615	1286.9544245923946	2.48
1271.582381197765	1299.060401410091	2.52
1318.4050185402386	1344.2350046061028	2.56
1329.9865908726827	1367.9574147487815	2.6
1352.8027119886237	1418.3225398429715	2.64
1354.8470738875903	1376.5718019599399	2.68
1363.7117436267174	1363.611669832522	2.72
1376.5233247854069	1380.3934820054953	2.76
1393.639191998825	1386.877243817941	2.8
1411.6151943576253	1400.8311043220567	2.84
1420.1112154081563	1402.5184376679424	2.88
1419.6573479372234	1395.6732790072845	2.92
1410.9759094684944	1386.512274888929	2.96
1403.5740476135525	1379.798566130627	3.0
1394.0424036584413	1369.7607296593667	3.04
1384.2455579818504	1362.8207391727026	3.08
1372.3674123635126	1353.6891421728421	3.12
1360.270795810647	1339.4933867713817	3.16
1332.3681886182449	1311.2216793540333	3.2
1291.1679216867135	1279.22009909082	3.24
1251.6567327132407	1251.869289151362	3.28
1225.2157390017533	1218.3162747968086	3.32
1204.6288587947054	1191.1831255255354	3.36
1185.5594827607763	1177.4583752241344	3.4
1176.1468370655457	1168.508232082073	3.44
1177.033758893874	1155.9178793459137	3.48
1184.5508749775029	1163.6761031323408	3.52
1193.8093225679377	1179.3192239426578	3.56
1210.3680211285457	1193.9477865246608	3.6
1250.3733281103534	1218.4239523476679	3.64
1243.615643842812	1229.3388087970318	3.68
1281.2339757372724	1220.4119754774179	3.72
1272.8063753367016	1201.539528643847	3.76
1252.2296345259733	1192.9170293479174	3.8
1237.0565388059554	1172.7138098789	3.84
1229.0520814400475	1170.5190347055147	3.88
1225.793969009928	1183.837295882271	3.92
1224.4585177420897	1217.2483622165737	3.96
1221.5872034457184	1213.984027440989	4.0
1191.269589191854	1189.3949209866093	4.04
1153.6349445767685	1149.385787936916	4.08
1118.6708845812077	1100.7344076813913	4.12
1089.508969501605	1089.0965013391358	4.16
1068.7940352025644	1060.3928953052612	4.2
1059.1417308478244	1037.4090184525753	4.24
1052.1086049010946	1028.5412622136246	4.28
1057.8260553100297	1031.9987646772051	4.32
1064.9718793908294	1039.4356719670513	4.36
1081.889539434144	1050.0265520922467	4.4
1095.0903307995948	1061.3091283000583	4.44
1103.745650891686	1072.3178106978637	4.48
1104.9838212412005	1076.6725187270702	4.52
1106.299583239095	1076.6476937751097	4.56
1106.7071811418343	1077.2079884209654	4.6
1105.607167056529	1074.5540304600463	4.64
1105.4549466415397	1073.9764072563805	4.68
1105.9015552022488	1073.2634085844245	4.72
1103.8003663597335	1070.9457798560634	4.76
1101.7182973241804	1068.3968999431836	4.8
1099.2604673525132	1067.270830640973	4.84
1100.2918976215446	1064.901308216993	4.88
1100.2801291736314	1064.4867299898697	4.92
1101.236434199478	1065.7419596036623	4.96
1103.0984650765156	1068.6434409336814	5.0
1103.8558934429057	1070.795662839478	5.04
1101.8929805005616	1069.7434416167748	5.08
1098.4505689635703	1065.3682385496663	5.12
1094.9571073074853	1063.8399370347388	5.16
1089.4137416306469	1058.1993497230328	5.2
1086.25435315186	1060.111779786873	5.24
1082.945970023686	1057.9581383152179	5.28
1081.7831630574965	1060.8287293443984	5.32
1078.5299071871038	1066.279812177082	5.36
1077.3016628661942	1067.8407138613609	5.4
1072.5441221314616	1074.768954512663	5.44
1066.9667662963138	1074.8903711712915	5.48
1062.5386997852338	1091.150883105705	5.52
1062.0581597505811	1085.3837590671108	5.56
1057.435329387718	1102.2573679840657	5.6
1054.5173678386982	1109.7858717340428	5.64
1050.428265164947	1104.8504785692762	5.68
1046.7676193205223	1109.1864900369787	5.72
1051.6463482971017	1076.6876997951497	5.76
1061.8499190919624	1032.8694180586115	5.8
1072.1419815975005	1041.949751452484	5.84
1081.409973461331	1053.0219216438322	5.88
1076.7639545275317	1059.7733908273956	5.92
1077.2831780448762	1054.9946893150063	5.96
1071.0582920391216	1050.8043867589774	6.0
1065.4385139783728	1055.731511647468	6.04
1060.1841834467573	1084.825000579256	6.08
1056.2712662107206	1100.6959477990533	6.12
1055.3347940917602	1119.0044881035626	6.16
1059.0737130114057	1128.7998249546024	6.2
1064.2201241937105	1135.9701528040705	6.24
1068.5921441572996	1108.8249432154482	6.28
1065.329669318233	1089.336381791786	6.32
1072.5852230489559	1063.4217497166837	6.36
1072.803821867901	1055.2077886455302	6.4
1074.9742048972068	1056.2174832457542	6.44
1070.7868470473397	1052.3792305785087	6.48
1059.372834829646	1044.9579676468256	6.52
1056.0830039817956	1042.7358558842718	6.56
1050.2930627086537	1055.6608977903443	6.6
1052.1255497547738	1064.0631953621075	6.64
1045.7775440901942	1079.7393836665049	6.68
1045.5674761234009	1095.8708431755272	6.72
1048.5812212382505	1117.2622085151693	6.76
1050.6199400435262	1103.4171932274594	6.8
1056.268342311606	1052.1563107214954	6.84
1057.669816032376	1049.725764360151	6.88
1056.3068783434373	1049.7403898311254	6.92
1050.8029632687887	1050.6433370629309	6.96
1050.160632285824	1053.718768735097	7.0
1050.3846961472887	1058.5211106757367	7.04
1051.5044610985083	1071.1374447954352	7.08
1043.3901207817476	1073.633706859662	7.12
1037.2566981024781	1101.4981207022993	7.16
1031.462899842506	1111.6428777220967	7.2
1033.7256699581908	1098.3764763434212	7.24
1039.6845161515832	1043.4887967767038	7.28
1047.5448121310965	1036.9838284345692	7.32
1047.3370534295948	1038.836481872969	7.36
1047.8538185685675	1040.954817815669	7.4
1049.2159544887913	1043.4849155526642	7.44
1044.5396584022303	1050.837024098989	7.48
1040.9588591166525	1052.3166764346752	7.52
1039.1377169524974	1058.4503903086052	7.56
1034.8273832313748	1058.840576043117	7.6
1032.6957219109388	1064.8486222168137	7.64
1040.9781572025045	1068.3963010118982	7.68
1046.9005015152832	1051.5694611922995	7.72
1059.468936534226	1051.1179141766868	7.76
1063.8215912563624	1043.2749766756524	7.8
1068.3231217461243	1039.0411163695926	7.84
1064.5121018987625	1035.169368213145	7.88
1059.153218411717	1030.620208820642	7.92
1052.3306960810949	1034.567400806806	7.96
1048.750865321143	1034.7542773201817	8.0
1050.7683359655528	1041.1591062563036	8.04
1054.901521480724	1049.7270176459776	8.08
1057.0350790646705	1057.4293996615393	8.12
1058.4098568109396	1054.4805238778772	8.16
1061.4053716238552	1069.1254849343568	8.2
1063.560699384714	1065.2727864589729	8.24
1067.2603342054522	1066.1347064875322	8.28
1074.793822617318	1067.3877408435799	8.32
1077.5901091484084	1069.2858807042014	8.36
1074.3296694726691	1068.2151547050944	8.4
1078.1536550823976	1062.8456325305795	8.44
1075.785635081168	1063.8168427244752	8.48
1081.5911450020185	1066.3697675586043	8.52
1085.310426311882	1066.4720605644293	8.56
1085.3871954674953	1070.5292993715382	8.6
1098.9193840972862	1084.664624110276	8.64
1129.9048931861983	1110.07025303363	8.68
1159.6431512617205	1139.066215492641	8.72
1179.3387386520355	1167.260518577956	8.76
1196.889291262684	1185.9858497852001	8.8
1222.9227255865612	1204.0290809595483	8.84
1248.1242271721155	1214.931023108767	8.88
1264.0809690924505	1238.1177475413426	8.92
1268.3113697170434	1261.9898285608733	8.96
1290.551144594687	1296.8716417608396	9.0
1326.030192520221	1335.3449880080598	9.04
1353.529196791569	1370.9336472568393	9.08
1367.5484166738458	1379.578094452744	9.12
1384.5065443666526	1394.6908178835004	9.16
1387.8654885244605	1405.3888250201953	9.2
1391.484163504185	1418.403722087091	9.24
1393.1068536613966	1411.1611547873579	9.28
1368.3967410758094	1418.1282755506468	9.32
1361.1522799266788	1422.9288717815991	9.36
1353.2445236530368	1402.7758072544507	9.4
1337.412706253945	1375.484691132251	9.44
1297.5915037205011	1312.1363419249658	9.48
1245.3168792066874	1233.0127517861308	9.52
1184.4172074654787	1169.3603224116803	9.56
1137.1406431134085	1108.5674650499886	9.6
1105.2461967495562	1077.428580918306	9.64
1095.545327519505	1054.3681726942866	9.68
1093.844531857472	1032.784996712597	9.72
1097.1971298163687	1014.5325491654643	9.76
1098.9492204645926	1016.0114411628962	9.8
1099.737294957401	1027.2534613964594	9.84
1100.901064873047	1040.7076929970262	9.88
1093.9810784823342	1022.8429249730297	9.92
1081.348066580774	1015.789053134947	9.96
1055.7977921820502	983.579753882641	10.0
1033.041925576671	959.8784637439288	10.04
1041.8880268912462	972.0296157581798	10.08
1048.0066409046958	969.7010175964224	10.12
1056.2918890103788	969.6729239799622	10.16
1061.2446266672982	986.4919970565817	10.2
1076.660443074412	1007.18196623513	10.24
1095.5296487432734	1031.7135058781798	10.28
1120.1002957442427	1065.4269625558177	10.32
1129.7584988185067	1093.0450072066517	10.36
1146.6808137004064	1099.9641568740528	10.4
1138.2168397436265	1103.0171238743676	10.44
1137.8190805003167	1094.336329456021	10.48
1119.9369714552035	1083.0037479398807	10.52
1107.4644592149152	1071.1032562800722	10.56
1101.274885836279	1060.1394455749871	10.6
1098.1225365533958	1059.5246923268598	10.64
1095.067451323729	1059.537553104981	10.68
1099.9424131178807	1061.5085190516447	10.72
1097.9225495341698	1063.9108561416933	10.76
1098.5410558712024	1061.4709569678025	10.8
1099.1776427436273	1061.5223844999168	10.84
1098.4990988242425	1062.1681567386456	10.88
1100.832124113485	1061.9164631035235	10.92
1099.9254226775963	1063.5208220030206	10.96
1101.3025422011833	1064.420221695211	11.0
1102.7684877014015	1065.4248461721575	11.04
1101.9948041963182	1069.3744365344587	11.08
1099.3240019005887	1068.9235229413243	11.12
1099.5012544856695	1067.067535895777	11.16
1098.9314170741384	1065.2787115529018	11.2
1098.1709115337187	1067.4597985123664	11.24
1093.934583964303	1064.9636936757165	11.28
1094.286156907199	1066.3139410157291	11.32
1093.6969942569713	1064.7786910127252	11.36
1091.999506924521	1063.1815496626625	11.4
1091.3605326280706	1061.8372705478985	11.44
1091.607825789328	1062.3309059780531	11.48
1095.20325396184	1064.4971310739122	11.52
1092.46143725622	1063.869952134283	11.56
1093.3632705794016	1063.3629697487922	11.6
1092.07323298874	1061.0725388846904	11.64
1091.1377428745914	1061.4761171493346	11.68
1091.7714167405888	1061.253828236968	11.72
1092.1503145621657	1061.2770902729555	11.76
1090.1745468288545	1061.2619784746596	11.8
1090.8453636236036	1062.0559229141375	11.84
1089.7131837544607	1061.7654279214448	11.88
1088.7149599899456	1061.265470107253	11.92
1085.2898795497272	1058.9398937704207	11.96
1085.678681660752	1060.4565134023298	12.0
1086.7515402639613	1058.6874062426937	12.04
1087.2605941054862	1060.1333715971082	12.08
1083.9106369431368	1060.1255066691456	12.12
1082.395519100483	1057.5943638454753	12.16
1080.451086138775	1058.3268772583574	12.2
1080.9846829667133	1057.6614660047999	12.24
1079.6340865643115	1055.1646272829732	12.28
1079.4728638752101	1052.8933139438982	12.32
1079.678593344485	1048.242035791772	12.36
1078.9412800453772	1046.3957296717072	12.4
1085.110735698149	1048.5481775297633	12.44
1086.2595850987066	1049.7264233694157	12.48
1088.2353266211453	1047.4368026397888	12.52
1089.2408267501169	1046.5410977718677	12.56
1088.4901887285407	1044.6793893251286	12.6
1096.3127994364045	1044.093612022223	12.64
1100.2478083469887	1037.6265752622546	12.68
1108.0981283849062	1029.5192901653015	12.72
1116.0162680200992	1020.7558853213177	12.76
1125.382178053165	1015.8295484803108	12.8
1135.9449281451905	1011.7931401965186	12.84
1148.8159171590064	1009.6470485427225	12.88
1163.8684490512808	1007.5679831588941	12.92
1173.9229784807183	997.2368525693987	12.96
1185.6496734416	990.267198601328	13.0
1194.3797031449196	992.1641332139517	13.04
1197.6674729219508	984.3724670629025	13.08
1196.3573360206337	982.2075293253105	13.12
1196.370563352823	975.1686576455709	13.16
1194.4635214161285	967.7210194161261	13.2
1198.872016528861	970.4381989569448	13.24
1205.5529606688517	976.9517142270712	13.28
1210.9760952741792	977.5387520028324	13.32
1213.729888698559	980.4746507799289	13.36
1217.750442287515	981.6267997474866	13.4
1221.3604103548219	982.449841610182	13.44
1223.3506279419162	983.8194492003228	13.48
1226.4074610309328	985.1873066436802	13.52
1226.662278816889	988.8713890121902	13.56
1225.4946484529014	990.9016387264177	13.6
1227.6249614529613	994.7992129119667	13.64
1229.3455573788474	997.161954145221	13.68
1229.1578782649897	1000.4392325084435	13.72
1227.814544813819	1001.3437232091399	13.76
1228.9320771063817	1000.5323347993681	13.8
1229.8842942688889	1003.4500412052566	13.84
1225.368140181371	1004.9263247816517	13.88
1221.056842892584	1006.0334999327572	13.92
1222.6171146610873	1009.4275164774133	13.96
1219.644220435464	1009.3370416557071	14.0
1220.694106862762	1010.439172409105	14.04
1220.927716401138	1009.2239955792746	14.08
1220.7549573345668	1012.2528722172316	14.12
1228.464092811098	1015.6752370010266	14.16
1243.8389521466086	1035.2316226299213	14.2
1259.843942444668	1059.9965762023785	14.24
1279.522274931937	1084.2929609311977	14.28
1298.4068872176485	1100.800975115095	14.32
1310.7348889473305	1116.011235939086	14.36
1319.6124135631856	1129.2475002731649	14.4
1323.7970815352257	1137.973652284357	14.44
1336.4641949317656	1151.553634844278	14.48
1354.043654330828	1167.7573032588189	14.52
1371.6984475528648	1188.3013113302084	14.56
1382.406090597432	1201.4632615269222	14.6
1390.5146623280061	1208.541698652326	14.64
1391.9067843544647	1216.5882349650822	14.68
1396.4067843455227	1222.5386048870353	14.72
1393.1206998443674	1219.9535417727648	14.76
1391.1085556525052	1218.3286081613805	14.8
1390.4231076010492	1218.7196794111874	14.84
1386.2081213228782	1216.561736336012	14.88
1386.0218621183708	1215.028710201624	14.92
1384.3306035799972	1213.1516457986545	14.96
1381.5355724250178	1212.0636834905245	15.0
1385.1931155170014	1211.6018065257847	15.04
1384.3081580628045	1216.6141488990247	15.08
1389.3381543597643	1220.4201202005988	15.12
1391.143712646364	1223.6656765670048	15.16
1391.0077086292222	1229.458128645605	15.2
1395.9414492323695	1231.5267683446586	15.24
1394.153250350996	1230.6069951626657	15.28
1390.7752496247365	1231.9106954845977	15.32
1390.3317339877492	1230.2799708823459	15.36
0.0	0.0	15.4
1385.6883737303315	1232.2963105256424	15.44
1389.0475022727803	1233.8398693850008	15.48
1387.2460155015485	1233.621403699017	15.52
1386.5518747411709	1233.630789075667	15.56
1389.8940681391582	1233.294164176384	15.6
1388.796266330478	1231.0406898807132	15.64
1389.5268925741511	1231.524833131461	15.68
0.0	0.0	15.72
0.0	0.0	15.76
0.0	0.0	15.8
1390.6799402183403	1239.153226836946	15.84
1392.0105870550976	1239.9719802965194	15.88
1394.131928284431	1238.7693647019717	15.92
0.0	0.0	15.96
1394.6095330338142	1238.8125602913817	16.0
1393.8594375258194	1237.2858063305764	16.04
1392.7553800338376	1238.8519049851527	16.08
1396.2763919932877	1239.5195576062442	16.12
1397.9516365606971	1242.4827915748365	16.16
0.0	0.0	16.2
0.0	0.0	16.24
0.0	0.0	16.28
0.0	0.0	16.32
0.0	0.0	16.36
0.0	0.0	16.4
1398.6538020500768	1247.6665954573455	16.44
1400.993815486926	1247.221609778388	16.48
1398.6651454547402	1247.803211301915	16.52
1402.6663345594952	1246.7868995178128	16.56
1403.204139074566	1248.7442187689937	16.6
0.0	0.0	16.64
1405.2212577025825	1249.2562244369853	16.68
1407.5261000921919	1248.4915356327474	16.72
1408.3214461317025	1250.5478534684007	16.76
1405.5224237403097	1251.9116351255943	16.8
1403.1283990447491	1251.816984504257	16.84
0.0	0.0	16.88
1405.1357564757632	1252.2640324610743	16.92
1406.158658799057	1251.73491248622	16.96
1402.0422506709406	1249.880853524223	17.0
1405.0835606019632	1251.480541390212	17.04
1405.767542785046	1251.714741225218	17.08
0.0	0.0	17.12
1407.8130503954349	1254.8117324310276	17.16
1408.9342845142974	1254.2074297639292	17.2
1408.717078419237	1256.22924668097	17.24
1410.9488903345712	1256.1434699919203	17.28
1410.1224417328262	1255.825968173074	17.32
1409.9835301435755	1255.843264061418	17.36
1408.8595125703946	1257.2293488577961	17.4
1406.0004149699143	1257.4648201208715	17.44
1406.3445884239943	1255.4329106348034	17.48
1406.8779126162444	1255.5539136014972	17.52
0.0	0.0	17.56
1409.356829948923	1254.1287272358734	17.6
1409.0788363219704	1256.1810335733794	17.64
1409.3294271736643	1254.5725515620384	17.68
1404.8490694498096	1256.3997365539751	17.72
1409.2187829062602	1256.2237887371655	17.76
1411.2527320808015	1255.1684714735807	17.8
0.0	0.0	17.84
1408.9668252269666	1257.2965629189994	17.88
1410.4934720832996	1257.3755388848488	17.92
1410.8681468866905	1256.548932676733	17.96
1409.430118925777	1256.110403984179	18.0
1409.6106161630323	1258.165353969558	18.04
1407.4116990249559	1255.8362376159873	18.08
1408.4574853987763	1256.069188018019	18.12
0.0	0.0	18.16
1408.1070734323519	1256.1614336605728	18.2
1406.8928644154146	1256.1959482928446	18.24
1407.0925907242392	1257.3063220783154	18.28
1407.0164168732026	1256.7920094010638	18.32
1406.4659266994033	1257.5694021614881	18.36
0.0	0.0	18.4
1407.066089427653	1256.981968510221	18.44
1409.334113206668	1257.4292825499938	18.48
1408.4904787372643	1256.9793118093346	18.52
1409.0977117227792	1254.8066211831622	18.56
0.0	0.0	18.6
1407.5358714587549	1256.513560232205	18.64
1406.5738119212058	1256.4519143431817	18.68
1407.0527727873787	1257.2231303980877	18.72
1409.378847587144	1256.2997951582317	18.76
1406.8761688932618	1255.7617268970887	18.8
1406.7764045942347	1255.8946180280218	18.84
0.0	0.0	18.88
1408.035448438612	1256.3404415722948	18.92
1408.6957050955023	1257.363426349608	18.96
1407.8180499273378	1255.19232790115	19.0
0.0	0.0	19.04
1406.9126815047528	1257.2230446100396	19.08
1407.1456185695706	1255.9200547575824	19.12
1407.1743279727677	1257.0746112917518	19.16
1409.714950118014	1257.1686817900666	19.2
1409.6512910193671	1259.0913468579895	19.24
1407.2778903774426	1258.7643226231469	19.28
0.0	0.0	19.32
1408.6462108098597	1259.3551527271084	19.36
1411.9683045580184	1259.3293016546052	19.4
1409.5513705294711	1257.1274817201165	19.44
0.0	0.0	19.48
1409.9505203386805	1260.5408421998409	19.52
1408.8793249073813	1261.144765509723	19.56
1407.949055882494	1261.3523461808	19.6
0.0	0.0	19.64
1408.0944381284867	1264.1624507982674	19.68
1408.8430253072688	1263.5984292816763	19.72
1411.1808980778442	1263.7463651365467	19.76
1410.35872478824	1262.174013348367	19.8
1410.0183834325815	1262.821953169118	19.84
1412.2612818806142	1261.423278615076	19.88
0.0	0.0	19.92
1413.0611701502346	1258.8106089432088	19.96
1413.2752984237507	1260.0684832810973	20.0
1409.3305688139858	1258.9388596314245	20.04
1414.8577121640508	1260.708489773271	20.08
0.0	0.0	20.12
1409.6869104456916	1260.1592680544916	20.16
1408.0121760827158	1260.5752565437238	20.2
1412.1706409748633	1260.880954189753	20.24
1409.3560760200662	1260.0774662394788	20.28
1411.2882075685166	1259.759314328445	20.32
1412.4174421879356	1260.2020416320236	20.36
1407.6520723800143	1258.2630506231606	20.4
1412.0492961812206	1257.810291234055	20.44
1408.9051955563184	1258.3084344426866	20.48
0.0	0.0	20.52
1408.2713161231013	1260.1120223416856	20.56
1407.8149860637757	1259.506691112647	20.6
1408.6429725316336	1261.9623228797132	20.64
1407.660657088213	1261.3939856019863	20.68
1406.0702204970337	1262.205449673586	20.72
0.0	0.0	20.76
1406.8095258836274	1263.2028844862893	20.8
1408.1157618008751	1260.5583241139154	20.84
1408.4732249860706	1257.4381177713046	20.88
0.0	0.0	20.92
1411.0063326975137	1260.3504763483913	20.96
1412.190461543097	1259.1345876394817	21.0
1409.6685755081844	1261.606881817721	21.04
1407.1133210488845	1258.3068077100454	21.08
1411.2262603229076	1259.6357114082682	21.12
1409.9413256620574	1258.3494300254072	21.16
1412.4422967600283	1260.7526593997231	21.2
1412.2190411688694	1260.2330324977315	21.24
0.0	0.0	21.28
1413.2746987284352	1259.2481866757726	21.32
1413.7043285551465	1258.7135573973953	21.36
1411.954386828334	1258.0562265374542	21.4
1413.3950337501874	1258.3684442976084	21.44
0.0	0.0	21.48
1410.861231583176	1260.7603620120312	21.52
1409.2108822850387	1262.7806395895116	21.56
1410.2250386323876	1261.81916578271	21.6
1410.6010046492086	1261.2467300096566	21.64
1412.1022460542283	1261.6418370012148	21.68
1412.1907707127689	1262.7990929631728	21.72
1409.8267193645256	1262.3136315095755	21.76
1412.3846028822238	1263.1586137143195	21.8
1412.632512600707	1262.4378933150858	21.84
1408.8811532736486	1262.5366253215516	21.88
0.0	0.0	21.92
1413.0657317834452	1262.9680955781862	21.96
1412.66202874854	1262.870522933717	22.0
1412.7254739318819	1264.4169079789347	22.04
1413.8985241375565	1265.0451830213512	22.08
1411.5777376326184	1266.915393322696	22.12
1416.2534440137995	1267.786945863522	22.16
1414.7035899591422	1266.8539800754618	22.2
1412.829977809853	1266.4832855736302	22.24
0.0	0.0	22.28
1414.8364982936666	1264.9191701118748	22.32
1414.449652264109	1264.6195896199533	22.36
1415.129852354511	1263.919916343878	22.4
1415.4673005177099	1261.537283578155	22.44
1416.0424095189896	1263.287695568877	22.48
1414.516950337574	1265.0167825996384	22.52
1414.7169446900418	1264.6530703178921	22.56
1415.9622070717194	1264.5970529031615	22.6
1417.6310053185507	1265.1815764537225	22.64
1417.9697296241475	1264.2596805392866	22.68
1414.0235639772195	1265.6643799424696	22.72
1413.0889060965753	1264.7602719586496	22.76
0.0	0.0	22.8
1417.6736152816202	1264.5771078592252	22.84
1414.1021281529806	1263.727167820736	22.88
1411.2947372517117	1265.9977234397024	22.92
1415.088653746363	1263.698072308669	22.96
1415.0484813558305	1267.027965509015	23.0
1413.341279888586	1265.8273637749978	23.04
1414.9617128977914	1267.964966376208	23.08
1413.7122396934344	1266.0508026231564	23.12
1414.2378460606903	1268.2914788007688	23.16
1413.1247802113432	1266.8035828582574	23.2
1415.4283510215585	1266.9648207979074	23.24
1415.8260901910958	1266.503397134193	23.28
1415.909763491267	1266.781960161314	23.32
1415.8004189956744	1266.1643204980426	23.36
1415.1391154093053	1266.356679931879	23.4
1416.3896930406393	1265.0271343517002	23.44
1413.9193427937262	1266.5133115848182	23.48
1415.3388598637814	1267.1214596394993	23.52
0.0	0.0	23.56
1412.3316817412012	1266.6447469845118	23.6
1412.3107410834973	1265.9836100838593	23.64
1411.024922521526	1264.1136224081033	23.68
1415.8808444312956	1263.7242926264653	23.72
1414.0292804046705	1264.6069916241693	23.76
0.0	0.0	23.8
1412.6133942322238	1263.4923238521314	23.84
1411.9383345922158	1262.180110588817	23.88
1410.8634346086385	1264.2694307860895	23.92
1408.0824434120136	1263.0033523524098	23.96
1409.2664604947079	1262.4438502268324	24.0
1412.6337209044357	1262.3745419720558	24.04
1414.2293375712397	1262.4581979554007	24.08
1409.2409606871854	1263.841774257465	24.12
1411.4925449534326	1261.5740678349132	24.16
1412.231056168818	1261.3271132672023	24.2
1413.2539151829737	1260.8248640892234	24.24
1416.9560560190012	1259.8083198729057	24.28
1413.2963639478946	1260.6903417847004	24.32
0.0	0.0	24.36
1409.9061654969407	1260.932225273104	24.4
1400.2788652517565	1256.9159279752798	24.44
1394.1035358774623	1250.6458556811685	24.48
1396.40702778925	1248.2613909675495	24.52
1388.8761599199886	1246.199604594133	24.56
1392.5628278268455	1242.8848138382011	24.6
1395.0238221350717	1236.3174099147748	24.64
1387.6616655166463	1230.3729088412965	24.68
1390.924577312085	1223.7299038062756	24.72
1398.3052684887944	1212.9666345356381	24.76
1391.9945013135548	1197.153052266145	24.8
1371.9264631745364	1206.823995933981	24.84
1345.558495286333	1207.8315635761724	24.88
1321.4281385856727	1215.6461470330942	24.92
1300.7855910242831	1213.472059178045	24.96
1300.3591313944605	1218.2150962616395	25.0
1310.6517055603904	1227.1589060366168	25.04
1297.0304388608552	1238.516384186727	25.08
1287.866997098857	1234.3848253051297	25.12
1271.7034441008364	1222.623405257526	25.16
1257.4268763074194	1210.1907258447775	25.2
1240.6571508771426	1190.9676101100076	25.24
1217.2612666243956	1175.8067028472014	25.28
1184.9427926391438	1150.7977991047453	25.32
1172.819604075352	1136.7609212138411	25.36
1160.4880626742533	1117.9028603090649	25.4
1153.009168551991	1110.867477295852	25.44
1147.6179580162195	1102.542227424068	25.48
1141.4710604864595	1099.7987677709716	25.52
1131.8492952592644	1094.8148699005483	25.56
1124.3534391417375	1092.9024052880957	25.6
1125.9247917650684	1091.8988211734745	25.64
1122.4217948133416	1089.0373623377561	25.68
1115.2806284817698	1086.3426963403163	25.72
1117.9988633119276	1087.009269881416	25.76
1118.6210888356138	1086.7260734421495	25.8
1119.501697180481	1088.9412936400327	25.84
1122.1571300774679	1089.7055311074685	25.88
1124.6234911889633	1095.1880246763542	25.92
1122.6909722156338	1094.784103537063	25.96
1124.2117084580946	1098.684239574047	26.0
1125.3574892983538	1100.063259935354	26.04
1125.3174391384932	1102.042759575986	26.08
1124.2473829228275	1100.2116031330952	26.12
1122.1788997941223	1101.266981739023	26.16
1125.5445701474412	1104.4426816825146	26.2
1126.9319331311638	1106.2595551265147	26.24
1129.9986144193595	1109.9869114307244	26.28
1129.2373451257251	1110.3598984969415	26.32
1127.3577667312645	1109.254095522724	26.36
1129.2531066078059	1109.467508438456	26.4
1130.1874387329942	1113.5576643567292	26.44
1130.4309332409114	1113.57466930419	26.48
1131.9082360205527	1114.7573111118734	26.52
1131.485187702887	1121.472923294176	26.56
1138.2359613777965	1123.2466005840529	26.6
1138.6389556683234	1124.637484290741	26.64
1139.2110842196437	1125.7250912961936	26.68
1140.209385407512	1125.96517421443	26.72
1140.7645311277004	1126.2770514282554	26.76
1141.9761605434264	1129.7324935029205	26.8
1143.6846353323517	1129.6273530272188	26.84
1144.7550780471256	1131.4426857041515	26.88
1145.2131512444557	1131.5601793706228	26.92
1146.0131727672613	1136.1980086359658	26.96
1146.5594941994334	1147.2621662824617	27.0
1147.2730386135438	1141.2287896547327	27.04
1146.51801278143	1146.0027429297231	27.08
1145.889393405918	1149.2917143189488	27.12
1146.9919419652822	1150.5131006750723	27.16
1145.4952105299046	1152.8436782147403	27.2
1145.7499704114762	1157.7407207918425	27.24
1145.9448583953058	1165.2249866560924	27.28
1144.8207939920744	1174.6220254076093	27.32
1146.2031595114283	1181.4536752476695	27.36
1147.306897401618	1193.845411502845	27.4
1148.1979111102319	1185.5938547964192	27.44
1148.0254514040262	1188.168891022698	27.48
1147.983669165567	1187.0333668612534	27.52
1147.723227652511	1189.623606773587	27.56
1148.3834623855682	1188.2690638852082	27.6
1148.0658249124463	1191.2691477215117	27.64
1148.3212589024472	1193.7499980361486	27.68
1146.2356516198208	1204.65722233153	27.72
1148.8878397288531	1215.1866187914893	27.76
1147.1196803457456	1210.9459721278329	27.8
1146.9072376302722	1209.784637647442	27.84
1147.3923434088554	1210.0619775854248	27.88
1149.6830255772288	1189.5946767200958	27.92
1149.4603684100766	1143.4034943910012	27.96
1157.0222131527103	1132.793778407836	28.0
1157.7741944740883	1127.528828667045	28.04
1155.3041961896597	1127.5157052530053	28.08
1156.8298067893454	1136.60269144168	28.12
1156.7265405458904	1137.750573541738	28.16
1154.6787580665991	1143.2813282714997	28.2
1156.273193733636	1144.19822445866	28.24
1152.3998097448664	1139.4870877888227	28.28
1158.124114543188	1132.936541272206	28.32
1160.2977610344003	1134.3803776340033	28.36
1159.8862768392173	1133.7260984669238	28.4
1158.264934926266	1137.591202549082	28.44
1155.522418344331	1134.9393535305207	28.48
1153.9918121217422	1135.9376267614646	28.52
1149.870058707492	1138.1993628078335	28.56
1151.2195753560623	1137.0081646306674	28.6
1149.337505778276	1137.8868493042805	28.64
1150.3777482627831	1136.2820951469967	28.68
1159.6580257844041	1137.0887549592103	28.72
1158.7862194693707	1134.3372264116704	28.76
1152.626958824528	1132.4033598561139	28.8
1153.0685705457875	1135.604955477851	28.84
1151.4305820759578	1140.4919083307557	28.88
1151.5773254691312	1141.599590328916	28.92
1152.233614418061	1141.3196628828505	28.96
1156.3469857815312	1134.501794560567	29.0
1162.6205966210753	1141.3082520159603	29.04
1164.2864477270004	1140.0776471242925	29.08
1159.9124401026277	1141.5337947952994	29.12
1157.789056810195	1136.6038262393424	29.16
1156.1407435719484	1142.9689093973284	29.2
1154.6197239882324	1146.9503619451134	29.24
1153.1860192917925	1148.9374673427021	29.28
1153.7108049082215	1144.172599222365	29.32
1152.266047499164	1143.3726526052694	29.36
1152.8618899094465	1144.2625188766378	29.4
1159.9482709389245	1140.0154553754626	29.44
1174.5926233952002	1145.9320117965424	29.48
1181.4768028923866	1152.3526690161489	29.52
1191.2238822493775	1145.9431962710596	29.56
1197.9474587132786	1140.2712587587898	29.6
1227.906250187238	1140.8733725631507	29.64
1212.9715208549237	1127.9409228791262	29.68
1204.6718156205545	1109.746065047485	29.72
1213.0049348202947	1080.1216066096392	29.76
1195.8043411107126	1066.6190667612277	29.8
1201.9760563522073	1057.727092649492	29.84
1230.573606303567	1052.1164578132739	29.88
1219.4540429585593	1044.2018187621645	29.92
1208.1565866073017	1039.9086463803603	29.96
1188.4034339908787	1044.8226417154237	30.0
1179.101156086633	1063.5300438439665	30.04
1197.9466405204648	1076.6036245238602	30.08
1200.1101211521031	1093.6641998152993	30.12
1238.7185465239738	1116.57514426079	30.16
1245.3337663633909	1140.626910958173	30.2
1269.6329233827619	1160.5592386540868	30.24
1307.7023086496115	1191.3733110049043	30.28
1359.9267172178422	1221.2919748394868	30.32
1414.4205913954645	1259.3364835957607	30.36
1467.4714623860684	1293.1171536089103	30.4
1557.3693887179138	1319.9428089515452	30.44
1643.2502979961644	1330.829544251059	30.48
1694.955596588211	1342.0271924026206	30.52
1769.585904505759	1352.8557088648918	30.56
1829.6819593313514	1352.4751956994683	30.6
1841.2916723991293	1356.7776995425606	30.64
1809.7980648980158	1375.6078244312503	30.68
1773.635059819043	1374.6876624974816	30.72
1730.5823815616507	1382.1496530379716	30.76
0.0	0.0	30.8
0.0	0.0	30.84
0.0	0.0	30.88
0.0	0.0	30.92
1368.8371692398123	1475.9749276536627	30.96
1632.9687275199544	1280.7480953144081	31.0
1616.1193521998566	1289.9470659565288	31.04
1599.6786531052103	1289.7711064466812	31.08
1569.944376284943	1297.4711870084625	31.12
1544.1395128976092	1294.3510403876714	31.16
1479.1253193973478	1292.2352280750324	31.2
1456.4233712733942	1270.9295686078879	31.24
1438.0971825079955	1253.0734956631848	31.28
1417.862363273529	1239.5954460642706	31.32
1406.4068549995654	1217.8534212029197	31.36
1391.5370980172077	1209.2617023633252	31.4
1370.636645916646	1199.3517161625502	31.44
1362.4354832010265	1191.5399362785408	31.48
1351.1773946952808	1194.0993563896504	31.52
1344.6257307494	1174.3024259758802	31.56
1346.5210243139736	1201.138562340069	31.6
1352.059308119495	1237.956315433234	31.64
1353.428301074526	1222.5637231168514	31.68
1349.0900443656003	1214.285567257178	31.72
1352.7707585633057	1241.4793605175435	31.76
1352.8598083898642	1210.8690339856375	31.8
1347.1505772999103	1215.702483144216	31.84
1353.7032187762547	1238.7647997105955	31.88
1353.0814759461182	1206.3020651990446	31.92
1347.0991252813208	1192.0678115752173	31.96
1342.7627779431605	1210.6302642037367	32.0
1333.4803439507218	1185.4809933484482	32.04
1323.6162277371657	1175.9062069945878	32.08
1317.8613500866957	1166.2449550603208	32.12
1316.486666346893	1159.1713003418154	32.16
1313.0128144649218	1159.9841598116484	32.2
1309.045985898927	1163.9124275242984	32.24
1304.704841620367	1157.8870881813496	32.28
1304.6239293134786	1154.845070272546	32.32
1304.4514114714066	1169.448123481334	32.36
1304.0907812905239	1161.5236291572323	32.4
1299.3017004749104	1167.4053448811915	32.44
1302.7864426026458	1159.5074393580437	32.48
1299.1968236589835	1170.21309051636	32.52
1303.6348889867484	1170.9022399883863	32.56
1300.6949300290441	1152.4933487691228	32.6
1296.3617630637862	1150.5570662055827	32.64
1298.9621256666949	1156.588673063791	32.68
1294.715486275974	1147.728865899951	32.72
1296.6552626506689	1167.9466104940886	32.76
1298.7937081706555	1156.274286299722	32.8
1297.1564852440079	1181.756087392567	32.84
1296.1598525724287	1156.0199292333439	32.88
1293.3985472477482	1184.7071760643414	32.92
1298.3046894076674	1184.4137731086041	32.96
1301.4085548841117	1157.9893838809219	33.0
1296.693617206318	1167.7506442486347	33.04
1289.3462464842416	1179.1370080544095	33.08
1273.7785811918613	1178.6919697240733	33.12
1250.1884580888482	1153.9269710645485	33.16
1225.9482389505142	1167.9569715842113	33.2
1210.707419100238	1179.3254171911167	33.24
1195.822164083037	1161.9569896863093	33.28
1193.1087555340418	1147.4847565913528	33.32
1186.1203449453722	1173.4581107413687	33.36
1191.9408422827642	1188.7510585410182	33.4
1194.232889756944	1202.1851205958026	33.44
1200.0766947285138	1183.1448271619142	33.48
1204.2168708320366	1190.9178830174396	33.52
1174.6860641717458	1247.313106276236	33.56
1194.6972786753026	1177.7978892026263	33.6
1193.975177225329	1221.696096280381	33.64
1185.2924221559651	1221.5778523279553	33.68
1182.9157583730623	1249.6571405209568	33.72
1176.1578712946837	1162.990216547164	33.76
1177.8863420899277	1259.6978539589475	33.8
1178.3328296486252	1285.9527512235181	33.84
1164.6524675378873	1205.8574973902028	33.88
1179.6023699272575	1235.1741912046334	33.92
1178.3010250706889	1227.1561722928454	33.96
1167.3392036865446	1281.1662995047404	34.0
1171.8596465037217	1194.582887840677	34.04
1164.9792028080233	1269.6741729596931	34.08
1174.1813615781357	1251.3701248997368	34.12
1181.0199526539723	1257.8450982566699	34.16
1183.8971990751706	1209.3852580002003	34.2
1175.3146413925742	1213.0246840657796	34.24
1156.3653782215679	1272.3370925189106	34.28
1163.203598422327	1196.5560926224987	34.32
1166.124503814124	1302.8293309890628	34.36
1159.8521575791247	1260.727253855601	34.4
1168.6272294778703	1179.6516702856554	34.44
1174.5991441783376	1265.3070764023123	34.48
1167.1259070246415	1204.8500365042387	34.52
1169.1573442867896	1175.5577907636205	34.56
1166.8098696529655	1274.7741511149834	34.6
1168.8390608917666	1266.3661946274258	34.64
1169.4955484287177	1201.0981331150235	34.68
1166.8910874732258	1280.7347277257295	34.72
1165.5747150496436	1259.0317384640691	34.76
1170.2280187241506	1267.8785106487564	34.8
1167.7041154981705	1244.1503113394647	34.84
1172.0448188069306	1213.7532846948438	34.88
1169.3695047628692	1184.7543632622185	34.92
1165.8353662087634	1264.516655579206	34.96
1166.4901285619112	1287.0163096089614	35.0
1169.485383020049	1204.057654432674	35.04
1168.9642615512792	1271.130150726793	35.08
1167.002961973147	1274.6038912065098	35.12
1154.7801965677513	1265.3988175163854	35.16
1170.537312527797	1181.5286880141011	35.2
1165.979044425177	1278.3110575428216	35.24
1164.5620190357272	1278.5540559815365	35.28
1160.0797523103827	1208.515737437089	35.32
1164.5434935407368	1220.092448318061	35.36
1164.584996603902	1184.6517392242931	35.4
1167.2944952393643	1281.7933933645954	35.44
1147.122472705231	1295.8722098045325	35.48
1174.0051639187855	1158.1613405957955	35.52
1167.3116607884497	1246.8972474283007	35.56
1166.7996812417168	1199.2059704971389	35.6
1167.9510903418782	1272.6537268426341	35.64
1153.9246821252416	1285.9965888510683	35.68
1166.35725461057	1179.45203014763	35.72
1165.0814050116528	1230.8994645707728	35.76
1164.2727884867177	1259.514876827278	35.8
1166.571601090739	1281.3003993912384	35.84
1167.062555993091	1209.866223564999	35.88
1167.380104776973	1255.7810133585212	35.92
1166.176787908075	1236.9561746236486	35.96
1140.7552472008233	1296.226013562838	36.0
1168.1454460940863	1157.876854435036	36.04
1163.9639819655397	1191.222164730566	36.08
1165.9241621407205	1182.689403306674	36.12
1165.0761026494047	1227.6812771713085	36.16
1166.4959445807215	1227.0298820690557	36.2
1163.792944671962	1210.1521824331926	36.24
1170.006813369714	1212.977151104166	36.28
1166.555950996415	1200.188489623025	36.32
1168.5466191711232	1235.5992477694497	36.36
1162.580960601481	1193.1116173725582	36.4
1157.9234349508129	1191.0741629004888	36.44
1158.2554064854553	1193.3789774807499	36.48
1159.9391103314938	1209.08672715879	36.52
1160.6629574078133	1178.8841112646578	36.56
1157.55723978456	1228.101278455358	36.6
1160.5792758187515	1181.5181005360557	36.64
1157.4961478895848	1221.0648242558746	36.68
1157.4111797513608	1198.1379158471764	36.72
1158.1374789450897	1188.4422941949304	36.76
1156.6055523187588	1223.1300188782277	36.8
1159.246924999916	1206.0662773405668	36.84
1158.7775757054308	1231.9315741106268	36.88
1157.7729492084886	1179.5898156809142	36.92
1156.3182872037762	1199.9412039725567	36.96
1155.99018221807	1195.7338866606497	37.0
1160.1888923470585	1223.568838399476	37.04
1159.2635362010728	1181.6519045045593	37.08
1155.692287429118	1233.945031874592	37.12
1155.737704633923	1230.1499238157874	37.16
1159.7556788685465	1267.9387986973675	37.2
1152.42220555463	1226.3831191175748	37.24
1163.4435514112115	1193.5313738668408	37.28
1157.6200765919837	1206.734255126859	37.32
1158.9551192955491	1213.8592475851171	37.36
1156.6763252736018	1201.8959046861207	37.4
1152.6213845568845	1182.000226915803	37.44
1153.467277189953	1189.7457446479063	37.48
1153.6576615325196	1223.9606220231979	37.52
1153.1174676802077	1221.22043091752	37.56
1154.3848678871223	1186.8322495112448	37.6
1154.990306384047	1212.356594990219	37.64
1152.7459886451757	1198.1473956171753	37.68
1155.2575083670301	1219.8045479008329	37.72
1157.0450024930706	1194.081305358669	37.76
1155.4402678177792	1189.9561783485924	37.8
1154.191566484809	1226.055429280889	37.84
1155.8509449399398	1260.2345416324558	37.88
1158.0792815917814	1225.9531663648727	37.92
1154.0894661125635	1212.9888046224953	37.96
1153.5855456323582	1221.6571123871518	38.0
1153.3808148280325	1197.8940868682123	38.04
1156.0411736605556	1206.8940513188563	38.08
1155.9982600280139	1206.3203333178556	38.12
1156.4862829697176	1186.9487886979027	38.16
1159.4931935389284	1205.4607899828957	38.2
1159.9138717183487	1230.7260531568913	38.24
1156.1145094103108	1241.7709655165306	38.28
1160.8994914222012	1265.9183642281741	38.32
1156.9219773876202	1189.859594073543	38.36
1155.3427414720802	1218.7598475555214	38.4
1156.7382919894958	1191.6635029045874	38.44
1156.0841174991785	1185.827842915322	38.48
1153.3167649831578	1192.9404119726287	38.52
1153.689652641698	1200.7913135745687	38.56
1152.9422966276002	1230.1802345743754	38.6
1158.3099465946882	1199.0891052696682	38.64
1152.7493175813177	1200.4651868357157	38.68
1150.941213317434	1188.6236244205577	38.72
1152.3579152562738	1183.3141509294862	38.76
1151.2034181024335	1180.6151908024974	38.8
1151.5171466780066	1195.9504905919073	38.84
1153.0680730909596	1176.6468143759064	38.88
1153.4842058013003	1243.2599670455843	38.92
1155.9886852935495	1237.1609384363387	38.96
1156.9914768420185	1204.8903520057167	39.0
1158.1572775178881	1209.062039938858	39.04
1155.6601960521025	1184.4272825258015	39.08
1153.5577371835295	1179.5024871854278	39.12
1159.5807000583388	1232.8926366400926	39.16
1156.6626762986868	1188.248760784679	39.2
1155.0231498813032	1219.6134077907047	39.24
1152.156111282189	1238.578189090881	39.28
1152.6335536521776	1170.8264850667715	39.32
1154.2400791764207	1183.0573131773592	39.36
1151.5718368908394	1171.2798832582087	39.4
1150.8668802013344	1195.71535283255	39.44
1153.4433936098465	1197.1869662585214	39.48
1150.5838040701842	1232.370176510043	39.52
1155.5706394882577	1186.6528780189003	39.56
1150.5690773999988	1255.6772762128958	39.6
1149.8348851113399	1193.2459639778963	39.64
1148.0641714663645	1191.3747675211696	39.68
1149.1162815493578	1183.250173336125	39.72
1150.8443040221541	1221.145948377758	39.76
1149.7581629408953	1186.0041748883984	39.8
1147.0241880055491	1195.935397309502	39.84
1149.4681297096542	1182.1753823018846	39.88
1150.2095527167126	1207.7558796837438	39.92
1152.79601926289	1211.9515820592558	39.96
1151.183840088982	1242.2235299556658	40.0
1147.3341410146277	1206.9431229727131	40.04
1147.7720969732775	1187.7610452164233	40.08
1148.9439778357337	1183.5859461577547	40.12
1154.076005448176	1209.6772290816114	40.16
1148.2442933185628	1197.9764687835348	40.2
1151.467486527266	1175.6169382227713	40.24
1148.9504839799392	1260.974509659658	40.28
1142.915321677266	1258.4430706516018	40.32
1145.454649719516	1159.940576526909	40.36
1153.329819977708	1182.9236516090973	40.4
1153.179728034752	1176.490799643135	40.44
1150.922227176801	1208.64555862329	40.48
1150.5764621499081	1190.626172815809	40.52
1151.1423647967617	1208.0470067037875	40.56
1149.387954688785	1195.0241165354128	40.6
1150.5943403521499	1172.2625651255762	40.64
1148.9519454133776	1195.58451254473	40.68
1150.8194273689978	1214.8106960122916	40.72
1153.191809007192	1174.5091872411647	40.76
1147.945692646004	1182.8375463530367	40.8
1148.9546598635168	1201.8459640522335	40.84
1148.4554375352539	1177.8141593092398	40.88
1147.8424295799603	1220.2703589213168	40.92
1150.1074064695879	1210.5509782722793	40.96
1152.3216047209787	1194.6765389294353	41.0
1151.5238170093269	1223.1628004100946	41.04
1151.524352406848	1216.1108563617245	41.08
1151.186755546594	1186.6214038880319	41.12
1147.6030205310883	1188.209759585936	41.16
1147.756634255639	1218.7975267798738	41.2
1152.445970472491	1247.6111032726833	41.24
1151.3057716528272	1217.1186006782598	41.28
1149.73369064947	1218.2897867257443	41.32
1149.4739236478952	1221.2821647637381	41.36
1149.1028878080797	1187.5582595599758	41.4
1147.007150860116	1193.836080872672	41.44
1149.3682359074548	1192.8018502798425	41.48
1147.1348381310152	1235.7488041762879	41.52
1150.2350065974172	1259.3633264317014	41.56
1146.3979706679258	1205.2256664086347	41.6
1148.3171155575608	1203.3506242930873	41.64
1150.2627566436558	1180.6732179367405	41.68
1147.6808225430443	1201.248205930833	41.72
1150.06011958375	1179.5339697546576	41.76
1150.6408552907374	1174.6424637736225	41.8
1150.0869893056474	1210.0412629925797	41.84
1150.048259657824	1182.9722081018683	41.88
1148.1562154316234	1173.5045134344577	41.92
1147.159292578989	1266.3599224843074	41.96
1146.8620675087243	1231.3157841110087	42.0
1149.593354430905	1231.0256523478513	42.04
1145.793264186718	1214.7077119539902	42.08
1149.2718697362263	1182.4791900825335	42.12
1147.5508023959087	1205.266099945939	42.16
1148.6553544329397	1205.0470125322877	42.2
1148.8884346613434	1185.8147093023028	42.24
1148.6894524219379	1219.6171997492625	42.28
1150.1463913341104	1193.5509564040044	42.32
1145.4472132920207	1223.6638522384612	42.36
1149.2558525084069	1180.4990215867783	42.4
1148.2005577638563	1235.929742151876	42.44
1148.9993003809843	1194.8866347187195	42.48
1146.4818661108366	1209.9779191720947	42.52
1145.0761443804226	1197.1915073405712	42.56
1145.6280621035771	1190.018695100455	42.6
1145.6923168501291	1188.0570133274462	42.64
1145.9097467373858	1179.0051797977465	42.68
1144.6932709015064	1203.1674401856317	42.72
1145.4254185355016	1180.6135669311718	42.76
1142.7805784412044	1209.0229773073766	42.8
1147.1922367465409	1203.274349207191	42.84
1144.6081650907718	1193.1753456192594	42.88
1145.8970449942906	1191.5532428466556	42.92
1145.4830030294358	1183.470724595763	42.96
1148.5775862988087	1198.0406863637145	43.0
1149.8676374442216	1171.550800902342	43.04
1145.9307776238666	1219.9490046543478	43.08
1143.1041395134198	1205.5783643736554	43.12
1145.9160376591042	1176.1388227397529	43.16
1144.5164824554506	1204.2704489224195	43.2
1150.5009328371816	1167.878826652938	43.24
1146.883233246994	1235.2685740467007	43.28
1148.253518531814	1189.1061094523868	43.32
1143.9583965630936	1209.32357988958	43.36
1147.0961801010144	1177.2104441393308	43.4
1145.2581148200738	1196.7364183919162	43.44
1148.0879076599806	1170.4590694528042	43.48
1145.8772988140893	1185.4787192940667	43.52
1149.3061459475427	1197.8808475174187	43.56
1144.394529359708	1173.6725759654096	43.6
1148.7359229061378	1193.672628164744	43.64
1146.9597657499255	1193.6365151797368	43.68
1147.0380551762382	1192.8863903303686	43.72
1150.2281046490295	1211.3291373454679	43.76
1148.8466360135924	1182.988534396349	43.8
1147.2713651145807	1177.8537591624117	43.84
1146.3394290536617	1198.1667400254398	43.88
1148.4520902995857	1191.3272526645217	43.92
1145.3618866291617	1187.7569021975478	43.96
1144.4566486942333	1179.9457310087478	44.0
1150.455760751237	1244.3980945930166	44.04
1146.9396890168978	1264.1748586739857	44.08
1144.8595290485748	1193.492140038651	44.12
1145.285703875556	1200.9835506718512	44.16
1143.9623546871735	1193.6216169448342	44.2
1145.3448672660345	1212.6328127818251	44.24
1147.760603587252	1225.9764495601842	44.28
1145.5350253501824	1177.0904825638897	44.32
1146.4155671945027	1211.4198625288175	44.36
1146.6704959798187	1244.424112401037	44.4
1148.3497156542935	1206.5617418835584	44.44
1146.0047935302828	1202.856952246021	44.48
1145.66214914204	1237.1264828385372	44.52
1146.1866480511917	1201.1018953858875	44.56
1144.7692671338878	1220.9452478721485	44.6
1141.084513656704	1214.2202444556042	44.64
1140.2938360660319	1202.0504101783242	44.68
1140.917508373419	1262.3537979508694	44.72
1144.4440254939482	1239.3096329311354	44.76
1161.8411110618472	1128.692169984844	44.8
1140.493230529838	1182.6208905700037	44.84
1143.27951496128	1222.0439833273404	44.88
1140.751341463348	1191.3827638047098	44.92
1238.8463722914548	1281.2142449710025	44.96
1134.5079788856585	1187.9719011023635	45.0
1124.3822061993114	1235.022676766099	45.04
1107.418310787198	1231.466201674399	45.08
1118.4218874952387	1232.686589514276	45.12
1123.4067572236504	1099.0124279920476	45.16
1142.9242174119615	1154.2974222654266	45.2
1114.4344622983554	1131.3271499184907	45.24
1169.3951887254082	961.1902831653572	45.28
1139.2126082522373	942.8272563846922	45.32
0.0	0.0	45.36
1091.9760007173106	927.1334737541597	45.4
0.0	0.0	45.44
1036.9331495120932	918.3666917285	45.48
1034.8751082951658	901.44565809916	45.52
1009.6864968282043	953.3945220215179	45.56
0.0	0.0	45.6
0.0	0.0	45.64
0.0	0.0	45.68
1153.7010875209871	799.2135555947535	45.72
1125.8849802809743	793.5218093148432	45.76
0.0	0.0	45.8
0.0	0.0	45.84
0.0	0.0	45.88
0.0	0.0	45.92
1018.9143135146007	897.6858712135249	45.96
1021.5333511227028	978.3460551925716	46.0
1055.451566961518	1048.9462523364436	46.04
1118.2313415359765	1113.3135423308215	46.08
1181.9439410590612	1177.9725353707338	46.12
1210.9103231886668	1196.7492839635345	46.16
1234.6875202155447	1214.3289743441455	46.2
1252.8908605623355	1246.8720031602716	46.24
1252.1511060491016	1262.5115555208868	46.28
1253.9098190017894	1263.5293910783212	46.32
1233.7912342870968	1243.32361043755	46.36
1201.959130107346	1205.8757819338973	46.4
1176.2915369872173	1159.1975153989133	46.44
1167.823927644255	1143.2882522931209	46.48
1156.0254078792655	1139.3827487502258	46.52
1154.5534959850606	1135.4733789701643	46.56
1157.8640548580624	1135.4188710855171	46.6
1158.6903002353595	1141.7701386048611	46.64
1162.1315166187544	1151.1867885934018	46.68
1164.31436306353	1152.7402935406496	46.72
1162.1620671334458	1150.0168793244466	46.76
1160.2233903021217	1147.563631006948	46.8
1158.0518935438997	1145.8637799694297	46.84
1157.555637408429	1145.7777186531366	46.88
1154.4856021821922	1141.5429765499198	46.92
1153.009651499815	1138.9163368219113	46.96
1151.1050039068484	1132.9498020315882	47.0
1145.0565773970804	1131.6977634987948	47.04
1149.194046584675	1129.8994041263427	47.08
1145.663661427837	1128.0323864501147	47.12
1145.7565915467765	1126.807171399255	47.16
1142.1477052583066	1123.9695301043569	47.2
1147.5175284274544	1125.1447113473168	47.24
1147.5004731045638	1125.3681417132223	47.28
1147.3851237525291	1128.4403080358557	47.32
1148.3274788271315	1125.0755707531916	47.36
1147.2560917117507	1122.7016166133142	47.4
1144.9190647500034	1121.5389936159643	47.44
1145.4869106056017	1122.4691661814013	47.48
1146.7766818205896	1121.086387717859	47.52
1149.83125295882	1116.076042084718	47.56
1143.5521094552016	1116.172573752904	47.6
1145.8942445564958	1118.9345346681432	47.64
1154.0320486047347	1123.933602492399	47.68
1156.4348495227598	1124.269345462724	47.72
1157.0486055792642	1117.0370987342246	47.76
1165.2692779658678	1116.5975463060151	47.8
1154.7114519753695	1138.39734843678	47.84
1152.57455521004	1161.9933998734682	47.88
1152.0248730735234	1154.6708696670216	47.92
1150.2468227615548	1150.4504290114908	47.96
1151.97453441639	1147.0395033927098	48.0
1156.289013504754	1147.2912719907515	48.04
1166.2630115929812	1136.289707099864	48.08
1161.2526592781953	1133.7546781367612	48.12
1170.6358876459387	1133.9465800606633	48.16
1178.7743494066492	1145.0606102354911	48.2
1171.4708585379014	1123.0075594493296	48.24
1171.9759855266082	1116.0937958003306	48.28
1163.4065575195386	1112.2491283926015	48.32
1162.4268047280414	1118.2371915591398	48.36
1150.6983264707085	1148.0057085761837	48.4
1147.7918838387097	1148.2738034861059	48.44
1148.467281221765	1132.1168231852423	48.48
1157.5376078172144	1124.9608299869728	48.52
1155.5216704181046	1119.6139674381227	48.56
1175.0093764608896	1129.3491910606265	48.6
1173.1565792205906	1127.0902682837482	48.64
1170.2565838843361	1106.2382487094287	48.68
1166.1349526466374	1099.9108216340746	48.72
1154.871651235969	1104.1642797564903	48.76
1160.4076429779273	1113.42519077317	48.8
1153.089621906788	1129.5598210373385	48.84
1151.3909445984034	1132.6531936722556	48.88
1159.2136250081744	1127.9694290287016	48.92
1162.2311868411543	1124.9970467003304	48.96
1175.3329926643573	1129.156913636132	49.0
1190.783137810592	1132.6897575640728	49.04
1191.0613059523564	1131.168075191769	49.08
1188.5638670222252	1118.0538395637623	49.12
1178.7093443794172	1119.7324971302025	49.16
1178.5673137308158	1140.8510345341376	49.2
1176.819595047387	1180.0535362172488	49.24
1177.3128454737987	1164.5918677972713	49.28
1184.492816518753	1160.1446427688065	49.32
1190.492193109168	1151.771726013667	49.36
1191.3127496913733	1151.9184458130096	49.4
1208.4429981683393	1159.4745947360323	49.44
1216.5843771023754	1166.2649909718384	49.48
1218.1338671955932	1163.6214888955842	49.52
1211.5151481434202	1150.814102086272	49.56
1206.9804477071177	1145.7979137543846	49.6
1198.2940889153383	1146.635924430188	49.64
1193.1172643494615	1161.4520770085724	49.68
1188.2385181864618	1158.4924289468486	49.72
1189.9872224910694	1150.8908621746093	49.76
1194.9583290568482	1153.7736329814227	49.8
1201.06904850714	1157.9663064822767	49.84
1207.303196592089	1160.8825317539452	49.88
1206.9321639026946	1160.8326220033312	49.92
1206.0489632111808	1160.7232567777103	49.96
1206.1323307870748	1160.255105254383	50.0
1207.7267232780748	1159.7978684535885	50.04
1209.1951704847113	1161.6495377675042	50.08
1212.8780575750382	1165.7318270817962	50.12
1214.533680104712	1167.992936906772	50.16
1216.1418364016763	1169.5133849842184	50.2
1219.275902401652	1173.591261942804	50.24
1230.46657933255	1188.8498899821743	50.28
1247.8931076115693	1206.4710091056656	50.32
1265.5413904080206	1227.2049320950202	50.36
1284.3815717088096	1244.5759827126328	50.4
1306.4411443314991	1257.315919622056	50.44
1331.6794372715453	1286.6048137451432	50.48
1366.144432481761	1322.6531707212714	50.52
1396.2623417392197	1364.017402422374	50.56
1424.412718184126	1400.2640697567138	50.6
1450.1133227430523	1451.8006026628727	50.64
1484.734678306028	1483.0177572266368	50.68
1508.2677013935406	1496.5719563367863	50.72
1508.9338954750085	1495.9519657721546	50.76
1513.6642497721732	1505.5460142510403	50.8
1515.935055670174	1503.2373996514539	50.84
1517.2923124195784	1501.2118246037132	50.88
1515.0057715659264	1500.543084086975	50.92
1513.8650268188035	1498.6491488508755	50.96
1510.961679056703	1494.561127120543	51.0
1510.61534339462	1490.3063642996556	51.04
1508.9866172621996	1494.9541415247063	51.08
1494.4578975774225	1493.7371382490096	51.12
1470.289687726238	1487.1356554077724	51.16
1446.2662504867594	1472.4066285721185	51.2
1415.635007554788	1441.3580622623417	51.24
1381.2552059029413	1403.1213981968256	51.28
1350.1858439029058	1359.9452709848908	51.32
1330.053297902697	1319.3910933620527	51.36
1304.4120678540419	1284.767000822404	51.4
1294.5453321450555	1254.6896184690686	51.44
1289.7918183812828	1233.3872657451495	51.48
1286.19639499858	1222.406219221675	51.52
1279.786992425592	1216.2242623935417	51.56
1282.7950503457807	1217.1502131291759	51.6
1279.6629324754447	1231.230983853965	51.64
1278.3749415425602	1241.539855464286	51.68
1264.2908956953356	1239.2411722032252	51.72
1266.7997863616747	1243.5090836264912	51.76
1273.6089416033415	1214.9558239368705	51.8
1260.1030182288346	1213.768135527464	51.84
1244.264399027316	1217.430716525532	51.88
1214.3677743137757	1218.935443020479	51.92
1216.1605692014614	1216.6556894629177	51.96
1225.875278714375	1212.644988630462	52.0
1240.3858614233636	1215.0120587758502	52.04
1248.9771749528647	1220.2805593729122	52.08
1257.5362265887916	1222.0517589668896	52.12
1256.8290423410567	1221.5408328009266	52.16
1253.2512006409986	1232.7678428711063	52.2
1251.6152992319612	1233.5757549380105	52.24
1249.6513351279825	1227.674051963407	52.28
1248.4178420678	1221.924829482644	52.32
1241.4293209237374	1214.7305507220663	52.36
1233.881776729965	1208.5804527942344	52.4
1229.1273222885281	1205.6280737780037	52.44
1225.0434302977242	1201.9842484994672	52.48
1224.0206615247234	1199.4901269600755	52.52
1220.7732597890613	1200.233958737684	52.56
1221.0074492403426	1192.5898573951858	52.6
1221.6649815456153	1184.9996544374192	52.64
1210.8204913893383	1175.9778220232274	52.68
1190.4738643930857	1157.6836340542186	52.72
1190.5472339163737	1144.240929998677	52.76
1186.5575600604302	1136.838337743111	52.8
1185.9403545477053	1137.3792524001221	52.84
1187.8764190247057	1133.5708302724179	52.88
1189.1098439812083	1142.979915323218	52.92
1184.4820516182194	1140.223017073251	52.96
1184.1612746696878	1136.5894224865096	53.0
1184.632596200863	1136.7467459965126	53.04
1188.0355610299355	1138.7530028653084	53.08
1190.9389724667672	1140.700251177955	53.12
1193.205029145404	1143.5606942797428	53.16
1192.8920614504157	1146.693113351653	53.2
1189.3470542394084	1143.3579308115247	53.24
1181.4043898970217	1138.6685334232754	53.28
1181.8753435414642	1138.1495396452503	53.32
1180.4903952177613	1138.803833454507	53.36
1181.6120147786621	1137.0064452766512	53.4
1182.6039187044137	1138.2960692281338	53.44
1187.1991295974	1141.7194407755828	53.48
1192.4779563101706	1148.8330412277578	53.52
1194.7502852085154	1154.656102194641	53.56
1195.47326109975	1154.994842132877	53.6
1192.6165147351578	1154.6148608227365	53.64
1188.7844166868579	1152.1950697031145	53.68
1185.0386012909667	1151.0737966269826	53.72
1183.0457174192813	1146.0745030567261	53.76
1181.9942886382605	1145.9237402346791	53.8
1180.0728671710983	1143.2807624739025	53.84
1177.8341834233986	1139.2480540389051	53.88
1178.2112717444056	1139.1730969380128	53.92
1174.9307603078137	1138.2334625084757	53.96
1173.7524660141507	1137.9885805725876	54.0
1172.5298626813208	1137.4936310082242	54.04
1171.9568022233325	1136.6160328643844	54.08
1169.742185552775	1135.9303977810762	54.12
1167.2429639325849	1133.7660306162877	54.16
1164.599125182955	1131.7997314316601	54.2
1163.905059711811	1131.3721822009043	54.24
1162.3534595133872	1130.550288872343	54.28
1161.2377990800799	1130.5520529360401	54.32
1162.7801010091187	1130.1753668713257	54.36
1161.922703147773	1131.011962444951	54.4
1162.8772831331655	1131.5508221328412	54.44
1165.388612209187	1132.7010405731185	54.48
1167.1085451484942	1133.5786829767142	54.52
1168.5941553691166	1133.3534710759711	54.56
1174.9455976532029	1136.8391887167998	54.6
1182.067370537445	1141.4444421409478	54.64
1187.705339392194	1144.244453506943	54.68
1194.3975483280224	1151.0881661306385	54.72
1199.274534157678	1155.1069249123955	54.76
1200.8711639420017	1155.9978547531232	54.8
1193.1328917630626	1153.395373047487	54.84
1192.5419269265728	1154.0657121723043	54.88
1197.2495769418763	1157.7551884221525	54.92
1199.9532609311816	1165.6695671296934	54.96
1212.204942988717	1172.4598724618472	55.0
1234.2606469261455	1184.866194784368	55.04
1258.189713265689	1207.248640629473	55.08
1281.8922499815717	1230.1910267634762	55.12
1313.889993406569	1257.9551244066995	55.16
1344.5882436053498	1297.264593810976	55.2
0.0	0.0	55.24
0.0	0.0	55.28
1520.2417270078026	1516.1065082701716	55.32
0.0	0.0	55.36
0.0	0.0	55.4
0.0	0.0	55.44
0.0	0.0	55.48
0.0	0.0	55.52
0.0	0.0	55.56
0.0	0.0	55.6
0.0	0.0	55.64
0.0	0.0	55.68
0.0	0.0	55.72
0.0	0.0	55.76
0.0	0.0	55.8
0.0	0.0	55.84
0.0	0.0	55.88
0.0	0.0	55.92
0.0	0.0	55.96
0.0	0.0	56.0
0.0	0.0	56.04
0.0	0.0	56.08
0.0	0.0	56.12
0.0	0.0	56.16
0.0	0.0	56.2
0.0	0.0	56.24
0.0	0.0	56.28
0.0	0.0	56.32
0.0	0.0	56.36
0.0	0.0	56.4
0.0	0.0	56.44
0.0	0.0	56.48
0.0	0.0	56.52
0.0	0.0	56.56
0.0	0.0	56.6
0.0	0.0	56.64
0.0	0.0	56.68
0.0	0.0	56.72
0.0	0.0	56.76
0.0	0.0	56.8
0.0	0.0	56.84
0.0	0.0	56.88
0.0	0.0	56.92
0.0	0.0	56.96
0.0	0.0	57.0
0.0	0.0	57.04
0.0	0.0	57.08
0.0	0.0	57.12
0.0	0.0	57.16
0.0	0.0	57.2
0.0	0.0	57.24
0.0	0.0	57.28
0.0	0.0	57.32
0.0	0.0	57.36
0.0	0.0	57.4
0.0	0.0	57.44
0.0	0.0	57.48
0.0	0.0	57.52
0.0	0.0	57.56
0.0	0.0	57.6
0.0	0.0	57.64
0.0	0.0	57.68
0.0	0.0	57.72
0.0	0.0	57.76
0.0	0.0	57.8
0.0	0.0	57.84
0.0	0.0	57.88
0.0	0.0	57.92
0.0	0.0	57.96
0.0	0.0	58.0
0.0	0.0	58.04
0.0	0.0	58.08
0.0	0.0	58.12
