Thumb_R	Index_R	Time
0.0	0.0	0.04
0.0	0.0	0.08
0.0	0.0	0.12
0.0	0.0	0.16
0.0	0.0	0.2
0.0	0.0	0.24
0.0	0.0	0.28
0.0	0.0	0.32
0.0	0.0	0.36
0.0	0.0	0.4
0.0	0.0	0.44
0.0	0.0	0.48
0.0	0.0	0.52
0.0	0.0	0.56
0.0	0.0	0.6
0.0	0.0	0.64
0.0	0.0	0.68
0.0	0.0	0.72
0.0	0.0	0.76
0.0	0.0	0.8
0.0	0.0	0.84
0.0	0.0	0.88
0.0	0.0	0.92
0.0	0.0	0.96
0.0	0.0	1.0
0.0	0.0	1.04
0.0	0.0	1.08
0.0	0.0	1.12
0.0	0.0	1.16
0.0	0.0	1.2
1397.751311375127	1385.043411611039	1.24
1389.263658605909	1372.0105395560934	1.28
1421.362733971769	1416.5897163760912	1.32
1484.2886760850217	1460.988366016772	1.36
1552.888029337932	1530.6716219425637	1.4
1602.6745339025335	1575.201820625759	1.44
1611.8967593527843	1582.795780083914	1.48
1600.025672703083	1573.5932891375946	1.52
1575.7695609985192	1554.151208461534	1.56
1541.8743929934678	1517.5528006569243	1.6
1499.3686262690583	1476.0654805308957	1.64
1456.472633434634	1430.5554468985838	1.68
1413.64564680805	1382.1562786231525	1.72
1367.0472871979384	1324.1778629035591	1.76
1326.8141480724169	1336.5238163812016	1.8
1204.7428507406746	1199.1578935485136	1.84
1095.7044924064908	1084.2453554898145	1.88
1003.4145871043552	995.4470511632207	1.92
937.4566069284078	926.1470986047672	1.96
920.40806930662	886.0506530161603	2.0
911.960617675741	849.4316574644524	2.04
913.4971772086883	840.0895805824449	2.08
926.9141881177458	848.3227191842459	2.12
948.2555708055837	860.8594693991332	2.16
970.7689364112836	888.8607255151439	2.2
979.4758354938431	900.9805060998551	2.24
984.1401102668021	918.7856299017174	2.28
985.21678508178	934.2629661058849	2.32
979.6065144398563	940.8014822510298	2.36
971.3686458650516	926.9736489717646	2.4
965.3695731553744	936.5733133067262	2.44
975.7543468890284	947.2119109070804	2.48
981.4482420479618	959.3867372082727	2.52
981.8455185008133	955.7800640257911	2.56
972.2568252017132	944.9985548037099	2.6
960.7948072061226	941.4856062587991	2.64
953.7940145295217	939.0792897351321	2.68
947.3309924891938	937.0942405719861	2.72
945.6279018739931	938.334279097758	2.76
944.0552829333507	935.5800446734398	2.8
942.1501897107267	935.6277071854311	2.84
940.3851930296328	927.5389808171313	2.88
935.8015637036895	921.8470098845169	2.92
930.1048180341413	914.089435823012	2.96
923.9550499484488	908.3489421859622	3.0
916.4465357209438	909.8972291592588	3.04
916.3907076693531	918.610361358151	3.08
911.298355966626	911.2238180137794	3.12
914.2915815422982	916.6934961156377	3.16
916.6187143707128	920.9167651193476	3.2
925.2949877832483	925.570922416307	3.24
935.5119565430579	933.2760674426271	3.28
940.0814991898175	941.3930853820793	3.32
944.1907471129432	941.0352752553789	3.36
946.6801278080625	943.120342933002	3.4
949.4058560740967	942.426829140791	3.44
954.1143162521532	952.5603340121299	3.48
961.1657478368516	958.1362858219426	3.52
962.563418724405	960.0551192119145	3.56
967.510748093269	959.4014664627375	3.6
969.1416918262615	963.581459643368	3.64
971.9433630251367	958.8298378422649	3.68
922.5604898239577	920.0876473721454	3.72
835.2840419442522	853.11723130384	3.76
763.8614692662559	773.6567355884365	3.8
741.6450382776702	759.9832186416447	3.84
733.2692555392091	730.1163649653492	3.88
737.9919027160166	755.9804434025228	3.92
754.6811137978298	772.5933578546826	3.96
773.5881244256243	784.5022319429514	4.0
787.1719624037112	785.1232665426487	4.04
799.3936114104088	814.0397816849727	4.08
818.5927419704183	835.4681476442875	4.12
841.7963327274124	862.0806313326394	4.16
862.713894066442	868.9760166234952	4.2
883.8598279362667	882.7866094817241	4.24
896.5317495184922	893.9865649925637	4.28
913.0822090838435	907.1408096201089	4.32
923.008367884888	923.5009265535464	4.36
935.0636184740595	923.4359823717658	4.4
924.2918412024651	917.3543441011141	4.44
933.4079619870312	927.5821955953841	4.48
926.039466189007	918.2691902051698	4.52
930.8617176223272	919.7262403438611	4.56
927.7314384992068	914.765190727057	4.6
932.7382600598223	913.5710877950809	4.64
920.0938243674867	911.571912339131	4.68
910.3326288911645	909.3290362477164	4.72
907.2160547860781	904.6811325641182	4.76
903.6453262319287	896.9170406065188	4.8
902.1999729157343	891.5463351706187	4.84
909.5050071430461	884.0522598885784	4.88
922.6992300847922	874.3856439949419	4.92
924.8966521483496	886.9890128986044	4.96
936.7712172442617	910.0237641336265	5.0
944.0069410172963	953.9110574402505	5.04
958.5443777278922	964.6038239284421	5.08
967.5019322640171	973.0660725912065	5.12
983.482312079689	986.1192482314584	5.16
1018.7762195205366	1032.2305994704425	5.2
1061.9006490634529	1082.725890443416	5.24
1101.232893690291	1138.4429117069226	5.28
1124.2469620602674	1193.2623006261115	5.32
1147.8671956219173	1220.7872792108378	5.36
1175.369861147825	1224.4115067096418	5.4
1192.0941243229508	1239.7406040727521	5.44
1217.3036472666765	1244.4139410772955	5.48
1240.509615087524	1239.6453425279367	5.52
1251.102966880665	1256.7167057856154	5.56
1247.1865576655637	1255.4770106954384	5.6
1237.8101991050082	1250.2534502230778	5.64
1221.87735375379	1219.9049427347309	5.68
1206.353346402074	1215.6384946372152	5.72
1183.9579094730698	1190.58733720353	5.76
1155.1013735283852	1168.4087181482698	5.8
1124.0081842730146	1128.2442552913026	5.84
1088.4570691651759	1088.2290198338385	5.88
1061.4353744265168	1038.5693329263727	5.92
1042.57428547494	1008.8398409405495	5.96
1035.2861323536802	1016.15287976413	6.0
1047.9194762850047	1041.7134247248853	6.04
1068.7780755566648	1021.9027418267791	6.08
1083.8824115818695	1010.1573330488106	6.12
1093.29102674223	1005.6386264079491	6.16
1092.965985678531	983.085431820137	6.2
1085.187257793109	978.3144869387742	6.24
1083.1982537366837	975.9446794656347	6.28
1077.6999020383562	972.9903319925354	6.32
1077.9146122498014	977.5759548542051	6.36
1074.8957938545454	968.8029137671357	6.4
1068.242265689105	967.6226054437019	6.44
1054.6150996022589	966.5089151919773	6.48
1048.4365560712827	973.5831200185384	6.52
1042.5877741793788	977.2375480753152	6.56
1038.4886251267262	980.860317986561	6.6
1033.5937577227548	990.3594898138141	6.64
1022.4446910290983	1002.864330533686	6.68
1013.4380003757049	1007.4196161331664	6.72
1006.0385604382484	1019.2474401102994	6.76
996.94321902355	1012.0186477475085	6.8
1008.8674832617013	1021.3420266219435	6.84
1016.8751438421974	1033.8144785150885	6.88
1025.9759416660434	1046.2571647315783	6.92
1024.6588156347098	1042.383715408058	6.96
1013.2992382242497	1034.3656471180605	7.0
1002.8085214300805	1009.3245464471456	7.04
993.360198060214	1003.4901013467396	7.08
989.2122331411416	1005.3444075456242	7.12
982.5082050473078	996.97558226199	7.16
985.2492946237535	997.559160111564	7.2
975.7277153371681	987.4436404142909	7.24
960.4265243403963	967.2719315845764	7.28
945.9328189212767	954.5593250521715	7.32
937.9976396429904	947.0593981500564	7.36
929.130189918331	931.3012224586122	7.4
920.9134950723659	925.4652550015671	7.44
912.5582179653152	913.2822834559329	7.48
904.888730886342	907.402970317488	7.52
900.1478210875008	903.3259551300471	7.56
901.851004342818	901.513841199484	7.6
900.0646163248396	898.6834980674007	7.64
898.6166773810639	898.7872389849383	7.68
900.3681930623543	903.070733127032	7.72
901.351365976113	905.6385489049143	7.76
902.443922747116	904.551291421955	7.8
902.9645553984354	899.0650088281087	7.84
901.5809441659933	898.1925854011645	7.88
900.6531289625661	901.4495098973266	7.92
901.4041124792527	901.3616510571932	7.96
902.5157394649586	904.729452316707	8.0
901.768228915499	906.0023929984685	8.04
902.0287461580791	905.2921338390742	8.08
902.7539019396044	906.1176397070126	8.12
900.9963208407681	905.5451719283507	8.16
900.7808125924911	903.5917323969985	8.2
898.0956315647284	904.9532758789577	8.24
898.1799103905627	904.8453222510676	8.28
897.6757058216272	905.6326725948211	8.32
895.9466925501077	903.5379161518022	8.36
892.5952445561078	891.8747409215036	8.4
889.6963965160908	891.1488498289583	8.44
887.5398982168999	897.6718598956134	8.48
886.6629140718148	887.6934393287358	8.52
886.24373215211	889.994257879258	8.56
887.8433559005996	888.9390760654212	8.6
890.5774828076527	901.6878788601028	8.64
892.9139413229061	907.8755872156374	8.68
895.8936502333504	909.4299830150584	8.72
898.6180587348315	910.2208813585008	8.76
906.8981755184075	916.908261208147	8.8
912.4445746453858	928.2051821662425	8.84
920.409882108471	935.7976970307964	8.88
924.4554089855168	931.9653830403095	8.92
925.9096050519402	934.6294676155718	8.96
926.8200529337383	928.5201801873641	9.0
926.7054885354548	931.0666937094146	9.04
924.1183310406411	928.5802718498886	9.08
922.5617140870264	924.7904696449888	9.12
924.3199299747539	920.8947130467407	9.16
926.5961139479866	927.3588603066831	9.2
924.7570918953045	919.5441288343292	9.24
926.9388581841429	918.3580570080333	9.28
928.8412923901867	918.2876548824938	9.32
931.4619954026065	917.189674292421	9.36
930.7192488856198	914.6453562803792	9.4
928.7663660581795	915.9520176715347	9.44
925.9879197125916	923.6392817970946	9.48
925.9108754479565	922.1590912192185	9.52
927.6654403202614	931.2540080245477	9.56
924.5571054141794	928.1584087190265	9.6
924.8515647258837	932.4105985465337	9.64
930.0090625703434	938.2876031580473	9.68
933.2094326482297	943.7524592922729	9.72
936.2965165006672	943.0932172663545	9.76
937.7176714181226	936.4714539242374	9.8
939.7404458371518	938.9978004407736	9.84
939.9067705021739	934.5367876504291	9.88
942.1312040720088	936.9593097110852	9.92
944.303785905064	933.0658789579384	9.96
945.987003323688	937.7288449583043	10.0
942.4544374600965	928.3435942527893	10.04
943.0713989074336	930.1509793175081	10.08
949.883170226564	934.6810673985595	10.12
951.899792910803	944.269986334211	10.16
947.8965134989965	933.8636728540077	10.2
939.2526106143491	928.7582669928694	10.24
936.5862553794275	934.6180078672975	10.28
940.8473257615104	947.7268468470409	10.32
941.0433640185028	942.9949738818694	10.36
940.6619096505076	942.6383179323601	10.4
940.7470444113621	941.1720210017666	10.44
939.9113601064279	940.4760346106625	10.48
937.9457379661178	938.7861151285923	10.52
934.7683579273087	931.6276429052134	10.56
931.3202241147842	930.5270363687654	10.6
934.0230506035047	932.8111590679794	10.64
934.9093538312578	938.3532773563182	10.68
933.2499714972043	932.0868169018471	10.72
931.0078766922788	930.3242528773906	10.76
927.3891237055171	926.3222061246274	10.8
931.0514172755688	936.0764052082733	10.84
933.1621551220542	939.5566988689525	10.88
932.3472098591496	935.3620848504615	10.92
930.8048917025927	934.6138620135416	10.96
931.9371578482165	937.4845692830212	11.0
935.7178557117506	934.3720705956242	11.04
941.1023972900931	942.9771612463583	11.08
947.4711642468694	935.9209908861047	11.12
950.5286611012032	939.4069343039697	11.16
956.2454567749606	949.0093264976686	11.2
957.9365513961627	951.0595202310371	11.24
947.5167008007618	941.9420978985706	11.28
939.0527719845365	934.0252604043853	11.32
932.733615355538	932.3450188729562	11.36
934.4532206944148	942.3390049167735	11.4
944.7635027374929	952.0366112903787	11.44
942.3644220085113	942.8871208087969	11.48
939.8830400908205	942.1877566808224	11.52
941.1566880228321	939.123540383344	11.56
939.4783113031555	939.5247382679339	11.6
935.213046454156	930.6987398268889	11.64
937.2461338279691	938.7008285996134	11.68
942.1816935273895	944.1843565281569	11.72
941.5018358580986	941.701252449339	11.76
939.588285747721	943.4084039316814	11.8
939.364917221197	940.6908528638692	11.84
938.9221655682134	944.610445856775	11.88
935.9191142747818	935.604473381246	11.92
932.5081084401977	937.6254146956735	11.96
932.7872269839436	939.8562674457795	12.0
935.393602941935	942.1788368484185	12.04
917.333745046572	917.5565142821972	12.08
890.6408081936075	890.8634688634256	12.12
879.1682945136133	899.2609440454311	12.16
883.3033561844197	887.8848106188786	12.2
889.211745358017	914.5990812819616	12.24
887.5267722455937	921.443838312949	12.28
888.2486800871343	919.8327815141387	12.32
882.2209308563664	906.9942389331089	12.36
878.4670328169361	889.9193120157233	12.4
874.956872977843	890.704969472362	12.44
878.6493586516742	910.926403804736	12.48
881.4632001927341	903.7223034982092	12.52
878.9212621856494	892.7763695761228	12.56
877.7064452612126	889.224699990518	12.6
876.7829350369739	879.9698960889904	12.64
876.0479533911177	881.777725499897	12.68
876.9487315858795	861.5427524192197	12.72
876.1674267725866	873.0873703211748	12.76
874.2715459471174	871.504844249958	12.8
873.4553882828541	861.4508174565807	12.84
874.0054454103217	860.5451059005113	12.88
874.0555384524538	860.2512576025744	12.92
873.5969049236179	860.8115575838982	12.96
874.4162514319987	858.5316863448124	13.0
874.6764383759927	852.8266587361426	13.04
875.1325627298753	852.6653511251102	13.08
875.673744090038	858.8774711921757	13.12
877.6886635214905	856.925580829851	13.16
882.975227637399	854.0949464501696	13.2
893.3899619228109	866.5562842193385	13.24
907.7773437154248	876.4440052124093	13.28
917.3954993485189	877.0520042772446	13.32
928.2831583056013	904.4882621780841	13.36
934.6019752242854	895.7921817805352	13.4
944.8099257389074	902.7849251183972	13.44
959.980682657605	917.8724768833307	13.48
981.9742661579331	921.912265754107	13.52
1007.9961475124642	928.0335483731862	13.56
1035.7997377992622	973.1843102336721	13.6
1052.9876179655148	973.0056895209707	13.64
1069.31568815197	983.2563285620311	13.68
1086.7001160867849	1013.7343138130722	13.72
1100.224598525215	1030.8718815496047	13.76
1114.0482173025127	1029.0923723889352	13.8
1115.3700506039622	1043.0466127627283	13.84
1115.8062145723381	1051.6183979035736	13.88
1111.2994896777234	1058.1666915346523	13.92
1115.3680768862157	1053.6941443218047	13.96
1107.8970322874397	1038.6655607290854	14.0
1097.9220841881574	1031.5142418575679	14.04
1095.0126985385257	1018.5075833949078	14.08
1084.9408456958636	1012.0540333231877	14.12
1052.4368453463387	1015.242959265329	14.16
997.463375696158	989.0141759465322	14.2
969.1608206193163	991.9927510703949	14.24
966.1617246792476	1002.3008302783118	14.28
964.3533845086056	981.341438823112	14.32
958.5199828406176	984.6248351207712	14.36
952.2156980795598	962.9056505777979	14.4
944.4949640142785	964.9233267238709	14.44
937.198794780967	954.2920221630551	14.48
933.8005384389994	960.5523180125907	14.52
936.7410298240605	953.9271064356409	14.56
941.5111644422345	981.7407702625178	14.6
944.9625940588633	965.6088892105421	14.64
953.915438966581	993.3795640133436	14.68
954.7347660761797	974.5048184441561	14.72
957.5039983370167	979.8205290383753	14.76
957.7671452402918	973.4466777331678	14.8
958.910369595625	971.9339117404138	14.84
955.6581603044018	970.1430577900697	14.88
959.0976836351357	970.6541820484379	14.92
956.0438611663126	959.6145115295537	14.96
957.3784205018907	970.2267189932504	15.0
956.7903315536527	967.360054149497	15.04
956.7722605137685	963.4420329705124	15.08
956.2399469290549	962.5187620236674	15.12
955.0435605802853	964.5196392220914	15.16
956.5437278958948	961.7843359881481	15.2
952.6520061985276	962.8917972050015	15.24
953.0699117037431	957.8414140274665	15.28
950.9314980345192	956.6578554675793	15.32
950.8098363912015	957.6122660753833	15.36
948.5711920383451	941.9530816953029	15.4
936.5482964064048	931.6396489872942	15.44
926.8444002277862	913.0082125427158	15.48
909.6186337094242	895.4044580501898	15.52
885.5404442141237	860.2349188191998	15.56
859.1794554265575	831.8280624497755	15.6
841.7981135627475	813.1018221981448	15.64
832.1737900577417	782.3065657034059	15.68
823.1960125057902	766.7950953479029	15.72
815.7364488950658	767.7451309619552	15.76
807.0698476001241	747.9567890502375	15.8
801.7242182282499	778.6579134830325	15.84
786.2560879518438	804.6402358434422	15.88
777.114113336383	745.9955889457203	15.92
769.4710955264919	737.5632891750574	15.96
765.9998674757197	726.8629058092463	16.0
766.6585885993533	732.334750388188	16.04
763.0786510289669	762.5755194740165	16.08
765.104907218124	780.2324541170725	16.12
766.374184488074	806.3620570902472	16.16
767.6617065155923	785.7877683095267	16.2
766.7848558300632	800.5711985352027	16.24
765.0885027091038	777.0722103882371	16.28
760.2267862954062	757.463258240574	16.32
761.5370773507083	774.0366428298646	16.36
764.4427978627618	801.475416090347	16.4
761.8102746880767	781.9680743325359	16.44
764.6054799453656	810.0167139395412	16.48
764.3647790175257	782.5800764085316	16.52
770.0076119040762	816.5861806451101	16.56
770.7077165903547	781.1729557312427	16.6
770.869799162182	814.0764850736366	16.64
765.4076804803512	791.9617807566457	16.68
772.1302641006141	806.2329357973697	16.72
780.1530645556863	773.7104387383706	16.76
803.606231355023	805.894575077872	16.8
827.5622407862843	854.1584170309449	16.84
894.4742817576248	905.7547262065385	16.88
926.5484275819997	939.394200385321	16.92
951.0611204149167	963.3967097210912	16.96
976.4946733722373	997.1143931793627	17.0
995.7696962017906	1014.7362864199062	17.04
1015.7048154003694	1039.7025776750543	17.08
1035.6389137876029	1054.0754654893694	17.12
1051.1667447075492	1070.4877466726828	17.16
1063.2459694796553	1085.4245973968943	17.2
1070.373730014439	1085.6028885892888	17.24
1080.114863230375	1099.6904402886637	17.28
1083.4529129560276	1102.1715589355977	17.32
1087.0894226344587	1106.4899120863245	17.36
1085.4014675994197	1098.6210518917096	17.4
1083.0263472673807	1092.6485425550857	17.44
1081.4732006903919	1088.8527703652394	17.48
1076.58745405802	1086.0305027491027	17.52
1070.393996107828	1083.2111848306424	17.56
1067.685257279362	1079.4455649804488	17.6
1059.9191838769218	1074.6601017656983	17.64
1055.6806579723814	1065.4201874047587	17.68
1052.2359222898158	1063.33140327198	17.72
1052.0258994081662	1064.3186021262334	17.76
1049.2672163917737	1059.530742072105	17.8
1047.3902371533807	1060.1078818855399	17.84
1044.2954737624793	1057.1288271486117	17.88
1044.245317032963	1057.772393947117	17.92
1042.17560366945	1057.4385584893532	17.96
1038.662846563082	1056.728178920672	18.0
1039.576096549196	1054.6518329050336	18.04
1040.2860497862941	1052.1055289266146	18.08
1039.7041210547243	1061.5082849174862	18.12
1038.8400834303864	1064.257862473276	18.16
1037.4549859136164	1061.6818787691032	18.2
1038.7501936673684	1057.654649030011	18.24
1039.6160061144133	1065.1241385345236	18.28
1041.4564556506268	1065.5943219019332	18.32
1043.4715236905122	1074.7938698180656	18.36
1044.6998983641101	1067.6984716343316	18.4
1045.7681901418734	1057.792407318205	18.44
1044.5879462074183	1056.9902371365913	18.48
1043.2710335236313	1062.254838559631	18.52
1043.4342402093607	1063.302412648483	18.56
1042.1423048496492	1053.543664622283	18.6
1041.2329101438622	1055.9653038853949	18.64
1041.5523630221326	1056.596222106255	18.68
1042.4087663164958	1056.599162574379	18.72
1043.0467906511424	1056.6430334591078	18.76
1043.753501080337	1057.4622612797646	18.8
1044.7930508791846	1057.812263481787	18.84
1044.9299863945241	1053.8645926635536	18.88
1045.2885762162866	1055.0949353281935	18.92
1046.3179223590246	1059.2787577803301	18.96
1048.1475082405525	1055.2860084092222	19.0
1046.0573580577093	1054.9377052023478	19.04
1045.9856093833948	1056.422584515028	19.08
1048.1065557675506	1053.9223841516402	19.12
1048.701856667299	1061.690632228657	19.16
1051.4393637692679	1066.5025858361769	19.2
1053.4758174387996	1064.225275422239	19.24
1055.4371164126205	1062.3884162153206	19.28
1057.9211867136676	1065.7557686268005	19.32
1057.8570979398671	1059.676650884103	19.36
1054.9583093132812	1061.0771225639223	19.4
1055.2725586780607	1061.1743651015377	19.44
1056.941076796346	1067.7641287531496	19.48
1059.1154692107104	1068.8104142966447	19.52
1059.6666535288475	1063.159861614227	19.56
1067.0688925275806	1068.9844931250038	19.6
1082.3280665070658	1086.0671804884403	19.64
1111.5763361004251	1116.1164680849379	19.68
1159.1742893367687	1152.2347259915005	19.72
1205.7100933092054	1211.8993671198393	19.76
1264.055652413667	1269.818283657495	19.8
1324.5048909296938	1325.4433595408698	19.84
1386.1135498948488	1389.7103608157142	19.88
1445.715314345811	1446.679963844318	19.92
1504.8528630066596	1501.934538556719	19.96
1557.3557117685477	1544.775593812065	20.0
1606.5266145997796	1592.8266962052896	20.04
1654.1928402032763	1637.6485886763069	20.08
1696.5871871772138	1680.726230387499	20.12
1736.2496217643463	1716.2265978724286	20.16
1766.5807722176473	1745.8976623521223	20.2
1785.6874363603624	1766.61105217166	20.24
1792.8915851531924	1771.2676274907453	20.28
1798.6451963124312	1768.3568071960567	20.32
1807.7312473502548	1775.435466349251	20.36
1813.6190572170822	1782.6980308155817	20.4
1818.4200223440619	1795.5917495083706	20.44
1822.6695750101287	1806.5492452158023	20.48
1820.5497450794926	1803.722517938896	20.52
1818.7050451157097	1807.4533082815765	20.56
1813.7729773878964	1801.6736755784746	20.6
1810.1076889448254	1796.2758673378592	20.64
0.0	0.0	20.68
1804.3824885852969	1791.1484967140957	20.72
0.0	0.0	20.76
0.0	0.0	20.8
0.0	0.0	20.84
0.0	0.0	20.88
1796.6692175707144	1780.2919875848484	20.92
0.0	0.0	20.96
0.0	0.0	21.0
0.0	0.0	21.04
0.0	0.0	21.08
0.0	0.0	21.12
0.0	0.0	21.16
0.0	0.0	21.2
0.0	0.0	21.24
0.0	0.0	21.28
0.0	0.0	21.32
0.0	0.0	21.36
0.0	0.0	21.4
0.0	0.0	21.44
0.0	0.0	21.48
0.0	0.0	21.52
0.0	0.0	21.56
0.0	0.0	21.6
0.0	0.0	21.64
0.0	0.0	21.68
0.0	0.0	21.72
0.0	0.0	21.76
0.0	0.0	21.8
0.0	0.0	21.84
0.0	0.0	21.88
0.0	0.0	21.92
0.0	0.0	21.96
0.0	0.0	22.0
0.0	0.0	22.04
0.0	0.0	22.08
0.0	0.0	22.12
0.0	0.0	22.16
0.0	0.0	22.2
0.0	0.0	22.24
0.0	0.0	22.28
0.0	0.0	22.32
0.0	0.0	22.36
0.0	0.0	22.4
0.0	0.0	22.44
0.0	0.0	22.48
0.0	0.0	22.52
0.0	0.0	22.56
0.0	0.0	22.6
0.0	0.0	22.64
0.0	0.0	22.68
0.0	0.0	22.72
0.0	0.0	22.76
0.0	0.0	22.8
0.0	0.0	22.84
0.0	0.0	22.88
0.0	0.0	22.92
0.0	0.0	22.96
0.0	0.0	23.0
0.0	0.0	23.04
0.0	0.0	23.08
0.0	0.0	23.12
0.0	0.0	23.16
0.0	0.0	23.2
0.0	0.0	23.24
0.0	0.0	23.28
0.0	0.0	23.32
0.0	0.0	23.36
0.0	0.0	23.4
0.0	0.0	23.44
0.0	0.0	23.48
0.0	0.0	23.52
0.0	0.0	23.56
0.0	0.0	23.6
0.0	0.0	23.64
0.0	0.0	23.68
0.0	0.0	23.72
0.0	0.0	23.76
0.0	0.0	23.8
0.0	0.0	23.84
0.0	0.0	23.88
0.0	0.0	23.92
0.0	0.0	23.96
0.0	0.0	24.0
0.0	0.0	24.04
0.0	0.0	24.08
0.0	0.0	24.12
0.0	0.0	24.16
0.0	0.0	24.2
0.0	0.0	24.24
0.0	0.0	24.28
0.0	0.0	24.32
0.0	0.0	24.36
0.0	0.0	24.4
0.0	0.0	24.44
0.0	0.0	24.48
0.0	0.0	24.52
0.0	0.0	24.56
0.0	0.0	24.6
0.0	0.0	24.64
0.0	0.0	24.68
0.0	0.0	24.72
0.0	0.0	24.76
0.0	0.0	24.8
0.0	0.0	24.84
0.0	0.0	24.88
0.0	0.0	24.92
0.0	0.0	24.96
0.0	0.0	25.0
0.0	0.0	25.04
0.0	0.0	25.08
0.0	0.0	25.12
0.0	0.0	25.16
0.0	0.0	25.2
0.0	0.0	25.24
0.0	0.0	25.28
0.0	0.0	25.32
0.0	0.0	25.36
0.0	0.0	25.4
0.0	0.0	25.44
0.0	0.0	25.48
0.0	0.0	25.52
0.0	0.0	25.56
0.0	0.0	25.6
0.0	0.0	25.64
0.0	0.0	25.68
0.0	0.0	25.72
0.0	0.0	25.76
0.0	0.0	25.8
0.0	0.0	25.84
0.0	0.0	25.88
0.0	0.0	25.92
0.0	0.0	25.96
0.0	0.0	26.0
0.0	0.0	26.04
0.0	0.0	26.08
0.0	0.0	26.12
0.0	0.0	26.16
0.0	0.0	26.2
0.0	0.0	26.24
0.0	0.0	26.28
0.0	0.0	26.32
0.0	0.0	26.36
0.0	0.0	26.4
0.0	0.0	26.44
0.0	0.0	26.48
0.0	0.0	26.52
0.0	0.0	26.56
0.0	0.0	26.6
0.0	0.0	26.64
0.0	0.0	26.68
0.0	0.0	26.72
0.0	0.0	26.76
0.0	0.0	26.8
0.0	0.0	26.84
0.0	0.0	26.88
0.0	0.0	26.92
0.0	0.0	26.96
0.0	0.0	27.0
0.0	0.0	27.04
0.0	0.0	27.08
0.0	0.0	27.12
0.0	0.0	27.16
0.0	0.0	27.2
0.0	0.0	27.24
0.0	0.0	27.28
0.0	0.0	27.32
0.0	0.0	27.36
0.0	0.0	27.4
0.0	0.0	27.44
0.0	0.0	27.48
0.0	0.0	27.52
0.0	0.0	27.56
0.0	0.0	27.6
0.0	0.0	27.64
0.0	0.0	27.68
0.0	0.0	27.72
0.0	0.0	27.76
0.0	0.0	27.8
0.0	0.0	27.84
0.0	0.0	27.88
0.0	0.0	27.92
0.0	0.0	27.96
0.0	0.0	28.0
0.0	0.0	28.04
0.0	0.0	28.08
0.0	0.0	28.12
0.0	0.0	28.16
0.0	0.0	28.2
0.0	0.0	28.24
0.0	0.0	28.28
0.0	0.0	28.32
0.0	0.0	28.36
0.0	0.0	28.4
0.0	0.0	28.44
0.0	0.0	28.48
0.0	0.0	28.52
0.0	0.0	28.56
0.0	0.0	28.6
0.0	0.0	28.64
0.0	0.0	28.68
0.0	0.0	28.72
0.0	0.0	28.76
0.0	0.0	28.8
0.0	0.0	28.84
0.0	0.0	28.88
0.0	0.0	28.92
1423.7325301713329	1425.5969272522543	28.96
1353.3477529526556	1338.4116105412845	29.0
1299.4449996144035	1265.44576097934	29.04
1254.2104283018948	1212.1759623550452	29.08
1221.4898103909454	1163.8514876178356	29.12
1194.2966619083445	1132.010768541819	29.16
1172.3133783694577	1101.5707828468762	29.2
1144.1496786398966	1072.8959307188863	29.24
1122.0987350449523	1045.8579837993952	29.28
1108.1584134236919	1017.0860874906372	29.32
1094.202479926471	990.1266059175163	29.36
1085.9597002796113	980.8883225099443	29.4
1082.8375513062535	981.6243519269509	29.44
1082.1826869187664	988.123290115109	29.48
1085.3874186895941	1003.7647954976379	29.52
1088.0078914101473	1016.035134135555	29.56
1087.033099718822	1024.7748922310827	29.6
1084.764960183602	1026.3109794682318	29.64
1089.351041645087	1035.079811105456	29.68
1086.8303953419947	1045.4607634513357	29.72
1087.3461038442908	1048.0802640418349	29.76
1088.8488684209017	1047.3578284678445	29.8
1091.7157660259181	1049.8944863144463	29.84
1094.6084443717857	1049.2770681783968	29.88
1097.6515775124963	1053.202516141556	29.92
1095.484273185808	1048.8066799810495	29.96
1094.3072011701001	1045.5395688098088	30.0
1084.9061470201784	1036.635459397584	30.04
1077.1331543066456	1028.3165026419406	30.08
1069.263915198128	1027.4747833042286	30.12
1065.1635698942894	1024.5590599871332	30.16
1059.9596819493509	1020.379466179284	30.2
1056.6214885019438	1017.3134847864884	30.24
1055.6811766463752	1017.7013642417779	30.28
1058.4945320491486	1017.6361533850583	30.32
1060.282663462821	1018.9560321861206	30.36
1058.2649375513565	1019.967425222219	30.4
1057.465830946751	1019.0516476343511	30.44
1057.695338868071	1019.5420337820066	30.48
1055.1326053800267	1018.9191196181872	30.52
1055.754156894048	1018.3331999749937	30.56
1053.3096687958562	1015.1506609165486	30.6
1053.5695884085474	1019.0825378892665	30.64
1055.1380529457826	1016.2343845876704	30.68
1051.1659372523611	1017.9227190049852	30.72
1051.568210952253	1012.3808092335931	30.76
1050.5011240980305	1010.668091700374	30.8
1050.3723350298883	1011.5645256939675	30.84
1048.9994384420102	1011.3757157772839	30.88
1047.435361923766	1013.531607067021	30.92
1047.5978218538562	1013.5688617077268	30.96
1049.1290667734638	1011.2911913134975	31.0
1050.2629429382812	1012.4730933772526	31.04
1049.1993580685848	1017.0725116916688	31.08
1049.5417645205075	1014.6284806611247	31.12
1050.3707698040337	1018.3469384177537	31.16
1052.1311836305335	1014.2541635390257	31.2
1049.4014371288263	1017.5654289440034	31.24
1047.4468499728007	1012.7803685486836	31.28
1047.7798226585876	1016.3572413769024	31.32
1048.2509992114606	1011.6309432586318	31.36
1048.3146292216609	1014.2617832813089	31.4
1049.5491179921146	1014.496082117267	31.44
1050.955103077466	1014.1116836632895	31.48
1048.791924811871	1014.9538951994174	31.52
1052.0899627806416	1016.3095136395692	31.56
1051.3173088564836	1016.3111140178966	31.6
1050.9492154908542	1016.4366563581996	31.64
1046.495585376308	1018.3954932405327	31.68
1047.2506329924404	1019.3790805641964	31.72
1049.1286348874964	1019.6884571140266	31.76
1047.8041890704824	1017.9380859597962	31.8
1048.9564308312881	1018.4083637203664	31.84
1047.6773849402982	1019.2027344494951	31.88
1052.3892666419579	1019.4893271460049	31.92
1049.8324242026097	1021.4094867456029	31.96
1049.9677454043479	1021.7830954726653	32.0
1053.106796891369	1023.0264501858911	32.04
1051.4564446362326	1021.8300619134909	32.08
1053.7391743367398	1024.5006259890436	32.12
1056.0054437218673	1023.4797027673685	32.16
1056.8910311189466	1026.0723361975142	32.2
1056.703365649675	1026.7645425131268	32.24
1056.202577286893	1027.4781937990101	32.28
1058.4502026799184	1027.4062614827312	32.32
1056.7694861332961	1031.6262300651692	32.36
1059.5945725068514	1030.7680674119736	32.4
1059.771823551743	1030.9002444221437	32.44
1060.2720690529463	1031.7607754058286	32.48
1058.9802442805503	1032.778135559266	32.52
1060.2268317236303	1032.1950265111543	32.56
1059.006995396046	1034.635771192681	32.6
1060.5112373428676	1035.2275099350165	32.64
1061.364058751843	1034.9966185378084	32.68
1060.3702881972686	1033.041898275916	32.72
1060.899938244816	1034.2175711331058	32.76
1059.877132071374	1036.7118764235597	32.8
1063.1352370445486	1036.9113171486522	32.84
1064.3516749374803	1037.0609163332688	32.88
1065.2533312879816	1038.4867663495982	32.92
1071.0849222787365	1043.4094316766639	32.96
1073.4162853756757	1044.8155714631696	33.0
1086.5059828497053	1050.115000177596	33.04
1098.0441424064238	1056.7705746026668	33.08
1125.5882623373611	1076.0627103622483	33.12
1164.560405614963	1102.3183899964874	33.16
1209.6673791845267	1138.9085751437349	33.2
1255.1323785568613	1179.7393857830155	33.24
1292.8007138715775	1211.860996235929	33.28
1315.8495155625774	1229.7345384279504	33.32
1337.6232185913989	1239.2997742748028	33.36
1353.453488282582	1244.6843211961002	33.4
1358.7001661881957	1250.2981352912998	33.44
1372.787663327272	1263.804619219644	33.48
1366.1419377311329	1269.6091331071939	33.52
1362.3084587201204	1278.7364730946865	33.56
0.0	0.0	33.6
0.0	0.0	33.64
0.0	0.0	33.68
0.0	0.0	33.72
0.0	0.0	33.76
0.0	0.0	33.8
1476.436584494631	1317.7048397564865	33.84
1519.689206196315	1326.8994483507531	33.88
1510.0566082562955	1296.2282933260856	33.92
1475.7204058906577	1277.4914584854803	33.96
1450.4197726026564	1243.754421784282	34.0
1307.0719600084885	1201.3418569455346	34.04
1263.8113408213744	1162.8452399924586	34.08
1327.4325585879772	1191.1373788790575	34.12
1269.0606583633614	1206.1927485202218	34.16
1268.5600243560377	1193.9384793714555	34.2
1279.0699558172905	1156.1824336011102	34.24
1268.0773655902733	1138.1657863007838	34.28
1251.3353959213932	1131.7703481421438	34.32
1277.0751192105563	1122.3895641161948	34.36
1290.434145880397	1110.6629413698108	34.4
1285.112957254253	1095.1147383041925	34.44
1278.1913420458138	1078.1632634604832	34.48
1279.7024241898903	1068.3314098260792	34.52
1279.9902197593865	1053.1853700451566	34.56
1267.712602948436	1034.55990737222	34.6
1268.6536107397276	1022.6660563254053	34.64
1255.0222589245184	1032.8105116514125	34.68
1238.8423010135461	1080.1675956607978	34.72
1256.9545011356886	1032.8510679401695	34.76
1264.0808890631738	1039.8035895893174	34.8
1261.6216870473359	1035.279532082315	34.84
1262.8940470607504	1038.022663177633	34.88
1269.970830432786	1060.4553273471818	34.92
1277.6885366780705	1079.5936787118876	34.96
1264.6207481810243	1063.033266436814	35.0
1279.5855904223656	1064.2797546941742	35.04
1267.1907299110449	1051.264798028154	35.08
1256.8250351162367	1039.827675799188	35.12
1225.8484219142858	1053.5215645354222	35.16
1252.5588629459394	1033.4079710156932	35.2
1251.3678212253526	1019.5896936172963	35.24
1240.3406102216281	1039.8492960822355	35.28
1168.0579689642245	1019.540022236295	35.32
1040.1940042106157	1018.2633922788816	35.36
1046.1365801482984	1011.406012203301	35.4
1169.5555368397745	1053.231228115416	35.44
0.0	0.0	35.48
0.0	0.0	35.52
0.0	0.0	35.56
0.0	0.0	35.6
0.0	0.0	35.64
0.0	0.0	35.68
1187.4557887503988	1127.287014784359	35.72
0.0	0.0	35.76
0.0	0.0	35.8
0.0	0.0	35.84
0.0	0.0	35.88
0.0	0.0	35.92
0.0	0.0	35.96
0.0	0.0	36.0
1154.6899154618143	1104.2036889530698	36.04
0.0	0.0	36.08
0.0	0.0	36.12
0.0	0.0	36.16
0.0	0.0	36.2
0.0	0.0	36.24
0.0	0.0	36.28
1136.5325108868237	1033.3775230157664	36.32
0.0	0.0	36.36
0.0	0.0	36.4
0.0	0.0	36.44
0.0	0.0	36.48
0.0	0.0	36.52
0.0	0.0	36.56
1016.9772433922587	1036.1440230699307	36.6
0.0	0.0	36.64
1094.8443126627283	1014.5899200694366	36.68
1058.1241384407638	1030.2378572584628	36.72
1043.26649865479	1009.0828188520269	36.76
1029.1892607594439	969.7995924086356	36.8
1026.96434185547	947.869403707795	36.84
1009.0140099609039	938.042913787886	36.88
1000.4912470865501	932.9638631436782	36.92
998.8593396652287	930.876643587501	36.96
998.788078960293	934.2274401017775	37.0
999.5872205490574	935.7847637463302	37.04
992.5013828877602	934.9432461338821	37.08
995.5807088785979	933.7215131432984	37.12
991.7846067385601	935.502790280063	37.16
991.5172520528918	933.6472685632269	37.2
994.9696582846984	935.8244918543379	37.24
994.2288746014572	939.6745406998923	37.28
995.3921962185858	939.7420189049943	37.32
999.9188987163851	937.9953744623706	37.36
998.0486011751126	946.3105615438295	37.4
1002.6742662097148	944.809776519137	37.44
1004.4334013432273	945.9055545205069	37.48
1005.4730909743274	946.2153476948129	37.52
1008.329761255394	948.6187483839558	37.56
1006.9713510071107	950.6825084948113	37.6
1007.2775249411812	948.3251239974797	37.64
1010.4540583702736	951.0099343233312	37.68
1014.2053124738514	952.6374249236158	37.72
1015.9248960387828	952.7093368228971	37.76
1020.7297887991971	953.0980221103753	37.8
1019.0002693727077	954.5698737520452	37.84
1021.3790872473833	953.3468541332384	37.88
1019.5639359181085	954.3533538894646	37.92
1016.307969590389	955.911121327599	37.96
1017.8292843457737	954.823028845374	38.0
1019.8033318028773	954.13988446263	38.04
1022.9840021091812	956.5025294164434	38.08
1022.6878801371892	959.2649749758701	38.12
1024.2443059224731	956.7615744819096	38.16
1028.6748244622595	955.2759737669138	38.2
1028.2156208654467	957.8297719517147	38.24
1032.6383609844127	961.4757432776191	38.28
1036.517941650328	959.9429073235253	38.32
1038.2181299272381	960.0296340213638	38.36
1036.7329706261405	957.9265784613264	38.4
1039.9849054904344	959.6715688756287	38.44
1042.733660100867	961.6065904097112	38.48
1043.171635604139	960.1983903038782	38.52
1049.7688065524965	961.165717455745	38.56
1045.5480042657537	960.3655958461178	38.6
1041.878464954128	958.8600366296978	38.64
1043.9522930616138	957.8822363208096	38.68
1042.6565167465014	958.4306679610884	38.72
1041.3610337821417	958.4172670857785	38.76
1044.6495617929054	958.262008462539	38.8
1037.6709533132434	956.1285037556951	38.84
1035.880900224678	952.9367579795355	38.88
1036.3186161055332	951.510798177793	38.92
1036.7696011793782	951.7010983444414	38.96
1031.6241114977456	949.4221611905002	39.0
1032.3219735438222	946.3289765676743	39.04
1033.084731509861	947.1485495105668	39.08
1031.2404631244513	946.5094076126447	39.12
1029.6877251447197	943.2273351012792	39.16
1026.7151797929564	942.5580104558022	39.2
1032.5245548205414	943.2776747330815	39.24
1028.8043972657906	942.9175026619909	39.28
1029.7862134404502	943.2760867577073	39.32
1023.7930746843671	941.4979774446454	39.36
1022.5191367611106	938.005543572542	39.4
1021.9717775555595	939.7868538860299	39.44
1020.1217954996803	942.7950286729344	39.48
1019.0883894438031	938.7099340266117	39.52
1013.5120491871297	932.0466920240764	39.56
1010.156820417071	929.2459532746819	39.6
1008.8127153564601	930.9542815669804	39.64
1007.4350584121429	928.6196821492792	39.68
996.4772067840755	920.63633093465	39.72
974.6633431137778	907.3276529554797	39.76
948.4843468925218	883.7591422823056	39.8
914.5206276584968	872.1832700986503	39.84
897.1626951752783	848.1352377788132	39.88
875.5169665119837	837.4454187253194	39.92
866.9226527251336	818.7647543116414	39.96
830.9876165870655	808.51590366785	40.0
815.2074257195908	801.5115533186457	40.04
818.7984323182117	785.0447779954868	40.08
802.4551701985398	782.972947596308	40.12
782.4017569682698	780.2216864221787	40.16
764.9911402392341	762.9600570114454	40.2
743.1246394324666	728.2271630709116	40.24
0.0	0.0	40.28
0.0	0.0	40.32
665.1766144124435	687.5815271460065	40.36
680.2452364890491	695.9910807956087	40.4
640.453573655411	681.6659629856908	40.44
637.9048595258928	657.9228867765063	40.48
621.278231789679	658.1924961250942	40.52
629.9549266557383	660.6051317384647	40.56
629.9464158079744	669.4508535131737	40.6
627.7466504743267	659.1649389198644	40.64
634.9374315203473	684.759234254278	40.68
0.0	0.0	40.72
635.9158600816095	669.7709264519223	40.76
0.0	0.0	40.8
636.0116974698617	664.5443376695615	40.84
0.0	0.0	40.88
0.0	0.0	40.92
0.0	0.0	40.96
0.0	0.0	41.0
0.0	0.0	41.04
0.0	0.0	41.08
0.0	0.0	41.12
647.9346756506131	675.6520948217371	41.16
0.0	0.0	41.2
667.3545755008953	682.523671050841	41.24
679.2592625227226	718.331585966294	41.28
0.0	0.0	41.32
0.0	0.0	41.36
0.0	0.0	41.4
0.0	0.0	41.44
0.0	0.0	41.48
706.9411521940198	713.5070772698665	41.52
0.0	0.0	41.56
0.0	0.0	41.6
0.0	0.0	41.64
0.0	0.0	41.68
0.0	0.0	41.72
0.0	0.0	41.76
0.0	0.0	41.8
0.0	0.0	41.84
0.0	0.0	41.88
0.0	0.0	41.92
716.167075644486	731.9042364190489	41.96
708.1831564082114	718.7917071272618	42.0
0.0	0.0	42.04
710.7394308138778	722.3513356536529	42.08
707.6623126661893	719.7593999458938	42.12
0.0	0.0	42.16
0.0	0.0	42.2
0.0	0.0	42.24
0.0	0.0	42.28
0.0	0.0	42.32
689.6407321740184	688.4208468646056	42.36
0.0	0.0	42.4
0.0	0.0	42.44
684.3542717880455	691.4828354797141	42.48
0.0	0.0	42.52
0.0	0.0	42.56
0.0	0.0	42.6
696.163577007115	729.655654742109	42.64
0.0	0.0	42.68
685.5557173809957	688.0363751290112	42.72
0.0	0.0	42.76
701.5156963699292	715.4999368089501	42.8
0.0	0.0	42.84
0.0	0.0	42.88
0.0	0.0	42.92
0.0	0.0	42.96
0.0	0.0	43.0
0.0	0.0	43.04
0.0	0.0	43.08
677.2252338188841	712.1695033796598	43.12
0.0	0.0	43.16
0.0	0.0	43.2
0.0	0.0	43.24
0.0	0.0	43.28
678.2132383274743	673.294044722086	43.32
0.0	0.0	43.36
0.0	0.0	43.4
0.0	0.0	43.44
0.0	0.0	43.48
0.0	0.0	43.52
0.0	0.0	43.56
0.0	0.0	43.6
0.0	0.0	43.64
0.0	0.0	43.68
0.0	0.0	43.72
0.0	0.0	43.76
0.0	0.0	43.8
675.0365526624155	684.2187516528863	43.84
0.0	0.0	43.88
0.0	0.0	43.92
0.0	0.0	43.96
694.5711121534314	721.6361982195031	44.0
0.0	0.0	44.04
0.0	0.0	44.08
0.0	0.0	44.12
0.0	0.0	44.16
0.0	0.0	44.2
0.0	0.0	44.24
0.0	0.0	44.28
0.0	0.0	44.32
0.0	0.0	44.36
0.0	0.0	44.4
0.0	0.0	44.44
0.0	0.0	44.48
0.0	0.0	44.52
0.0	0.0	44.56
675.0630329620975	683.5212980895485	44.6
0.0	0.0	44.64
0.0	0.0	44.68
0.0	0.0	44.72
0.0	0.0	44.76
0.0	0.0	44.8
0.0	0.0	44.84
694.3240508611327	680.6520810168454	44.88
0.0	0.0	44.92
0.0	0.0	44.96
0.0	0.0	45.0
0.0	0.0	45.04
0.0	0.0	45.08
0.0	0.0	45.12
0.0	0.0	45.16
0.0	0.0	45.2
0.0	0.0	45.24
0.0	0.0	45.28
0.0	0.0	45.32
0.0	0.0	45.36
0.0	0.0	45.4
0.0	0.0	45.44
689.5281485427267	697.7628581668225	45.48
0.0	0.0	45.52
0.0	0.0	45.56
0.0	0.0	45.6
688.5257435784287	716.6872845925482	45.64
0.0	0.0	45.68
0.0	0.0	45.72
0.0	0.0	45.76
0.0	0.0	45.8
0.0	0.0	45.84
682.6962362983726	695.003258448698	45.88
0.0	0.0	45.92
0.0	0.0	45.96
0.0	0.0	46.0
0.0	0.0	46.04
0.0	0.0	46.08
0.0	0.0	46.12
0.0	0.0	46.16
0.0	0.0	46.2
0.0	0.0	46.24
0.0	0.0	46.28
679.5848859176408	690.8015968262516	46.32
0.0	0.0	46.36
0.0	0.0	46.4
0.0	0.0	46.44
0.0	0.0	46.48
0.0	0.0	46.52
0.0	0.0	46.56
686.94115198381	692.0148497051453	46.6
694.0419986798228	710.5966109495806	46.64
0.0	0.0	46.68
0.0	0.0	46.72
0.0	0.0	46.76
0.0	0.0	46.8
0.0	0.0	46.84
0.0	0.0	46.88
0.0	0.0	46.92
0.0	0.0	46.96
0.0	0.0	47.0
0.0	0.0	47.04
0.0	0.0	47.08
0.0	0.0	47.12
0.0	0.0	47.16
0.0	0.0	47.2
680.2807924785061	684.1714083204221	47.24
0.0	0.0	47.28
0.0	0.0	47.32
682.6458598553289	702.439733068461	47.36
0.0	0.0	47.4
0.0	0.0	47.44
0.0	0.0	47.48
0.0	0.0	47.52
0.0	0.0	47.56
0.0	0.0	47.6
0.0	0.0	47.64
679.4958553059787	685.9164914137963	47.68
688.8591942628263	705.935741775298	47.72
0.0	0.0	47.76
690.7168957273909	720.2981678102165	47.8
0.0	0.0	47.84
692.914548224122	704.5085175855457	47.88
692.9760255351522	715.7045531473512	47.92
0.0	0.0	47.96
683.6732497165868	711.229864399004	48.0
0.0	0.0	48.04
0.0	0.0	48.08
0.0	0.0	48.12
0.0	0.0	48.16
0.0	0.0	48.2
0.0	0.0	48.24
674.9310980210142	680.2824135552585	48.28
0.0	0.0	48.32
0.0	0.0	48.36
0.0	0.0	48.4
0.0	0.0	48.44
676.4739309089875	704.664061721459	48.48
0.0	0.0	48.52
0.0	0.0	48.56
0.0	0.0	48.6
0.0	0.0	48.64
0.0	0.0	48.68
0.0	0.0	48.72
0.0	0.0	48.76
780.9768054023947	773.8937848949238	48.8
1212.6779279585337	1205.025758822283	48.84
1178.3712787668806	1147.2222155586526	48.88
0.0	0.0	48.92
0.0	0.0	48.96
1254.2280088732105	1074.1175554365261	49.0
1280.6518523597485	1083.694904463972	49.04
0.0	0.0	49.08
0.0	0.0	49.12
0.0	0.0	49.16
1286.4131566865415	1099.2165915603935	49.2
0.0	0.0	49.24
1278.9118375699052	1102.652331135092	49.28
1277.3034546940469	1107.119052936722	49.32
1276.1866915154549	1112.4222691463287	49.36
1281.7182277384225	1117.2725837529233	49.4
1283.0196718952245	1124.3606185030287	49.44
1288.6172465882655	1129.3370131920453	49.48
1295.269547826492	1135.5778069280686	49.52
1299.6352595639046	1140.5853282529026	49.56
1306.5870632715564	1141.0917444059612	49.6
1313.1450132810664	1143.6490685741078	49.64
1317.2430826605992	1146.938984740151	49.68
1322.6421910990487	1146.4964971114994	49.72
1324.7581721286988	1141.074237483837	49.76
1316.5758978993736	1131.546657385082	49.8
1306.0189353376193	1117.6182004948705	49.84
1281.6371058694476	1093.7719854597851	49.88
1246.4153127112293	1054.1356698219156	49.92
1197.7686497397656	1010.2461986063862	49.96
1141.3510975814468	974.5364899694881	50.0
1107.1956321741518	979.1009568249267	50.04
1109.574314183714	1023.2853929333658	50.08
1124.717458386749	1070.7745339945845	50.12
1137.3253221081068	1134.9251649851456	50.16
1142.6559344924988	1199.5190157715294	50.2
1143.0267382711884	1201.365428859395	50.24
1119.793615466481	1245.776078283143	50.28
1050.6143065460421	1212.173945880148	50.32
1028.875939239792	1166.1418799673409	50.36
1338.0060007219531	991.8689594643612	50.4
1002.0236785033453	1046.8649518714094	50.44
1318.1418718611599	1004.8003904700398	50.48
1288.6030100360165	1024.3107074555314	50.52
1325.2709146834247	1011.1677771608222	50.56
1289.9630533416507	998.1859933164509	50.6
1317.3583802644264	985.9539085973596	50.64
1306.7604185025477	980.3941465965491	50.68
0.0	0.0	50.72
1140.2884502999934	958.1491849267076	50.76
1111.8707417480994	926.909954526006	50.8
1121.0228142840513	901.6604316385313	50.84
1108.110811191456	899.4309180571604	50.88
1137.3830775785564	905.1103637601942	50.92
1312.7749289915146	897.395722214874	50.96
972.3108467511094	845.2110258786371	51.0
1282.6310514635807	985.9063741431463	51.04
1194.1884862112136	1044.1332795498467	51.08
1157.5878038843973	1057.7549309647773	51.12
1155.3071093165672	1082.616659481947	51.16
1172.9056654733251	1104.168008815199	51.2
1191.8111080929457	1138.725165858338	51.24
1214.7720779310062	1182.2483414247345	51.28
1229.6931002846452	1215.9591174931584	51.32
1256.7352531134054	1253.020966842398	51.36
1286.3410766540646	1297.1261580810547	51.4
1314.8331017867038	1321.7745845458935	51.44
1341.1872267601764	1349.6936444748353	51.48
1368.3465969622562	1376.8521343286068	51.52
1393.9697124097725	1397.014538567417	51.56
1418.8647632084292	1436.5448155725699	51.6
1431.4137720270728	1448.173911401537	51.64
1424.4171653680019	1433.0526458685256	51.68
1410.1808046079125	1408.0702639076812	51.72
1384.1159516600396	1379.6298459050408	51.76
1375.5287468961908	1357.9613861496614	51.8
1347.1845419615072	1331.423021281637	51.84
1322.8782673743844	1297.63242242153	51.88
1293.7816623202561	1259.0887006817716	51.92
1262.4026863336048	1218.3592265380018	51.96
1226.632887705774	1185.8428059090888	52.0
1187.3356245960963	1149.3198409433046	52.04
1156.5210809577243	1122.619152036742	52.08
1140.1909862327852	1099.4979019618986	52.12
1123.1295113982435	1080.0196280633934	52.16
1112.4431706959012	1069.6884060092539	52.2
1105.1740622834714	1059.83475503246	52.24
1096.7843566626816	1051.025523251998	52.28
1090.3712755738802	1045.3026692064566	52.32
1086.3742603091036	1039.9885519940717	52.36
1081.9989508524059	1037.1451891831427	52.4
1080.58117707211	1032.9628980492694	52.44
1078.4827059718662	1028.4099686178338	52.48
1076.9922869110796	1027.3338473785782	52.52
1075.7784332825913	1027.8547960653825	52.56
1073.8343015711537	1026.1092408295283	52.6
1069.5977073705624	1025.6108824991293	52.64
1067.9350004727285	1022.876192789943	52.68
1065.4470216736852	1022.724545808867	52.72
1065.2691697056218	1021.7255087049364	52.76
1067.2578956616992	1024.602264331212	52.8
1068.3725624050066	1024.5787003166074	52.84
1071.9221876819736	1027.8607140942188	52.88
1077.8564645889658	1030.4720354500655	52.92
1077.9483555191175	1038.3199660134678	52.96
1081.3868558098618	1037.606418948728	53.0
1080.8568738430233	1036.2364567309316	53.04
1081.837759321776	1036.9408956472282	53.08
1084.9229764395795	1037.963184438406	53.12
1080.355913812364	1036.599582551898	53.16
1079.1201739374887	1034.323156626105	53.2
1077.2252651802619	1032.8900300722046	53.24
1076.7824113721822	1032.9706125350224	53.28
1076.6196471358649	1033.535074127548	53.32
1076.1767027537971	1031.5221016937046	53.36
1075.5819489083158	1032.0384452416777	53.4
1073.3392837706626	1029.2840985977596	53.44
1069.3512231561913	1027.590893150868	53.48
1059.851109831922	1021.495057599351	53.52
1060.9258377292665	1022.0713250893451	53.56
1060.6220017573864	1023.2596531806372	53.6
1061.2249343014466	1026.5112265626585	53.64
1064.6725439288596	1030.599040832116	53.68
1066.6231148091063	1031.9734631213994	53.72
1063.9408374506877	1032.8155980839033	53.76
1061.2431711881868	1028.8896254385054	53.8
1058.283688858112	1025.4280224294569	53.84
1053.580503016676	1023.1403113294723	53.88
812.8361977254938	767.8742874342694	53.92
810.9276428879538	762.4010382087044	53.96
816.3207574222698	768.7922470330706	54.0
827.2846314622699	773.6959501546754	54.04
832.8429094392446	772.0100342401938	54.08
830.3243564856078	768.482067418313	54.12
830.3217265922584	768.9426328155859	54.16
837.8590997301623	780.7117766325409	54.2
843.4289694955977	789.0570068912193	54.24
846.6738491056515	784.8902371124395	54.28
845.6197940094514	785.7771826451947	54.32
843.187441898827	787.9530787169637	54.36
843.3242289489675	783.3271341972317	54.4
844.3215060229344	784.6761133997779	54.44
843.0217735215358	794.3423261568065	54.48
839.1951752448676	786.3555584563497	54.52
827.5281518905938	763.6591910999532	54.56
826.8481891693527	764.288000799814	54.6
824.306293606213	762.1104702977702	54.64
830.1605643687963	776.8364360564582	54.68
834.1111139690707	777.5936325175123	54.72
837.4526687258632	797.5569715735022	54.76
834.8877516621747	777.7268326972978	54.8
831.834980211229	775.1316780247547	54.84
836.8711489549137	788.3368617872236	54.88
834.0699843494898	774.0290735646759	54.92
837.0002587796297	770.0044965759648	54.96
835.4885358493012	777.5644133285845	55.0
836.1453799263267	783.8441524356881	55.04
826.4586735076778	773.8004915448491	55.08
822.9102044126755	757.0829629770893	55.12
821.4875469790603	746.0444533259323	55.16
819.0124213310519	757.7433738653111	55.2
813.925752501153	754.9912465973647	55.24
825.9143800740387	762.2874018688887	55.28
835.1990028386933	766.9006402715247	55.32
830.8894161856078	767.6025978515759	55.36
842.6422559230263	785.5230866183532	55.4
845.5836684901841	796.4736746252693	55.44
847.202539113787	816.826678433145	55.48
851.5388618218252	813.0033478995584	55.52
850.4330548367517	793.1810320958184	55.56
847.536486724668	787.7230921156165	55.6
845.5881851809672	800.0894569002712	55.64
845.3870053752147	798.632610966287	55.68
848.4129342504584	792.2297067518892	55.72
845.3607564692475	787.5569751285385	55.76
845.1745761714737	776.9754244770324	55.8
847.9088206657856	792.6857891526051	55.84
846.3548328801331	792.2382321762958	55.88
844.1989257125016	788.3767003569703	55.92
843.0369566795324	781.9496579722279	55.96
837.9734607432354	787.2654239549909	56.0
840.0604031194331	792.8966175874378	56.04
840.685855528919	786.1606237621824	56.08
836.4643447064503	790.1348824323823	56.12
840.5281179249043	784.1598722456898	56.16
837.3092217953181	786.8918231866807	56.2
834.1942314224975	785.9197266377744	56.24
838.9936748049779	773.9299284782396	56.28
836.3400315831005	774.145315604119	56.32
836.7496444153718	792.1199972158408	56.36
837.5481355384829	793.4837261374286	56.4
831.3656460374876	787.5875824354653	56.44
834.6835086273452	781.1986206847636	56.48
829.1326301916131	785.1348930487424	56.52
828.2580829259095	767.9171545322965	56.56
828.5239470590024	776.5713998103411	56.6
828.7382395303973	778.9022557801412	56.64
825.3788331702715	789.7638426268011	56.68
830.3909054177079	775.3643111519077	56.72
829.4584537903053	786.0025987161608	56.76
830.4855066478053	789.2820081298798	56.8
830.3328590193933	774.144523264108	56.84
827.9662656474391	768.1999909269881	56.88
828.4559243998407	772.6999032528408	56.92
836.1964706608769	780.8503009942173	56.96
837.0016521574045	789.3266006436808	57.0
837.6574093138329	776.3659837000993	57.04
844.2006193124752	791.6521031343658	57.08
841.5069339832778	771.0236975209451	57.12
840.898157239529	779.4302699290408	57.16
846.122989983255	790.5142293969504	57.2
843.9615694151012	788.2858120403316	57.24
839.8296027775606	787.4210453933387	57.28
846.8838831440137	802.2365725463798	57.32
844.0428489252192	789.7771477674198	57.36
843.4183365111226	797.1461018903918	57.4
833.9163794536703	782.1854799461578	57.44
835.1495859309547	779.7734311611167	57.48
836.7162288885503	782.413522897091	57.52
833.8555749203082	783.6471572320341	57.56
835.9032313134175	771.8771182761553	57.6
832.537655428246	784.6058169777349	57.64
833.8367345441573	767.2157097369058	57.68
831.4592866868311	760.0800402361311	57.72
835.1248958824883	766.2415450359038	57.76
832.9353269381916	777.3780066628806	57.8
830.6788954473618	772.7811861590019	57.84
829.7893115799806	772.5687301159337	57.88
817.5194817330986	761.7205202813014	57.92
805.5084697868544	748.3260359646052	57.96
802.8741141051426	761.143329111508	58.0
815.9746396967586	764.0939602902205	58.04
820.5193828214385	764.3692878339873	58.08
822.8484695054811	758.0334298553862	58.12
826.103226395256	753.5761525764158	58.16
825.3310957381279	761.3414820112029	58.2
828.9698985520416	756.7496531019789	58.24
833.3149759399195	767.0699051177597	58.28
838.3556997814107	765.9436767975177	58.32
846.2667341676445	759.51048021698	58.36
856.6360496574115	781.3556673548932	58.4
872.7733706447978	795.982554677392	58.44
879.1587704283494	791.0452500895501	58.48
888.8693998365322	799.3493498879398	58.52
901.1339318369726	813.7902676823161	58.56
920.4903404788146	842.7541746443094	58.6
931.4962954194755	851.7581470653502	58.64
944.0687651588204	863.1177544930775	58.68
953.1204052561906	861.6024336260335	58.72
956.5516062603655	874.5014330495982	58.76
969.1549348380655	877.6622339262918	58.8
975.8958798408624	883.97695200694	58.84
978.5325306187601	885.7674694698819	58.88
983.3522819441098	896.4252384331398	58.92
984.306173630269	893.7796707464109	58.96
983.2577287840771	894.1358831860975	59.0
985.9371559347908	895.4674189891764	59.04
987.0850443247352	901.7778805467452	59.08
978.9738778110656	895.9852610779906	59.12
976.6955952842674	893.1907832834249	59.16
977.5427546734102	879.1568589869593	59.2
967.2982880581256	874.2272984962282	59.24
969.7174470718451	878.1145047460088	59.28
973.2511857264872	885.6488907664531	59.32
978.9357951761276	885.793736175699	59.36
967.1497767854471	885.828163710216	59.4
964.8788213078732	868.38568362626	59.44
958.5182079447687	877.8197721551046	59.48
959.72374777305	862.2919450413701	59.52
961.5478439138242	861.2318401533372	59.56
961.4055175688643	869.1558302283092	59.6
962.6358034197343	871.4886718003092	59.64
974.9229560266682	891.592041083592	59.68
986.4046237772748	904.349246960132	59.72
1004.0334975692483	925.56182569312	59.76
1008.5178597801578	927.4422572107134	59.8
1010.3626182412823	930.0512896404879	59.84
1022.0798360580716	932.9313447073577	59.88
1031.7594328795387	944.7763125402591	59.92
1036.8598827328976	949.2941618616325	59.96
1045.592234322943	949.0932967261596	60.0
1051.2225356212516	963.9418921501567	60.04
1053.5223431259262	966.8012438121519	60.08
1053.315723344732	963.0091208452098	60.12
1056.0140866105837	966.7494299698632	60.16
1058.0456703813145	961.6478600279639	60.2
1056.2824427306032	968.1498051990482	60.24
1056.7430284546008	975.0966649342643	60.28
1055.418682721543	966.0486416725316	60.32
1047.2537055061869	958.540765620261	60.36
1048.9398923602648	962.2450901884642	60.4
1050.8170641053925	961.147280576652	60.44
1053.857262566069	962.8381461497881	60.48
1051.202378980154	962.8458936344605	60.52
1041.066028879804	963.5139068843724	60.56
1028.9336720196595	957.158049078867	60.6
1014.6675571003168	949.8179990734726	60.64
1007.0604782186883	947.1364570972991	60.68
1000.1414199486996	929.3476799077335	60.72
993.5180072139517	919.108173609322	60.76
989.8319960200233	911.4349692195672	60.8
979.5199212479882	889.3722949703832	60.84
971.2303060868063	880.3095383912723	60.88
967.192694253635	891.0675987884995	60.92
961.6348587001758	889.3568830312396	60.96
964.9890798491571	900.0928016513153	61.0
966.70860293202	909.6673001725146	61.04
966.1972145970468	914.0456025827269	61.08
967.4376661517975	910.029967557572	61.12
968.8743420879424	908.874204374627	61.16
974.3196107722579	910.3181058359312	61.2
978.4752004315535	920.5862954701988	61.24
979.0436840171645	928.5091227325773	61.28
982.1716850637575	925.5798413152227	61.32
981.6049601850968	932.6851370192827	61.36
979.5923433154355	934.0796891115272	61.4
980.8855698408652	928.2307747158928	61.44
985.7529167081684	925.6968102943863	61.48
987.4772744550472	933.3849507693832	61.52
993.9049000357016	954.1506388742915	61.56
992.7497986484543	933.5015790585559	61.6
986.2080184571897	940.6116409980247	61.64
985.3872078131411	926.4529907066834	61.68
982.116338803549	942.3023372879044	61.72
980.4578378074877	928.9076313292913	61.76
977.427652257678	919.1868391886522	61.8
973.9325531221193	926.6363741141662	61.84
974.7692919897362	926.9086137011302	61.88
973.1453448152013	926.3861091107079	61.92
973.3669563683834	927.702977451305	61.96
969.7789589258056	910.1008832662775	62.0
979.3016023531322	931.9055303549649	62.04
978.1989166440461	922.2829459803207	62.08
978.2180620668357	918.6076656319625	62.12
978.2443646105297	926.3122998892205	62.16
974.6243618390577	932.2256127341873	62.2
972.0621333939516	909.6267567888577	62.24
965.0729205685041	918.1260663150334	62.28
959.7214022338742	903.0243960277362	62.32
961.1032549224908	917.0394993036319	62.36
964.9606074293101	929.2601905234735	62.4
971.1311763599587	937.894081571218	62.44
973.8365918322306	934.7827888272125	62.48
974.8683432682948	933.7282648393373	62.52
976.7269554906247	934.0169415588207	62.56
979.6933133304266	929.1652437494541	62.6
982.6045999661912	933.562515558743	62.64
983.9850404453714	925.0805316368054	62.68
989.930976620182	928.0666718756063	62.72
993.5609061888197	935.8405760208431	62.76
994.9344549957635	929.7918010273644	62.8
1002.292903712022	957.5281032172657	62.84
1002.8855271137077	942.5311971466214	62.88
1015.3190572309559	945.8511959722377	62.92
1028.4841339982543	934.7555284008805	62.96
1046.017943756598	940.7683865188051	63.0
1056.539520828411	957.8335814947699	63.04
1057.5511025514177	978.0039113376446	63.08
1065.3030479706306	965.4520186045712	63.12
1074.851211489461	986.2617461654992	63.16
1091.7147383443946	983.5802634265568	63.2
1097.5376828855879	975.3490075827747	63.24
1110.6780257271207	991.1666535501254	63.28
1124.599363680014	997.0257043721066	63.32
1134.3199478725505	1004.0111889000623	63.36
1143.6231938669268	1008.6707671251268	63.4
1161.8269219839292	1018.5700664047815	63.44
1183.887571089174	1032.9665179029807	63.48
1215.6975801046797	1066.2453345191482	63.52
1238.5642475080763	1113.7039816275437	63.56
1249.887906502069	1131.8472532452058	63.6
1257.1455504030068	1161.9576163688414	63.64
1268.2369183542578	1188.830643587687	63.68
1276.760453215539	1214.4376970213464	63.72
1290.255639185328	1224.213768137036	63.76
1300.5180517188605	1233.3494776974485	63.8
1303.3462894716602	1236.9349144988466	63.84
1300.0621221538026	1236.3107133960507	63.88
1290.6593894991602	1234.9469542446816	63.92
1289.0914796019072	1237.2948846377894	63.96
1285.4824073687398	1237.8933624174547	64.0
1288.5344116814651	1239.9726446811246	64.04
1286.362854823069	1241.8379313934938	64.08
1284.692044998179	1242.6460751632299	64.12
1283.6287773135318	1243.5227692166557	64.16
1284.3820493497951	1244.6725814510871	64.2
1287.32947762468	1249.9143744199148	64.24
1293.663267604011	1255.3249219300774	64.28
1292.0455010964838	1257.5922028006241	64.32
1291.713744121655	1259.0929235044798	64.36
1292.206053998253	1256.5711270421205	64.4
1287.0021049869356	1253.633310403911	64.44
1275.7083856937154	1245.0172600221117	64.48
1268.909963144141	1236.8137951552915	64.52
1255.999863946799	1235.1980950049865	64.56
0.0	0.0	64.6
0.0	0.0	64.64
0.0	0.0	64.68
1361.7196354885	1520.1298680913392	64.72
0.0	0.0	64.76
0.0	0.0	64.8
0.0	0.0	64.84
0.0	0.0	64.88
0.0	0.0	64.92
0.0	0.0	64.96
0.0	0.0	65.0
0.0	0.0	65.04
0.0	0.0	65.08
0.0	0.0	65.12
0.0	0.0	65.16
0.0	0.0	65.2
0.0	0.0	65.24
0.0	0.0	65.28
0.0	0.0	65.32
0.0	0.0	65.36
0.0	0.0	65.4
0.0	0.0	65.44
0.0	0.0	65.48
0.0	0.0	65.52
0.0	0.0	65.56
0.0	0.0	65.6
0.0	0.0	65.64
0.0	0.0	65.68
0.0	0.0	65.72
0.0	0.0	65.76
0.0	0.0	65.8
0.0	0.0	65.84
0.0	0.0	65.88
0.0	0.0	65.92
0.0	0.0	65.96
0.0	0.0	66.0
0.0	0.0	66.04
0.0	0.0	66.08
0.0	0.0	66.12
0.0	0.0	66.16
0.0	0.0	66.2
0.0	0.0	66.24
0.0	0.0	66.28
0.0	0.0	66.32
0.0	0.0	66.36
0.0	0.0	66.4
0.0	0.0	66.44
0.0	0.0	66.48
0.0	0.0	66.52
0.0	0.0	66.56
0.0	0.0	66.6
0.0	0.0	66.64
0.0	0.0	66.68
0.0	0.0	66.72
0.0	0.0	66.76
0.0	0.0	66.8
0.0	0.0	66.84
0.0	0.0	66.88
0.0	0.0	66.92
0.0	0.0	66.96
1637.7407861713616	1654.1375668192572	67.0
1606.0865837321942	1650.1254297029934	67.04
1586.9725138631122	1625.4517926247777	67.08
1570.1526316830182	1603.2264795995602	67.12
1554.6428767002656	1575.4917644696538	67.16
1543.6764894698952	1550.8657974131481	67.2
1534.202723379683	1532.7690878829114	67.24
1526.2542921152808	1517.4287756141962	67.28
1520.3250845716432	1507.1993520752424	67.32
1515.6794406703516	1499.4870071703617	67.36
1514.2423517222333	1492.702932694726	67.4
1514.909937478171	1494.299761623583	67.44
1516.8833163319537	1509.9818142735817	67.48
1519.5902382594645	1536.6773361029743	67.52
1524.1846611024941	1547.1355006750337	67.56
1526.225945809547	1537.707177534837	67.6
1526.8015532596548	1528.1258846202736	67.64
1526.6898793022292	1523.6671874836707	67.68
1527.7257362058117	1523.6391790497628	67.72
1530.386413980459	1526.2111458105892	67.76
1534.8168278705743	1529.998184129935	67.8
1537.8194464679984	1530.987875643886	67.84
1538.3200649581763	1530.7528923359423	67.88
1538.8893639386743	1531.2478785085575	67.92
1537.7762093500683	1530.7065382730739	67.96
1537.0933114972215	1528.195725896722	68.0
1537.2160388349355	1528.6235421927827	68.04
1538.5795880153019	1528.8077917891824	68.08
1545.33521504321	1538.6270325824535	68.12
0.0	0.0	68.16
0.0	0.0	68.2
0.0	0.0	68.24
