Thumb_R	Index_R	Time
0.0	0.0	0.04
0.0	0.0	0.08
0.0	0.0	0.12
0.0	0.0	0.16
0.0	0.0	0.2
0.0	0.0	0.24
0.0	0.0	0.28
0.0	0.0	0.32
0.0	0.0	0.36
0.0	0.0	0.4
0.0	0.0	0.44
0.0	0.0	0.48
0.0	0.0	0.52
0.0	0.0	0.56
0.0	0.0	0.6
0.0	0.0	0.64
0.0	0.0	0.68
0.0	0.0	0.72
0.0	0.0	0.76
0.0	0.0	0.8
0.0	0.0	0.84
0.0	0.0	0.88
0.0	0.0	0.92
0.0	0.0	0.96
0.0	0.0	1.0
0.0	0.0	1.04
0.0	0.0	1.08
0.0	0.0	1.12
0.0	0.0	1.16
0.0	0.0	1.2
0.0	0.0	1.24
0.0	0.0	1.28
0.0	0.0	1.32
0.0	0.0	1.36
0.0	0.0	1.4
0.0	0.0	1.44
0.0	0.0	1.48
0.0	0.0	1.52
1382.859928506822	1334.994021625765	1.56
1313.9758572463902	1245.4887043796346	1.6
1264.9557447433488	1178.2443094991938	1.64
1228.1882113650315	1136.579388311588	1.68
1201.0953266076892	1103.6564510917224	1.72
1185.8617971692518	1092.0956184566583	1.76
1183.847288739724	1086.6383323127684	1.8
1167.2136873238283	1075.1879043166919	1.84
1154.0460396924555	1071.8881009817526	1.88
1141.2646980221498	1068.4430064058804	1.92
1119.494900850288	1063.8645532547512	1.96
1127.9994847621797	1068.056765164536	2.0
1129.418738976467	1069.7375980134802	2.04
1145.5377417285117	1073.1524030824296	2.08
1145.7181924938138	1072.2310729395965	2.12
1146.0912116010893	1073.9385396507598	2.16
1134.6101990910686	1069.4928229988125	2.2
1126.1484334716517	1075.8455291472358	2.24
1112.6988826850688	1074.1655414325585	2.28
1111.80914298646	1081.1036122830694	2.32
1106.5631366517239	1079.5758996981883	2.36
1104.4115761402222	1081.194022158904	2.4
1113.0061769180656	1080.9943442499407	2.44
1112.804979973375	1076.4478500454688	2.48
1112.9160116705732	1075.314743561482	2.52
1113.9723368998814	1072.0730917160245	2.56
1111.9817281547107	1068.3999678881405	2.6
1102.5861262409087	1056.6932517149655	2.64
1096.6903582217708	1055.6015681897438	2.68
1092.0267384895394	1051.7995407451558	2.72
1090.0167134792696	1045.742691510262	2.76
1084.9165399829217	1035.0767890003056	2.8
1084.1563706937952	1034.085072095253	2.84
1078.279661929311	1031.4151787298094	2.88
1077.9116671962659	1032.7529486845608	2.92
1075.1830266983502	1033.6542780169857	2.96
1077.4664463312715	1021.414395764438	3.0
1079.2536379573528	1032.2244363955056	3.04
1086.984371165028	1028.8088603093713	3.08
1093.2308473831024	1033.4466276777498	3.12
1096.5400259238477	1044.1314034556835	3.16
1094.2323936273497	1037.3370565462576	3.2
1097.573108118701	1052.0970868599272	3.24
1095.1298098789373	1047.3450983233788	3.28
1094.0519342675443	1039.1589110736945	3.32
1095.7151403042812	1041.558173208814	3.36
1094.3071371820527	1035.87230789506	3.4
1094.8163530952763	1043.8887128256288	3.44
1089.9030483056704	1035.671852001759	3.48
1095.2436614033581	1038.1770080411495	3.52
1101.3527366150986	1046.4619377073063	3.56
1101.73373029597	1045.732304000563	3.6
1109.5503539053038	1053.5160296822594	3.64
1105.8125409129518	1047.8564213844993	3.68
1139.2037723826347	1090.1437506636694	3.72
1186.6281350243137	1144.1762555472242	3.76
1227.2161960034462	1194.9605471908772	3.8
1228.473895389021	1194.5537561550038	3.84
1225.3639101048257	1171.219474561005	3.88
1209.142806754942	1160.0974153322254	3.92
1200.805823948793	1150.7068898623058	3.96
1187.8067790571206	1127.8366046481858	4.0
1195.6129593400988	1132.0473250676705	4.04
1194.3417699746994	1139.4275210518276	4.08
1197.5727528254245	1141.731785303521	4.12
1199.266242181794	1150.3789666310606	4.16
1199.1081054421904	1144.8032858743722	4.2
1197.7372364227722	1140.2134006735878	4.24
1199.66092586092	1135.9541750508586	4.28
1199.166836244545	1138.771304663347	4.32
1201.452983389494	1142.032964084593	4.36
1198.8257588071547	1141.3561458981567	4.4
1198.7414934962565	1148.060833577436	4.44
1191.9192619716437	1134.5656651264896	4.48
1182.5841061261883	1111.5917891011359	4.52
1183.5053323206712	1120.3737945991459	4.56
1178.796087143822	1121.7034847196976	4.6
1171.5392457243067	1113.7422532641617	4.64
1167.574590043645	1103.5035413172416	4.68
1158.3434989563111	1094.7332497542411	4.72
1160.128180597709	1098.2379207068525	4.76
1167.0413470392464	1100.6152899322763	4.8
1168.282364263569	1104.0430044740947	4.84
1166.6136036274736	1107.3399488670168	4.88
1165.5683242941534	1097.269696104363	4.92
1167.4263339808822	1103.6790509928653	4.96
1166.4028078100928	1101.8215759016557	5.0
1166.0266683143386	1098.4856500135888	5.04
1171.10097013878	1102.681490827156	5.08
1170.566344301929	1103.0669278052558	5.12
1170.5539182602167	1100.8380141351813	5.16
1169.0571518030583	1097.2597466652526	5.2
1162.0238796452063	1090.7397328747986	5.24
1156.2362409423945	1082.8427332824501	5.28
1145.239618677609	1069.3606657803562	5.32
1133.6213310457558	1060.1835545258164	5.36
1129.0487647236923	1054.7137011251777	5.4
1119.9446341818973	1054.260308741012	5.44
1114.880018794697	1047.8026823489786	5.48
1107.0870357636527	1041.4131425233438	5.52
1091.635960443945	1025.5664679212116	5.56
1062.83832638522	999.497320892289	5.6
1043.6781763473834	988.1153597886125	5.64
1036.057294453841	971.1853779742385	5.68
1021.2421741887322	957.8270468828129	5.72
1010.7938829046858	943.6740845593089	5.76
997.78458871133	932.9720266633129	5.8
993.6380215829289	921.0403386117094	5.84
993.3499544662697	918.8092421109305	5.88
991.7483005925592	924.9472542732519	5.92
994.795493962157	924.7152881307879	5.96
996.4858751075811	929.771141735694	6.0
994.1055822891038	926.5989946830017	6.04
1002.6329003782093	928.1281116713496	6.08
1006.6530299414203	925.7279156362328	6.12
1017.8422021354387	935.0906324433622	6.16
1027.0724379879193	935.4941595352834	6.2
1030.6048306952057	944.9025449237455	6.24
1037.2380214059374	967.1295667737585	6.28
1056.7665558185495	993.6092265145782	6.32
1081.322510094805	1028.2762226000007	6.36
1113.985368939311	1056.7824876389877	6.4
1126.9831195842305	1082.2937445831944	6.44
1127.4505468575142	1107.963318212807	6.48
1139.8598991048577	1113.8420363351643	6.52
1145.737725684904	1115.6554448245645	6.56
1138.6885544900456	1113.7080453428198	6.6
1139.2267658906533	1109.4816986759865	6.64
1137.4551151713829	1110.5477368646095	6.68
1138.6028249902859	1109.3862311808634	6.72
1137.361842578577	1109.2451384503224	6.76
1134.8370635275567	1107.3127811500408	6.8
1139.0100856638255	1114.5893514186282	6.84
1147.9594395004083	1132.514085904619	6.88
1157.560280572986	1146.7625251448553	6.92
1170.0890244083928	1162.4795352212666	6.96
1181.6528066452404	1177.1355887831505	7.0
1192.3357141313309	1188.9633829801062	7.04
1199.212445513132	1198.5630997637654	7.08
1209.0441320736686	1205.1037238667336	7.12
1212.5412281520703	1207.1550379880812	7.16
1208.9635056605339	1206.8726699317422	7.2
1206.4862256436577	1199.5138169618463	7.24
1200.0980827679994	1191.206143003292	7.28
1195.3389084432945	1186.5504588475728	7.32
1192.5485345073546	1182.8522541619423	7.36
1184.7336003699884	1181.0559992913975	7.4
1183.137946113465	1180.6245647411015	7.44
1175.9202796005075	1173.1845614650938	7.48
1174.2744976935237	1168.388701611858	7.52
1166.8854092146623	1160.353633884341	7.56
1157.7629859844942	1144.4900214742336	7.6
1140.6391022864568	1127.2163857948299	7.64
1121.0961085588515	1106.526081565904	7.68
1099.7559195653778	1085.3487017938003	7.72
1083.6048840323576	1068.124838987491	7.76
1070.798859018684	1054.1277014829802	7.8
1060.6574035161343	1044.0843780299556	7.84
1053.2237378681054	1036.1134559709049	7.88
1044.3276456945982	1026.9205482013224	7.92
1038.1670554704021	1017.4060164050259	7.96
1031.5344964739961	1012.9857622017373	8.0
1027.4606369931814	1006.2100961753657	8.04
1017.8278097809861	997.35748381546	8.08
1006.3552936075173	987.2031502325547	8.12
996.86490984075	980.3775794361364	8.16
990.8738342215565	973.9741777441099	8.2
987.7540577648394	972.6599223983778	8.24
988.2252346709413	973.8767661934063	8.28
989.6288210508627	973.9605813979682	8.32
993.9016869051487	974.5968988878245	8.36
996.3019349032985	978.3203076392343	8.4
999.2788596429824	974.1818670828848	8.44
1001.0375571130276	979.7150965233767	8.48
1002.4134276323275	982.8670318970953	8.52
1004.0546408061557	986.9421720886376	8.56
1005.4527719211326	987.5927951567575	8.6
1006.8905297593782	987.553716949709	8.64
1005.3109004921281	988.4413457382308	8.68
1005.2767445186297	987.287358685485	8.72
1007.3985912173209	987.4865089354397	8.76
1005.6560969664806	989.5064689759648	8.8
1006.0568916482785	987.1728089707692	8.84
1004.3262651042844	987.573285652807	8.88
1003.6315099050094	985.0214664307709	8.92
1000.2900614640331	982.5374052216206	8.96
998.6885948697213	982.040580655037	9.0
1000.9114994659617	982.4582277761973	9.04
1001.7188031645154	982.6037135388508	9.08
1002.8283371938604	984.4383249213482	9.12
1006.9501581356524	985.586518507624	9.16
1007.7455438758623	985.212831405317	9.2
1012.3118219866216	985.1902721239115	9.24
1013.7999164197191	984.9978643447332	9.28
1016.5065279772551	985.8298903438666	9.32
1011.9491111064929	988.4381455076776	9.36
1012.0686295101752	985.8804530573977	9.4
1011.8817892034671	986.1428202716213	9.44
1012.5704731446184	986.040978363253	9.48
1013.2710857899937	986.4867168410794	9.52
1015.9413720001775	983.1117003756511	9.56
1018.7227573375085	982.3368574065275	9.6
1018.5976039833333	982.1929460259495	9.64
1019.0192683837987	982.007092957594	9.68
1019.695310023624	989.9949323890556	9.72
1022.6405841846375	996.4774852813111	9.76
1023.3355101456877	998.0655145992329	9.8
1024.391362432018	1000.30818063479	9.84
1016.8172614470398	1002.6563375598618	9.88
1013.6559774278618	1008.7861926137392	9.92
1010.4205626490489	1013.333283880347	9.96
1011.8104802482434	1024.156019371641	10.0
1015.6004546962852	1054.1131650574803	10.04
1009.6528879133053	1071.3563790006212	10.08
1005.9552110795923	1069.8596206824805	10.12
1000.4419136092321	1058.3141426302784	10.16
995.6830743348572	1023.8038304448551	10.2
977.5724239241982	943.2372925167077	10.24
973.5104930336094	929.091540498578	10.28
976.1811611343344	940.1513556745581	10.32
978.1905667869115	946.4810977149201	10.36
984.6256691812164	955.7091416708221	10.4
989.3900199592009	960.1639036264176	10.44
995.1128257250368	954.2231853697558	10.48
997.6766353670042	959.0794884855028	10.52
1001.796916189658	964.2139497630914	10.56
1004.2626806448454	970.7300744868265	10.6
1008.4529035817469	976.2467497366544	10.64
994.9636821859309	976.8636485534523	10.68
997.4710575935333	978.3047100751558	10.72
984.1160143429888	992.2042717824132	10.76
993.035023477507	1053.2439263346946	10.8
995.5737360133055	1069.4437654295425	10.84
993.8047376516722	1083.736426892903	10.88
991.007863171088	1087.7709500006113	10.92
1001.297132572452	1089.5883692226928	10.96
1030.035145977655	1043.3608868151673	11.0
1021.4549551506248	932.8398823741014	11.04
979.6908546224615	919.448958161761	11.08
972.8743190725851	922.9059887295393	11.12
973.8088479270359	948.6707293127504	11.16
973.3220402698649	951.615387104362	11.2
970.0285027303609	948.1822672597511	11.24
971.1784760103321	952.3628310818685	11.28
968.7630777221644	959.1751870798767	11.32
972.4705634727684	959.3811514020672	11.36
975.5637342805409	969.2307870493337	11.4
976.0254841827295	971.206234333405	11.44
972.0476025019069	984.2553292580762	11.48
968.3684357697074	984.0120202557684	11.52
960.5963826763293	988.9967547464659	11.56
968.7989010522546	1045.6680671796903	11.6
969.0725467640351	1082.191210513813	11.64
965.0643834333196	1079.9650178227646	11.68
940.8486181392288	1078.011823904099	11.72
947.9636863567786	1096.2187120989815	11.76
969.5713383667244	1095.1719516261514	11.8
987.7086726483634	1043.455532766847	11.84
989.8343919001328	947.9065402940281	11.88
965.4630848245845	904.3793678045191	11.92
967.3040738206608	916.9614971761517	11.96
966.7238198575117	939.1951704797302	12.0
968.4130306836695	953.1584477361921	12.04
968.633571527428	944.478794629584	12.08
972.0917864879661	951.7489196524793	12.12
966.3020299602774	961.9779707897982	12.16
961.6995649079627	1003.9894423815161	12.2
963.8017967133688	1062.0985138070196	12.24
961.9573578280185	1064.7396669591935	12.28
970.523940154013	1071.5914697361288	12.32
979.3268545044713	1046.4793329611568	12.36
978.4887462866446	1043.228296652353	12.4
984.7307271218663	922.939811177249	12.44
973.6333222975924	919.4828407306487	12.48
969.1891698315609	957.8160745073448	12.52
974.1329421133443	948.5161901714415	12.56
972.6787717029911	957.0360386143705	12.6
968.5062535305011	959.2256014181579	12.64
963.3235473063285	958.6704505747896	12.68
960.0383445814024	956.711272729363	12.72
959.0640852047756	963.43143082601	12.76
960.8482892773164	981.1193632549197	12.8
967.9245661259806	986.154602307233	12.84
964.4633217313644	958.7095539121057	12.88
965.4911766721091	932.0150133636889	12.92
964.9441012873532	912.3707991442615	12.96
964.6724412180923	923.7738419498922	13.0
967.6638510111907	946.6367415026582	13.04
980.0551758635102	951.9980729763337	13.08
973.3615561987931	944.5137023495599	13.12
965.3545779100199	951.7426375359737	13.16
963.6788823431935	954.7612457690958	13.2
965.3355309509254	961.3159187385104	13.24
972.8274100627551	968.1607681596045	13.28
976.2477013081377	971.1000180929188	13.32
980.8924798249004	975.367532322737	13.36
982.9318484921314	976.3855098358931	13.4
986.4442005442028	982.5088320021039	13.44
988.5828154145748	984.6514548555765	13.48
996.2219000902543	985.1669770510819	13.52
1002.1657292951276	995.2557499879604	13.56
1006.662089978459	998.8583297530753	13.6
1025.072586943247	1021.5462219939826	13.64
1081.510145067181	1068.2450437163116	13.68
1138.577024074017	1129.9324741836513	13.72
1188.56255057854	1172.3319687805135	13.76
1209.8975516701375	1188.566087824491	13.8
1210.0028960825412	1187.968362152068	13.84
1199.3497517742906	1177.784990874636	13.88
1189.8205242538775	1158.3095664599746	13.92
1169.6485153186638	1139.8248853087302	13.96
1167.2848605987294	1134.2203787761318	14.0
1165.3602140588805	1138.1849525870466	14.04
1169.3306765010211	1148.6335453330933	14.08
1177.1924997558585	1163.3033324138826	14.12
1185.6574520959666	1176.6232067442027	14.16
1197.2671043297264	1189.6981612372385	14.2
1206.4321970827177	1201.6434899314165	14.24
1236.428766964787	1214.2817471543847	14.28
1264.569150193618	1217.6604595046188	14.32
1263.736564954969	1220.1785039733777	14.36
1265.1223466372148	1216.188495203267	14.4
1269.4354125242514	1213.3393734823176	14.44
1262.5417327475004	1210.195693085661	14.48
1239.1985854871416	1200.5122496919994	14.52
1228.1988653762528	1185.9125931568603	14.56
1217.1799231772582	1174.7946741006615	14.6
1203.8205513933256	1157.8677545534122	14.64
1186.123318425479	1144.6768972661262	14.68
1165.1662903140386	1122.8632426893575	14.72
1147.949522917865	1105.346190382158	14.76
1146.2531778571574	1085.2639847391813	14.8
1140.9527024345796	1078.3720440577415	14.84
1136.1742659578376	1075.1618757820015	14.88
1124.7003325073701	1070.3815110523838	14.92
1125.20444749968	1069.5273653882616	14.96
1117.8059584570847	1063.0566621818207	15.0
1117.550664791544	1060.3881080662968	15.04
1112.119996736231	1050.6460970457354	15.08
1100.735566363444	1043.7584903782638	15.12
1090.934057674519	1035.3250852204412	15.16
1087.3223881595588	1029.889102926097	15.2
1080.9985426939622	1024.148957546857	15.24
1075.0570782210802	1024.7730251347823	15.28
1063.0701273987825	1027.649758646779	15.32
1063.2055210351334	1030.7256421698146	15.36
1062.2584967869939	1033.5461431754884	15.4
1065.5499382021728	1035.8022761635136	15.44
1066.3705484459701	1036.0023489858386	15.48
1063.2459651738193	1034.6421316893136	15.52
1060.6301375329217	1034.1509004525485	15.56
1058.1048077391479	1032.2984766933412	15.6
1055.7246505064263	1031.3761954508477	15.64
1054.2001048528157	1028.8531088120471	15.68
1051.3540451477738	1026.3335104074004	15.72
1049.4127222570382	1025.6666648755916	15.76
1048.1796295671256	1024.1937382329802	15.8
1046.7298973898694	1022.0230450123648	15.84
1042.7279081520865	1020.1268355964704	15.88
1038.3669695069323	1015.9640414276568	15.92
1034.5680074180007	1012.5936243379961	15.96
1033.4553405100535	1012.1311811411545	16.0
1031.2135762423743	1010.8791321976441	16.04
1030.2547602505408	1009.6610109848166	16.08
1027.9483081867718	1007.8873819440718	16.12
1027.882426979527	1007.9330002344957	16.16
1026.7426467685698	1007.517400416451	16.2
1027.021557059045	1006.4622012426612	16.24
1025.824247010696	1006.4782426184847	16.28
1024.9347790486547	1006.1552921880852	16.32
1026.4792584355953	1005.74176875235	16.36
1026.2795966900676	1005.722410701596	16.4
1026.09097686915	1006.452618630456	16.44
1025.402927179833	1006.4527041455108	16.48
1026.4678153983941	1007.0079103719718	16.52
1025.8232139323752	1005.9521293533099	16.56
1028.903856148159	1007.5652132277768	16.6
1024.5747717641243	1007.1722458780996	16.64
1025.811029792803	1008.0050066385317	16.68
1026.4608567967232	1008.8684177985297	16.72
1028.505779078996	1011.0034294185297	16.76
1029.4521580731168	1011.5148348868746	16.8
1030.6121800220146	1014.2616186719553	16.84
1030.3254286361469	1012.784253606785	16.88
1033.0807968884021	1015.5241008013239	16.92
1032.474369231147	1017.0022709276822	16.96
1039.7572521393745	1019.473088565884	17.0
1049.2924660179042	1027.4205454203825	17.04
1065.4820330914501	1051.3716611641894	17.08
1095.04123822537	1069.8826624240676	17.12
1135.006873969847	1082.553254619138	17.16
1173.1566194039779	1089.183762547044	17.2
1216.592488816555	1079.7805281791384	17.24
1253.431858281333	1071.1566831455525	17.28
1277.0280481402037	1066.2540879109404	17.32
1293.9601532331892	1049.1731440155554	17.36
1304.5124294540692	1033.6556595803156	17.4
1298.9089541716178	1004.2955113695086	17.44
1293.690994877897	1002.9382567340772	17.48
1278.4457535159902	1003.4349972584256	17.52
1267.6789012075026	1011.6025114150907	17.56
1259.8006109829757	998.88201334837	17.6
1246.076522069815	992.6356881032442	17.64
1235.3468149204941	987.9539976626768	17.68
1229.3813581067982	988.1739099209174	17.72
1220.597249047295	983.5360726451211	17.76
1215.1274920099968	984.6427665859571	17.8
1211.9537585313785	991.9266648675248	17.84
1207.1202299503432	999.4728656651963	17.88
1206.4709411194287	1011.6444413741884	17.92
1202.9987820967692	1013.4151195355038	17.96
1201.2097934668695	1020.4754300963024	18.0
1197.1402230472038	1021.7095633472932	18.04
1197.8778998802784	1022.0876898871165	18.08
1195.8504220300013	1019.4346723734074	18.12
1197.0410108690307	1015.9814977086097	18.16
1194.9399880429237	1009.3628378801586	18.2
1192.6012830204002	1004.4136029917128	18.24
1191.0707458694599	1001.634866863329	18.28
1189.4062385234854	995.0995400000091	18.32
1189.9056284455048	993.7881969667212	18.36
1192.027199149451	995.425859945566	18.4
1193.3807594769073	985.824105074445	18.44
1195.0470051687676	986.2699798465667	18.48
1197.1799040384665	979.8936967051114	18.52
1208.3430595396442	978.5687201686812	18.56
1220.1927517481904	981.0528640329078	18.6
1238.751051526092	996.7925319359813	18.64
1267.6339337014717	1005.4391242667773	18.68
1287.0536162681015	1015.7300744297347	18.72
1328.0071532715	1034.9207939280886	18.76
1382.3261620825485	1054.213331114218	18.8
1383.5258761568175	1080.1818750656766	18.84
1374.3451335906009	1100.3099975788718	18.88
1408.904248497974	1148.176176431467	18.92
1429.38202287031	1161.1580620764087	18.96
1436.8425744744943	1141.536344303266	19.0
1408.0758521379444	1157.4387909667917	19.04
1426.8914248064345	1183.110152656461	19.08
1421.1719696319549	1177.3889840357817	19.12
1409.7784516324473	1173.4998757711255	19.16
1396.4257693598443	1164.2772602188293	19.2
1414.7286020612798	1164.455226558448	19.24
1422.2923542261494	1180.4992100430736	19.28
1437.0289562200455	1172.2009508508354	19.32
1403.2700824833234	1182.3727172929423	19.36
1445.4386594068499	1181.7418483293084	19.4
1416.49745349558	1188.745784730772	19.44
1417.7786789583902	1187.5470769617514	19.48
1450.739559842253	1182.1471689672169	19.52
1466.241427186856	1191.7832968376772	19.56
1399.5168123583694	1179.3312647378152	19.6
1436.8210649628088	1176.4721581584395	19.64
1429.4819646584922	1181.320505177809	19.68
1454.7969154880989	1209.2750117560718	19.72
1447.5542345463105	1220.3411446001305	19.76
1460.4980205129004	1209.7197394448945	19.8
1437.8320376644413	1196.4532898452437	19.84
1461.1408936224304	1209.8677046869736	19.88
1433.9165060453133	1182.0172078829903	19.92
1424.0884825178641	1161.2170409983053	19.96
1418.4078539738512	1164.6470006820823	20.0
1426.7981200338736	1152.8871894503309	20.04
1423.3717114059255	1169.949769576311	20.08
1427.7631634051531	1153.0024714905348	20.12
1438.380676394496	1172.8544763630312	20.16
1420.217449607283	1177.4924634823183	20.2
1431.2888508775127	1143.6900801986242	20.24
1418.6775945273791	1113.6564072709616	20.28
0.0	0.0	20.32
0.0	0.0	20.36
0.0	0.0	20.4
0.0	0.0	20.44
0.0	0.0	20.48
0.0	0.0	20.52
0.0	0.0	20.56
0.0	0.0	20.6
0.0	0.0	20.64
0.0	0.0	20.68
0.0	0.0	20.72
0.0	0.0	20.76
0.0	0.0	20.8
0.0	0.0	20.84
0.0	0.0	20.88
0.0	0.0	20.92
0.0	0.0	20.96
0.0	0.0	21.0
0.0	0.0	21.04
0.0	0.0	21.08
0.0	0.0	21.12
0.0	0.0	21.16
0.0	0.0	21.2
0.0	0.0	21.24
0.0	0.0	21.28
0.0	0.0	21.32
0.0	0.0	21.36
0.0	0.0	21.4
0.0	0.0	21.44
0.0	0.0	21.48
1256.68404808342	1003.4566385081852	21.52
1251.5470805639825	1001.9158041615453	21.56
1247.582456190247	995.140351587414	21.6
1243.2276694166849	992.8113110595214	21.64
1234.698600478209	988.2249116027543	21.68
1226.512006581842	979.8469340927192	21.72
1219.2451314142431	975.5125564504966	21.76
1210.7623927837776	971.2566358404466	21.8
1203.309154960041	966.5424198578957	21.84
1196.095071868786	964.9474422705139	21.88
1189.8385518733178	960.2715441075496	21.92
1184.2451726529105	953.7868269955047	21.96
1175.981177862673	950.8608036196765	22.0
1174.293199379982	953.3987107133562	22.04
1180.2757120782937	957.1157821898823	22.08
1182.5009421008915	965.6884833524508	22.12
1182.862804108823	967.4933315966595	22.16
1184.7887342043741	967.3992955330875	22.2
1189.857283336978	970.4784138436713	22.24
1192.8396445636358	973.502844073989	22.28
1191.7341204077575	971.269583537768	22.32
1193.0001711919836	969.3082947314924	22.36
1191.9206103664417	972.9909353354487	22.4
1186.8798542248562	970.4150152030395	22.44
1183.851492771264	972.1862308450641	22.48
1178.6505459881707	980.4326143965193	22.52
1170.7319894504446	1004.313580535571	22.56
1170.7669917484027	1023.4088378257758	22.6
1173.8272345591663	1036.1856781653487	22.64
1165.0275182251705	1042.196578655551	22.68
1145.6051464810773	1039.4490513643916	22.72
1139.1123163562222	1038.5877042027212	22.76
1127.1038556262565	1038.848518302811	22.8
1123.8858001160845	1045.2680578125262	22.84
1113.6537455502387	1047.6801189925798	22.88
1109.704865374376	1056.198860158967	22.92
1103.821295049228	1054.710916865598	22.96
1100.2611756575182	1052.9318203782802	23.0
1090.400472375199	1041.0977978039857	23.04
1084.662625133207	1028.6687166090164	23.08
1073.4701139497556	1017.7494357043938	23.12
1071.7282911141588	1017.0138447947994	23.16
1076.08433947326	1020.6815987153527	23.2
1093.9708923902137	1033.5164935480402	23.24
1134.4481375726657	1074.061263440018	23.28
1190.3655620028171	1140.3931650340942	23.32
1267.4864813233576	1214.427152685644	23.36
1340.709857673817	1287.8248678042903	23.4
1393.5482215147024	1348.5337667272104	23.44
1450.5775669283123	1404.3916029764403	23.48
1499.4348936503873	1460.2696055742797	23.52
1544.9134809014288	1511.9835090476945	23.56
1589.7029325906133	1565.3091136063592	23.6
1612.040656988334	1597.0778276661406	23.64
1635.904879846368	1633.9067987709632	23.68
1644.6429922550915	1651.4317660840695	23.72
1651.5673890217204	1667.450149335871	23.76
1647.9869083064048	1669.7005276960974	23.8
1638.9529705334257	1664.5997542276643	23.84
1637.1334138666355	1667.5104781067357	23.88
0.0	0.0	23.92
0.0	0.0	23.96
0.0	0.0	24.0
0.0	0.0	24.04
0.0	0.0	24.08
0.0	0.0	24.12
0.0	0.0	24.16
0.0	0.0	24.2
1713.3326088060815	1727.4349130155802	24.24
1723.2940358477424	1730.3962464382205	24.28
1729.6249929952737	1748.0188873864538	24.32
1730.7943135859198	1746.1092101124952	24.36
1729.0627172411296	1742.8681017833599	24.4
1744.7990526115902	1758.4109377072004	24.44
1764.7371753506418	1749.3423579653359	24.48
1778.7438752288936	1770.1118209685958	24.52
1783.9405902730232	1794.3060765344694	24.56
1772.0643565199057	1797.1480048575625	24.6
0.0	0.0	24.64
0.0	0.0	24.68
0.0	0.0	24.72
0.0	0.0	24.76
0.0	0.0	24.8
0.0	0.0	24.84
0.0	0.0	24.88
0.0	0.0	24.92
0.0	0.0	24.96
0.0	0.0	25.0
0.0	0.0	25.04
0.0	0.0	25.08
0.0	0.0	25.12
0.0	0.0	25.16
0.0	0.0	25.2
0.0	0.0	25.24
0.0	0.0	25.28
0.0	0.0	25.32
0.0	0.0	25.36
0.0	0.0	25.4
0.0	0.0	25.44
0.0	0.0	25.48
0.0	0.0	25.52
0.0	0.0	25.56
0.0	0.0	25.6
0.0	0.0	25.64
0.0	0.0	25.68
0.0	0.0	25.72
0.0	0.0	25.76
1744.3210499041118	1720.5162520411975	25.8
0.0	0.0	25.84
0.0	0.0	25.88
0.0	0.0	25.92
0.0	0.0	25.96
1737.988547446881	1722.7277328438659	26.0
1736.4577955490697	1820.5406204890865	26.04
1738.232925702096	1816.5280470092564	26.08
1735.4911389442982	1806.3678678534188	26.12
0.0	0.0	26.16
0.0	0.0	26.2
1735.333830242195	1809.8261403279012	26.24
1728.560637210698	1814.563658190948	26.28
0.0	0.0	26.32
1737.6074372744863	1771.3825418085703	26.36
1743.5676605813544	1726.6183522653455	26.4
0.0	0.0	26.44
1743.4924227727734	1804.6531345129065	26.48
1743.2815186080134	1734.3092783513378	26.52
0.0	0.0	26.56
0.0	0.0	26.6
0.0	0.0	26.64
0.0	0.0	26.68
0.0	0.0	26.72
1729.2301652496026	1799.291608389359	26.76
1731.8139421520796	1815.1477311053327	26.8
0.0	0.0	26.84
1736.958867367132	1735.4626520973443	26.88
1734.6318084750676	1819.3665518189143	26.92
1737.682439063689	1797.8877089963948	26.96
0.0	0.0	27.0
0.0	0.0	27.04
1744.0481448863768	1741.8973174902228	27.08
1747.6145827896537	1769.6271828799674	27.12
0.0	0.0	27.16
1744.2079979204034	1784.9169528733987	27.2
1732.8752364397242	1811.2829127655232	27.24
1736.3481572198882	1791.7375071657004	27.28
1734.0050903139913	1765.2449370053555	27.32
1736.2727475094985	1761.093040490749	27.36
1741.2633381415985	1774.0116145461477	27.4
1740.4325341055219	1782.1026882030242	27.44
1738.3855312231794	1755.466744038146	27.48
0.0	0.0	27.52
0.0	0.0	27.56
0.0	0.0	27.6
0.0	0.0	27.64
0.0	0.0	27.68
0.0	0.0	27.72
0.0	0.0	27.76
0.0	0.0	27.8
0.0	0.0	27.84
0.0	0.0	27.88
1742.1616779217927	1800.125444003837	27.92
1732.8971713948292	1805.9091335654814	27.96
1745.8111016887108	1824.1391999511843	28.0
0.0	0.0	28.04
0.0	0.0	28.08
0.0	0.0	28.12
0.0	0.0	28.16
0.0	0.0	28.2
0.0	0.0	28.24
0.0	0.0	28.28
1738.5772011328283	1732.1787458802128	28.32
1748.4168943703985	1678.649775555403	28.36
1740.5903680683907	1777.1104499518112	28.4
1741.490026778825	1836.7558669915163	28.44
1743.6850533878012	1792.4521849341568	28.48
0.0	0.0	28.52
0.0	0.0	28.56
1738.6110288557663	1826.393936095811	28.6
1743.7797581151722	1772.515664792697	28.64
0.0	0.0	28.68
0.0	0.0	28.72
1749.1680958825168	1819.2730035006991	28.76
1753.0585736403625	1700.6744801175141	28.8
1747.6988369207108	1834.141582506327	28.84
1751.4093134716209	1728.6759655409392	28.88
1760.4821958609787	1825.3962472980675	28.92
1732.6171718650112	1859.3272039838946	28.96
1732.720801204067	1821.653779255779	29.0
1728.528206485198	1851.6237027922148	29.04
1732.2481915531885	1830.6179593824793	29.08
1733.6820922486265	1774.5888453910243	29.12
0.0	0.0	29.16
1718.6067495142672	1788.174121097314	29.2
1713.6253517199816	1743.0495257859452	29.24
0.0	0.0	29.28
0.0	0.0	29.32
0.0	0.0	29.36
0.0	0.0	29.4
0.0	0.0	29.44
0.0	0.0	29.48
0.0	0.0	29.52
0.0	0.0	29.56
0.0	0.0	29.6
0.0	0.0	29.64
0.0	0.0	29.68
0.0	0.0	29.72
0.0	0.0	29.76
0.0	0.0	29.8
0.0	0.0	29.84
0.0	0.0	29.88
0.0	0.0	29.92
0.0	0.0	29.96
1600.5437590568388	1658.0137638553408	30.0
1605.3884732892889	1658.3372825623148	30.04
1605.9336334615007	1661.3210131697297	30.08
1605.2349476355794	1662.5527277205758	30.12
1613.4444090542434	1660.7967454679333	30.16
1608.519281855472	1654.7041131270337	30.2
1603.8107019540248	1648.5306094084003	30.24
1597.706320961563	1643.3500424490658	30.28
1593.7514627158746	1634.7060577826044	30.32
1589.6408596301967	1624.1035892889684	30.36
1583.9697286010187	1612.2872525117177	30.4
1575.8088739549928	1603.655898577528	30.44
1571.4899332518323	1597.7051311999387	30.48
1562.9184193727754	1589.5712760492054	30.52
1561.7666797693178	1580.6641019274373	30.56
1556.4142326523506	1577.2489314222414	30.6
1551.6660505967673	1562.6568569337157	30.64
1552.4714214399899	1559.845441413897	30.68
1548.501118499783	1555.9050904401465	30.72
1543.0537690580022	1547.62031465894	30.76
1529.5525162215183	1539.945098428577	30.8
1510.4612110346916	1493.1670546612513	30.84
1467.541543563405	1437.8730146941077	30.88
1416.4300350264148	1389.6107937881593	30.92
1366.805910546578	1334.8896979832507	30.96
1319.371645978337	1288.379171369009	31.0
1279.10390917324	1245.545661641881	31.04
1242.520127404596	1202.9901124356873	31.08
1206.2836253960324	1160.2181227111219	31.12
1178.8154757064	1130.2380923296548	31.16
1147.3398854033826	1099.622308369763	31.2
1124.5537411128134	1078.1173884639775	31.24
1111.045910990768	1056.7514725561834	31.28
1103.9587531650848	1043.793415583724	31.32
1093.2398781497266	1027.3809789985469	31.36
1083.1108238159247	1022.9426221364386	31.4
1075.0634141371002	1016.2554357845626	31.44
1070.735003793908	1012.677927775413	31.48
1064.228995847337	1010.097801689804	31.52
1052.2208148726213	1003.4858442120416	31.56
1045.778773128556	1001.901447363495	31.6
1037.964799789655	997.1858845584084	31.64
1032.1061591364864	993.3686936758035	31.68
1028.7540446907306	986.7814637698807	31.72
1023.2954905695294	983.8872502638521	31.76
1017.893434703595	981.4974735809707	31.8
1015.2689208863262	980.4041588350344	31.84
1009.6545217906356	979.8842815110679	31.88
1011.0689753224432	978.8647067518078	31.92
1007.8884665019503	972.291930443636	31.96
1003.6298032243658	970.9122628431966	32.0
1000.9834008195614	970.2819899736412	32.04
999.9033193227253	968.0567797903922	32.08
1003.340654342324	967.3330319320282	32.12
1005.1436831701528	970.068370128253	32.16
1004.1836403503814	970.6077371805055	32.2
1007.5347192624872	971.2734583076359	32.24
1006.725309288155	973.1479467278942	32.28
1007.8782864895314	973.4918722899884	32.32
1009.6357738458669	975.2388989213875	32.36
1010.0745304188428	976.3060352627211	32.4
1009.04871362682	977.9040160242736	32.44
1009.2328397849693	978.9197301763596	32.48
1013.358945577652	980.7741054971128	32.52
1010.1435972474816	981.9395510218418	32.56
1015.8684409035761	981.4163469341948	32.6
1010.993447800686	983.7705904918721	32.64
1012.1037968076981	984.2817984344703	32.68
1014.1581076452863	985.0702713465381	32.72
1013.7677682625475	983.8158369224309	32.76
1008.4485039644798	986.4000457706843	32.8
1012.6997040567289	985.680911413328	32.84
1010.0119569886424	985.916920046707	32.88
1013.106938229369	986.359377145416	32.92
1010.0804116987863	984.9798962681517	32.96
1010.8576645251673	987.4205911339428	33.0
1007.915416550128	984.3079875126875	33.04
1008.3563759185254	984.4381162246698	33.08
1008.6036674270624	983.9549680043219	33.12
1005.15767968353	982.0867127288373	33.16
1005.91703714813	983.3097825221025	33.2
1005.2193557117378	982.7947947806944	33.24
1004.8988043742047	982.5360428429556	33.28
1006.4952001906404	981.5745239788439	33.32
1003.1177310836489	982.706850792795	33.36
1003.9383143965606	980.4148101914919	33.4
1004.2786440987986	981.9503904548131	33.44
1002.5511573653546	983.8129075773185	33.48
1002.3375595765193	986.0249572245085	33.52
1005.0889606215743	986.8007034861779	33.56
1004.8056385986266	986.7281458984339	33.6
1006.1451951494261	986.7442739492818	33.64
1003.4150617436168	987.5859816210753	33.68
1004.5753970875525	988.7184770267585	33.72
1004.2212082370958	988.9771896391929	33.76
1007.9747801090533	990.7537851120816	33.8
1006.4505445885085	989.9325064671748	33.84
1003.3750361227687	991.6343835234989	33.88
1006.1816540833486	990.0657262687748	33.92
1008.7010243173285	991.9785035064609	33.96
1010.1816027693487	992.0213528845946	34.0
1012.2060876667892	996.2265328336357	34.04
1026.5684133188931	1005.2112628491739	34.08
1043.5740822116647	1018.0694541904372	34.12
1068.5854581421327	1038.6447137907276	34.16
1101.506812888336	1056.3175815367326	34.2
1134.104951690178	1077.9923251682621	34.24
1170.396254962745	1109.8755993459129	34.28
1201.0954273446057	1137.523909476638	34.32
1220.2504300783019	1156.7705697005265	34.36
1232.1498633283172	1155.6514123779566	34.4
1240.5947336891884	1168.340584462912	34.44
1254.0481399411613	1200.5971562144719	34.48
1272.12396198766	1219.6378903574193	34.52
1299.7805536212304	1237.5378623522286	34.56
1329.3976561265852	1245.0151067689162	34.6
1337.4971088100494	1272.066786196622	34.64
1361.4438411572037	1307.1628914577552	34.68
1385.8836274285222	1303.5215630486175	34.72
1399.9566600149058	1311.8968228026126	34.76
1402.9663938186504	1336.4238433681742	34.8
1411.9448987532326	1405.0337379376404	34.84
1411.6851554517887	1350.2056539980117	34.88
1407.3976600632102	1315.9311929103005	34.92
1363.3569024113085	1237.9043986257725	34.96
1314.8280574076296	1200.9909628067462	35.0
1261.4494773763302	1180.4405204156828	35.04
1172.9382869515314	1023.7535161900063	35.08
1136.1041877206944	1026.5398858236117	35.12
1103.4794396870693	1049.2369420432785	35.16
1058.4095832137634	1047.166898248573	35.2
1050.000950688861	997.7697161318332	35.24
1039.3527519892139	975.4045686777408	35.28
1043.5995502289209	974.1278130581029	35.32
1068.7470699160126	966.681220703628	35.36
1106.6874250239791	980.9029820755942	35.4
1136.0303731306337	991.1402088472923	35.44
1181.2722777258782	1001.0193514574621	35.48
1220.8521007668694	1018.5043458853969	35.52
1231.1090627179078	1028.530230722484	35.56
1219.3980388725026	1061.1838948140073	35.6
0.0	0.0	35.64
0.0	0.0	35.68
1215.9824235559693	1030.3005150231993	35.72
1209.1334064864566	1037.1043602758714	35.76
1209.3433341814634	1032.2032144490215	35.8
1196.9481733764426	1037.6303976944332	35.84
1200.3582038176735	1024.5471458894729	35.88
1186.094343793233	1016.5750903542815	35.92
1179.5792503309342	1011.189622052391	35.96
1168.877308633614	1003.9344307351834	36.0
1166.4957625020975	985.7317530382377	36.04
1165.8364153726307	986.1268739196231	36.08
0.0	0.0	36.12
0.0	0.0	36.16
0.0	0.0	36.2
0.0	0.0	36.24
0.0	0.0	36.28
0.0	0.0	36.32
0.0	0.0	36.36
0.0	0.0	36.4
0.0	0.0	36.44
0.0	0.0	36.48
0.0	0.0	36.52
0.0	0.0	36.56
1068.1636620554746	919.1270374101758	36.6
1066.0664968620251	921.7097697890943	36.64
1077.526400442689	935.1466024973674	36.68
0.0	0.0	36.72
0.0	0.0	36.76
1049.1006708966904	924.0182908548286	36.8
0.0	0.0	36.84
0.0	0.0	36.88
0.0	0.0	36.92
0.0	0.0	36.96
0.0	0.0	37.0
0.0	0.0	37.04
0.0	0.0	37.08
991.6016370678715	901.4926241942861	37.12
979.7636031324151	895.5083568777444	37.16
0.0	0.0	37.2
0.0	0.0	37.24
0.0	0.0	37.28
986.192412233801	898.8808592900199	37.32
0.0	0.0	37.36
0.0	0.0	37.4
971.5779050805255	879.182984103734	37.44
975.6628311071099	881.2466041018466	37.48
951.7939914771373	880.1556825061646	37.52
948.3280842112136	874.9381356057254	37.56
938.3275463186518	871.3677005773585	37.6
941.9793240356771	878.9800779780742	37.64
958.7124815686522	860.7115532122119	37.68
943.5077264462813	872.9319003349495	37.72
934.7904380665148	871.0913738598692	37.76
915.5819199587172	860.8713893715596	37.8
903.1460693115623	851.3692317009052	37.84
902.7427441577998	852.4580380677386	37.88
897.0833084988425	843.3808111355161	37.92
895.3371122538736	856.7675310023652	37.96
889.9151663760102	859.1562610798643	38.0
886.4182344011782	857.4968711920693	38.04
868.6278393318512	844.1121934749593	38.08
861.732593605077	846.9145786776887	38.12
859.5306152061806	844.3556576374343	38.16
858.7493422614887	855.5048508251125	38.2
853.6456938555222	845.5745164096637	38.24
854.2959126024778	848.9394094569286	38.28
846.479686450717	862.1138144534999	38.32
862.2310977519531	860.7723995720418	38.36
862.3879545576794	847.3872238763762	38.4
859.502114327539	863.2900847307172	38.44
857.499516632788	854.6083547314101	38.48
864.8454023859865	852.3464158398688	38.52
868.012605672502	857.3735946480963	38.56
875.5373716088394	862.1549178673903	38.6
885.8408385712424	874.0944555865336	38.64
897.9576830704075	884.025397240668	38.68
907.9556419795753	891.0891245736843	38.72
912.3516846980219	894.235650429635	38.76
915.0084149837434	896.1726384302304	38.8
921.0652331640025	909.3991332314271	38.84
927.1185472168928	911.6261025102999	38.88
932.5529692842979	917.9761942470321	38.92
935.063395710941	916.3387366189506	38.96
938.5589141440845	910.7492644331627	39.0
936.7197429802146	917.2937227855911	39.04
940.66815306292	921.3681612236722	39.08
950.3131900141298	913.762341777791	39.12
950.0753847777985	923.0470454430102	39.16
955.6838046654132	924.8404746428141	39.2
955.0291804556808	927.8978773306908	39.24
957.10387561774	917.9623408515909	39.28
957.0609073311693	923.1590226845378	39.32
959.5393896119879	927.3387405325317	39.36
958.2907387701655	923.1448490390907	39.4
953.3015558530758	915.3372855941159	39.44
954.6763076829988	922.672214826224	39.48
964.300600601285	915.5230147676033	39.52
970.057032488477	923.2288048111624	39.56
967.3284822344534	923.077480575342	39.6
962.8062417957669	924.033140146835	39.64
965.9565039984454	928.9706390046292	39.68
966.8375978473518	931.8330122681674	39.72
965.4945969404396	930.6149289148021	39.76
967.5461048214314	934.5025332871676	39.8
969.0373765459431	923.1206821306778	39.84
963.8604327032605	922.8232676212069	39.88
968.283224479921	930.2386811617336	39.92
974.3859224711136	934.698788561243	39.96
972.1585274807154	935.59403510572	40.0
975.0571612868157	935.4174485813644	40.04
972.6471043143595	932.0907122901698	40.08
975.43934467384	931.7498711512892	40.12
975.9885525824426	932.7813288460134	40.16
979.3217609804003	937.8243261770009	40.2
976.5637505391936	931.256039977876	40.24
978.4209433321297	930.1855383607093	40.28
980.6147395106692	931.0200090642835	40.32
982.3074517341854	936.4137634452583	40.36
983.3273798714026	931.2518045205412	40.4
982.5850566004693	931.1480045230987	40.44
983.7384658386103	938.2157587962283	40.48
983.825978486144	939.6732220107042	40.52
987.0004550364616	940.0770616132371	40.56
979.2881217569882	941.6616262556853	40.6
983.9570606064774	941.5175030577524	40.64
978.3436422401053	939.8210506807471	40.68
986.1386095860324	941.3396835115421	40.72
983.5124971184641	940.9190879305007	40.76
984.3470901089627	941.9305283321779	40.8
981.3207261225184	940.7989130208766	40.84
981.0577379914778	941.1389566254032	40.88
981.9228125949769	935.5466373352591	40.92
983.4679946770271	938.1464314733493	40.96
983.3115128192383	941.6795872446403	41.0
987.0684338328724	943.2312778553693	41.04
981.6932420766111	939.6720271695579	41.08
982.1159515370346	945.4219121947083	41.12
988.2872609007673	942.0240124511564	41.16
988.8557581349181	940.4863218072044	41.2
989.3204380414884	940.0161588011115	41.24
995.9242264967285	939.4250442278975	41.28
995.9766632945016	937.5622199997052	41.32
995.1521047107789	939.094726059036	41.36
997.3612894522591	936.0428616966057	41.4
991.2433601648538	939.3579273113165	41.44
988.9547059734074	934.125016727793	41.48
989.5901491364913	934.4786632287896	41.52
989.5468318266029	939.5828024884986	41.56
992.6655165499	941.8323891837847	41.6
997.4977488219298	941.7816784869302	41.64
995.8882778499776	942.946000227156	41.68
990.6195364166854	939.6881742347347	41.72
991.986620232791	941.4930888997511	41.76
995.2942303804718	935.8119616313343	41.8
994.2228179074631	941.8781671292957	41.84
994.8859957648986	935.854158640787	41.88
988.1475847594693	936.939013532634	41.92
990.9989244936974	939.079030286606	41.96
987.5448160806427	935.9449921601863	42.0
987.8629295596252	939.9094723063484	42.04
988.1034680284226	941.0019100389728	42.08
988.4340952371879	939.1994493921469	42.12
992.722803845817	936.8981803318624	42.16
989.514425754115	937.48760399968	42.2
989.5060470019496	938.394609396264	42.24
988.7473220698116	935.4863252412068	42.28
994.5122995568333	937.5199958879205	42.32
999.178470171789	936.316380446362	42.36
997.5913325133531	939.7631538954384	42.4
989.5534131732936	938.087053841487	42.44
990.6646848203081	940.255582776628	42.48
988.5426905209165	939.3942906806308	42.52
993.5621226188451	938.7238969139357	42.56
989.9454958535555	939.4043202911074	42.6
988.4570508219136	939.030896345541	42.64
993.1765006931322	938.6538917610017	42.68
989.0637036335231	936.4295847468252	42.72
990.6222454211149	935.6403246227193	42.76
991.2771182433872	933.4235818429473	42.8
990.3626783645879	933.3847662874424	42.84
986.6668160916074	937.5553470705936	42.88
998.820398144932	934.6141861831386	42.92
996.5657004597991	930.888389474367	42.96
995.867597302662	933.4816900205852	43.0
1000.4959633057573	934.920464710307	43.04
996.3298213927807	935.0087204722114	43.08
997.045940078165	936.6666662888534	43.12
993.6871306485077	939.3357009530258	43.16
992.1112799591625	936.8043679763175	43.2
996.5763225637056	931.6544567963664	43.24
991.7050492896392	935.2029636816661	43.28
992.5204368627111	935.0501901060218	43.32
997.9438395563084	936.7457901145428	43.36
998.088856397162	934.9829088773266	43.4
994.5440594429481	935.8367735749509	43.44
990.4394907681285	938.8386926640171	43.48
990.6091888144996	940.6348140392056	43.52
992.4783111660513	934.3192759281186	43.56
996.0112660651474	935.2749110002583	43.6
996.7553465641563	931.7668166324938	43.64
989.3466715624301	934.9298545612236	43.68
991.3050390989428	941.2168853181292	43.72
996.1015313533804	934.5295361396564	43.76
995.209926552888	938.3929028379866	43.8
991.8360724372561	938.600626955352	43.84
990.5220946507776	935.8059385000184	43.88
991.4610014976806	940.2389613607415	43.92
995.2207449315072	936.7526385229552	43.96
993.2597200016322	937.892347842423	44.0
986.3229963632765	939.1199399721663	44.04
989.2900581732126	940.9849215546267	44.08
992.1486865559464	936.4569569279707	44.12
989.1794743872773	943.4069145536778	44.16
986.7855611176948	939.9217649621629	44.2
984.5593543044873	938.2733585426488	44.24
987.8217519117143	938.2093281311084	44.28
990.8375600347806	941.2490072353951	44.32
988.0068198536203	941.8458132492196	44.36
985.4850487370741	941.8139819856351	44.4
983.8858654583454	938.2795699082604	44.44
980.3036974632458	934.3760583417941	44.48
972.3415635218817	927.5613621266262	44.52
966.9914242648949	924.613467021263	44.56
961.887163323808	918.4885193686432	44.6
952.6110229981718	911.5554543338499	44.64
935.8445403735633	900.0033072571761	44.68
921.1883717530372	891.651522577341	44.72
904.5274399896191	874.7050884370474	44.76
882.7841497949548	868.4045573875927	44.8
864.8373796884796	845.9913418792621	44.84
848.1170785472867	838.93519656099	44.88
836.6294761125606	828.7091625685084	44.92
808.1897555165284	813.1167227107625	44.96
784.3684551633049	796.0393920553687	45.0
757.9521191367957	770.5427364702049	45.04
743.4335126311826	758.601351707386	45.08
726.5048643498428	742.778564876767	45.12
716.7741134371203	737.3576802274733	45.16
710.3423734274558	731.9237409761533	45.2
699.1270338623605	718.1419881664564	45.24
687.6123437664232	712.1205660798668	45.28
675.9565675504937	703.5561761161434	45.32
669.3394433365634	706.4324712484256	45.36
662.6163916817948	707.841950164622	45.4
655.7790771657899	699.088652320918	45.44
651.1431091364656	710.6759921457301	45.48
646.8989224129261	706.8936801716648	45.52
646.8644563098043	707.8545077035011	45.56
643.7210448946258	706.6583001436175	45.6
640.1690499911493	705.9335402992814	45.64
641.5866981663614	704.4140892814761	45.68
642.7265700877359	705.2349451182843	45.72
640.1167122257627	704.0374622737259	45.76
638.7776417968815	704.3987431620797	45.8
640.2078692158249	701.0395175756464	45.84
637.9825846457207	699.5071023266269	45.88
631.8057355652418	685.6361084801175	45.92
628.0597808178533	636.3016767783425	45.96
639.1119924492477	625.3574543166995	46.0
615.5543074371253	633.6736540924658	46.04
618.0174907402786	649.3276875774857	46.08
608.053223014211	641.7177501566464	46.12
595.8782780130745	627.9749783560414	46.16
613.3798189922143	640.5228729884195	46.2
617.0118818779365	639.1263121292739	46.24
607.9848039015848	650.0016708691909	46.28
596.390334500322	622.6101925770766	46.32
603.3695159947339	621.8412925507789	46.36
602.9861307149379	641.8831425936079	46.4
589.5151750766886	641.3947498842816	46.44
688.6009451881156	641.2943286822596	46.48
602.5454413501416	613.5307711753247	46.52
675.8218860825533	631.5088419921628	46.56
595.5549238382588	639.0734301649345	46.6
590.7989017036472	647.8499842800173	46.64
578.1119432522777	642.3575088341317	46.68
588.8960454149544	642.7772186664661	46.72
593.5488075819501	653.1971353070031	46.76
578.5398907977752	612.5590194725396	46.8
597.5851440249478	653.4460067615048	46.84
579.7518854744335	594.2176855464519	46.88
591.6970939830445	642.9429144192344	46.92
592.9310763110358	642.3981944782138	46.96
585.9127871298772	644.1886094593384	47.0
577.2132418920347	631.699879675922	47.04
590.2135659239132	628.3517485747954	47.08
578.1317766233179	649.1921346753536	47.12
592.3756765349444	631.3992000134158	47.16
592.4993600854248	653.9539264278712	47.2
583.2864740308827	619.2208310727075	47.24
594.2964964730885	647.9061422661886	47.28
587.676733361035	648.2897344065565	47.32
583.5602683030993	643.5481362839538	47.36
597.5367494401996	648.554924717419	47.4
592.6163258927229	671.3783295888089	47.44
600.057606420708	679.958076173836	47.48
585.0983365500225	664.1683506092426	47.52
598.2033422273221	634.6001298760474	47.56
597.6936614721534	661.382792665692	47.6
592.1123018621782	637.5406248799183	47.64
605.5856373236478	643.4150643111625	47.68
600.4652347198933	641.5553268759118	47.72
590.7450697209671	650.8456669792346	47.76
603.6672610509281	646.4059724885924	47.8
609.9652819839694	626.489561260738	47.84
614.0717420486069	673.2340187992663	47.88
594.7640070174307	665.8757214885702	47.92
597.4018704209907	629.751550156278	47.96
605.1099809219957	651.7794312796282	48.0
593.2000669303833	630.158223978497	48.04
600.5280694443418	659.5551324402556	48.08
605.7394777739423	622.1674689139944	48.12
626.4663308988149	641.3951003847463	48.16
645.8984521098585	637.3932084192525	48.2
605.1055837379257	654.0454091212608	48.24
623.7890785267655	614.7065705249933	48.28
603.9035568189539	664.7664918807872	48.32
605.1918971057058	641.3622605662773	48.36
597.8844230696218	653.5936151712328	48.4
607.0626901451361	642.1823337596848	48.44
608.4688588563565	674.2097678909568	48.48
612.0557850871966	690.0137547101297	48.52
599.1295872926877	677.9081082504056	48.56
602.5065903232479	667.406387391527	48.6
598.6738652435637	672.1516528949085	48.64
596.5862288177365	639.3891210058703	48.68
612.0340099606819	649.0963499490463	48.72
602.4250725250869	660.3158604962578	48.76
605.1245784412982	674.4323531979743	48.8
597.0235478454565	655.1748271707588	48.84
610.8647700175726	669.9152798602369	48.88
604.2763630212074	676.6776788668518	48.92
608.0850332917261	664.3993903979015	48.96
592.4496322477016	658.3449284269842	49.0
611.2250538699224	655.4818063160272	49.04
592.8353062881408	628.2923275413419	49.08
603.8817071500708	662.5871911058564	49.12
609.2438650683857	689.8368037174483	49.16
595.0871486890446	667.6479005895227	49.2
602.5110585257556	649.3585579306725	49.24
604.1997692551922	662.1865882689724	49.28
593.0457294775429	648.6757478849985	49.32
602.6963045589324	638.4051861709937	49.36
602.7925406963477	617.2385914236474	49.4
610.8156486258777	641.0605564095479	49.44
612.8619020260976	611.9624846825817	49.48
653.875361569322	647.4049208499538	49.52
601.2155317061872	660.0705936829573	49.56
603.0844174504191	653.5944498782216	49.6
593.8376420995335	648.4998340329288	49.64
600.6088961598738	664.8376683377568	49.68
604.2082913986192	684.9286363701589	49.72
599.7123307208565	659.5194185319053	49.76
594.1497191472042	666.827516222001	49.8
601.7997921759297	644.0986488813102	49.84
607.5419877481957	653.3576573470747	49.88
603.7521774543368	650.6885845549793	49.92
606.280917987229	654.7293525345306	49.96
605.9968762720858	656.6835547421131	50.0
601.0943008197199	648.013099122673	50.04
614.9470235980589	655.3746388693256	50.08
612.7433146399342	666.4255424011377	50.12
630.1953497093041	639.6315873726902	50.16
618.6687127028661	645.1707482524938	50.2
619.1444494500686	663.8003012155624	50.24
615.2632572829269	664.322299186177	50.28
612.5328897063977	707.9671412241125	50.32
607.2536463263267	679.9562637469623	50.36
604.6517538644497	652.0896426502214	50.4
622.7223082118938	665.7478578157518	50.44
614.5761442013753	693.5348909964905	50.48
618.6638685199506	692.7951307315568	50.52
619.0087426291972	691.1188349329573	50.56
617.9046128636038	680.3429630344112	50.6
618.3433349332138	703.1184396731654	50.64
629.7157396873581	710.0045112167178	50.68
623.0251466107517	702.8260677585995	50.72
621.8449774615475	714.5460525779974	50.76
618.1103747909351	719.462658983773	50.8
620.8728755078747	716.7221387068438	50.84
621.8110955044465	721.0864865520737	50.88
620.7043068283814	713.822250910827	50.92
618.5252068440781	711.9658715650355	50.96
619.9862150048962	714.0362932762001	51.0
619.333079299999	719.9090982258235	51.04
625.5371133881858	724.9822629465625	51.08
621.3161041368538	717.5321496468428	51.12
620.1488325183583	719.8242749689986	51.16
620.8152003976624	719.2472049885414	51.2
619.4194368614451	718.2587230291584	51.24
619.9503153075907	723.3160502344244	51.28
622.7345491651255	713.7211107198335	51.32
621.2441444106729	720.4317121287185	51.36
622.6925876771971	719.6806613071906	51.4
616.0912611286088	723.9682098567806	51.44
621.5284203217777	722.1988310423591	51.48
619.8243827962413	719.4349232281203	51.52
620.2170789975323	718.1559792017779	51.56
619.6714871604569	722.3965775028415	51.6
621.773085979413	718.2286741324745	51.64
621.3195009721376	716.1208142977746	51.68
621.8844992985074	724.8750474680553	51.72
626.9313451380042	717.1761159510589	51.76
626.0900757575816	723.2599385112369	51.8
628.820218428736	724.9805608905859	51.84
627.0740247411552	727.9839144200972	51.88
635.428187302223	721.5486730819998	51.92
632.882180744965	716.8909204806872	51.96
632.5746522752203	703.4912449322939	52.0
645.0714493644141	737.1285818335031	52.04
658.8815624665201	748.9991986816972	52.08
683.3620571880956	746.056383832484	52.12
717.5072238228288	757.9904951569994	52.16
753.3595934409695	777.5962193019444	52.2
787.5988563960619	798.5920581028479	52.24
814.3301602634107	820.6694026609476	52.28
843.6322635897179	831.973966441452	52.32
860.5672521133333	842.3938291141201	52.36
875.9727723726664	852.1166944921903	52.4
897.5583307496288	854.6888694590532	52.44
917.743280588434	863.5230828443315	52.48
937.1874147729842	870.1071219212346	52.52
957.7854572405405	880.2266086871022	52.56
967.8251347582087	890.1966835245006	52.6
981.9968072514963	906.7679609311108	52.64
1011.4455205327572	921.547870371569	52.68
1023.9387529069072	934.2181609745753	52.72
1027.1955864825181	936.4999482167428	52.76
1024.2956124261602	930.91460154531	52.8
1030.6009183889587	936.9704442286845	52.84
1036.150366326875	940.3531108873547	52.88
1044.801242344291	939.3377622590958	52.92
1046.894645507276	939.9260804561945	52.96
1049.0572578051854	940.32040196764	53.0
1048.8026961908101	938.6146990129558	53.04
1034.91608263282	939.1377355006294	53.08
1027.8540464621683	935.5110044557498	53.12
1028.7127208650943	943.9528665339609	53.16
1060.7289589032414	941.9029359889737	53.2
1050.3984983008672	946.0107786562501	53.24
1039.1897881332475	946.0535650283978	53.28
1046.0141893827551	945.2460361254984	53.32
1068.4861318885344	943.1579519425239	53.36
1060.0171661549673	944.9773560206827	53.4
1051.67840768049	945.0111423793203	53.44
1079.7250374802943	950.3494303044639	53.48
1076.5665021824395	953.8272102195428	53.52
1055.644640915447	953.2655545337378	53.56
1041.2320339863973	956.4114223573652	53.6
1047.7628895582272	958.393861898971	53.64
1013.92300544704	957.6026567789238	53.68
1051.5634166512825	959.8290426279068	53.72
1069.6152132708228	962.9356950725951	53.76
1086.8671700498146	970.4755430413777	53.8
1104.502750724308	976.9549861354359	53.84
1136.9868962356395	981.4063134913197	53.88
1188.9980050390873	998.6494786026515	53.92
1187.4346534232138	1014.3704708064633	53.96
1174.5676926593067	1023.7742817849967	54.0
1140.811925611193	1034.6442880507163	54.04
1109.3398317970816	1031.452108934552	54.08
1094.8515289446298	1030.6663457279922	54.12
1082.2247134533145	1054.3593151897628	54.16
1068.5737761631403	1123.7240579626925	54.2
1077.4094361940613	1178.0575559869408	54.24
1070.8531127554957	1180.534933273068	54.28
1068.0512394072634	1183.5616004143983	54.32
1062.5765439147333	1156.488076533636	54.36
1068.0964295237889	1072.5441256682473	54.4
1048.9727459162152	1020.1251757130692	54.44
1054.0516290071525	969.7157856790077	54.48
1074.3902833935922	936.3946014016175	54.52
1109.0816982752274	948.2100628165481	54.56
1149.2752233301499	956.3337144131214	54.6
1163.0998995733112	962.1498253445337	54.64
1222.2736958266007	964.3011857629621	54.68
1270.8034137898915	982.8057884068462	54.72
1258.854846903522	988.1344107083279	54.76
1256.5370040892062	992.6139881305892	54.8
0.0	0.0	54.84
0.0	0.0	54.88
1197.1046828664903	985.7135877192713	54.92
0.0	0.0	54.96
1209.9763385622416	980.912807480654	55.0
0.0	0.0	55.04
0.0	0.0	55.08
0.0	0.0	55.12
0.0	0.0	55.16
0.0	0.0	55.2
0.0	0.0	55.24
1137.8586392141046	907.993628631442	55.28
0.0	0.0	55.32
1142.4973644907543	937.4039739411876	55.36
1155.0987008952588	972.1244746750739	55.4
1141.2351369105456	1010.871633101067	55.44
1158.030259927995	1036.722609368527	55.48
1179.0368885615683	1086.2832530981036	55.52
1201.240976692172	1124.1198999165408	55.56
1215.242174923718	1142.7605925966793	55.6
1222.9234537507482	1158.8922722964212	55.64
1230.0009001800743	1182.5801172634033	55.68
1233.7206156313837	1195.658058050569	55.72
1239.5105810378432	1196.3655728424615	55.76
1241.8123202511533	1186.2830492069852	55.8
1233.28621154261	1177.01928038589	55.84
1222.1092201162337	1165.196187745324	55.88
1199.6230041226636	1148.662081028925	55.92
1170.87079263181	1131.0946123014917	55.96
1142.8764052701065	1115.4340551079754	56.0
1129.0261545496453	1102.8886458901004	56.04
1121.2777896166115	1106.9175797982914	56.08
1117.9651442181218	1105.9052709769896	56.12
1118.305200429734	1126.1461283033386	56.16
1128.4564060524433	1136.9100280261603	56.2
1143.797555426347	1140.009118186175	56.24
1156.084224075284	1142.9189024841041	56.28
1166.7512966176414	1147.5768154723014	56.32
1170.472291215826	1150.6885986210864	56.36
1172.689933309798	1153.7963237893937	56.4
1166.387281489738	1137.5300405389814	56.44
1149.4143241794354	1120.6945177848725	56.48
1124.2856305688506	1097.6819089318863	56.52
1106.9956127022076	1073.2369546633224	56.56
1085.0426268232693	1047.7205585894947	56.6
1068.1918056292636	1033.6982063121	56.64
1055.5305355655714	1017.9319934686571	56.68
1040.8817837515646	1006.2241703316339	56.72
1035.1725405670281	1001.2984311584526	56.76
1029.861504517137	996.7341784688289	56.8
1022.2265299794484	990.4580318439977	56.84
1017.4299955419401	990.96614326061	56.88
1017.688490434655	991.6294188003237	56.92
1020.2202039111671	994.5615737588955	56.96
1020.4750298830116	993.8781737374767	57.0
1021.1422912499135	994.7116888365184	57.04
1021.5614490124651	992.1932992656709	57.08
1022.4064637294075	998.2236315987212	57.12
1023.5077922024954	1001.3258687560386	57.16
1026.691675385986	1001.749660590085	57.2
1030.328695226076	1003.6708931625685	57.24
1032.670300780872	1002.592992468949	57.28
1031.1338606735114	1004.1766709027436	57.32
1033.0254261205646	1004.8075033011205	57.36
1033.8275585552308	1002.8255701696324	57.4
1032.2870450699525	1002.0682249319867	57.44
1032.4931511488992	1007.2081225865634	57.48
1031.1060601517381	1004.278491097625	57.52
1032.772187269728	1005.2382052977548	57.56
1034.0195767325986	1007.6605787836929	57.6
1034.3900936635712	1005.9147420079532	57.64
1035.9159710024437	1005.9774223400196	57.68
1034.1367404845048	1003.5944081160947	57.72
1032.26423271526	1004.6682305192785	57.76
1030.7349408038879	997.9121836469146	57.8
1028.9749992639086	996.2376786120298	57.84
1026.850607291751	996.4385030844072	57.88
1024.6995664466235	994.0094753628947	57.92
1023.16588876311	992.8814853113128	57.96
1024.0587588975272	993.2467067021258	58.0
1022.213599261327	992.1952609560782	58.04
1020.9395439473503	992.7031453870911	58.08
1020.8097065967366	992.1798089272152	58.12
1021.5790667590638	992.0372485268721	58.16
1020.6570655608999	992.3572811744394	58.2
1022.0962511532874	989.397789305137	58.24
1022.6422445257166	989.9326548483689	58.28
1022.9559914661367	988.4899411933249	58.32
1022.4487694592857	986.9920287259694	58.36
1025.4733409450716	990.9168364953782	58.4
1024.39432203934	993.5925028280225	58.44
1028.7900910231926	996.8278946275881	58.48
1027.8950477659869	999.3764573305302	58.52
1027.7215168765613	997.9853090972504	58.56
1026.2735083735654	999.0732819854725	58.6
1024.676886977232	998.605431527488	58.64
1024.7614214012806	1000.2870779656215	58.68
1028.3139540438594	1002.0287980384683	58.72
1030.3178346577704	1003.3601427566812	58.76
1029.8260092340806	1002.0707690917629	58.8
1026.9768683921004	1001.1281999574121	58.84
1020.4524471461239	998.1230549168695	58.88
1018.8767361628969	1001.2345380738508	58.92
1028.736374405675	1009.4693033037514	58.96
1040.7534743310125	1020.7379818254828	59.0
1047.9083009012513	1036.2578930559541	59.04
1038.3797572592455	1110.7626314311976	59.08
1020.6787293272374	1081.2865684720668	59.12
1008.061411079198	1053.8808239363311	59.16
993.8594119922152	1053.8525510929792	59.2
989.4444340973498	1064.837060245604	59.24
989.6956908336626	1062.5395962887285	59.28
986.2130212579633	1063.3115304945616	59.32
987.796410747228	1062.4479350335796	59.36
991.7809923203585	999.6415782578424	59.4
1003.3370174997291	987.5811007720739	59.44
1002.2590589781138	981.165342096202	59.48
999.5645398162072	972.7624607734642	59.52
997.9390630249377	984.8434164098104	59.56
999.7091353348515	978.0197648991063	59.6
1006.855331184177	980.0026180417944	59.64
1009.4187592319681	979.2971305126941	59.68
1007.8811375310586	966.7931174833633	59.72
1006.7401225455067	1002.6219157155338	59.76
1019.8049466809166	1005.4333787008593	59.8
1032.9227935540637	1019.0227320463807	59.84
1032.8090876492438	1089.308718786235	59.88
1038.125016680247	1065.716099641029	59.92
1028.9781564591526	1071.6199784248902	59.96
1018.4686924957161	1076.9396412128615	60.0
1020.8958931230629	1067.3001461726515	60.04
1019.3814758729729	1055.9619837112912	60.08
1020.9197886447972	1051.7174984187302	60.12
1022.4808075570669	1029.8200176760984	60.16
1024.4981335080547	1007.6735372194396	60.2
1030.2467685742142	998.322467569551	60.24
1025.1006849933176	997.0179931283543	60.28
1029.6002398237918	1005.7401077940712	60.32
1038.0444341347038	1013.3498385906034	60.36
1046.2944329535383	1015.1590211196558	60.4
1049.59646929951	1029.3903992233847	60.44
1032.153031434765	1006.2947703699177	60.48
1029.2007853180016	1009.7072990736413	60.52
1028.3375799472215	1011.5032584633482	60.56
1059.8120040850545	1016.1410148861817	60.6
1057.3286058341284	1092.1110611685046	60.64
1036.8533216406724	1076.2202928148786	60.68
1023.4400647977674	1084.6860276081961	60.72
1025.2369202285238	1064.2832064241404	60.76
1023.6559085806502	1059.4289868082872	60.8
1033.8494177172945	1033.451537487302	60.84
1036.361393088025	1020.7115678169979	60.88
1033.1982873560257	1015.4386975427566	60.92
1035.9756434101753	1011.6546014684801	60.96
1039.1303561853063	1017.5742247552041	61.0
1046.3249666591803	1028.5426137431687	61.04
1052.785320104145	1041.7263095719888	61.08
1055.952350905924	1039.711383610985	61.12
1050.1085882163163	1028.8618124709958	61.16
1039.3929331838724	1011.840266813675	61.2
1030.9373481395721	1011.6306554459236	61.24
1047.8138531285856	1008.3898994745517	61.28
1052.5424850531347	1085.2388674473757	61.32
1032.8649701729685	1084.2844015976148	61.36
1017.0642274475537	1070.6389493997824	61.4
1012.2053562805854	1049.996104378105	61.44
1020.2113095829291	1030.7610881332769	61.48
1033.6282731895935	1020.1450545897515	61.52
1029.985268506752	1012.5124418623191	61.56
1023.9751369213617	1008.7442660490813	61.6
1022.1005565923497	1005.3954849133032	61.64
1028.0873767101837	1020.7314055812024	61.68
1038.0051008147864	1038.945902130362	61.72
1048.0159566950606	1046.6307395888978	61.76
1052.404562654027	1049.7285588186664	61.8
1059.9061797182246	1049.7894430812464	61.84
1064.7002997017194	1051.1095651420392	61.88
1067.4982637015996	1048.8288623467145	61.92
1068.1206681220506	1037.9226915210556	61.96
1067.853772411154	1026.8001053315434	62.0
1069.101477241039	1009.5462755587445	62.04
1073.524676319761	1015.0495860566466	62.08
1085.0838884900763	1011.2699960756411	62.12
1080.3326356194682	1026.0277043722767	62.16
1056.0125168119605	1069.21590228395	62.2
1039.6879145488965	1068.5490223125698	62.24
1032.9785008095496	1069.0208959631725	62.28
1035.707689603471	1059.4875136282892	62.32
1041.463145840353	1044.101967037999	62.36
1050.4031915020396	1032.2549742953474	62.4
1049.6220627199264	1024.5241082539605	62.44
1046.373735002188	1022.2334888815071	62.48
1044.020606261067	1014.6189221896086	62.52
1042.4024579234092	1024.5331772419324	62.56
1042.5344086190669	1029.288304006375	62.6
1045.0591897631978	1029.4801339711419	62.64
1049.198074622373	1033.9807794531825	62.68
1070.2709659123318	1052.2928746319515	62.72
1077.4430427144468	1066.7728228721146	62.76
1065.9260792011723	1038.5286592039606	62.8
1071.4425680421873	1035.5903718770917	62.84
1074.3791452963926	1034.8885747159536	62.88
1080.2653531272003	1028.6262816847359	62.92
1113.321577785831	1025.9379400858313	62.96
1087.3424113907688	1022.5928559926789	63.0
1050.0463760617647	1076.3320851351148	63.04
1027.6496788118495	1078.7188013399532	63.08
1018.3072302889236	1063.1446989987453	63.12
1015.0489919420718	1049.2875304851298	63.16
1017.9367272480617	1046.21892952681	63.2
1022.3614972881061	1035.9518054577206	63.24
1031.1173726832299	1040.8325565256407	63.28
1038.6153981365073	1046.0632195182038	63.32
1057.497512720683	1059.540466166254	63.36
1081.6775552557897	1081.5906372649586	63.4
1104.1253762558433	1108.7975860376305	63.44
1114.9873804731726	1120.7199636542357	63.48
1122.6121219699135	1127.3844463241899	63.52
1128.4414463728488	1129.3058884272712	63.56
1135.3744282465277	1131.4654924222943	63.6
1149.675371920841	1138.0730990466413	63.64
1165.3135653600098	1149.3924244413456	63.68
1175.3355568109741	1153.584073341532	63.72
1188.2659498131186	1167.6519094550388	63.76
1178.475278883372	1174.0620990227105	63.8
1180.5224940033804	1181.6915312850992	63.84
0.0	0.0	63.88
1181.2371428993263	1178.9392362599067	63.92
1172.5985799015286	1164.5898197706656	63.96
1167.8928230063811	1157.1316507559475	64.0
1169.6146129785907	1157.94972671499	64.04
1172.9831374243163	1160.3164244628124	64.08
1177.655073527434	1161.8996959319788	64.12
1180.3310042534185	1163.141795562216	64.16
1180.857324739419	1158.7967158432562	64.2
1183.6526115514814	1164.8500005414999	64.24
1187.8393062846428	1168.7491741337967	64.28
1211.5282665237582	1172.33810424486	64.32
1239.9300900545734	1188.1489558640167	64.36
1256.3086663133201	1219.6878057376525	64.4
1287.0973258405957	1262.09001173508	64.44
1299.7517932270207	1297.4288168848807	64.48
1281.8697632787055	1294.31908553984	64.52
1261.6118584216551	1272.9777589667667	64.56
1220.0865527245621	1224.329097140351	64.6
1172.8856227097174	1174.3398059794422	64.64
1141.6918693306686	1125.3565478196324	64.68
1110.547269743449	1084.119135137535	64.72
1075.8238229634833	1035.9385899400474	64.76
1052.5415212421567	984.1728276776429	64.8
1034.9886290152044	939.8023669444834	64.84
1021.483309655153	915.5452705048684	64.88
1021.1035243608527	881.4410864453633	64.92
1022.1472896557566	857.868553536101	64.96
1019.8933637642888	850.3774728225068	65.0
1021.1873907774836	849.3392481427048	65.04
1018.2194894164896	853.0859198897524	65.08
1019.3115836041645	858.9478939867031	65.12
1035.2555070941219	876.7327706638658	65.16
1052.375200859881	901.3567480582965	65.2
1069.3389487176216	927.8690804215009	65.24
1085.696681291042	956.2853124509426	65.28
1105.3828316344416	982.1691501649793	65.32
1114.2262986529079	997.1180033296972	65.36
1113.9396514209866	1008.2781160243247	65.4
1121.1476976674944	1013.8663483906597	65.44
1124.8081312755353	1014.405959729824	65.48
1130.8198558611205	1020.997255151767	65.52
1130.2954041908658	1023.1512604128459	65.56
1139.631374367004	1026.340000243189	65.6
1155.778422656234	1036.8543236657297	65.64
1173.13850657429	1057.9574143225987	65.68
1190.2085600336684	1076.2486054565886	65.72
1194.3436621616781	1091.1211664403527	65.76
1194.6548703844903	1119.7691169333148	65.8
1199.051558658567	1155.4025240656574	65.84
1194.108419918619	1166.9565777942407	65.88
1196.33039249045	1178.6148151538725	65.92
1203.3433752481928	1184.0643134712834	65.96
1201.3903701795755	1190.4770347708811	66.0
1204.156777764218	1180.8207908592585	66.04
1195.5794840804363	1167.3846990512332	66.08
1186.23546364199	1143.2455942692516	66.12
1159.0483243176227	1134.2917925810657	66.16
1136.9239595658473	1114.4947339631963	66.2
1116.0778728162768	1090.8312133599798	66.24
1101.8922739636562	1069.4815244452332	66.28
1087.8048858502864	1057.4910966446812	66.32
1079.694914731581	1044.3437803305765	66.36
1070.4555408937367	1043.4252860594095	66.4
1064.4513098958673	1044.9751179613677	66.44
1065.604488577741	1043.625131173782	66.48
1060.6476285216622	1034.5739965104224	66.52
1052.6717894444303	1024.154684468728	66.56
1052.0966624954328	1026.1006334446135	66.6
1042.4993082895683	1015.8337968740642	66.64
1033.5436076967108	1003.6756962115796	66.68
1026.846654771849	998.2327574138634	66.72
1020.1094296591173	991.6102227700521	66.76
1011.435045332215	987.185665662462	66.8
1006.4028009615512	983.1806824262893	66.84
998.1769222680027	971.7329481639423	66.88
990.7600859361994	967.7986560843607	66.92
993.1524653218386	968.6177232911205	66.96
992.7889323748446	970.3968181323637	67.0
987.8031621208221	970.1880395373423	67.04
989.5304147700432	963.8632373442113	67.08
989.2265922630094	970.5826452990835	67.12
992.1861272291763	971.9613941141529	67.16
989.6801318174013	969.5158986478074	67.2
989.8505988906605	974.1038523108634	67.24
994.7649124955026	976.8203053464035	67.28
994.4718046589094	978.3338280299554	67.32
993.9907331530395	977.4441794604769	67.36
990.9272205775225	977.3445024585698	67.4
988.3274417748258	975.779631373568	67.44
988.793590677436	973.7946467654665	67.48
988.8647648245951	972.6856242957072	67.52
984.1943167617268	973.9367021364437	67.56
986.77059455313	973.0822206465933	67.6
989.3010584726403	976.0960772200887	67.64
991.7816600902408	981.5523232187654	67.68
992.4146240549996	986.4743792498267	67.72
998.3994907092288	990.7564776445599	67.76
1003.6201352345362	991.0645570385652	67.8
999.1874632411576	990.292882120572	67.84
993.2813697349026	991.0390950397212	67.88
997.2272757691559	990.6382292608303	67.92
998.9535138521385	990.5253864128092	67.96
1002.0283435897611	990.8549906687874	68.0
1004.5467206712126	992.6954131876531	68.04
1006.4370751855015	994.6603855647829	68.08
1006.9554834724443	994.5915737614631	68.12
1012.3822393503885	1002.0820910200869	68.16
1015.5091083480617	1006.4337283180653	68.2
1017.0190529057891	1005.9451981068986	68.24
1018.6162951825604	1004.8426102538053	68.28
1024.0209543682545	1009.7820406170601	68.32
1026.136592056472	1014.319457344677	68.36
1032.6924446473736	1023.697306606266	68.4
1039.4605861049054	1022.8658748477476	68.44
1044.0602446110042	1028.8722613187192	68.48
1044.7328425096148	1027.2433007309087	68.52
1048.4429030194042	1021.4152191258573	68.56
1054.1025107007808	1021.9970672953692	68.6
1056.8413981806102	1024.0121299020018	68.64
1062.57248085097	1029.714320680019	68.68
1068.254765466033	1037.681676605789	68.72
1071.5173627091126	1041.8532206991433	68.76
1075.513081687919	1044.5376344796578	68.8
1079.156292270598	1048.5734796290335	68.84
1084.1039004575491	1052.3576167374943	68.88
1086.6265679122253	1058.4933412673583	68.92
1090.68297101743	1063.2655830759013	68.96
1097.1209412158735	1063.5607627653699	69.0
1096.2308276415245	1059.973766495958	69.04
1094.619127378928	1057.2071528043027	69.08
1095.348712803505	1057.4602461818959	69.12
1096.1459169418586	1058.914791450971	69.16
1096.383076353493	1059.592656865163	69.2
1098.1355888254282	1060.3630469342452	69.24
1097.9506282996228	1059.9037008808423	69.28
1097.54747094162	1061.2050018510874	69.32
1098.8148902107782	1061.1414426494423	69.36
1101.9356779765644	1061.6264534716342	69.4
1104.3540369362984	1062.74808117951	69.44
1105.833867596188	1063.1676001885774	69.48
1104.9250144040145	1062.3579614967057	69.52
1101.9679968290066	1060.1351172719042	69.56
1099.168106415773	1057.0523248933316	69.6
1093.0769815747817	1054.3648447335042	69.64
1092.5307587619675	1051.7803491520726	69.68
1088.7215224274494	1048.1155702458752	69.72
1088.0960662461564	1045.3029075162008	69.76
1088.7243119032078	1041.3912628506432	69.8
1089.6983915538838	1039.3077178962776	69.84
1096.0439714705972	1043.4064723120266	69.88
1103.135681894296	1049.4714160613878	69.92
1107.3642333232744	1053.0922015062833	69.96
1121.4933843876702	1058.621829788374	70.0
1131.2988427595433	1070.079133640697	70.04
1147.3996218364152	1089.0197754189116	70.08
1176.6434894894617	1119.1277025141585	70.12
1221.8706624229171	1159.566960593017	70.16
1278.2053562513925	1211.8055631550296	70.2
1344.078663789702	1279.147235917585	70.24
1436.6800489463546	1358.572364149652	70.28
1518.1727255327985	1443.885926446509	70.32
0.0	0.0	70.36
0.0	0.0	70.4
0.0	0.0	70.44
0.0	0.0	70.48
0.0	0.0	70.52
0.0	0.0	70.56
0.0	0.0	70.6
0.0	0.0	70.64
0.0	0.0	70.68
0.0	0.0	70.72
0.0	0.0	70.76
0.0	0.0	70.8
0.0	0.0	70.84
0.0	0.0	70.88
0.0	0.0	70.92
0.0	0.0	70.96
0.0	0.0	71.0
0.0	0.0	71.04
0.0	0.0	71.08
0.0	0.0	71.12
0.0	0.0	71.16
0.0	0.0	71.2
0.0	0.0	71.24
0.0	0.0	71.28
0.0	0.0	71.32
0.0	0.0	71.36
0.0	0.0	71.4
0.0	0.0	71.44
0.0	0.0	71.48
0.0	0.0	71.52
0.0	0.0	71.56
0.0	0.0	71.6
0.0	0.0	71.64
0.0	0.0	71.68
0.0	0.0	71.72
0.0	0.0	71.76
0.0	0.0	71.8
0.0	0.0	71.84
0.0	0.0	71.88
0.0	0.0	71.92
0.0	0.0	71.96
0.0	0.0	72.0
0.0	0.0	72.04
0.0	0.0	72.08
0.0	0.0	72.12
0.0	0.0	72.16
0.0	0.0	72.2
0.0	0.0	72.24
0.0	0.0	72.28
0.0	0.0	72.32
0.0	0.0	72.36
0.0	0.0	72.4
0.0	0.0	72.44
0.0	0.0	72.48
0.0	0.0	72.52
0.0	0.0	72.56
0.0	0.0	72.6
0.0	0.0	72.64
0.0	0.0	72.68
0.0	0.0	72.72
0.0	0.0	72.76
0.0	0.0	72.8
0.0	0.0	72.84
0.0	0.0	72.88
0.0	0.0	72.92
0.0	0.0	72.96
0.0	0.0	73.0
