Thumb_R	Index_R	Time
0.0	0.0	0.04
0.0	0.0	0.08
0.0	0.0	0.12
0.0	0.0	0.16
0.0	0.0	0.2
0.0	0.0	0.24
0.0	0.0	0.28
0.0	0.0	0.32
0.0	0.0	0.36
0.0	0.0	0.4
0.0	0.0	0.44
0.0	0.0	0.48
0.0	0.0	0.52
0.0	0.0	0.56
0.0	0.0	0.6
0.0	0.0	0.64
0.0	0.0	0.68
0.0	0.0	0.72
0.0	0.0	0.76
0.0	0.0	0.8
0.0	0.0	0.84
0.0	0.0	0.88
0.0	0.0	0.92
0.0	0.0	0.96
0.0	0.0	1.0
0.0	0.0	1.04
0.0	0.0	1.08
0.0	0.0	1.12
0.0	0.0	1.16
0.0	0.0	1.2
0.0	0.0	1.24
0.0	0.0	1.28
0.0	0.0	1.32
0.0	0.0	1.36
839.269729646928	815.4279698361794	1.4
884.0478116518569	884.0478116518569	1.44
930.6578848852696	930.6578848852696	1.48
973.7250541402398	973.7250541402398	1.52
998.2766771260699	998.2766771260699	1.56
1010.3927803276225	1010.3927803276225	1.6
1010.9143797684856	1010.9143797684856	1.64
1004.0808228413161	1004.0808228413161	1.68
994.8874566431401	994.8874566431401	1.72
981.1236049424238	981.1236049424238	1.76
970.8165968933995	970.8165968933995	1.8
953.8515099621345	953.8515099621345	1.84
927.9275297481796	927.9275297481796	1.88
911.1918104594672	911.1918104594672	1.92
899.6574406951644	899.6574406951644	1.96
885.8045844236425	885.8045844236425	2.0
881.0519426596038	881.0519426596038	2.04
878.4102974400082	878.4102974400082	2.08
886.3374682363847	886.3374682363847	2.12
889.3955415453017	889.3955415453017	2.16
880.0588047165716	880.0588047165716	2.2
874.9151294599592	874.9151294599592	2.24
875.9685644610411	875.9685644610411	2.28
878.405244677267	878.405244677267	2.32
880.3492969929752	880.3492969929752	2.36
883.419346387997	883.419346387997	2.4
894.0422088937661	894.0422088937661	2.44
907.9604737289633	907.9604737289633	2.48
923.525748438487	923.525748438487	2.52
938.8370483394334	938.8370483394334	2.56
948.5168418398981	948.5168418398981	2.6
946.0756794623336	946.0756794623336	2.64
930.7479082878197	930.7479082878197	2.68
876.8483093737443	876.8483093737443	2.72
805.3793167330927	805.3793167330927	2.76
757.6198094098198	757.6198094098198	2.8
730.257123704312	730.257123704312	2.84
744.2001246217875	744.2001246217875	2.88
764.8686533635494	764.8686533635494	2.92
772.5786623512223	772.5786623512223	2.96
776.6928035623571	776.6928035623571	3.0
779.6302840010177	779.6302840010177	3.04
778.8069822459731	778.8069822459731	3.08
789.7410027627669	789.7410027627669	3.12
802.4176796178538	802.4176796178538	3.16
812.7767759440549	812.7767759440549	3.2
822.8670338235839	822.8670338235839	3.24
832.5107979730961	832.5107979730961	3.28
834.7252606242535	834.7252606242535	3.32
837.0740206220756	837.0740206220756	3.36
836.4868061200045	836.4868061200045	3.4
832.1613649510901	832.1613649510901	3.44
824.6742069240021	824.6742069240021	3.48
821.7987997097426	821.7987997097426	3.52
823.3353792713865	823.3353792713865	3.56
824.0944483279377	824.0944483279377	3.6
824.3149963477111	824.3149963477111	3.64
827.6199035345934	827.6199035345934	3.68
842.8571750493443	842.8571750493443	3.72
860.5876262510195	860.5876262510195	3.76
881.9551093911423	881.9551093911423	3.8
920.201837172277	920.201837172277	3.84
941.7133570639417	941.7133570639417	3.88
962.73721345645	962.73721345645	3.92
982.0520084517116	982.0520084517116	3.96
998.0047154830139	998.0047154830139	4.0
1012.6975046635696	1012.6975046635696	4.04
1023.1363564349149	1023.1363564349149	4.08
1032.2682311170206	1032.2682311170206	4.12
1043.1967750340666	1043.1967750340666	4.16
1044.1067647079074	1044.1067647079074	4.2
1043.866622111296	1043.866622111296	4.24
1034.6831740908515	1034.6831740908515	4.28
1024.6579510251877	1024.6579510251877	4.32
1012.273071310073	1012.273071310073	4.36
996.8093540925803	996.8093540925803	4.4
974.2032422297806	974.2032422297806	4.44
941.2686348950133	941.2686348950133	4.48
923.5487436923705	923.5487436923705	4.52
906.7114367817417	906.7114367817417	4.56
890.010771187114	890.010771187114	4.6
884.2501260185106	884.2501260185106	4.64
894.906205471329	894.906205471329	4.68
896.0293097353056	896.0293097353056	4.72
868.9212927483572	868.9212927483572	4.76
824.4334736607094	824.4334736607094	4.8
792.6496494578935	792.6496494578935	4.84
767.5896074914886	767.5896074914886	4.88
756.2126754644695	756.2126754644695	4.92
753.1276670964676	753.1276670964676	4.96
740.5850115858599	740.5850115858599	5.0
735.0080320428544	735.0080320428544	5.04
731.2710190721509	731.2710190721509	5.08
742.870008923596	742.870008923596	5.12
735.1150200138098	735.1150200138098	5.16
743.1003348541116	743.1003348541116	5.2
743.9571827829947	743.9571827829947	5.24
747.3003678385029	747.3003678385029	5.28
749.219288575358	749.219288575358	5.32
765.1420311941903	765.1420311941903	5.36
773.3328788580948	773.3328788580948	5.4
786.5757801297572	786.5757801297572	5.44
795.4444975090231	795.4444975090231	5.48
802.0274205970377	802.0274205970377	5.52
809.9409650031009	809.9409650031009	5.56
818.8655322770182	818.8655322770182	5.6
828.0138382098392	828.0138382098392	5.64
836.50391438476	836.50391438476	5.68
834.0575870357384	834.0575870357384	5.72
829.9402483836303	829.9402483836303	5.76
827.0835503399763	827.0835503399763	5.8
820.2590178495662	820.2590178495662	5.84
815.1543103512299	815.1543103512299	5.88
809.3042082372386	809.3042082372386	5.92
804.4008281766507	804.4008281766507	5.96
792.7834520310637	792.7834520310637	6.0
781.9567337775129	781.9567337775129	6.04
766.6619444157254	766.6619444157254	6.08
756.5794927631952	756.5794927631952	6.12
748.3300458172677	748.3300458172677	6.16
744.3011117923063	744.3011117923063	6.2
741.5125176950141	741.5125176950141	6.24
734.4041066180636	734.4041066180636	6.28
730.9505263902039	730.9505263902039	6.32
729.5248669735605	729.5248669735605	6.36
729.6011669903504	729.6011669903504	6.4
735.6428641512101	735.6428641512101	6.44
743.2861088321818	743.2861088321818	6.48
743.1470784061382	743.1470784061382	6.52
743.0560560160628	743.0560560160628	6.56
740.9488924269135	740.9488924269135	6.6
741.3505218246041	741.3505218246041	6.64
745.0453191115872	745.0453191115872	6.68
742.1723667049686	742.1723667049686	6.72
743.6314334863978	743.6314334863978	6.76
747.2818812072779	747.2818812072779	6.8
750.0045723463736	750.0045723463736	6.84
749.5548124705196	749.5548124705196	6.88
751.7239501698028	751.7239501698028	6.92
750.3407903067593	750.3407903067593	6.96
754.3898442810863	754.3898442810863	7.0
756.628094341747	756.628094341747	7.04
758.2637459297831	758.2637459297831	7.08
756.7482682699579	756.7482682699579	7.12
754.5715688332209	754.5715688332209	7.16
759.9855188386339	759.9855188386339	7.2
763.3270916347957	763.3270916347957	7.24
767.1554765520243	767.1554765520243	7.28
766.0553457850807	766.0553457850807	7.32
764.6556781425115	764.6556781425115	7.36
758.9952681654604	758.9952681654604	7.4
753.2767725693708	753.2767725693708	7.44
755.1371010035359	755.1371010035359	7.48
752.9319857937413	752.9319857937413	7.52
749.8918748937666	749.8918748937666	7.56
751.1336292455595	751.1336292455595	7.6
757.9588139588487	757.9588139588487	7.64
752.6807182857544	752.6807182857544	7.68
755.1713116287212	755.1713116287212	7.72
756.0843543062608	756.0843543062608	7.76
762.079328870872	762.079328870872	7.8
766.4609200530384	766.4609200530384	7.84
774.3455726659715	774.3455726659715	7.88
778.2605233651883	778.2605233651883	7.92
775.9406758589059	775.9406758589059	7.96
780.0625541307303	780.0625541307303	8.0
780.4211518924059	780.4211518924059	8.04
790.4017429896971	790.4017429896971	8.08
807.0929149171822	807.0929149171822	8.12
806.7268864606273	806.7268864606273	8.16
800.8786472744022	800.8786472744022	8.2
800.9135838044173	800.9135838044173	8.24
802.6291573723893	802.6291573723893	8.28
818.0106182403429	818.0106182403429	8.32
821.3585215882525	821.3585215882525	8.36
810.5794895000415	810.5794895000415	8.4
793.4635968591169	793.4635968591169	8.44
785.7172745418936	785.7172745418936	8.48
774.7226464509404	774.7226464509404	8.52
772.3995058609719	772.3995058609719	8.56
765.7570410868659	765.7570410868659	8.6
757.6764370723037	757.6764370723037	8.64
764.255388534003	764.255388534003	8.68
767.93331008449	767.93331008449	8.72
773.1138727898399	773.1138727898399	8.76
765.3317470658277	765.3317470658277	8.8
762.886485943834	762.886485943834	8.84
762.9014245051908	762.9014245051908	8.88
758.7833611693384	758.7833611693384	8.92
755.6001851286177	755.6001851286177	8.96
752.272438684804	752.272438684804	9.0
753.1516875121375	753.1516875121375	9.04
753.4977500940357	753.4977500940357	9.08
753.5684436553946	753.5684436553946	9.12
757.9533782208043	757.9533782208043	9.16
761.8208520725615	761.8208520725615	9.2
763.5406535137889	763.5406535137889	9.24
763.8962517030702	763.8962517030702	9.28
763.9418281906791	763.9418281906791	9.32
767.6719117302432	767.6719117302432	9.36
765.0738901748496	765.0738901748496	9.4
728.3081596003974	728.3081596003974	9.44
663.6954129451319	663.6954129451319	9.48
609.3312963778511	609.3312963778511	9.52
588.2154042796815	588.2154042796815	9.56
607.9428500257804	607.9428500257804	9.6
619.135761641185	619.135761641185	9.64
630.4436019536781	630.4436019536781	9.68
635.1170863311131	635.1170863311131	9.72
638.4631482548306	638.4631482548306	9.76
654.4542868926105	654.4542868926105	9.8
667.9082245975153	667.9082245975153	9.84
682.0593037714656	682.0593037714656	9.88
691.2110215869357	691.2110215869357	9.92
708.5320822669843	708.5320822669843	9.96
721.7620684707715	721.7620684707715	10.0
743.2447296655525	743.2447296655525	10.04
756.3032282569691	756.3032282569691	10.08
766.2995327437958	766.2995327437958	10.12
774.2791442635221	774.2791442635221	10.16
769.0771667703947	769.0771667703947	10.2
772.1479136711347	772.1479136711347	10.24
782.6555649603081	782.6555649603081	10.28
788.366076847956	788.366076847956	10.32
800.0109636734319	800.0109636734319	10.36
806.061708486474	806.061708486474	10.4
813.068112209257	813.068112209257	10.44
816.6554632340828	816.6554632340828	10.48
817.6124669419672	817.6124669419672	10.52
820.1738598123785	820.1738598123785	10.56
1658.6583954455184	1658.6583954455184	10.6
834.3210386194758	834.3210386194758	10.64
839.8628633459471	839.8628633459471	10.68
860.8054206553318	860.8054206553318	10.72
886.7605325813882	886.7605325813882	10.76
919.8793980787167	919.8793980787167	10.8
950.929878965281	950.929878965281	10.84
992.3024947955321	992.3024947955321	10.88
1032.2153262164043	1032.2153262164043	10.92
1042.5020140942959	1042.5020140942959	10.96
1050.538522005972	1050.538522005972	11.0
1062.2906781330698	1062.2906781330698	11.04
1058.6947554044489	1058.6947554044489	11.08
1057.929732533158	1057.929732533158	11.12
1056.3255214128353	1056.3255214128353	11.16
1053.2578184846257	1053.2578184846257	11.2
1031.5227933528315	1031.5227933528315	11.24
1009.2000889431365	1009.2000889431365	11.28
971.5955134610916	971.5955134610916	11.32
942.7190582746781	942.7190582746781	11.36
923.3080515740731	923.3080515740731	11.4
906.2548781067984	906.2548781067984	11.44
911.8447769455128	911.8447769455128	11.48
928.7846715462999	928.7846715462999	11.52
934.4393719467413	934.4393719467413	11.56
920.6839243834879	920.6839243834879	11.6
911.4048150188878	911.4048150188878	11.64
886.6597588794234	886.6597588794234	11.68
873.9470060710648	873.9470060710648	11.72
856.1760168179513	856.1760168179513	11.76
845.1713873347189	845.1713873347189	11.8
839.6981315397773	839.6981315397773	11.84
840.7696922478622	840.7696922478622	11.88
838.726463747341	838.726463747341	11.92
849.8559097150363	849.8559097150363	11.96
843.9544713317523	843.9544713317523	12.0
853.6827825546462	853.6827825546462	12.04
854.1961937852188	854.1961937852188	12.08
855.4792804367736	855.4792804367736	12.12
858.7215883605257	858.7215883605257	12.16
859.4609281436343	859.4609281436343	12.2
864.8189332744174	864.8189332744174	12.24
853.768066985717	853.768066985717	12.28
847.7831403049215	847.7831403049215	12.32
845.5813164001345	845.5813164001345	12.36
840.9603224418375	840.9603224418375	12.4
837.1241849178725	837.1241849178725	12.44
829.8707351564622	829.8707351564622	12.48
828.7493828680238	828.7493828680238	12.52
824.8569629547087	824.8569629547087	12.56
821.8958960920162	821.8958960920162	12.6
819.1538300359657	819.1538300359657	12.64
816.0568059598955	816.0568059598955	12.68
814.9111819265722	814.9111819265722	12.72
813.1741929706379	813.1741929706379	12.76
815.648304655182	815.648304655182	12.8
815.6888164188284	815.6888164188284	12.84
815.8422040617685	815.8422040617685	12.88
814.5600010919054	814.5600010919054	12.92
815.5343643452163	815.5343643452163	12.96
808.263430807884	808.263430807884	13.0
817.8032471036594	817.8032471036594	13.04
818.4749913712736	818.4749913712736	13.08
807.1771654308305	807.1771654308305	13.12
811.0172878799314	811.0172878799314	13.16
810.4207752345415	810.4207752345415	13.2
815.189219690142	815.189219690142	13.24
821.6974389502801	821.6974389502801	13.28
828.1938869549475	828.1938869549475	13.32
836.1493632197388	836.1493632197388	13.36
859.1262579342757	859.1262579342757	13.4
871.2232421925204	871.2232421925204	13.44
889.085483544903	889.085483544903	13.48
898.0319755611216	898.0319755611216	13.52
918.2423127169712	918.2423127169712	13.56
929.6449707290819	929.6449707290819	13.6
933.3868571533898	933.3868571533898	13.64
941.1840721650997	941.1840721650997	13.68
947.6080201204959	947.6080201204959	13.72
962.4184817119831	962.4184817119831	13.76
972.1690689812172	972.1690689812172	13.8
960.8529202239342	960.8529202239342	13.84
943.0721071206216	943.0721071206216	13.88
937.9075866572226	937.9075866572226	13.92
931.6865978928007	931.6865978928007	13.96
928.4977638714163	928.4977638714163	14.0
941.1629197888589	941.1629197888589	14.04
952.88131308304	952.88131308304	14.08
965.9975979617265	965.9975979617265	14.12
977.5729245720073	977.5729245720073	14.16
994.1705520938106	994.1705520938106	14.2
995.061230464695	995.061230464695	14.24
1005.596424361015	1005.596424361015	14.28
1011.1509736890362	1011.1509736890362	14.32
1016.395223579738	1016.395223579738	14.36
1027.5592043455538	1027.5592043455538	14.4
1028.0204468345955	1028.0204468345955	14.44
1030.2083926284936	1030.2083926284936	14.48
1030.7658054736755	1030.7658054736755	14.52
1028.4284059217177	1028.4284059217177	14.56
1030.8485514170084	1030.8485514170084	14.6
1030.8489260319755	1030.8489260319755	14.64
1032.684963611996	1032.684963611996	14.68
1031.9766284035932	1031.9766284035932	14.72
1032.7385984418893	1032.7385984418893	14.76
1034.2265376235353	1034.2265376235353	14.8
1029.3692609100553	1029.3692609100553	14.84
1030.8204510422624	1030.8204510422624	14.88
1030.5527386466672	1030.5527386466672	14.92
1032.3587404680186	1032.3587404680186	14.96
1030.1210058900515	1030.1210058900515	15.0
1024.0952517588612	1024.0952517588612	15.04
1025.3473944748177	1025.3473944748177	15.08
1025.735786834176	1025.735786834176	15.12
1021.4994688433981	1021.4994688433981	15.16
1023.8540024644183	1023.8540024644183	15.2
1023.5235456320027	1023.5235456320027	15.24
1023.1044020251095	1023.1044020251095	15.28
1020.8478814212035	1020.8478814212035	15.32
1020.3031102107556	1020.3031102107556	15.36
1021.6295193395124	1021.6295193395124	15.4
1019.7459615375717	1019.7459615375717	15.44
1019.6106055988655	1019.6106055988655	15.48
1017.3098532158605	1017.3098532158605	15.52
1017.1193642460436	1017.1193642460436	15.56
1012.3211089348409	1012.3211089348409	15.6
1013.3825813600986	1013.3825813600986	15.64
1012.786534071549	1012.786534071549	15.68
1013.0188621420252	1013.0188621420252	15.72
1012.1362141843055	1012.1362141843055	15.76
1011.5566097767122	1011.5566097767122	15.8
1009.9761332050745	1009.9761332050745	15.84
1013.8645389737618	1013.8645389737618	15.88
1014.972269817939	1014.972269817939	15.92
1012.7035145513672	1012.7035145513672	15.96
1011.2467366516356	1011.2467366516356	16.0
1011.5266587899392	1011.5266587899392	16.04
1012.7508064772092	1012.7508064772092	16.08
1014.667144846646	1014.667144846646	16.12
1013.4416538802689	1013.4416538802689	16.16
1012.1574468025609	1012.1574468025609	16.2
1012.5303719781502	1012.5303719781502	16.24
1010.4039179474859	1010.4039179474859	16.28
1008.6869286843798	1008.6869286843798	16.32
1012.6591056840193	1012.6591056840193	16.36
1012.1703123501471	1012.1703123501471	16.4
1012.7062463440451	1012.7062463440451	16.44
1013.4033365853588	1013.4033365853588	16.48
1011.2898855545567	1011.2898855545567	16.52
1014.1190280696992	1014.1190280696992	16.56
1015.9038880322357	1015.9038880322357	16.6
1016.7850310586892	1016.7850310586892	16.64
1017.5141716130844	1017.5141716130844	16.68
1016.2419421721564	1016.2419421721564	16.72
1019.161304272561	1019.161304272561	16.76
1030.8937348944994	1030.8937348944994	16.8
1024.1483493646665	1024.1483493646665	16.84
1026.1105391329854	1026.1105391329854	16.88
1030.8111161789489	1030.8111161789489	16.92
1028.0427466388876	1028.0427466388876	16.96
1028.69044038561	1028.69044038561	17.0
1028.051460203001	1028.051460203001	17.04
1029.765455817642	1029.765455817642	17.08
1037.9301983017165	1037.9301983017165	17.12
1039.4082484146252	1039.4082484146252	17.16
1037.8405944365145	1037.8405944365145	17.2
1038.8090655375288	1038.8090655375288	17.24
1037.5339086904394	1037.5339086904394	17.28
1039.2254938734584	1039.2254938734584	17.32
1039.7342921993823	1039.7342921993823	17.36
1040.2378170537897	1040.2378170537897	17.4
1043.5453467517084	1043.5453467517084	17.44
1043.7338613186228	1043.7338613186228	17.48
1045.602444215407	1045.602444215407	17.52
1042.9250165410292	1042.9250165410292	17.56
1038.2860319969595	1038.2860319969595	17.6
1036.061927257723	1036.061927257723	17.64
1036.9151602399663	1036.9151602399663	17.68
1040.1659579096747	1040.1659579096747	17.72
1043.93194183213	1043.93194183213	17.76
1050.7573803403095	1050.7573803403095	17.8
1054.856995427553	1054.856995427553	17.84
1059.5548713788612	1059.5548713788612	17.88
1058.4671783320632	1058.4671783320632	17.92
1058.414934487213	1058.414934487213	17.96
1073.40345919168	1073.40345919168	18.0
1081.8881059137366	1081.8881059137366	18.04
1083.5495535445161	1083.5495535445161	18.08
1083.4371187597703	1083.4371187597703	18.12
1080.745508838336	1080.745508838336	18.16
1077.2750874845017	1077.2750874845017	18.2
1074.3332438659309	1074.3332438659309	18.24
1072.0881970188257	1072.0881970188257	18.28
1070.8211686138122	1070.8211686138122	18.32
1067.2340076454636	1067.2340076454636	18.36
1066.1719314989941	1066.1719314989941	18.4
1071.009974246024	1071.009974246024	18.44
1067.1503291015667	1067.1503291015667	18.48
1076.9085658712622	1076.9085658712622	18.52
1075.622660749232	1075.622660749232	18.56
1074.656985375546	1074.656985375546	18.6
1074.523539971863	1074.523539971863	18.64
1067.2163965167883	1067.2163965167883	18.68
1065.7400585731496	1065.7400585731496	18.72
1064.3035331402984	1064.3035331402984	18.76
1065.5621705731562	1065.5621705731562	18.8
1074.076442599583	1074.076442599583	18.84
1086.5855501448905	1086.5855501448905	18.88
1103.1214455819613	1103.1214455819613	18.92
1106.7433823011995	1106.7433823011995	18.96
1116.4087838689704	1116.4087838689704	19.0
1120.3669151349936	1120.3669151349936	19.04
1132.7717769499698	1132.7717769499698	19.08
1147.4597489943155	1147.4597489943155	19.12
1164.7228775058923	1164.7228775058923	19.16
1192.1816585690046	1192.1816585690046	19.2
1217.0010694748926	1217.0010694748926	19.24
1247.7377923295571	1247.7377923295571	19.28
1269.3137485673446	1269.3137485673446	19.32
1287.037850809003	1287.037850809003	19.36
1301.8960793167332	1301.8960793167332	19.4
1316.5931747503334	1316.5931747503334	19.44
1323.509138917008	1323.509138917008	19.48
1336.1205553129134	1336.1205553129134	19.52
1341.3372270118382	1341.3372270118382	19.56
1347.9592945304016	1347.9592945304016	19.6
1358.7325740372182	1358.7325740372182	19.64
1358.5930917172375	1358.5930917172375	19.68
1357.3159017870735	1357.3159017870735	19.72
1360.9111441366128	1360.9111441366128	19.76
1366.0969295345994	1366.0969295345994	19.8
1369.2274801021338	1369.2274801021338	19.84
1370.2346184447977	1370.2346184447977	19.88
1367.1636092395893	1367.1636092395893	19.92
1369.868854596848	1369.868854596848	19.96
1370.557407785715	1370.557407785715	20.0
1370.0280738066213	1370.0280738066213	20.04
1367.6047947888715	1367.6047947888715	20.08
1366.338411434886	1366.338411434886	20.12
1362.1033880534512	1362.1033880534512	20.16
1359.984772025949	1359.984772025949	20.2
1354.332843978995	1354.332843978995	20.24
1348.7296838743068	1348.7296838743068	20.28
1345.5459801113805	1345.5459801113805	20.32
1342.3710203173782	1342.3710203173782	20.36
1336.0079234527736	1336.0079234527736	20.4
1339.817444088326	1339.817444088326	20.44
1338.898624332309	1338.898624332309	20.48
1341.4455039495692	1341.4455039495692	20.52
1344.4386139485534	1344.4386139485534	20.56
1347.6574697730582	1347.6574697730582	20.6
1344.7962007897681	1344.7962007897681	20.64
1346.8861325028618	1346.8861325028618	20.68
1345.4088313599657	1345.4088313599657	20.72
1342.8680769007353	1342.8680769007353	20.76
1344.7408328331933	1344.7408328331933	20.8
1341.850649797038	1341.850649797038	20.84
1341.8074625769282	1341.8074625769282	20.88
1340.783680711415	1340.783680711415	20.92
1341.0650354234863	1341.0650354234863	20.96
1339.7492130574904	1339.7492130574904	21.0
1342.2963612718963	1342.2963612718963	21.04
1341.174168904355	1341.174168904355	21.08
1340.8049077855487	1340.8049077855487	21.12
1341.2524432214339	1341.2524432214339	21.16
1341.3851780888322	1341.3851780888322	21.2
1337.6876738672324	1337.6876738672324	21.24
1337.549304588031	1337.549304588031	21.28
1337.4769125410583	1337.4769125410583	21.32
1337.2376839954359	1337.2376839954359	21.36
1334.951382890619	1334.951382890619	21.4
1332.9368930221808	1332.9368930221808	21.44
1333.8355175654708	1333.8355175654708	21.48
1333.195108125053	1333.195108125053	21.52
1333.3094177445153	1333.3094177445153	21.56
1334.476677706086	1334.476677706086	21.6
1333.4189908335502	1333.4189908335502	21.64
1335.748006301982	1335.748006301982	21.68
1333.7718121569417	1333.7718121569417	21.72
1334.6321000403345	1334.6321000403345	21.76
1331.4683826641808	1331.4683826641808	21.8
1333.6597455447704	1333.6597455447704	21.84
1332.3483761174366	1332.3483761174366	21.88
1333.0015043908934	1333.0015043908934	21.92
1335.0855640163286	1335.0855640163286	21.96
1332.1487408206235	1332.1487408206235	22.0
1332.811368468848	1332.811368468848	22.04
1331.0200763881471	1331.0200763881471	22.08
1332.0382771660647	1332.0382771660647	22.12
1331.7735009206092	1331.7735009206092	22.16
1330.1797775698699	1330.1797775698699	22.2
1330.7264659649134	1330.7264659649134	22.24
1330.177802143045	1330.177802143045	22.28
1330.584212945167	1330.584212945167	22.32
1328.2700393374914	1328.2700393374914	22.36
1329.8274188261134	1329.8274188261134	22.4
1325.6712609528204	1325.6712609528204	22.44
1322.091547316788	1322.091547316788	22.48
1320.2598033248155	1320.2598033248155	22.52
1324.6413337536073	1324.6413337536073	22.56
1316.422679851885	1316.422679851885	22.6
1321.8701396106235	1321.8701396106235	22.64
1319.9988213600968	1319.9988213600968	22.68
1319.1184456635788	1319.1184456635788	22.72
1320.8889368535065	1320.8889368535065	22.76
1318.998669467764	1318.998669467764	22.8
1318.8986234835188	1318.8986234835188	22.84
1319.3913364149614	1319.3913364149614	22.88
1320.3414897440832	1320.3414897440832	22.92
1319.8568565582375	1319.8568565582375	22.96
1319.7392575712176	1319.7392575712176	23.0
1320.2768183136952	1320.2768183136952	23.04
1320.9873578440051	1320.9873578440051	23.08
1321.5419378979248	1321.5419378979248	23.12
1320.2769841318213	1320.2769841318213	23.16
1323.772914335297	1323.772914335297	23.2
1321.3188936896045	1321.3188936896045	23.24
1323.7266861034586	1323.7266861034586	23.28
1323.3882474934305	1323.3882474934305	23.32
1322.437860205248	1322.437860205248	23.36
1328.4230864747376	1328.4230864747376	23.4
1322.7928957102083	1322.7928957102083	23.44
1323.7280318574444	1323.7280318574444	23.48
1323.3374664132427	1323.3374664132427	23.52
1322.9449172991858	1322.9449172991858	23.56
1322.2503689088305	1322.2503689088305	23.6
1324.7713269999592	1324.7713269999592	23.64
1321.6842596097392	1321.6842596097392	23.68
1324.2409089815703	1324.2409089815703	23.72
1324.5687278619703	1324.5687278619703	23.76
1323.629906411497	1323.629906411497	23.8
1327.4794491480636	1327.4794491480636	23.84
1324.4290256846643	1324.4290256846643	23.88
1327.4741451990983	1327.4741451990983	23.92
1327.2373931262646	1327.2373931262646	23.96
1325.7692087780142	1325.7692087780142	24.0
1322.1897845359783	1322.1897845359783	24.04
1323.3170368829037	1323.3170368829037	24.08
1322.8062317473918	1322.8062317473918	24.12
1322.9587132988408	1322.9587132988408	24.16
1322.3422632860888	1322.3422632860888	24.2
1322.0360756376933	1322.0360756376933	24.24
1325.522837848009	1325.522837848009	24.28
1325.5627863683221	1325.5627863683221	24.32
1324.2657351311736	1324.2657351311736	24.36
1325.9446756109844	1325.9446756109844	24.4
1325.5594659277663	1325.5594659277663	24.44
1324.7794798881844	1324.7794798881844	24.48
1324.9781045124305	1324.9781045124305	24.52
1324.6937979050074	1324.6937979050074	24.56
1323.6772494470665	1323.6772494470665	24.6
1322.0389189538416	1322.0389189538416	24.64
1320.3355082636167	1320.3355082636167	24.68
1315.5867820796186	1315.5867820796186	24.72
1315.6374982076247	1315.6374982076247	24.76
1312.1461010870487	1312.1461010870487	24.8
1312.8810096660281	1312.8810096660281	24.84
1313.1498110965415	1313.1498110965415	24.88
1310.5794342041288	1310.5794342041288	24.92
1308.9071332297808	1308.9071332297808	24.96
1307.5923391223598	1307.5923391223598	25.0
1309.4831876000533	1309.4831876000533	25.04
1307.6308095362667	1307.6308095362667	25.08
1310.9326360894495	1310.9326360894495	25.12
1307.7087027511213	1307.7087027511213	25.16
1305.5281788492134	1305.5281788492134	25.2
1303.4412914455993	1303.4412914455993	25.24
1303.8118196492476	1303.8118196492476	25.28
1303.2303395557992	1303.2303395557992	25.32
1299.9974342288485	1299.9974342288485	25.36
1303.2315108487699	1303.2315108487699	25.4
1301.635965541003	1301.635965541003	25.44
1303.4685634978232	1303.4685634978232	25.48
1301.6533801722944	1301.6533801722944	25.52
1298.3708073388116	1298.3708073388116	25.56
1301.1368291585397	1301.1368291585397	25.6
1298.7902479242987	1298.7902479242987	25.64
1300.0052850849518	1300.0052850849518	25.68
1301.2166144920322	1301.2166144920322	25.72
1301.3649982581521	1301.3649982581521	25.76
1300.389289493394	1300.389289493394	25.8
1299.6959084458176	1299.6959084458176	25.84
1294.170163099369	1294.170163099369	25.88
1291.240639673267	1291.240639673267	25.92
1281.805025306732	1281.805025306732	25.96
1261.6612410086723	1261.6612410086723	26.0
1227.6185791341559	1227.6185791341559	26.04
1189.4522679542572	1189.4522679542572	26.08
1136.8759576257728	1136.8759576257728	26.12
1078.989551260957	1078.989551260957	26.16
1024.1166154029368	1024.1166154029368	26.2
973.8740596778252	973.8740596778252	26.24
929.6502412118258	929.6502412118258	26.28
890.077517428159	890.077517428159	26.32
870.4064509641446	870.4064509641446	26.36
851.8308933037183	851.8308933037183	26.4
840.8501252963853	840.8501252963853	26.44
830.2356982565127	830.2356982565127	26.48
827.4494774492216	827.4494774492216	26.52
829.8136704453882	829.8136704453882	26.56
827.8715112072235	827.8715112072235	26.6
824.775258683371	824.775258683371	26.64
825.7674967468478	825.7674967468478	26.68
824.7224117512105	824.7224117512105	26.72
828.1241419430397	828.1241419430397	26.76
829.6918947319259	829.6918947319259	26.8
832.5161311181074	832.5161311181074	26.84
835.9917807369147	835.9917807369147	26.88
844.1342898096188	844.1342898096188	26.92
841.1734380782291	841.1734380782291	26.96
841.9230957172058	841.9230957172058	27.0
845.4105077482096	845.4105077482096	27.04
846.8536802465104	846.8536802465104	27.08
848.2367897177693	848.2367897177693	27.12
846.9004255416304	846.9004255416304	27.16
847.6296837117236	847.6296837117236	27.2
848.4134024271899	848.4134024271899	27.24
848.2740536796019	848.2740536796019	27.28
850.5622029416061	850.5622029416061	27.32
844.0317311108502	844.0317311108502	27.36
841.9919378829115	841.9919378829115	27.4
841.8564624195236	841.8564624195236	27.44
838.4348070609025	838.4348070609025	27.48
841.7003510467323	841.7003510467323	27.52
845.3043765818667	845.3043765818667	27.56
842.9917089854544	842.9917089854544	27.6
845.0113201006225	845.0113201006225	27.64
845.3164518166192	845.3164518166192	27.68
841.3095126768081	841.3095126768081	27.72
840.1872531792227	840.1872531792227	27.76
846.4193619085128	846.4193619085128	27.8
840.6857702044982	840.6857702044982	27.84
841.9553142462975	841.9553142462975	27.88
847.160550175104	847.160550175104	27.92
843.2769838043367	843.2769838043367	27.96
842.1420887692005	842.1420887692005	28.0
844.587867251959	844.587867251959	28.04
844.2816387938735	844.2816387938735	28.08
843.5739512652551	843.5739512652551	28.12
844.4946748941127	844.4946748941127	28.16
844.5725830131556	844.5725830131556	28.2
847.7349633873439	847.7349633873439	28.24
848.4382596544257	848.4382596544257	28.28
848.5969089867383	848.5969089867383	28.32
848.1363758796916	848.1363758796916	28.36
849.6785065406455	849.6785065406455	28.4
849.8331446696213	849.8331446696213	28.44
847.8145660989488	847.8145660989488	28.48
848.0984473861474	848.0984473861474	28.52
845.8292514735994	845.8292514735994	28.56
844.7304081851336	844.7304081851336	28.6
847.6674245233978	847.6674245233978	28.64
847.4910878491908	847.4910878491908	28.68
844.1051044628658	844.1051044628658	28.72
844.2849373458541	844.2849373458541	28.76
852.238377047304	852.238377047304	28.8
854.5438928389447	854.5438928389447	28.84
856.8611897804727	856.8611897804727	28.88
862.2810474289626	862.2810474289626	28.92
867.5997954654408	867.5997954654408	28.96
881.634489190365	881.634489190365	29.0
891.5778052398224	891.5778052398224	29.04
894.2019193603696	894.2019193603696	29.08
901.118494058442	901.118494058442	29.12
903.5400855015716	903.5400855015716	29.16
906.4066478354624	906.4066478354624	29.2
914.7873060267099	914.7873060267099	29.24
921.4513494622456	921.4513494622456	29.28
928.492627475677	928.492627475677	29.32
933.4267199986842	933.4267199986842	29.36
950.9287908605521	950.9287908605521	29.4
993.3751400861495	993.3751400861495	29.44
1009.673422997054	1009.673422997054	29.48
1040.327590011744	1040.327590011744	29.52
1077.7644763956664	1077.7644763956664	29.56
1105.1224336963162	1105.1224336963162	29.6
1100.162703507936	1100.162703507936	29.64
1086.154765515706	1086.154765515706	29.68
1088.0825265909739	1088.0825265909739	29.72
1098.5484872176178	1098.5484872176178	29.76
1108.3823598132872	1108.3823598132872	29.8
1119.5562956562874	1119.5562956562874	29.84
1139.448307193492	1139.448307193492	29.88
1169.2053096806499	1169.2053096806499	29.92
1214.9308088792684	1214.9308088792684	29.96
1336.6381595600053	1336.6381595600053	30.0
1397.3678409829697	1397.3678409829697	30.04
0.0	0.0	30.08
0.0	0.0	30.12
0.0	0.0	30.16
0.0	0.0	30.2
0.0	0.0	30.24
0.0	0.0	30.28
0.0	0.0	30.32
0.0	0.0	30.36
0.0	0.0	30.4
0.0	0.0	30.44
0.0	0.0	30.48
0.0	0.0	30.52
0.0	0.0	30.56
0.0	0.0	30.6
0.0	0.0	30.64
0.0	0.0	30.68
0.0	0.0	30.72
0.0	0.0	30.76
0.0	0.0	30.8
0.0	0.0	30.84
0.0	0.0	30.88
0.0	0.0	30.92
0.0	0.0	30.96
0.0	0.0	31.0
0.0	0.0	31.04
0.0	0.0	31.08
0.0	0.0	31.12
0.0	0.0	31.16
0.0	0.0	31.2
0.0	0.0	31.24
0.0	0.0	31.28
0.0	0.0	31.32
0.0	0.0	31.36
0.0	0.0	31.4
0.0	0.0	31.44
0.0	0.0	31.48
0.0	0.0	31.52
0.0	0.0	31.56
1220.8181125185104	1220.8181125185104	31.6
1234.1350100128209	1234.1350100128209	31.64
1234.8945859637836	1234.8945859637836	31.68
1238.5301576024756	1238.5301576024756	31.72
1234.7455240519278	1234.7455240519278	31.76
1240.3586209769528	1240.3586209769528	31.8
1243.2687462330314	1243.2687462330314	31.84
1249.6744806587346	1249.6744806587346	31.88
1246.7418327379237	1246.7418327379237	31.92
1241.956327843561	1241.956327843561	31.96
1232.576079013028	1232.576079013028	32.0
1203.200086224177	1203.200086224177	32.04
1180.4858048335395	1180.4858048335395	32.08
1169.0983650206824	1169.0983650206824	32.12
1167.774738643939	1167.774738643939	32.16
1166.5838894415529	1166.5838894415529	32.2
1164.0244039941047	1164.0244039941047	32.24
1165.5974986648648	1165.5974986648648	32.28
1166.4432635691892	1166.4432635691892	32.32
1166.6741566763458	1166.6741566763458	32.36
1160.2436091810098	1160.2436091810098	32.4
1153.359039219309	1153.359039219309	32.44
1149.457007722054	1149.457007722054	32.48
1151.7589340545742	1151.7589340545742	32.52
1148.6383769569813	1148.6383769569813	32.56
1150.317780700678	1150.317780700678	32.6
1153.636136097452	1153.636136097452	32.64
1160.7447878079552	1160.7447878079552	32.68
1160.3136118825996	1160.3136118825996	32.72
1158.0910558449984	1158.0910558449984	32.76
1161.36101029564	1161.36101029564	32.8
1163.5377593172457	1163.5377593172457	32.84
1166.4368434712947	1166.4368434712947	32.88
1170.8957268587594	1170.8957268587594	32.92
1171.4290645304834	1171.4290645304834	32.96
1171.7806855074293	1171.7806855074293	33.0
1172.6612481610234	1172.6612481610234	33.04
1178.4218747966263	1178.4218747966263	33.08
1179.761582255616	1179.761582255616	33.12
1180.1077418130824	1180.1077418130824	33.16
1181.343946047999	1181.343946047999	33.2
1183.0000660986132	1183.0000660986132	33.24
1183.239226089627	1183.239226089627	33.28
1184.6683625442852	1184.6683625442852	33.32
1184.7016022825046	1184.7016022825046	33.36
1186.9811855782623	1186.9811855782623	33.4
1187.1904462172236	1187.1904462172236	33.44
1185.3619766902902	1185.3619766902902	33.48
1181.8860754672623	1181.8860754672623	33.52
1179.2066511952023	1179.2066511952023	33.56
1176.6527392046498	1176.6527392046498	33.6
1175.140625773078	1175.140625773078	33.64
1176.2900554119044	1176.2900554119044	33.68
1175.3382728608917	1175.3382728608917	33.72
1172.2199014384316	1172.2199014384316	33.76
1171.9443628357315	1171.9443628357315	33.8
1167.7299183170799	1167.7299183170799	33.84
1171.2341271926678	1171.2341271926678	33.88
1171.1510516842031	1171.1510516842031	33.92
1171.230523428256	1171.230523428256	33.96
1172.703451448849	1172.703451448849	34.0
1174.4992075692737	1174.4992075692737	34.04
1175.558842119406	1175.558842119406	34.08
1178.401722928665	1178.401722928665	34.12
1180.5878993203787	1180.5878993203787	34.16
1182.1450177766942	1182.1450177766942	34.2
1182.0790878475652	1182.0790878475652	34.24
1182.1763142108932	1182.1763142108932	34.28
1181.2827446779806	1181.2827446779806	34.32
1181.5336684781703	1181.5336684781703	34.36
1181.1264996196107	1181.1264996196107	34.4
1182.2641269118433	1182.2641269118433	34.44
1182.3428009165502	1182.3428009165502	34.48
1182.6585584209797	1182.6585584209797	34.52
1179.7204284744425	1179.7204284744425	34.56
1176.9781045144098	1176.9781045144098	34.6
1173.3526563704172	1173.3526563704172	34.64
1168.638932735317	1168.638932735317	34.68
1170.1084696379662	1170.1084696379662	34.72
1172.0328746357927	1172.0328746357927	34.76
1172.750241801924	1172.750241801924	34.8
1172.3154441951624	1172.3154441951624	34.84
1173.5266939202302	1173.5266939202302	34.88
1170.2958258519618	1170.2958258519618	34.92
1171.2933081409737	1171.2933081409737	34.96
1171.9140267880584	1171.9140267880584	35.0
1172.1610821757572	1172.1610821757572	35.04
1172.6551974193744	1172.6551974193744	35.08
1168.8763943104823	1168.8763943104823	35.12
1168.3159429631125	1168.3159429631125	35.16
1163.856502961478	1163.856502961478	35.2
1161.8779487448435	1161.8779487448435	35.24
1159.5308483009194	1159.5308483009194	35.28
1160.645563735092	1160.645563735092	35.32
1161.3842676638749	1161.3842676638749	35.36
1160.742593802455	1160.742593802455	35.4
1162.6904183914066	1162.6904183914066	35.44
1161.846641411632	1161.846641411632	35.48
1156.1953991508205	1156.1953991508205	35.52
1152.0774420362618	1152.0774420362618	35.56
1144.1038154630912	1144.1038154630912	35.6
1132.8561992707473	1132.8561992707473	35.64
1119.805112487966	1119.805112487966	35.68
705.7378973742443	705.7378973742443	35.72
1099.9591852954568	1099.9591852954568	35.76
1091.8883105611183	1091.8883105611183	35.8
668.7176444785347	668.7176444785347	35.84
1082.0865179498537	1082.0865179498537	35.88
717.5289691648013	717.5289691648013	35.92
638.3181193259794	638.3181193259794	35.96
591.6790402407648	591.6790402407648	36.0
699.6604005430394	699.6604005430394	36.04
582.755339125313	582.755339125313	36.08
1102.742922039732	1102.742922039732	36.12
547.3967821363759	547.3967821363759	36.16
1088.9084750926322	1088.9084750926322	36.2
1077.6649263286556	1077.6649263286556	36.24
540.6520337950783	540.6520337950783	36.28
1071.9608845099792	1071.9608845099792	36.32
1095.685635762917	1095.685635762917	36.36
1028.8154417776516	1028.8154417776516	36.4
1073.51730207273	1073.51730207273	36.44
1090.9249097105574	1090.9249097105574	36.48
1052.8944795945258	1052.8944795945258	36.52
972.4566386706683	972.4566386706683	36.56
1042.0677599570529	1042.0677599570529	36.6
952.1209101471029	952.1209101471029	36.64
1063.5204422256022	1063.5204422256022	36.68
1000.6321872871537	1000.6321872871537	36.72
968.0652452040902	968.0652452040902	36.76
1080.995113771055	1080.995113771055	36.8
965.8821952397914	965.8821952397914	36.84
549.9436828270453	549.9436828270453	36.88
986.0427091256854	986.0427091256854	36.92
988.6262570168442	988.6262570168442	36.96
1022.7922640778679	1022.7922640778679	37.0
1112.9596636261344	1112.9596636261344	37.04
968.2323510979118	968.2323510979118	37.08
1063.8070646244526	1063.8070646244526	37.12
1065.235043596328	1065.235043596328	37.16
892.2576324944217	892.2576324944217	37.2
1070.6951385325976	1070.6951385325976	37.24
925.0564606388447	925.0564606388447	37.28
1042.881293106866	1042.881293106866	37.32
958.5830202960931	958.5830202960931	37.36
1094.5380355296447	1094.5380355296447	37.4
1055.9257621770237	1055.9257621770237	37.44
994.842620902582	994.842620902582	37.48
1119.2060209692793	1119.2060209692793	37.52
1073.0761781035976	1073.0761781035976	37.56
967.5407930894752	967.5407930894752	37.6
1116.8791982266794	1116.8791982266794	37.64
1059.1508906186898	1059.1508906186898	37.68
982.208269085639	982.208269085639	37.72
1097.6894383805932	1097.6894383805932	37.76
1042.7218874473886	1042.7218874473886	37.8
973.8771854028338	973.8771854028338	37.84
1121.4213326723063	1121.4213326723063	37.88
1058.3649543701367	1058.3649543701367	37.92
1085.1694430682992	1085.1694430682992	37.96
1104.099113798362	1104.099113798362	38.0
1128.999459158886	1128.999459158886	38.04
1119.7446139095005	1119.7446139095005	38.08
997.0832967516111	997.0832967516111	38.12
1059.033688768933	1059.033688768933	38.16
1070.8167836848447	1070.8167836848447	38.2
1072.2070142221912	1072.2070142221912	38.24
1093.8368735953427	1093.8368735953427	38.28
1023.3138404426053	1023.3138404426053	38.32
1058.0183281592929	1058.0183281592929	38.36
1073.6806678269245	1073.6806678269245	38.4
513.4594897443816	513.4594897443816	38.44
1040.8144480787685	1040.8144480787685	38.48
518.1484699740695	518.1484699740695	38.52
1043.1731739510735	1043.1731739510735	38.56
1039.3423290793908	1039.3423290793908	38.6
1028.0497971092504	1028.0497971092504	38.64
1021.0028065135041	1021.0028065135041	38.68
514.5026775928452	514.5026775928452	38.72
1014.1664169913495	1014.1664169913495	38.76
1003.1694540982634	1003.1694540982634	38.8
1012.0704557138314	1012.0704557138314	38.84
1042.716405820097	1042.716405820097	38.88
1033.3843221669667	1033.3843221669667	38.92
1044.6219973423724	1044.6219973423724	38.96
1052.3715535826127	1052.3715535826127	39.0
1047.1162612005917	1047.1162612005917	39.04
1031.8752049153497	1031.8752049153497	39.08
1023.3068602337264	1023.3068602337264	39.12
958.0932863781807	958.0932863781807	39.16
935.33743040422	935.33743040422	39.2
946.976740374173	946.976740374173	39.24
936.0984580020116	936.0984580020116	39.28
936.8766308461245	936.8766308461245	39.32
950.9409101729829	950.9409101729829	39.36
970.9912201754796	970.9912201754796	39.4
928.9469628199201	928.9469628199201	39.44
941.448170811416	941.448170811416	39.48
952.1197535272387	952.1197535272387	39.52
936.5649270692052	936.5649270692052	39.56
906.3724283281337	906.3724283281337	39.6
856.0020003004507	856.0020003004507	39.64
875.262914103943	875.262914103943	39.68
922.0812489915394	922.0812489915394	39.72
952.2569997514515	952.2569997514515	39.76
969.8008282429853	969.8008282429853	39.8
960.0003145181829	960.0003145181829	39.84
992.5488813968146	992.5488813968146	39.88
981.292076931267	981.292076931267	39.92
969.3779327650429	969.3779327650429	39.96
913.8843503422611	913.8843503422611	40.0
917.9346721779413	917.9346721779413	40.04
965.1016548661911	965.1016548661911	40.08
1000.8651439914806	1000.8651439914806	40.12
1006.8097847122814	1006.8097847122814	40.16
1010.7359153782062	1010.7359153782062	40.2
1010.9886646634236	1010.9886646634236	40.24
975.1355380407598	975.1355380407598	40.28
937.7333778981041	937.7333778981041	40.32
987.1231395356931	987.1231395356931	40.36
1046.710317553049	1046.710317553049	40.4
1033.3713592249048	1033.3713592249048	40.44
1042.9605673297071	1042.9605673297071	40.48
1040.335286967521	1040.335286967521	40.52
1040.8868263303298	1040.8868263303298	40.56
1046.6373674971678	1046.6373674971678	40.6
1056.8478001045487	1056.8478001045487	40.64
1071.8466813530545	1071.8466813530545	40.68
1071.748535526362	1071.748535526362	40.72
1061.8238036173932	1061.8238036173932	40.76
1067.3903354100155	1067.3903354100155	40.8
1076.7775314088499	1076.7775314088499	40.84
1060.8558123019654	1060.8558123019654	40.88
1075.5809231952092	1075.5809231952092	40.92
1068.4293177471302	1068.4293177471302	40.96
1068.6744610874473	1068.6744610874473	41.0
1074.422494442706	1074.422494442706	41.04
1067.9731733212254	1067.9731733212254	41.08
1058.516980497999	1058.516980497999	41.12
1060.6793351744222	1060.6793351744222	41.16
514.9100577386314	514.9100577386314	41.2
1063.0187738542738	1063.0187738542738	41.24
1062.3292144904926	1062.3292144904926	41.28
1060.5992670572039	1060.5992670572039	41.32
1056.4812288353737	1056.4812288353737	41.36
520.1484408220884	520.1484408220884	41.4
1050.5384101844108	1050.5384101844108	41.44
582.4169705989158	582.4169705989158	41.48
1058.470198929103	1058.470198929103	41.52
1065.1270613002837	1065.1270613002837	41.56
1065.0200733400025	1065.0200733400025	41.6
535.7678338322899	535.7678338322899	41.64
1060.8348167446256	1060.8348167446256	41.68
564.5594366341268	564.5594366341268	41.72
1063.469823748634	1063.469823748634	41.76
1059.2670275384157	1059.2670275384157	41.8
457.0659969883379	457.0659969883379	41.84
1058.4220885155914	1058.4220885155914	41.88
1061.7682659728077	1061.7682659728077	41.92
1057.1091884074287	1057.1091884074287	41.96
1052.3545745366764	1052.3545745366764	42.0
476.17668834725947	476.17668834725947	42.04
1057.7483480614108	1057.7483480614108	42.08
1058.2534570791984	1058.2534570791984	42.12
1049.6218588617921	1049.6218588617921	42.16
1057.433580899172	1057.433580899172	42.2
1058.7328891239351	1058.7328891239351	42.24
1062.2889109114008	1062.2889109114008	42.28
1059.9148307238404	1059.9148307238404	42.32
1057.3344953236494	1057.3344953236494	42.36
1061.340934016753	1061.340934016753	42.4
1058.7256664022036	1058.7256664022036	42.44
1063.6089327399843	1063.6089327399843	42.48
462.20929197402575	462.20929197402575	42.52
1065.8941604550616	1065.8941604550616	42.56
1061.9507051104088	1061.9507051104088	42.6
442.8653448717039	442.8653448717039	42.64
1058.443078728529	1058.443078728529	42.68
509.7915035011225	509.7915035011225	42.72
1054.856222627245	1054.856222627245	42.76
1058.2613903198235	1058.2613903198235	42.8
1057.7407840006872	1057.7407840006872	42.84
541.4659205362141	541.4659205362141	42.88
1059.307087245271	1059.307087245271	42.92
1059.4690335473495	1059.4690335473495	42.96
1059.926753973683	1059.926753973683	43.0
1058.8067670378848	1058.8067670378848	43.04
1058.2139389253286	1058.2139389253286	43.08
1059.9281865046123	1059.9281865046123	43.12
1057.6005946562623	1057.6005946562623	43.16
1063.0774866209413	1063.0774866209413	43.2
1059.7935872042906	1059.7935872042906	43.24
1065.062816754417	1065.062816754417	43.28
1060.381065091347	1060.381065091347	43.32
508.78043932042544	508.78043932042544	43.36
1050.724924395847	1050.724924395847	43.4
1031.8714832926933	1031.8714832926933	43.44
1035.0147396134778	1035.0147396134778	43.48
1029.9645763912526	1029.9645763912526	43.52
1014.7976749807774	1014.7976749807774	43.56
1061.1683775109514	1061.1683775109514	43.6
1060.7590788102968	1060.7590788102968	43.64
1064.8081842563722	1064.8081842563722	43.68
1066.187209324656	1066.187209324656	43.72
1069.0301500630958	1069.0301500630958	43.76
1074.9174923265894	1074.9174923265894	43.8
1067.6892392046827	1067.6892392046827	43.84
1064.0042492593432	1064.0042492593432	43.88
1062.814855615117	1062.814855615117	43.92
1048.240085293706	1048.240085293706	43.96
1060.4652256756804	1060.4652256756804	44.0
1066.054821563539	1066.054821563539	44.04
1061.493000025163	1061.493000025163	44.08
1057.472656399851	1057.472656399851	44.12
1063.0100981881626	1063.0100981881626	44.16
1062.089120373655	1062.089120373655	44.2
1068.491568792677	1068.491568792677	44.24
1068.4763826640603	1068.4763826640603	44.28
1069.6524029968737	1069.6524029968737	44.32
1065.5190849963979	1065.5190849963979	44.36
1057.7845320552308	1057.7845320552308	44.4
1053.7003783040616	1053.7003783040616	44.44
1055.279407570426	1055.279407570426	44.48
1067.1585778910887	1067.1585778910887	44.52
1062.1878538071048	1062.1878538071048	44.56
1067.431029983505	1067.431029983505	44.6
1056.6657533767093	1056.6657533767093	44.64
1067.7742522900855	1067.7742522900855	44.68
1073.419552621964	1073.419552621964	44.72
1067.4625203523192	1067.4625203523192	44.76
1069.7190607326943	1069.7190607326943	44.8
1077.3992990729648	1077.3992990729648	44.84
1077.1698872254774	1077.1698872254774	44.88
1076.7853363123356	1076.7853363123356	44.92
1075.3908445249494	1075.3908445249494	44.96
1071.0797589767308	1071.0797589767308	45.0
1073.4569522892589	1073.4569522892589	45.04
1065.5855649722296	1065.5855649722296	45.08
1002.2807282811772	1002.2807282811772	45.12
957.1568862779595	957.1568862779595	45.16
960.4710991338444	960.4710991338444	45.2
962.3430734338741	962.3430734338741	45.24
980.319127013899	980.319127013899	45.28
994.9898417966934	994.9898417966934	45.32
1001.5528730006712	1001.5528730006712	45.36
1008.8160827011206	1008.8160827011206	45.4
1062.1309258127562	1062.1309258127562	45.44
1094.0235465609985	1094.0235465609985	45.48
1153.337169607821	1153.337169607821	45.52
1160.2414507062274	1160.2414507062274	45.56
1171.6275150771075	1171.6275150771075	45.6
1174.3050860716119	1174.3050860716119	45.64
1179.2287138479812	1179.2287138479812	45.68
1183.8662222655062	1183.8662222655062	45.72
1185.6135794382599	1185.6135794382599	45.76
1191.8744188204726	1191.8744188204726	45.8
1196.205048103832	1196.205048103832	45.84
1197.8987208415015	1197.8987208415015	45.88
1197.1457470355354	1197.1457470355354	45.92
1198.8347492055598	1198.8347492055598	45.96
1196.5476688386673	1196.5476688386673	46.0
1204.9068979532615	1204.9068979532615	46.04
1208.8833358593345	1208.8833358593345	46.08
1205.1592708678938	1205.1592708678938	46.12
1208.5116143940563	1208.5116143940563	46.16
1211.5574378118783	1211.5574378118783	46.2
1203.202971353944	1203.202971353944	46.24
1196.5693636053452	1196.5693636053452	46.28
1193.0056789781804	1193.0056789781804	46.32
1193.3803007802649	1193.3803007802649	46.36
1195.3607061501211	1195.3607061501211	46.4
1192.790000619644	1192.790000619644	46.44
1193.2534328204113	1193.2534328204113	46.48
1189.2611608771585	1189.2611608771585	46.52
1187.148388155406	1187.148388155406	46.56
1165.9855613398797	1165.9855613398797	46.6
1147.940098877371	1147.940098877371	46.64
1124.1535360955668	1124.1535360955668	46.68
1105.028427626672	1105.028427626672	46.72
1069.9746329246602	1069.9746329246602	46.76
0.0	0.0	46.8
0.0	0.0	46.84
0.0	0.0	46.88
0.0	0.0	46.92
0.0	0.0	46.96
0.0	0.0	47.0
0.0	0.0	47.04
0.0	0.0	47.08
0.0	0.0	47.12
0.0	0.0	47.16
0.0	0.0	47.2
0.0	0.0	47.24
0.0	0.0	47.28
0.0	0.0	47.32
0.0	0.0	47.36
0.0	0.0	47.4
0.0	0.0	47.44
0.0	0.0	47.48
0.0	0.0	47.52
0.0	0.0	47.56
0.0	0.0	47.6
0.0	0.0	47.64
0.0	0.0	47.68
0.0	0.0	47.72
0.0	0.0	47.76
0.0	0.0	47.8
0.0	0.0	47.84
1352.1292666099348	1352.1292666099348	47.88
1355.8647980519024	1355.8647980519024	47.92
0.0	0.0	47.96
0.0	0.0	48.0
0.0	0.0	48.04
0.0	0.0	48.08
0.0	0.0	48.12
0.0	0.0	48.16
0.0	0.0	48.2
1022.9827628032242	1022.9827628032242	48.24
984.0712695402974	984.0712695402974	48.28
939.825239442889	939.825239442889	48.32
915.191988984716	915.191988984716	48.36
896.9137954618355	896.9137954618355	48.4
882.4163667218082	882.4163667218082	48.44
889.853505150106	889.853505150106	48.48
896.3754206041482	896.3754206041482	48.52
908.4036964623016	908.4036964623016	48.56
916.3000517494311	916.3000517494311	48.6
921.0629114136461	921.0629114136461	48.64
918.465966790922	918.465966790922	48.68
916.5197779633385	916.5197779633385	48.72
909.3963783268528	909.3963783268528	48.76
905.1081664713205	905.1081664713205	48.8
893.5415296449003	893.5415296449003	48.84
890.2638267269498	890.2638267269498	48.88
882.475723776523	882.475723776523	48.92
881.0455786952242	881.0455786952242	48.96
881.8618616297165	881.8618616297165	49.0
886.7717333330455	886.7717333330455	49.04
889.7068757199548	889.7068757199548	49.08
885.4521693917688	885.4521693917688	49.12
885.8223187896941	885.8223187896941	49.16
878.1068980810694	878.1068980810694	49.2
872.2678794611957	872.2678794611957	49.24
873.6643022155159	873.6643022155159	49.28
874.4183954622893	874.4183954622893	49.32
871.688926470404	871.688926470404	49.36
869.1962328015409	869.1962328015409	49.4
872.5929372740413	872.5929372740413	49.44
876.1829805702204	876.1829805702204	49.48
873.454388139062	873.454388139062	49.52
872.3587544230495	872.3587544230495	49.56
876.4309213170351	876.4309213170351	49.6
883.9068208824971	883.9068208824971	49.64
885.4398422605764	885.4398422605764	49.68
879.9954080980413	879.9954080980413	49.72
879.4078648140126	879.4078648140126	49.76
882.955551699291	882.955551699291	49.8
880.9509053980381	880.9509053980381	49.84
885.4114208291808	885.4114208291808	49.88
890.5237031648464	890.5237031648464	49.92
893.3319273009154	893.3319273009154	49.96
893.8656783743984	893.8656783743984	50.0
891.2745151026637	891.2745151026637	50.04
892.9078730987421	892.9078730987421	50.08
897.5598221900318	897.5598221900318	50.12
903.3719305752611	903.3719305752611	50.16
899.4083133916128	899.4083133916128	50.2
902.760341854523	902.760341854523	50.24
902.588857400071	902.588857400071	50.28
900.2478145815486	900.2478145815486	50.32
894.5380845942742	894.5380845942742	50.36
900.0746000498075	900.0746000498075	50.4
895.6625145762415	895.6625145762415	50.44
901.0170184004432	901.0170184004432	50.48
898.2646646879774	898.2646646879774	50.52
890.7123440512872	890.7123440512872	50.56
888.4005909663504	888.4005909663504	50.6
887.6912635851718	887.6912635851718	50.64
890.157006565678	890.157006565678	50.68
893.7334851025332	893.7334851025332	50.72
888.4401475206274	888.4401475206274	50.76
887.9843698693873	887.9843698693873	50.8
881.2881082774288	881.2881082774288	50.84
879.8631759733157	879.8631759733157	50.88
880.0207169177154	880.0207169177154	50.92
879.4661785937192	879.4661785937192	50.96
883.4863257320812	883.4863257320812	51.0
880.4164038909582	880.4164038909582	51.04
875.813137887591	875.813137887591	51.08
872.7445387422866	872.7445387422866	51.12
871.8909979802565	871.8909979802565	51.16
873.3120748171652	873.3120748171652	51.2
874.3831532650369	874.3831532650369	51.24
876.6536122668456	876.6536122668456	51.28
872.4278171582274	872.4278171582274	51.32
872.6644623883542	872.6644623883542	51.36
880.1907930062639	880.1907930062639	51.4
881.9232394824171	881.9232394824171	51.44
887.2167487807765	887.2167487807765	51.48
888.5112297603602	888.5112297603602	51.52
899.6012046248334	899.6012046248334	51.56
903.3234123232676	903.3234123232676	51.6
902.271384354771	902.271384354771	51.64
899.9529531968083	899.9529531968083	51.68
898.82472660985	898.82472660985	51.72
901.8903301751174	901.8903301751174	51.76
908.8686632240792	908.8686632240792	51.8
890.6658346128401	890.6658346128401	51.84
845.5084939327201	845.5084939327201	51.88
809.6662428554484	809.6662428554484	51.92
813.4182967527599	813.4182967527599	51.96
839.1270717374384	839.1270717374384	52.0
852.354200177057	852.354200177057	52.04
856.8794283860628	856.8794283860628	52.08
847.9901822468278	847.9901822468278	52.12
842.5996620692227	842.5996620692227	52.16
842.9210989328044	842.9210989328044	52.2
843.521106475322	843.521106475322	52.24
854.371720262819	854.371720262819	52.28
863.3367640583455	863.3367640583455	52.32
873.2896856061278	873.2896856061278	52.36
877.4162147270316	877.4162147270316	52.4
886.1052648361125	886.1052648361125	52.44
888.2744212834999	888.2744212834999	52.48
894.9929248474766	894.9929248474766	52.52
904.8737467382265	904.8737467382265	52.56
909.5543863904746	909.5543863904746	52.6
916.1458238432638	916.1458238432638	52.64
918.6422839410818	918.6422839410818	52.68
908.3354754969303	908.3354754969303	52.72
911.1437117190198	911.1437117190198	52.76
910.8663945359167	910.8663945359167	52.8
907.6655346748088	907.6655346748088	52.84
905.3875460334424	905.3875460334424	52.88
900.8875498210542	900.8875498210542	52.92
902.2523429901852	902.2523429901852	52.96
899.8723549672702	899.8723549672702	53.0
899.0730692543318	899.0730692543318	53.04
896.0199780820757	896.0199780820757	53.08
893.4633572595926	893.4633572595926	53.12
889.8176679042391	889.8176679042391	53.16
891.8789017086086	891.8789017086086	53.2
896.9857355188022	896.9857355188022	53.24
893.3587915471938	893.3587915471938	53.28
885.3684304078035	885.3684304078035	53.32
876.598026935735	876.598026935735	53.36
876.2885552522727	876.2885552522727	53.4
874.9492997241122	874.9492997241122	53.44
878.4663166616658	878.4663166616658	53.48
887.207609280358	887.207609280358	53.52
882.9497857844898	882.9497857844898	53.56
881.09922532652	881.09922532652	53.6
876.669098420859	876.669098420859	53.64
885.6027221432194	885.6027221432194	53.68
878.279455832178	878.279455832178	53.72
882.528224595121	882.528224595121	53.76
877.0062007523877	877.0062007523877	53.8
872.8036571588042	872.8036571588042	53.84
876.8516412212718	876.8516412212718	53.88
874.999169598614	874.999169598614	53.92
876.2824938961065	876.2824938961065	53.96
881.67647588841	881.67647588841	54.0
879.1492806460542	879.1492806460542	54.04
884.8085494126036	884.8085494126036	54.08
886.744765596889	886.744765596889	54.12
886.2285286373784	886.2285286373784	54.16
887.0482527487692	887.0482527487692	54.2
885.1626529970611	885.1626529970611	54.24
874.2285184475148	874.2285184475148	54.28
849.8622230269677	849.8622230269677	54.32
830.6654911653006	830.6654911653006	54.36
823.4103954589092	823.4103954589092	54.4
832.1257458311745	832.1257458311745	54.44
835.5277665133316	835.5277665133316	54.48
834.0247360190987	834.0247360190987	54.52
831.4677119805712	831.4677119805712	54.56
835.6799555711887	835.6799555711887	54.6
846.1201599993001	846.1201599993001	54.64
855.6639502315927	855.6639502315927	54.68
859.5005080003223	859.5005080003223	54.72
859.5958124087405	859.5958124087405	54.76
857.9826281913295	857.9826281913295	54.8
860.8118864642823	860.8118864642823	54.84
857.6859246851122	857.6859246851122	54.88
862.0098646583783	862.0098646583783	54.92
859.3819798055365	859.3819798055365	54.96
856.9626044307387	856.9626044307387	55.0
863.1285070873207	863.1285070873207	55.04
870.8368111505401	870.8368111505401	55.08
879.93893479162	879.93893479162	55.12
893.6827000342171	893.6827000342171	55.16
900.1737252568081	900.1737252568081	55.2
901.42205698623	901.42205698623	55.24
903.8917157644815	903.8917157644815	55.28
916.6293503058017	916.6293503058017	55.32
926.1711129290976	926.1711129290976	55.36
938.8563518004214	938.8563518004214	55.4
945.5131010629815	945.5131010629815	55.44
938.8960326312191	938.8960326312191	55.48
940.0103354717198	940.0103354717198	55.52
937.590358669974	937.590358669974	55.56
932.8770238342853	932.8770238342853	55.6
924.4307427889823	924.4307427889823	55.64
911.7637974505287	911.7637974505287	55.68
908.3135039419321	908.3135039419321	55.72
910.5980374245446	910.5980374245446	55.76
917.1038396077586	917.1038396077586	55.8
918.8530826164641	918.8530826164641	55.84
929.1649743860597	929.1649743860597	55.88
933.804657190538	933.804657190538	55.92
933.758872256758	933.758872256758	55.96
942.3018614699988	942.3018614699988	56.0
947.088579257091	947.088579257091	56.04
960.5936533104926	960.5936533104926	56.08
974.4242887009584	974.4242887009584	56.12
988.6521381336564	988.6521381336564	56.16
989.2462780980713	989.2462780980713	56.2
992.227795279249	980.1402674011122	56.24
983.6798240639511	988.4927526948846	56.28
977.9584890977189	964.6422724826925	56.32
959.5440007848223	953.7074498686958	56.36
952.5026978261307	948.1022303066808	56.4
942.5754857890349	939.3608240108942	56.44
932.0123580950758	936.6526938206788	56.48
925.267309368922	932.2442157047165	56.52
920.727815557483	926.5295409344412	56.56
913.4319112801544	923.4021073273525	56.6
881.1768829442254	899.3440068922595	56.64
870.3661818683177	899.4680053732252	56.68
863.0927677159011	894.0333794183175	56.72
864.1504330323213	893.8405727778395	56.76
866.4125685996462	898.1877626007952	56.8
872.4553572974098	902.0960581990931	56.84
870.0522423891679	904.3626184909051	56.88
871.2312625608536	910.4967003172663	56.92
874.6651101414393	912.7838028919571	56.96
875.0317616209084	913.634068657242	57.0
878.3659486586674	915.5822076752246	57.04
881.8956287209157	918.73076510574	57.08
886.6215240354693	910.5442875538846	57.12
886.5376228990897	919.2359724798862	57.16
886.6096672733036	928.2657090800529	57.2
888.2202557605652	931.120327993923	57.24
891.2673916329961	919.1219962938261	57.28
894.7875833773724	927.2730871776724	57.32
894.721706005311	934.4929784619505	57.36
897.9560882640787	932.7884115566674	57.4
906.8388794852114	938.611176118752	57.44
917.009707942557	950.4181056203056	57.48
933.2682139422348	971.7167924838092	57.52
952.5714922818206	988.488655462647	57.56
959.8263699146113	1006.4782179160218	57.6
968.5188937692395	1014.8252717104497	57.64
959.2675999827248	1011.9053236311204	57.68
953.3966704342522	1009.7299889094531	57.72
956.9740117875397	1016.362499302187	57.76
958.8134535251667	1010.4626067818742	57.8
961.3568443550374	1014.71562565716	57.84
961.9450234072474	1005.0747049065509	57.88
963.0007276390878	1012.0341516689168	57.92
965.4898102460587	1005.8739937828701	57.96
961.4501733200647	1002.697578354063	58.0
962.2612036409448	1005.9844179591596	58.04
962.4111667685889	1011.4088893221796	58.08
955.7389085399575	999.0645264270843	58.12
958.4238105702658	987.0996620959288	58.16
962.9765204599335	999.5530705349943	58.2
968.3125452795103	1001.7967646673706	58.24
977.133200645567	1013.1117460356692	58.28
983.9332420669336	1001.282595963863	58.32
986.0652248123889	1017.4834503067293	58.36
994.3796329051609	1026.3554121336258	58.4
990.5124735371529	1024.0684910672799	58.44
986.4168844513131	1029.0071718369804	58.48
983.4976355712851	1018.052012821023	58.52
986.0340809654374	1009.7869150933773	58.56
992.072016596517	1012.007210324758	58.6
984.4287916348158	983.7450017213117	58.64
978.658579160795	956.7800607364417	58.68
974.5531087453619	928.4451746616799	58.72
953.1603332447761	897.0282386636707	58.76
929.9694334217504	862.4023504440738	58.8
918.7044750308268	861.1171694387068	58.84
906.0020000194864	855.3874109429864	58.88
906.9157263256133	859.15589277632	58.92
914.5847872345989	859.870002865215	58.96
917.9610474375121	860.7414656676788	59.0
934.109283453978	881.6185087502629	59.04
956.000797985542	897.5649912007513	59.08
972.763107658596	908.6456779652145	59.12
989.8689976680613	926.7783795964002	59.16
988.9533117297567	919.7360551878566	59.2
987.2141455764005	914.0447672812611	59.24
985.2207436487038	913.0518417286944	59.28
984.2614838684515	915.4499465123197	59.32
984.9989982794194	918.0214752806295	59.36
985.0965398727927	914.5438999242277	59.4
984.5128162969729	915.7939847550039	59.44
982.3635392740482	907.5792067938899	59.48
976.9045974715807	893.7760400091161	59.52
977.4054853832091	880.9819573209033	59.56
985.266564196765	882.0234082472293	59.6
1004.4710609628873	895.2872689284785	59.64
1055.2641197978667	941.3318782858194	59.68
1171.3129507668334	1052.4245263374332	59.72
0.0	0.0	59.76
0.0	0.0	59.8
1425.5078526475208	1425.5078526475208	59.84
0.0	0.0	59.88
0.0	0.0	59.92
0.0	0.0	59.96
0.0	0.0	60.0
0.0	0.0	60.04
0.0	0.0	60.08
0.0	0.0	60.12
0.0	0.0	60.16
0.0	0.0	60.2
0.0	0.0	60.24
0.0	0.0	60.28
0.0	0.0	60.32
0.0	0.0	60.36
0.0	0.0	60.4
0.0	0.0	60.44
0.0	0.0	60.48
0.0	0.0	60.52
0.0	0.0	60.56
0.0	0.0	60.6
0.0	0.0	60.64
0.0	0.0	60.68
0.0	0.0	60.72
0.0	0.0	60.76
0.0	0.0	60.8
0.0	0.0	60.84
0.0	0.0	60.88
0.0	0.0	60.92
0.0	0.0	60.96
0.0	0.0	61.0
0.0	0.0	61.04
0.0	0.0	61.08
0.0	0.0	61.12
0.0	0.0	61.16
0.0	0.0	61.2
0.0	0.0	61.24
0.0	0.0	61.28
0.0	0.0	61.32
0.0	0.0	61.36
0.0	0.0	61.4
0.0	0.0	61.44
0.0	0.0	61.48
0.0	0.0	61.52
0.0	0.0	61.56
0.0	0.0	61.6
0.0	0.0	61.64
0.0	0.0	61.68
0.0	0.0	61.72
0.0	0.0	61.76
0.0	0.0	61.8
0.0	0.0	61.84
0.0	0.0	61.88
0.0	0.0	61.92
