Thumb_R	Index_R	Time
0.0	0.0	0.04
0.0	0.0	0.08
0.0	0.0	0.12
0.0	0.0	0.16
0.0	0.0	0.2
0.0	0.0	0.24
0.0	0.0	0.28
0.0	0.0	0.32
0.0	0.0	0.36
0.0	0.0	0.4
0.0	0.0	0.44
0.0	0.0	0.48
0.0	0.0	0.52
0.0	0.0	0.56
0.0	0.0	0.6
0.0	0.0	0.64
0.0	0.0	0.68
0.0	0.0	0.72
0.0	0.0	0.76
0.0	0.0	0.8
0.0	0.0	0.84
0.0	0.0	0.88
0.0	0.0	0.92
0.0	0.0	0.96
0.0	0.0	1.0
0.0	0.0	1.04
0.0	0.0	1.08
0.0	0.0	1.12
0.0	0.0	1.16
0.0	0.0	1.2
0.0	0.0	1.24
0.0	0.0	1.28
0.0	0.0	1.32
0.0	0.0	1.36
0.0	0.0	1.4
0.0	0.0	1.44
0.0	0.0	1.48
0.0	0.0	1.52
0.0	0.0	1.56
0.0	0.0	1.6
0.0	0.0	1.64
0.0	0.0	1.68
0.0	0.0	1.72
0.0	0.0	1.76
0.0	0.0	1.8
0.0	0.0	1.84
0.0	0.0	1.88
0.0	0.0	1.92
0.0	0.0	1.96
0.0	0.0	2.0
0.0	0.0	2.04
0.0	0.0	2.08
0.0	0.0	2.12
1141.82120224878	1113.8783677803513	2.16
1130.3998459655832	1111.1626412271028	2.2
1126.4233766036014	1107.0145594759929	2.24
1128.70195778272	1119.109295446147	2.28
1128.4569196588843	1130.071782219232	2.32
1138.614203666217	1126.0643102252998	2.36
1144.910939849151	1145.4671571833394	2.4
1151.1803194234817	1159.751675650302	2.44
1165.4111719172809	1185.5677410739158	2.48
1176.6979954864419	1194.0475040671402	2.52
1182.873326043232	1190.4950256318514	2.56
1183.5246284259251	1194.7406605508372	2.6
1176.4842903003935	1196.2218124303668	2.64
1175.4439527899963	1180.4743255486385	2.68
1187.2433358640287	1187.065016570457	2.72
1185.7233568697857	1187.9757503463197	2.76
1191.0266104251573	1193.0269482940248	2.8
1177.7276978352959	1191.9403876949978	2.84
1174.16040408558	1192.4504538631054	2.88
1175.4356953208126	1191.9526245733095	2.92
1179.8763337213818	1194.861228697094	2.96
1185.0560590955747	1223.1582697849094	3.0
1191.452986116629	1225.702137503406	3.04
1191.156261051791	1242.130456088567	3.08
1183.6461204927352	1220.4404114431459	3.12
1172.6512560518663	1205.0346222278001	3.16
1163.773830010432	1198.717458615357	3.2
1166.2513032257002	1201.507873685809	3.24
1190.0852425736598	1248.399540880651	3.28
1259.4107998122854	1299.3165130535917	3.32
1346.3056338772967	1380.311953065288	3.36
1404.408081673604	1434.50414121831	3.4
1404.8574047986062	1419.621443762574	3.44
1323.6967761476762	1343.0247174492356	3.48
1236.1020712086743	1227.6738784476922	3.52
1178.170150985289	1180.2137349494944	3.56
1151.1869806256502	1160.1038781962286	3.6
1148.248479831366	1141.5148199348757	3.64
1145.9631226225943	1120.2857284896152	3.68
1147.9230838743479	1118.3725916162905	3.72
1157.0935904446337	1119.6071403570427	3.76
1168.0219977145205	1115.5351701727045	3.8
1174.8911580239146	1120.5091628809282	3.84
1175.7543726977642	1122.102402017941	3.88
1173.424109811523	1124.5848250674296	3.92
1170.7458160003796	1125.1163086103015	3.96
1168.8755409667917	1127.7222763789907	4.0
1165.5114261788053	1127.1770903865527	4.04
1165.9113583101664	1125.5917284171603	4.08
1155.6731162739468	1100.0245177896234	4.12
1159.813246014258	1092.133441836584	4.16
1179.7527035716532	1119.5439315511585	4.2
1234.7112613249442	1193.4817259802473	4.24
1333.915986761162	1305.5670707285212	4.28
1246.2808528533485	1184.9298523099399	4.32
1277.9594702925144	1219.0114060317412	4.36
1301.800173390287	1234.4645432917614	4.4
1327.1086355173325	1268.8158179520722	4.44
1342.736863086149	1283.45156454322	4.48
1347.9827297692598	1289.3136964046507	4.52
1347.4061745576591	1284.994966461234	4.56
1342.3496597293495	1279.9331938917962	4.6
1338.489340864816	1277.33963365637	4.64
1347.0983229949288	1296.627400710095	4.68
1357.1694236698597	1310.4945526055565	4.72
1365.5286804907953	1305.1060057296102	4.76
1376.4722048207545	1317.0641963727794	4.8
1384.6484340684972	1325.6592745113524	4.84
1396.1639754233781	1334.8053282346648	4.88
1403.1011982550592	1344.9357863392302	4.92
1411.2292768673706	1353.0494631572294	4.96
1411.255509919612	1353.0005692148393	5.0
1411.5463483014416	1352.7888664175496	5.04
1410.3719448977517	1352.6997835846	5.08
1409.9642360548437	1352.1942410359727	5.12
1408.5863437889984	1350.1924369877427	5.16
1408.67338407996	1349.6008442669731	5.2
1409.758553982974	1352.8280261723994	5.24
1409.298173057677	1352.3187051106945	5.28
1407.8623558830154	1354.3516690642005	5.32
1407.9539649111773	1350.21774678543	5.36
1406.8394778002335	1352.627165043387	5.4
1409.512055547674	1358.233523777457	5.44
1411.3805319526095	1357.8525018061089	5.48
1411.3982453154254	1361.7263062458253	5.52
1409.6475590427015	1357.9443722844685	5.56
1404.6276863651224	1359.2518656102836	5.6
1388.7795878573502	1335.0650913013908	5.64
1342.9184597438862	1296.0780431029889	5.68
1293.4616461297098	1253.3552722707486	5.72
1252.6432906042896	1205.5130985135456	5.76
1231.739733156715	1176.0033081817578	5.8
1222.2860554025694	1168.4582588490528	5.84
1221.1437886598496	1162.027882515467	5.88
1222.8108696044803	1166.600991918342	5.92
1229.4069980633142	1167.4750499796094	5.96
1243.0940396624255	1184.3249595485772	6.0
1285.5805063301082	1229.404836638062	6.04
1337.1416523701032	1276.8715965128436	6.08
1386.205454723447	1336.4264943237847	6.12
1420.776994851996	1367.832268690138	6.16
1437.169617311367	1385.6047837567637	6.2
1438.3592209526805	1395.8830903865544	6.24
1433.513677094764	1384.9495711802354	6.28
1421.03090682022	1368.206460833862	6.32
1384.5060285517945	1337.430917440354	6.36
1349.9724062129853	1306.4564023690868	6.4
1324.373511984989	1275.6778141402879	6.44
1304.7096192663896	1262.9053378529284	6.48
1291.5006158068347	1243.4507186817964	6.52
1277.063475041614	1222.6189528857865	6.56
1272.1043838179999	1210.7073741644074	6.6
1260.4708214818127	1201.5893602149647	6.64
1246.8797006740583	1195.5171698713236	6.68
1234.3708635243033	1182.4110098461565	6.72
1215.9708673976756	1167.1326718927428	6.76
1201.4879697982535	1159.6157998731323	6.8
1198.724301656355	1160.773750148236	6.84
1187.4944725085331	1168.4285441646246	6.88
1181.1415321143836	1169.7863315018797	6.92
1177.6785690834986	1170.8749566067975	6.96
1170.8464888715664	1173.6300579426327	7.0
1161.9433090369157	1190.6253717517986	7.04
1153.0866367178087	1194.2747775105124	7.08
1146.364577987539	1191.674977993841	7.12
1145.4020598441152	1201.156254435573	7.16
1144.3093592232851	1204.7402473198117	7.2
1144.3093047611596	1202.274721118053	7.24
1144.92616687926	1200.8701500513298	7.28
1143.3579708490543	1196.8198701788901	7.32
1141.0703627505495	1187.2445332147022	7.36
1142.5616934306822	1182.0298599810571	7.4
1148.6259229100533	1174.6451439291525	7.44
1154.0460181311441	1151.6219972033268	7.48
1160.8265899431428	1115.442863177287	7.52
1162.7873902609613	1096.574067021669	7.56
1166.6524219499327	1089.9482022132984	7.6
1156.6133783485245	1083.11832570098	7.64
1149.304746658416	1080.1371315650206	7.68
1144.2164496302623	1072.5820540518555	7.72
1145.2853687334461	1069.60910909749	7.76
1145.7927613222537	1072.6874428283313	7.8
1139.1286013235106	1068.4168486650806	7.84
1135.243347874279	1059.4477014440938	7.88
1128.3488034093498	1051.2182306721666	7.92
1120.7629657420482	1047.4504058701107	7.96
1118.0713599920152	1041.4269341789957	8.0
1119.572033090707	1043.378740441685	8.04
1124.2551209476137	1052.5187587125977	8.08
1127.6900856137213	1054.4268859254298	8.12
1123.670099555254	1052.2809920819548	8.16
1121.5331032712502	1051.3060699288474	8.2
1121.424612090363	1050.4032105601455	8.24
1124.2669208992309	1047.4548045660144	8.28
1125.5923369683042	1047.1691596244639	8.32
1122.9655973581146	1047.5049457492248	8.36
1125.719887631133	1058.1974629593933	8.4
1130.820106257135	1058.3186949164474	8.44
1132.0457860644535	1060.270261361082	8.48
1131.3596156614803	1055.767652988476	8.52
1132.6676234612312	1057.8583033625691	8.56
1135.3306529388158	1058.3312823833962	8.6
1131.9811861418566	1056.7957380644411	8.64
1131.2482787645886	1055.3271982083038	8.68
1126.8796154550462	1058.0020417062312	8.72
1133.4201331224683	1058.3241888538068	8.76
1127.5350704149735	1056.4639897250318	8.8
1128.544180593471	1054.537914958852	8.84
1130.2494182976538	1052.852119444465	8.88
1133.7110217755057	1058.3268612971144	8.92
1135.6245622224133	1057.3600563812997	8.96
1135.5095073943953	1058.5558769477263	9.0
1131.4436407398514	1058.614557834901	9.04
1139.1068241827163	1063.607632531657	9.08
1140.7297042589444	1065.5351899069487	9.12
1135.6413300150143	1059.1433647104068	9.16
1137.5943809759613	1064.5402597241864	9.2
1138.05980282191	1065.1154903383713	9.24
1139.6573517223253	1061.6670683170912	9.28
1138.099374691736	1062.9340112207512	9.32
1136.8750714302553	1061.7121406419133	9.36
1140.3965757679302	1065.031092625206	9.4
1136.6528702243913	1062.984903235769	9.44
1131.6993291418742	1056.5015833696275	9.48
1131.7027162695122	1053.1273634418556	9.52
1131.2462925694988	1056.78158635943	9.56
1135.9484234801164	1058.390520310315	9.6
1141.9307146629128	1069.008952095235	9.64
1145.171799664566	1070.903465365978	9.68
1148.1404652382305	1073.9475113673445	9.72
1148.3014953054026	1071.972344222806	9.76
1148.636640275617	1071.2316137266687	9.8
1150.5521809572142	1072.9793124480595	9.84
1150.083835007681	1073.042193051828	9.88
1146.6231095581768	1072.6425430526715	9.92
1143.8257092409171	1070.228148159021	9.96
1145.1243543624207	1063.7456014230725	10.0
1142.621743296798	1065.6730257895438	10.04
1141.8189302970711	1068.0303019381984	10.08
1135.2531893815299	1065.1845394909142	10.12
1134.8394484689604	1056.5304478326552	10.16
1139.3910476364215	1058.836328953347	10.2
1145.83944801195	1064.8028512935882	10.24
1148.9336528663164	1076.7524414495397	10.28
1147.4410842175546	1079.5662762886661	10.32
1141.1223700129615	1074.3851305359285	10.36
1138.454712309725	1067.0435702520335	10.4
1139.8329516333226	1063.9057112683636	10.44
1141.7311936521205	1060.887257116047	10.48
1141.5919713433711	1063.224412620103	10.52
1141.803059535036	1068.9435938608162	10.56
1144.2349842908156	1068.6995332918855	10.6
1151.1918346453253	1074.659419857134	10.64
1152.9484032955038	1079.1285972019555	10.68
1152.3673593254875	1086.6584436276562	10.72
1152.8584750546138	1085.9770941606862	10.76
1151.9611953758624	1085.183395449602	10.8
1153.4260020487272	1080.5949602253738	10.84
1155.489026616165	1078.0873181676905	10.88
1157.3486204237847	1084.6544345526893	10.92
1158.1562126023584	1081.7152469683044	10.96
1157.7045517343033	1083.103455619965	11.0
1159.975368872937	1081.7452927181641	11.04
1156.1478231816304	1083.1443703642408	11.08
1145.751780396948	1075.0841561600118	11.12
1133.0513534953784	1059.7150227027842	11.16
1132.4950881885693	1053.1799797384906	11.2
1132.0381082730107	1051.6934835421762	11.24
1133.6562026893998	1043.766770209479	11.28
1134.51739673678	1042.8892770857806	11.32
1132.8349565854405	1038.6621747725242	11.36
1133.6469952460934	1038.327798423992	11.4
1128.7923341258359	1035.731292266984	11.44
1125.5309380739359	1029.956401062002	11.48
1124.3639654964918	1028.9033955031157	11.52
1124.0494273132438	1030.6234306323604	11.56
1126.5738211960424	1027.5630013491784	11.6
1116.3130556341523	1030.5714597418341	11.64
1095.8822066610903	1002.7825606740367	11.68
1057.5991259274913	973.3441010857916	11.72
1036.0713536375492	958.1208521376788	11.76
1020.069740698485	937.7700196522195	11.8
1016.1699754087504	933.6346179373492	11.84
1009.9428784630068	924.6849149935849	11.88
1009.8943126084253	934.2229928777044	11.92
1009.0712141330205	927.9051362158069	11.96
1007.9035075224318	926.0738875192404	12.0
1014.6633532742991	925.8428982931023	12.04
1023.5828272892699	936.9981096970097	12.08
1029.6297126629524	931.1540443668865	12.12
1030.508829034827	932.9545183014504	12.16
1026.7414205893335	932.8154832500192	12.2
1023.9898297159788	936.4669842187707	12.24
1021.7860821208832	929.1232071750082	12.28
1022.8302847112428	919.3642383769305	12.32
1023.6193183787918	928.4006590982262	12.36
1038.7737573222525	941.6088400827553	12.4
1055.5486209895112	956.069127619082	12.44
1079.142064050785	973.2920783631719	12.48
1094.6858398979439	987.7594938749936	12.52
1106.9777064844977	1002.4054510579601	12.56
1117.387111588084	999.6723346744689	12.6
1122.5038517193168	997.3549086948271	12.64
1123.7697409696432	1012.5668008033539	12.68
1138.2372354634301	1005.0117254498315	12.72
1151.9009978150302	1012.930121274704	12.76
1168.7177180503618	1022.6586621040365	12.8
1177.9427398744356	1046.7828329584217	12.84
1178.721211874307	1047.5245253990784	12.88
1171.82355019096	1057.2959365774218	12.92
1161.5315826497513	1074.5719873331545	12.96
1162.4161386116264	1092.230353814803	13.0
1161.6772196959225	1099.547936081472	13.04
1156.5405450375015	1079.5570373685032	13.08
1147.9002517727708	1090.5086020230663	13.12
1141.7312502687294	1090.6451637421103	13.16
1134.2658244829672	1091.8651614114078	13.2
1111.7914421225819	1075.6896442093193	13.24
1086.333830315992	1049.939606050339	13.28
1043.435554140621	1018.6893993117261	13.32
1017.4027789546947	1003.1833313326987	13.36
993.0577764691345	983.6232913066119	13.4
993.2482721255467	1007.9716494584603	13.44
995.919977214218	1002.5847726846754	13.48
998.5250129895558	988.710217903905	13.52
1006.3801766540897	988.7817084960734	13.56
1007.4152859995928	993.5214029362172	13.6
998.4739459127685	979.0677102874573	13.64
1001.7133840296746	983.3076285914323	13.68
1000.1904117051894	976.4146417940806	13.72
1000.8980503022262	974.5722843694718	13.76
999.8760878515031	983.7093684819489	13.8
1003.3317296854356	982.0072323961224	13.84
1003.0697240498115	974.752213765604	13.88
1003.7847186374478	989.824255918463	13.92
998.8579375184545	984.6138348519837	13.96
1002.7350043784072	981.6517088026092	14.0
997.6417938727764	980.6256739197806	14.04
995.1835370865451	984.3409869745634	14.08
993.5240230073025	989.6496925388874	14.12
990.3303865333575	973.6725806672654	14.16
988.2783785987842	970.2593400570717	14.2
1000.6192803048597	971.4477278615067	14.24
1026.729693925963	1011.1639790951822	14.28
1054.9049589746612	1046.3802119729498	14.32
1079.1541148774415	1080.7981540991339	14.36
1115.6702120355767	1122.1743795455711	14.4
1161.108480455674	1169.1367264205753	14.44
1199.1096064762132	1187.384734303477	14.48
1226.9724034930898	1242.3927436416056	14.52
1245.2661482870892	1252.8070517530098	14.56
1257.6907841730624	1266.0719524192202	14.6
1278.4438733918282	1289.0388798736456	14.64
1292.4768677888812	1292.439049012389	14.68
1300.4322302213718	1305.8951571258656	14.72
1309.34002050577	1310.7502393524178	14.76
1313.7426230991618	1314.152664144007	14.8
1316.0171547842579	1327.0671490958437	14.84
1324.159038020134	1338.5394362724608	14.88
1320.697565445317	1335.426540660068	14.92
1321.911864515261	1336.7098523651277	14.96
1321.7059887810547	1327.1903761253973	15.0
1322.5816552913645	1331.6460990195144	15.04
1321.9832716436542	1334.0019701401613	15.08
1328.4560653833162	1340.2258056706805	15.12
1330.2921108186115	1341.379018192455	15.16
1327.0295979539949	1331.7063219832721	15.2
1329.520839331735	1339.3022465834422	15.24
1322.540585104295	1332.470376070419	15.28
1320.6717688719698	1322.8021243529122	15.32
1324.7885556679557	1323.5038691009634	15.36
1316.3514794385092	1314.390609758447	15.4
1321.0275464504614	1315.3904201146847	15.44
1322.0390803852517	1305.9095940899997	15.48
1315.606641756388	1320.6478982197339	15.52
1316.8802528738738	1313.5070545253632	15.56
1313.5595354852032	1309.0595724179154	15.6
1313.2625922598154	1305.527753375702	15.64
1308.7181716839668	1313.0096356777474	15.68
1312.8544963590007	1318.7416763601523	15.72
1311.2476739461356	1310.9769111645676	15.76
1313.1635396230015	1314.894429808744	15.8
1309.564102269609	1311.9869017971446	15.84
1307.5863894801591	1306.7869438671441	15.88
1294.8628045373412	1285.4954965466366	15.92
1260.4394152800783	1259.914378713909	15.96
1221.6179503029773	1222.581230333847	16.0
1183.014918255095	1161.1340495020734	16.04
1147.647068368706	1118.050831252788	16.08
1118.248584707722	1118.538156547811	16.12
1098.646077008177	1083.9311088419909	16.16
1079.8022035263511	1049.3923336017738	16.2
1076.4658015914845	1067.0280137114014	16.24
1075.3982810962975	1075.2102049051696	16.28
1071.983308147149	1089.8341868348618	16.32
1066.0375474760608	1095.7002654677726	16.36
1059.2371638355887	1077.720479122802	16.4
1047.0840581909838	1068.5886680553112	16.44
1040.4405715419673	1062.0392781358757	16.48
1032.657266191933	1038.720353785066	16.52
1027.3805871087595	1043.8447029743206	16.56
1030.7768898209151	1048.6926741162572	16.6
1037.2667145536363	1041.850037770685	16.64
1041.284889577569	1051.882950122768	16.68
1046.456045772299	1057.2012984791702	16.72
1063.4649503336689	1068.8516119770668	16.76
1117.9114367480263	1114.204310801582	16.8
1188.9249146485927	1194.8437002809565	16.84
1254.8382042549092	1263.3523922776308	16.88
1300.1138060240621	1311.6982782505395	16.92
1337.6706737396426	1338.4633666313568	16.96
1364.1200662276437	1359.139522155451	17.0
1371.139257158914	1379.9068682872987	17.04
1370.5607517614842	1366.4424484500116	17.08
1360.9356783632647	1369.991867362008	17.12
1355.9420583679666	1364.4708688696492	17.16
1349.6416650373985	1351.6781748650865	17.2
1348.6646734203582	1357.901771585788	17.24
1349.6648784322178	1355.655851734573	17.28
1352.7913413782728	1363.5365199157725	17.32
1353.8060211986895	1353.6962840808978	17.36
1350.9154280050238	1341.0368045766734	17.4
1352.4216976068276	1361.668468338332	17.44
1354.482008708161	1351.8063121240855	17.48
1357.7298020217704	1355.0378453739347	17.52
1358.54046853907	1376.7263881997917	17.56
1365.1483904039671	1379.258057411525	17.6
1367.4831987242214	1373.5540726080987	17.64
1371.7946526748594	1375.4160690683311	17.68
1371.0030445003902	1379.9146753807809	17.72
1373.1047297616456	1370.0893319407717	17.76
1372.3193918428178	1378.125609039969	17.8
1379.039135241366	1371.987659441535	17.84
1378.1574237288157	1375.0816055364915	17.88
1379.4317224615115	1378.4889630138307	17.92
1377.5669592411168	1387.1346029012961	17.96
1380.3281897162435	1382.7163564013908	18.0
1380.849906213042	1389.2255275717173	18.04
1383.1762307430897	1384.3746965950547	18.08
1384.1373705125097	1393.32771493668	18.12
1383.1579392438475	1392.0130849402944	18.16
1383.4173337225154	1390.7070982711011	18.2
1384.8817167012307	1377.6768126494737	18.24
1383.3808014856493	1392.2955530358583	18.28
1390.1738606696285	1378.6592707181444	18.32
1386.0122591031572	1385.0672063758525	18.36
1389.3205979204704	1395.3274863452878	18.4
1390.3322495071689	1389.4762270668039	18.44
1394.2158453600678	1388.4767442619554	18.48
1390.5887225367355	1409.648819579656	18.52
1399.6109688345493	1396.6092326400646	18.56
1397.6486696583831	1415.3716538140861	18.6
1404.1264228755288	1397.9630504731888	18.64
1400.6661733558242	1402.981830787927	18.68
1400.5412713912308	1407.8047347517927	18.72
1396.1596855852627	1405.0405753491334	18.76
1401.1555659812443	1408.58027553872	18.8
1402.8976630825073	1405.2877562651706	18.84
1402.0874221672948	1410.8070016255358	18.88
1403.4479229735612	1399.1652406618539	18.92
1401.385875956584	1403.5628436552138	18.96
1403.7557120826177	1398.782414151999	19.0
1401.5397746955723	1420.9086994043937	19.04
1408.5805473625664	1404.3986377744045	19.08
1407.6119109384097	1415.0963656549052	19.12
1414.6453474520224	1402.1692325728482	19.16
1412.4204329642716	1431.2407782077921	19.2
1417.9804895021239	1418.3991243588966	19.24
1420.6736527357748	1421.1516315086546	19.28
1417.5964646408684	1422.5975517288143	19.32
1416.9102405543097	1434.3789586719035	19.36
1409.1154096780524	1406.7480775548102	19.4
1403.5786689719753	1413.6639548507787	19.44
1391.5333277926482	1404.8670310000152	19.48
1388.8720552252557	1397.649704756759	19.52
1382.4597459124245	1391.3646207141967	19.56
1381.244027927773	1377.6100256096606	19.6
1374.0871291155245	1383.9632128734552	19.64
1373.4980801920362	1382.897414628264	19.68
1372.6501710518119	1381.211454294324	19.72
1377.2059225376893	1382.4041546085023	19.76
1381.206567556545	1373.5480943182638	19.8
1380.314400890676	1369.2538186550537	19.84
1382.8618138341812	1371.1162164525606	19.88
1385.4328516064124	1379.3007981558842	19.92
1384.3358193523654	1381.0148824729624	19.96
1384.3518210725802	1391.8974350854996	20.0
1386.2417245888207	1389.3202422381426	20.04
1388.6103850143124	1401.8710039086263	20.08
1391.5197866580465	1399.3880255759518	20.12
1390.958379242234	1399.0868992992614	20.16
1392.1098947283713	1397.1402825115076	20.2
1388.9504109890681	1396.5754935939972	20.24
1390.4372876697983	1393.6430158842659	20.28
1392.176276237649	1389.6326814206225	20.32
1389.166658563877	1383.7965996737908	20.36
1392.7466157844697	1384.3310914354158	20.4
1389.8176473981425	1389.3410801288585	20.44
1390.3356854784506	1395.4687872272266	20.48
1392.967903247368	1399.2859094339703	20.52
1394.2093550573193	1396.9689372170876	20.56
1396.9864645271068	1398.3314490425055	20.6
1398.0278895775346	1403.8645476274853	20.64
1395.1792625429412	1397.834861895763	20.68
1393.7266505855891	1390.288500054277	20.72
1393.5387347051703	1387.138405979383	20.76
1394.7937867200014	1392.664567119648	20.8
1395.5848166139808	1388.8378235295315	20.84
1395.9380632027305	1389.1529601756076	20.88
1395.4681098694589	1389.7936601091417	20.92
1394.0448581589592	1396.0188569237262	20.96
1398.994957563874	1401.4400132153285	21.0
1399.4973505582263	1403.2053520700038	21.04
1397.7793949128854	1404.6764674263954	21.08
1398.3080568648277	1399.9216603416537	21.12
1395.783285342316	1394.4257674989647	21.16
1395.0844075166553	1395.6266190756348	21.2
1394.3009252303825	1392.4583113450653	21.24
1396.3018151599765	1394.3179295960185	21.28
1392.668242806012	1388.9019686462418	21.32
1393.6611448617696	1392.1568208298827	21.36
1391.6545276659433	1393.2910576328522	21.4
1392.3717735060948	1399.5683909173863	21.44
1391.2218048671366	1393.4783619430345	21.48
1393.5642801652514	1400.675000168855	21.52
1389.2309612977979	1397.5360547158896	21.56
1391.2609946623531	1394.875148510703	21.6
1391.5510406579103	1389.2486380075004	21.64
1393.0812345849793	1389.7682927391056	21.68
1392.220949581398	1390.2867576401097	21.72
1389.8128578537132	1388.072684480721	21.76
1390.2759211036446	1380.3738675953336	21.8
1392.4519840412684	1383.3890744642956	21.84
1392.9719518831466	1390.0199603058895	21.88
1393.887796639065	1392.6194649730114	21.92
1394.3552651032765	1390.8584326531077	21.96
1394.4446257845425	1394.7923369087928	22.0
1392.213510894767	1397.882256570175	22.04
1392.516394008461	1402.1572417547893	22.08
1391.4584667490064	1395.8014489592817	22.12
1392.4940304354914	1393.4139646478898	22.16
1392.4026359523757	1392.4459180241158	22.2
1388.7555218470618	1386.1962227227916	22.24
1388.2210389907693	1394.2370590996047	22.28
1391.6217402292043	1391.3802096740844	22.32
1389.4605984014865	1389.15175949948	22.36
1390.69469044511	1388.2699737827993	22.4
1387.9683806619646	1385.381395777115	22.44
1384.81729975227	1388.6914120418155	22.48
1388.2793114803305	1390.2257334899448	22.52
1386.4856425001954	1384.7881940792129	22.56
1387.3414880698772	1390.4690511006922	22.6
1388.38538700713	1393.925148512625	22.64
1387.1161626593353	1386.4473828454493	22.68
1386.7675713525664	1389.728755936091	22.72
1388.7819002853055	1391.7578886198833	22.76
1389.4836649961576	1387.9866589443404	22.8
1385.472402159209	1390.8279825021957	22.84
1384.0891885220633	1389.1351156171315	22.88
1383.6280028620656	1387.1518859014373	22.92
1383.57473551018	1387.216394429219	22.96
1384.2754105083059	1389.7671450112239	23.0
1382.7495158775607	1385.8214981833885	23.04
1384.8570160863412	1383.0363792079143	23.08
1384.9625343913758	1380.8820820874653	23.12
1385.849262461371	1384.4102325730878	23.16
1384.4539989656244	1378.3340558855082	23.2
1385.5359367955139	1382.1996560558598	23.24
1384.528550885896	1381.0289605942498	23.28
1384.8806297535623	1389.3755656852102	23.32
1385.3084184415825	1391.0922332623766	23.36
1385.0710132186048	1384.4229269656998	23.4
1385.3521374059167	1388.4560585607123	23.44
1383.336960775971	1386.053343052908	23.48
1382.840645321241	1380.1659134939375	23.52
1383.1364481516791	1373.7003727877398	23.56
1384.9668652092516	1373.0006397868071	23.6
1382.5041832003762	1375.0828593200984	23.64
1386.1757962362828	1375.5622366006485	23.68
1385.7603538913013	1376.011192262765	23.72
1383.4018422957965	1374.3152404825987	23.76
1385.9199288440475	1379.568449126955	23.8
1387.4993080737186	1391.3467510664827	23.84
1385.8435702022286	1391.3910851675112	23.88
1385.9626441369394	1383.849910346859	23.92
1387.204693144654	1382.701868645346	23.96
1384.5423851280154	1383.742665632503	24.0
1388.6302459366605	1387.1763908240341	24.04
1389.0187933408977	1379.0525047775463	24.08
1390.167063303036	1381.5974868789028	24.12
1393.394745430839	1382.6445534594639	24.16
1391.0755439014931	1385.3389923660832	24.2
1391.4982881149235	1386.2844161470448	24.24
1389.8831172657465	1392.076077988428	24.28
1388.6103050572951	1385.0301657534637	24.32
1389.8937042360947	1382.1077353975302	24.36
1388.970239568197	1383.0334044639574	24.4
1387.5643475554646	1381.894704451117	24.44
1391.4040841986798	1391.859240431406	24.48
1389.1092207313213	1380.9724852384068	24.52
1389.904294644942	1382.5502006799761	24.56
1389.8329167483384	1383.567324987177	24.6
1390.3386373268565	1385.8947982454774	24.64
1390.0325019012407	1388.8739943060014	24.68
1390.67716052309	1386.2911186002418	24.72
1389.391538816251	1383.0927983886106	24.76
1386.6556129362968	1386.562109185151	24.8
1390.0870663323374	1396.588600849257	24.84
1389.2567700280388	1390.6370940610802	24.88
1389.0250475672487	1391.9396411189928	24.92
1388.1641461529728	1394.3117358357033	24.96
1389.7211768914967	1388.0255675808664	25.0
1388.43659343738	1378.8191508354814	25.04
1389.5660814047683	1382.5214737293563	25.08
1390.6057687307214	1382.579431780728	25.12
1389.6237364233361	1380.8364518893577	25.16
1390.2261514999698	1382.723205845268	25.2
1388.9179044438424	1379.1772791784363	25.24
1388.0723724751062	1378.1745047737627	25.28
1386.1138830290395	1379.543405725529	25.32
1387.558687079615	1384.1518651699255	25.36
1387.2378648121703	1385.8351893881224	25.4
1385.7614822190483	1381.7678718223958	25.44
1385.9404081481935	1381.6571703125355	25.48
1386.4449042091312	1386.3065006831685	25.52
1384.3803338560806	1385.508401317975	25.56
1382.9802929501225	1385.785188832811	25.6
1383.4377325129137	1381.7128867446818	25.64
1383.7987514171466	1381.3755780342067	25.68
1382.5801292792116	1381.8283641660962	25.72
1383.8496496433552	1376.6393978652657	25.76
1383.065854341213	1376.932684296146	25.8
1381.6872627959833	1379.2303625409288	25.84
1381.6324482009074	1380.9170016494613	25.88
1373.9527197709724	1378.6375977783152	25.92
1351.6528052029125	1358.4413575284557	25.96
1316.270397885281	1328.8534094902257	26.0
1284.6926097154546	1293.4765767127287	26.04
1254.2331250914697	1261.8760940058626	26.08
1223.959206468231	1230.9836035741894	26.12
1186.383054406054	1190.4406841485902	26.16
1148.1098267163236	1146.9937557105081	26.2
1116.61828828571	1116.1302435870848	26.24
1094.147457177615	1079.1016156376672	26.28
1072.0115524791074	1059.6999390103606	26.32
1055.5957746843144	1046.5597467734958	26.36
1046.4108162271689	1041.8720654929077	26.4
1036.8430410005947	1023.759160438915	26.44
1033.4877585237718	1014.778405682676	26.48
1024.8656032517354	1016.2703425904966	26.52
1025.8208360254894	1005.2974308736414	26.56
1026.8959228356096	1014.5049957655713	26.6
1021.2259011834705	1006.1412791388992	26.64
1031.6571709420423	1017.5299191816297	26.68
1032.4431213886999	1014.6248524783457	26.72
1037.5571959536876	1027.8027698026488	26.76
1037.1808353097356	1024.1209310402207	26.8
1042.0707509163826	1031.8911419239803	26.84
1039.0918300130604	1024.5314583139154	26.88
1041.192911745556	1022.1724057338884	26.92
1041.1710921847077	1023.1435907758784	26.96
1044.0931401298308	1028.4683628406938	27.0
1044.636862423024	1030.6181662367012	27.04
1045.7564334435303	1032.17723822844	27.08
1051.579051714311	1035.2686030901982	27.12
1048.6489161749435	1042.9809844328336	27.16
1048.7170470040276	1038.3442082269867	27.2
1049.4468214655772	1040.3577961772692	27.24
1053.9710739147963	1039.0410291545682	27.28
1049.4444325490617	1038.7893541015083	27.32
1053.4824629881305	1044.728641109242	27.36
1050.7287622331125	1037.3880473346476	27.4
1052.0474994327656	1033.5500593922554	27.44
1052.5146711478508	1036.7834283222878	27.48
1052.2826221277326	1045.3909704621235	27.52
1049.195289520527	1047.334260881571	27.56
1047.4116706919472	1050.9605913009584	27.6
1047.9562337254138	1049.6059645793805	27.64
1045.9478029746133	1050.5837088730289	27.68
1049.908875471944	1048.1702450058951	27.72
1050.1923631651157	1045.8960793001859	27.76
1052.2964649892854	1035.0931882884868	27.8
1046.001970215817	1045.4191441359742	27.84
1054.717995437052	1038.920025943043	27.88
1048.727900086602	1050.2078277735486	27.92
1046.7346162022245	1058.1246930043667	27.96
1050.0297557178455	1043.2471574418828	28.0
1047.108263071921	1044.8367471479073	28.04
1048.966689491882	1050.4225692022067	28.08
1047.2642831832302	1054.2976525260083	28.12
1048.3016002254235	1055.8887594057546	28.16
1050.8986207698138	1049.4192166975884	28.2
1048.7705610408382	1042.478501236296	28.24
1051.6743030737082	1064.0743887566375	28.28
1050.179316109102	1060.1561177353026	28.32
1052.1233760372684	1055.2524746843674	28.36
1053.7850467620156	1056.9001403978439	28.4
1052.6324958429539	1062.0695741995341	28.44
1054.067315937968	1061.5027865149023	28.48
1053.5198773755358	1062.1733683370235	28.52
1055.602685114208	1057.3746376087236	28.56
1052.2922669817501	1057.557151503802	28.6
1054.152217840761	1064.5668200647262	28.64
1054.0498954838936	1065.795101661991	28.68
1053.6279616587367	1059.065141259561	28.72
1055.8672878496573	1065.6401514880563	28.76
1059.0916305267306	1065.7304745046174	28.8
1062.0785254611453	1073.0996818218985	28.84
1069.7787809208885	1087.5095890406988	28.88
1079.7193847796548	1097.8887993333622	28.92
1099.3834162444712	1123.2135141135789	28.96
1125.8855026694769	1125.3912336776991	29.0
1162.9682424056805	1170.0619431052169	29.04
1203.716661682412	1201.0513838302236	29.08
1245.7581351924684	1253.3436028253886	29.12
1307.3885251967506	1301.0934268455558	29.16
1344.4661940970814	1336.036904296243	29.2
1375.7897985525103	1366.832669554835	29.24
1417.9164657194037	1415.0384589364644	29.28
1462.5138335599154	1449.799969645317	29.32
1513.9640026674506	1517.942094965989	29.36
1566.5031188877363	1535.1079223489235	29.4
1610.0527924658547	1577.3063975177577	29.44
1633.777720198358	1493.308842706079	29.48
1649.3874964925255	1493.6218086021613	29.52
1633.8849384817365	1492.5956599688036	29.56
1585.6702197158327	1481.4656959482766	29.6
1521.823298014854	1410.653710510296	29.64
1431.862855821888	1313.4207802955882	29.68
1329.469935239211	1215.895934761649	29.72
1235.757441070982	1120.3018023004736	29.76
1149.7012999222354	1020.5442475559038	29.8
1095.8256716219892	973.5873185647631	29.84
1067.7495573751587	930.4263334837674	29.88
1055.9919854009004	906.6271363518906	29.92
1057.179092964074	891.7600070419332	29.96
1064.0706022422266	886.2259337531972	30.0
1074.7776980535384	885.106827798402	30.04
1087.3859027391388	899.3121140483316	30.08
1094.1923310270463	910.6464648916128	30.12
1097.0320371600021	917.3518542582863	30.16
1095.3425788899974	928.2422640234714	30.2
1096.1810644652126	937.0898866963184	30.24
1099.17244224998	951.3337450016923	30.28
1099.525965676622	956.236592470609	30.32
1095.2705337541827	959.3949880949968	30.36
1093.5961787631506	971.4021045900153	30.4
1092.1466497982924	981.0039110059944	30.44
1090.8161904430149	986.517543508267	30.48
1093.3213714271124	991.343321438722	30.52
1098.0430415479125	997.3458577513713	30.56
1100.2066509804483	1002.2654427296894	30.6
1101.8101943080437	1000.0535132388079	30.64
1102.082721283208	1004.5202974621035	30.68
1108.7198981377912	1009.3497690815162	30.72
1105.404602815694	1010.3437313320369	30.76
1107.6629076827037	1008.7537107470926	30.8
1108.450440208294	1009.7633859512406	30.84
1108.4350752759105	1010.3171244900575	30.88
1109.5176102439302	1010.7936448626484	30.92
1108.7358755660573	1010.7995154841531	30.96
1107.0240339732413	1009.7260521287503	31.0
1105.7212335987933	1008.7784391166565	31.04
1104.4619371631568	1008.5039936639582	31.08
1104.169230226501	1009.7921552048842	31.12
1106.9515745661038	1010.2717209003997	31.16
1107.1787066932488	1011.9325342475569	31.2
1106.5752953384172	1011.6690625959533	31.24
1110.2709931143174	1015.1723421358239	31.28
1109.44042620044	1017.0745422525382	31.32
1110.0472011108745	1016.9034864103447	31.36
1113.6779309856881	1019.8234861704854	31.4
1113.7183458589216	1022.1505763418085	31.44
1112.3243706056164	1023.800369998809	31.48
1112.52898614995	1024.1169821532847	31.52
1112.5762126079512	1025.4010507045705	31.56
1115.6121631551057	1025.2915318737491	31.6
1119.473721372354	1026.524240881532	31.64
1119.89414431132	1029.6287944155729	31.68
1117.9418809245408	1031.238886474091	31.72
1117.4823261072459	1031.389609138136	31.76
1117.7261527289998	1031.117540686477	31.8
1118.1280361218	1031.8823056425595	31.84
1118.2111936296753	1030.8756712272207	31.88
1119.0876813388527	1031.0055638203082	31.92
1120.3585253634953	1032.8211504987178	31.96
1120.1939587577408	1032.4687605865627	32.0
1119.717085665858	1032.1935263227938	32.04
1121.0248042885758	1034.3235174022009	32.08
1121.1426073357059	1035.020869923834	32.12
1120.5019180524514	1035.1163934733393	32.16
1120.6031688930266	1033.336102462067	32.2
1120.1826934507953	1033.2669516503922	32.24
1119.8184877271258	1034.4040358974296	32.28
1119.1082132388929	1035.4046434823485	32.32
1120.140582487011	1035.4048374896154	32.36
1122.5315209019932	1036.889461503752	32.4
1123.0513335622632	1037.094785556818	32.44
1124.267093538876	1037.8917009516808	32.48
1124.9305642391628	1039.7959870748646	32.52
1125.0925783195876	1039.1483297195891	32.56
1123.4376466260276	1039.8317790565923	32.6
1123.092221425083	1039.1776411526926	32.64
1119.8988272794106	1036.4367556605202	32.68
1122.7968648736096	1038.5045575632043	32.72
1121.3182940211564	1032.5138755398345	32.76
1115.984110683349	1026.9328909790663	32.8
1111.623520179295	1020.6617820445155	32.84
1107.974330829402	1017.9333050258177	32.88
1106.8349368402878	1011.239176203452	32.92
1109.1061340064755	1010.3758017235616	32.96
1111.832610500667	1013.1687507035994	33.0
1109.8502923333212	1008.6690410367634	33.04
1112.2419678326376	1010.4431702427433	33.08
1112.296491271656	1009.753666073223	33.12
1114.1845411924428	1012.3295595554308	33.16
1116.6621010462459	1018.144887105572	33.2
1119.6540003366595	1021.574973193314	33.24
1120.4679746807524	1024.2969540172064	33.28
1119.5178164069234	1021.8650972168887	33.32
1114.9721621050148	1019.3966741791376	33.36
1116.8604396500264	1020.9108857101363	33.4
1121.446652056552	1026.158878000444	33.44
1127.3902383911327	1031.9618695641439	33.48
1130.1271489754822	1035.163833078485	33.52
1132.1776487388254	1037.5491690201434	33.56
1129.6500898009604	1033.9086925067202	33.6
1127.9424455943226	1033.9537672972879	33.64
1126.9111397627391	1033.598502859126	33.68
1129.7319072846933	1035.822195803701	33.72
1127.9750343403805	1035.847071910326	33.76
1129.6494932854816	1036.8539082084453	33.8
1127.8795314587305	1036.5141432649207	33.84
1127.9293677631429	1036.773540257823	33.88
1125.5875730982486	1034.7952676368639	33.92
1126.9029028964467	1033.3835942408136	33.96
1127.128962850303	1034.7058516612815	34.0
1124.4930656413228	1032.6407620453244	34.04
1124.1351550364845	1031.9991316974176	34.08
1123.9351805046297	1032.3237832870943	34.12
1125.948786077794	1033.3401946267193	34.16
1126.0874795546258	1033.108267631793	34.2
1123.9338192844418	1032.3135863718896	34.24
1123.3986017620402	1030.7558120729375	34.28
1124.0173502215323	1032.5655522104373	34.32
1125.6600701604787	1033.7423041262	34.36
1127.2802979773767	1034.5781541757494	34.4
1129.2649239856937	1038.6287452536396	34.44
1130.7933070772256	1035.006617524459	34.48
1126.2928483541716	1036.2588794095934	34.52
1128.9362183997277	1039.0994432365471	34.56
1127.9885901085197	1038.0236356087153	34.6
1127.0027987467101	1038.1693722219693	34.64
1129.649245234664	1040.285096140916	34.68
1129.6123618834642	1041.498101373836	34.72
1132.5616713212112	1045.2242073098619	34.76
1135.1218702012568	1045.2699416612975	34.8
1136.9418812480108	1044.273413497209	34.84
1136.715875148761	1045.2633555050584	34.88
1137.5621328335396	1046.6844500773038	34.92
1137.4060162193737	1046.5334703028927	34.96
1137.5290401168124	1046.661079631881	35.0
1137.9237531604285	1048.1866537057115	35.04
1137.5417714519901	1047.0739868170472	35.08
1138.785149820204	1047.8105476036278	35.12
1138.851800690314	1048.9814611232857	35.16
1137.761830019886	1048.9398586288082	35.2
1139.2396321887754	1049.1677784007343	35.24
1139.1866941861447	1049.261092354919	35.28
1139.2859474539944	1048.706945769018	35.32
1135.6068073159392	1049.1255053001564	35.36
1135.6841966762097	1046.3576883807875	35.4
1134.7600698138397	1043.8903148504676	35.44
1135.2370090709928	1042.0112698476903	35.48
1132.9883775769513	1040.244081892493	35.52
1131.803957009339	1037.6770691508418	35.56
1128.1915073339233	1035.6333914716326	35.6
1122.515142558055	1028.2769534538536	35.64
1111.4841948345054	1016.6842197951723	35.68
1091.6546504067037	991.4597470145301	35.72
1064.8821175736919	955.896824694936	35.76
1029.7581437236572	912.1294850730847	35.8
1001.089803048882	871.436306643833	35.84
983.5120240342244	846.3503337395732	35.88
974.0812739587773	828.1985400513855	35.92
970.472170413626	808.4410419715208	35.96
961.16075697844	798.170673687166	36.0
952.4301368893114	787.0259567680929	36.04
950.4636232320574	778.9576771346834	36.08
942.0455092048626	768.132622398428	36.12
936.5261355822876	761.2428348560222	36.16
936.4081721217071	754.9286413134831	36.2
930.7631686211386	749.7240664034256	36.24
930.3916399913269	745.6617834085522	36.28
928.8961890280253	739.4889694140223	36.32
926.3002452414006	737.4914486625617	36.36
927.0496746619958	732.4894551210017	36.4
926.2163703339329	729.9093667648473	36.44
923.6257741798966	732.458034544075	36.48
924.2307460363576	730.6066744851855	36.52
924.6969727541256	731.7690581019881	36.56
927.2006457157759	731.5637479979051	36.6
929.5396210863689	730.941210547223	36.64
929.5718521032336	733.2524727520155	36.68
926.9021819199485	734.4584746826545	36.72
933.0511671300001	731.2013166589979	36.76
929.7612338039525	733.377784579672	36.8
928.3835175844583	731.0554301743002	36.84
929.2174774658025	729.4910094154958	36.88
929.918472127568	729.6153024888401	36.92
931.7139267572829	733.5407967275427	36.96
933.0536454739123	733.3611198321754	37.0
934.8774053907554	736.7447402490942	37.04
934.013589783636	734.6896625488281	37.08
934.0536307271683	736.225249668894	37.12
936.7496893492236	735.5978416321229	37.16
932.4611317085377	732.1018955774067	37.2
935.3019504546749	734.0231836802647	37.24
935.7871640859028	733.8719279464442	37.28
933.9644825770956	732.0311733943728	37.32
939.3509507453274	733.7082717309333	37.36
931.0628558316741	733.8416269572497	37.4
936.0390742432521	730.6345788909399	37.44
933.5260025584303	730.6960266564336	37.48
936.6157457634258	731.3923754237481	37.52
934.2189673339783	729.9907830163497	37.56
931.936670232239	734.3749516453977	37.6
932.1798038500377	730.2971549062675	37.64
936.3703814614719	731.7567711586927	37.68
932.1734227094344	733.0735974872708	37.72
938.5405793613928	732.7525670465806	37.76
930.1825486357817	731.7502384090664	37.8
934.5129951786583	731.1801174718267	37.84
933.1090212420038	729.897417641798	37.88
937.8379170854649	733.1777717127372	37.92
931.4465093467089	728.8758257122522	37.96
930.9436576929256	728.6803231443008	38.0
930.8537910209922	728.4552847367663	38.04
936.8230508279953	731.3857137485915	38.08
927.7617253176135	729.651021782553	38.12
929.8657126998919	729.659733223387	38.16
928.847671680819	725.3191809797175	38.2
932.3800148485536	728.9277477070124	38.24
923.9326283410145	725.2868464753468	38.28
925.1376900567407	723.4382252518808	38.32
923.8112378716987	723.1802711075765	38.36
926.6295840698156	721.7517577196093	38.4
920.518929186996	721.4082037709679	38.44
924.8618197406338	720.8941370559422	38.48
921.4951802323014	717.9840863875386	38.52
925.0645180806104	717.4146829817425	38.56
920.2395853279746	714.6267635479308	38.6
918.5659197108727	715.5724696960825	38.64
921.5300819406496	717.9716921569078	38.68
919.857557538147	718.6159201030798	38.72
918.6033491256743	715.3547800815672	38.76
919.3018877397266	718.6630426078262	38.8
919.0517392917419	716.8901636230653	38.84
922.0253055541076	717.6849833635027	38.88
921.3344266235578	717.0797408688973	38.92
923.82756915271	718.6806519450193	38.96
917.9217227177064	716.2210079925566	39.0
922.5007491172845	716.2027787383286	39.04
917.3884010734153	713.766703835721	39.08
922.6907802502362	716.92021732246	39.12
917.065718964276	715.4731344477748	39.16
917.151164516012	718.792002739549	39.2
917.1745071186305	713.6417581796297	39.24
916.9556737875985	716.7498730467067	39.28
916.397148824462	712.9969765465437	39.32
916.08251754358	713.9435698842632	39.36
916.7387412818641	713.1973190235601	39.4
915.397953251178	715.0624280538295	39.44
917.8107776071644	715.5068827027189	39.48
915.7788041213533	712.6199526000044	39.52
918.5846722567095	715.3131953574396	39.56
916.308165693526	714.8558163564372	39.6
914.1894658999795	712.9579948823638	39.64
913.9838670262881	710.7647063873272	39.68
911.5245801951414	707.6680703223876	39.72
914.8157022683891	710.3886559089715	39.76
915.3593276400157	713.7366526911377	39.8
914.4276796417707	709.8550939626771	39.84
918.431913756863	712.7534152181742	39.88
913.6804476138544	710.0211493289398	39.92
917.7068864161198	713.1208787299214	39.96
913.3810956889081	711.6569770180998	40.0
917.2657836618804	711.5435497608051	40.04
915.2627171017608	710.6010721262465	40.08
917.5112132757071	709.1339858136215	40.12
917.4419547128804	710.5557863643988	40.16
913.6281678092919	708.2465474345083	40.2
915.0184417972517	710.5245387097675	40.24
912.4737696934044	709.1249234028814	40.28
916.8824330838517	711.4935042087344	40.32
912.6017882890395	708.4789402916876	40.36
913.5706313980929	709.2608439572289	40.4
914.1452798612786	709.3600404806014	40.44
918.8334982379598	711.9191272216511	40.48
911.3591535891993	707.0669017501777	40.52
914.670563761873	711.4244896581573	40.56
916.2218796703097	711.6971794471378	40.6
922.6188092004285	714.3419587482598	40.64
919.4802007886095	716.1401644268192	40.68
921.7007054240631	714.532581246061	40.72
919.5583181766444	716.0119661086801	40.76
921.0279776036995	718.407577284427	40.8
920.1048659052298	714.7554003734327	40.84
923.6408246539445	716.5533818555191	40.88
920.6543650944212	715.0091622345238	40.92
924.1629241825473	716.5410521316334	40.96
918.8713735002601	713.5479266766226	41.0
923.0225857133853	716.1127711461611	41.04
916.3930579751884	713.6927737731249	41.08
923.1022482945924	716.814783089796	41.12
918.4282876111923	718.0585700862537	41.16
920.1974062116019	712.8570266121333	41.2
920.3988948174466	715.2525314254586	41.24
918.7263077452016	713.0291893886363	41.28
917.0798595771915	712.3555743400963	41.32
924.887871453218	715.1226982966691	41.36
920.688785178688	717.0002525452941	41.4
916.6130996478653	711.7542530543726	41.44
920.9638375961264	717.33924838258	41.48
921.2613462370358	715.5804384720138	41.52
923.0518473369332	718.7443911111285	41.56
923.3914559869172	715.2287287874152	41.6
917.1731687306274	714.4117435660953	41.64
922.7191411392695	716.5894267371659	41.68
923.0550308897359	721.7697003871511	41.72
918.1428586040546	716.3494915447839	41.76
924.103810568001	720.0045666324831	41.8
922.1220507023592	720.0400112016802	41.84
918.166635651852	714.432672642055	41.88
925.0656612594615	717.7781960575313	41.92
921.7632664943534	718.0744020655939	41.96
920.3211495911017	715.861342511052	42.0
914.9955418121104	714.3632504077513	42.04
923.1566887174035	716.1856261430705	42.08
918.1986481032762	711.1515422822433	42.12
913.8591390138336	710.5802274184101	42.16
919.537913137217	712.6098141662244	42.2
914.2560807931299	709.7361024081301	42.24
919.145583228364	714.4907032614118	42.28
919.3554135664067	714.8047236454071	42.32
914.3071382521615	713.0897895790446	42.36
922.0406696874741	712.403992283572	42.4
918.922812490935	712.4893566236715	42.44
919.7960240353631	711.4566529291167	42.48
919.5977056098167	713.286273378207	42.52
916.5175641569991	709.8967681621622	42.56
914.5335379580307	712.0769411223314	42.6
917.8953144512079	716.0125879662917	42.64
913.5797999269129	709.652832086715	42.68
917.1268444130326	714.5805716029014	42.72
913.8456449443222	712.9702712117363	42.76
919.0985087304415	712.827814514017	42.8
915.2810185870674	711.3337521781039	42.84
916.5551706997038	709.9783851792218	42.88
914.374605943576	708.0170793652404	42.92
913.3030806066714	709.6476122971196	42.96
910.1772944756477	708.7061949641605	43.0
913.107135486664	705.4058134644563	43.04
914.2746601182853	708.7693113513052	43.08
912.0736781896534	709.3782860280525	43.12
908.9877953333258	706.5799534178541	43.16
914.8245529014142	708.9595793231497	43.2
908.7640417856337	705.762974607884	43.24
916.4290561694779	708.6491679791047	43.28
913.9883181989869	708.8446475956315	43.32
914.014251598481	707.5764113506511	43.36
910.6931183013684	708.306582452751	43.4
913.0619760241123	709.2231434484353	43.44
913.9798699540675	707.8982505669918	43.48
913.9301574451018	707.1261266808095	43.52
911.1878957737706	705.9998161446156	43.56
916.8288876150295	709.7958017770949	43.6
914.0410132790684	708.2197977354306	43.64
912.4208109219529	707.0711957074363	43.68
912.6626283967014	709.5603265489464	43.72
913.6122302280116	708.2703765839789	43.76
916.2244386650582	709.0618698415803	43.8
913.0679798541288	709.5312184892853	43.84
916.5467121483842	707.0107756982236	43.88
912.7352641537577	706.6363057891913	43.92
909.4055945255222	704.8548615907379	43.96
915.33225118117	708.8462838079389	44.0
915.3887071479285	712.8174275411437	44.04
913.4490683690018	709.0372433611793	44.08
912.299439954981	710.5055275567581	44.12
912.5605481396437	711.1082070190051	44.16
911.0647943970332	708.072782105861	44.2
912.7433251149941	711.137771216559	44.24
913.3579234903681	709.2825111181149	44.28
918.3798625440089	710.0790267469176	44.32
914.2031143569942	712.0834588295209	44.36
911.1274872664741	707.4923985052269	44.4
913.1591554035937	712.5160425583919	44.44
914.8735195438206	714.9964807355781	44.48
915.599823400115	715.2670837458741	44.52
916.6419132435225	715.1823805498159	44.56
915.5311919642726	715.5617035005515	44.6
912.4194799276925	713.6930892496907	44.64
911.4742040051578	711.6499025765439	44.68
916.6641411459665	713.254448502305	44.72
912.7100542819137	710.895557581812	44.76
916.8551800701882	711.7863768215395	44.8
915.850262604724	709.8252342559376	44.84
913.1554492624472	709.6991375402987	44.88
914.0138771742255	711.2062792927677	44.92
919.3531150719065	712.0461732498509	44.96
912.8715782525642	712.1825629793177	45.0
918.8193999688701	711.1141051318098	45.04
918.1524735258421	715.5022856015072	45.08
920.4461770481573	718.1511079431251	45.12
917.4221901230696	716.7991315897066	45.16
919.3922426248133	714.8667297642153	45.2
918.7520744232322	717.2545133434356	45.24
924.050619407076	715.4253450944336	45.28
919.7781521473693	715.3372132949863	45.32
921.032880972386	714.2888993237848	45.36
918.6769487630312	716.0217743847502	45.4
921.4979327357124	715.624545400382	45.44
919.190052793727	717.5599894007244	45.48
930.0410413463674	718.26294942469	45.52
922.6587204469331	720.1124653119515	45.56
935.5193387537308	732.1017565796839	45.6
934.8467546474045	736.830531279662	45.64
944.3073374550677	744.9556550600947	45.68
955.424132866621	761.3316915638798	45.72
965.8971929080191	774.3801534351552	45.76
975.6006349760494	785.8753014818433	45.8
984.41796830957	800.43548354688	45.84
992.1061105336968	811.1469766929678	45.88
1002.1859246035522	822.5268336561651	45.92
1011.9873748382298	832.2459552887493	45.96
1019.3019399660332	840.084443573386	46.0
1026.5318372668244	853.2205750936535	46.04
1031.9990839964814	860.3716659985288	46.08
1035.9294486337158	867.9903463256807	46.12
1043.6111389435598	876.9784283621641	46.16
1047.4570638172688	883.4947097294373	46.2
1051.585472870594	889.3739554713312	46.24
1055.7955557004311	893.3151698841405	46.28
1059.3213902628604	898.8297556300831	46.32
1061.4856676762927	900.9755004637015	46.36
1063.8460603261103	905.8258794754419	46.4
1065.3962666304817	908.9539856265502	46.44
1064.5120163769589	911.6053920142425	46.48
1064.068066538597	913.7091255520663	46.52
1064.8286556371893	914.3743023414756	46.56
1066.6269903683083	917.9817362172481	46.6
1069.6608658569346	921.5334060818049	46.64
1070.8250236781125	925.6687636417577	46.68
1073.5725106397936	928.4249854416596	46.72
1075.7029261407936	932.0302290795249	46.76
1081.1687537360683	934.9335496909401	46.8
1082.0724049288644	937.8211915233894	46.84
1081.8087726280796	938.9406015358811	46.88
1081.706839603745	938.9319549203063	46.92
1082.369516745329	939.9401908527167	46.96
1082.0371742111217	939.390156977122	47.0
1083.257979540986	940.4372056415878	47.04
1083.9657707507795	941.0720963791852	47.08
1083.635281718573	940.964120482533	47.12
1083.5896984084147	940.0461352485859	47.16
1082.1046357819857	939.9235693982779	47.2
1080.3556161045208	939.6504325236775	47.24
1080.8411058526071	935.6359197220298	47.28
1079.261632145312	937.1091770820976	47.32
1077.1695656266104	935.9804768499657	47.36
1075.8869716867532	932.1931853593659	47.4
1071.5012389187018	928.4085064945205	47.44
1071.803012220737	925.3274897288417	47.48
1074.3339631206281	910.1446738297757	47.52
1064.5552194031482	889.586137044408	47.56
1054.115615524919	879.1237208598997	47.6
1064.2041139558025	905.6732831955084	47.64
1085.8298154870781	950.8986464429654	47.68
1133.1072140107126	1007.4542404715241	47.72
1160.797803140601	1046.7731803184745	47.76
1182.0193359885	1070.2387546750708	47.8
1169.8272173868659	1094.7144516121657	47.84
1168.3775952032652	1146.407312119186	47.88
1153.6131877459438	1149.3463093074963	47.92
1163.123270781124	1136.5015735993577	47.96
1161.2045836858397	1144.6347288908805	48.0
1162.6007588001594	1135.7430962045778	48.04
1161.0733514965611	1141.19296455077	48.08
1120.2225464892376	1091.9329677528426	48.12
1061.9694853144504	1049.6048346308464	48.16
1168.7813072907425	1018.0615082494633	48.2
0.0	0.0	48.24
0.0	0.0	48.28
0.0	0.0	48.32
0.0	0.0	48.36
0.0	0.0	48.4
0.0	0.0	48.44
0.0	0.0	48.48
0.0	0.0	48.52
0.0	0.0	48.56
0.0	0.0	48.6
0.0	0.0	48.64
0.0	0.0	48.68
0.0	0.0	48.72
0.0	0.0	48.76
0.0	0.0	48.8
0.0	0.0	48.84
0.0	0.0	48.88
0.0	0.0	48.92
0.0	0.0	48.96
0.0	0.0	49.0
0.0	0.0	49.04
0.0	0.0	49.08
0.0	0.0	49.12
0.0	0.0	49.16
0.0	0.0	49.2
0.0	0.0	49.24
0.0	0.0	49.28
0.0	0.0	49.32
0.0	0.0	49.36
0.0	0.0	49.4
0.0	0.0	49.44
0.0	0.0	49.48
0.0	0.0	49.52
0.0	0.0	49.56
0.0	0.0	49.6
0.0	0.0	49.64
0.0	0.0	49.68
0.0	0.0	49.72
0.0	0.0	49.76
0.0	0.0	49.8
0.0	0.0	49.84
0.0	0.0	49.88
0.0	0.0	49.92
0.0	0.0	49.96
0.0	0.0	50.0
0.0	0.0	50.04
0.0	0.0	50.08
0.0	0.0	50.12
0.0	0.0	50.16
0.0	0.0	50.2
0.0	0.0	50.24
0.0	0.0	50.28
0.0	0.0	50.32
0.0	0.0	50.36
0.0	0.0	50.4
0.0	0.0	50.44
0.0	0.0	50.48
0.0	0.0	50.52
0.0	0.0	50.56
0.0	0.0	50.6
0.0	0.0	50.64
0.0	0.0	50.68
0.0	0.0	50.72
0.0	0.0	50.76
0.0	0.0	50.8
0.0	0.0	50.84
0.0	0.0	50.88
0.0	0.0	50.92
0.0	0.0	50.96
0.0	0.0	51.0
0.0	0.0	51.04
0.0	0.0	51.08
0.0	0.0	51.12
0.0	0.0	51.16
0.0	0.0	51.2
0.0	0.0	51.24
0.0	0.0	51.28
0.0	0.0	51.32
0.0	0.0	51.36
0.0	0.0	51.4
0.0	0.0	51.44
0.0	0.0	51.48
0.0	0.0	51.52
0.0	0.0	51.56
0.0	0.0	51.6
0.0	0.0	51.64
0.0	0.0	51.68
0.0	0.0	51.72
0.0	0.0	51.76
0.0	0.0	51.8
0.0	0.0	51.84
0.0	0.0	51.88
0.0	0.0	51.92
0.0	0.0	51.96
0.0	0.0	52.0
0.0	0.0	52.04
0.0	0.0	52.08
0.0	0.0	52.12
0.0	0.0	52.16
0.0	0.0	52.2
0.0	0.0	52.24
0.0	0.0	52.28
0.0	0.0	52.32
0.0	0.0	52.36
0.0	0.0	52.4
0.0	0.0	52.44
0.0	0.0	52.48
0.0	0.0	52.52
0.0	0.0	52.56
0.0	0.0	52.6
0.0	0.0	52.64
0.0	0.0	52.68
0.0	0.0	52.72
0.0	0.0	52.76
0.0	0.0	52.8
0.0	0.0	52.84
0.0	0.0	52.88
0.0	0.0	52.92
0.0	0.0	52.96
0.0	0.0	53.0
0.0	0.0	53.04
0.0	0.0	53.08
0.0	0.0	53.12
0.0	0.0	53.16
0.0	0.0	53.2
0.0	0.0	53.24
0.0	0.0	53.28
0.0	0.0	53.32
0.0	0.0	53.36
0.0	0.0	53.4
0.0	0.0	53.44
0.0	0.0	53.48
0.0	0.0	53.52
0.0	0.0	53.56
0.0	0.0	53.6
0.0	0.0	53.64
0.0	0.0	53.68
0.0	0.0	53.72
0.0	0.0	53.76
0.0	0.0	53.8
0.0	0.0	53.84
0.0	0.0	53.88
0.0	0.0	53.92
0.0	0.0	53.96
0.0	0.0	54.0
0.0	0.0	54.04
0.0	0.0	54.08
0.0	0.0	54.12
0.0	0.0	54.16
0.0	0.0	54.2
0.0	0.0	54.24
0.0	0.0	54.28
0.0	0.0	54.32
0.0	0.0	54.36
0.0	0.0	54.4
0.0	0.0	54.44
0.0	0.0	54.48
0.0	0.0	54.52
0.0	0.0	54.56
0.0	0.0	54.6
0.0	0.0	54.64
0.0	0.0	54.68
0.0	0.0	54.72
0.0	0.0	54.76
0.0	0.0	54.8
0.0	0.0	54.84
0.0	0.0	54.88
0.0	0.0	54.92
0.0	0.0	54.96
0.0	0.0	55.0
0.0	0.0	55.04
0.0	0.0	55.08
0.0	0.0	55.12
0.0	0.0	55.16
0.0	0.0	55.2
0.0	0.0	55.24
0.0	0.0	55.28
0.0	0.0	55.32
0.0	0.0	55.36
0.0	0.0	55.4
0.0	0.0	55.44
0.0	0.0	55.48
0.0	0.0	55.52
0.0	0.0	55.56
0.0	0.0	55.6
0.0	0.0	55.64
0.0	0.0	55.68
0.0	0.0	55.72
0.0	0.0	55.76
0.0	0.0	55.8
0.0	0.0	55.84
0.0	0.0	55.88
0.0	0.0	55.92
0.0	0.0	55.96
0.0	0.0	56.0
0.0	0.0	56.04
0.0	0.0	56.08
0.0	0.0	56.12
0.0	0.0	56.16
0.0	0.0	56.2
0.0	0.0	56.24
0.0	0.0	56.28
1014.9403405287374	1013.959585635463	56.32
0.0	0.0	56.36
0.0	0.0	56.4
0.0	0.0	56.44
0.0	0.0	56.48
0.0	0.0	56.52
0.0	0.0	56.56
0.0	0.0	56.6
0.0	0.0	56.64
0.0	0.0	56.68
0.0	0.0	56.72
0.0	0.0	56.76
0.0	0.0	56.8
0.0	0.0	56.84
0.0	0.0	56.88
0.0	0.0	56.92
0.0	0.0	56.96
0.0	0.0	57.0
0.0	0.0	57.04
0.0	0.0	57.08
0.0	0.0	57.12
0.0	0.0	57.16
0.0	0.0	57.2
0.0	0.0	57.24
0.0	0.0	57.28
0.0	0.0	57.32
0.0	0.0	57.36
0.0	0.0	57.4
0.0	0.0	57.44
0.0	0.0	57.48
1268.6805370988611	1261.0978455531297	57.52
1254.4654097615698	1229.5960317680187	57.56
1245.7397665433666	1217.9421166113327	57.6
1254.2040347907457	1228.3033852256524	57.64
0.0	0.0	57.68
1247.0579747626773	1209.4933242893344	57.72
1238.867132002077	1211.3155293368852	57.76
1240.023731471658	1213.88214244877	57.8
1240.415344202747	1213.1846357435907	57.84
1245.9757284531372	1222.216608793005	57.88
1248.2914513872122	1231.5459241935428	57.92
1246.146315799608	1221.0974007512107	57.96
1240.6974533935002	1217.7914262273644	58.0
1237.064622924651	1215.0038978814143	58.04
1234.096509377006	1214.8334329216548	58.08
1236.6543465561258	1215.5585548433708	58.12
1237.182264290797	1217.518721950712	58.16
1236.408531696322	1212.5208238388536	58.2
1230.4232910980318	1206.6027397103362	58.24
1221.8947450198389	1202.9986753865824	58.28
1229.6077084081392	1199.1375693824762	58.32
1224.6739791021798	1193.7451893820248	58.36
1230.1789315449435	1197.0543347461044	58.4
1225.5515405228941	1204.5803923793464	58.44
1201.0292317764508	1195.2747348291412	58.48
1181.802005919983	1174.9269046810823	58.52
1169.3184554421239	1156.5053165739628	58.56
1155.090580074154	1142.7116252459396	58.6
1139.0381587187835	1131.1644796912813	58.64
1121.3572096486557	1120.4194345843555	58.68
1092.5501328578891	1101.5642666604413	58.72
1075.0680241788675	1067.2186744051855	58.76
1069.4690650593473	1065.558622360749	58.8
1095.5454887599276	1095.579007159076	58.84
1095.6045261260929	1101.7672642670952	58.88
1096.9075155044923	1099.5616456362857	58.92
1093.6589192107679	1085.40879914837	58.96
1081.1174248713187	1076.8683569911675	59.0
1074.0481892619543	1067.076224836417	59.04
1072.3833865061158	1069.4607506920968	59.08
1072.3241472704765	1068.519323884459	59.12
1080.641691121521	1056.1483396030067	59.16
1098.053230496617	1063.0859544744267	59.2
1105.5503863720041	1073.6207130772987	59.24
1123.992337115882	1090.964964878217	59.28
1140.7570857301052	1083.6611328090864	59.32
1146.5068679313836	1084.7726541059458	59.36
1156.5455567738318	1092.536725301702	59.4
1158.8274822276987	1093.2709904813587	59.44
0.0	0.0	59.48
0.0	0.0	59.52
0.0	0.0	59.56
1174.6871037737108	1112.6667360782703	59.6
1177.4878954475973	1113.3165315039328	59.64
1176.064500315402	1111.8084560925136	59.68
1176.341923399024	1112.9734049240378	59.72
1178.5520030419502	1111.1240730315617	59.76
1179.6764547700602	1112.0116587302862	59.8
1180.6802483061253	1110.4771234534983	59.84
0.0	0.0	59.88
0.0	0.0	59.92
0.0	0.0	59.96
0.0	0.0	60.0
0.0	0.0	60.04
0.0	0.0	60.08
0.0	0.0	60.12
0.0	0.0	60.16
1126.661063451281	1050.0330292688104	60.2
1096.6800756017606	1022.0667775958567	60.24
1196.588289686814	1077.721418851377	60.28
1195.7844230984647	1106.1785595826736	60.32
1233.4789178290555	1136.787687115322	60.36
1216.7824024570955	1164.6392718946947	60.4
1252.2532858195182	1199.3464016559897	60.44
1312.0029383403082	1239.4404533497195	60.48
1284.759742976881	1223.155888780197	60.52
1266.3656323883436	1207.3062354989238	60.56
1231.7391222775123	1190.3151258338723	60.6
1210.0055205494116	1183.367383729636	60.64
0.0	0.0	60.68
0.0	0.0	60.72
0.0	0.0	60.76
0.0	0.0	60.8
0.0	0.0	60.84
1176.427946464551	1181.5282811934132	60.88
1189.007569094212	1202.9212318459934	60.92
1209.6443000004147	1182.7630847389846	60.96
1187.6902662270845	1188.0352238849625	61.0
1187.1265476153217	1186.3888423953142	61.04
1180.5424714045853	1178.701281257368	61.08
1177.9329188670279	1171.4266225660685	61.12
1162.2042973924933	1164.8783046356446	61.16
1160.7762573064083	1159.105609196447	61.2
1155.8628176073087	1153.4057054853256	61.24
1158.907639009356	1147.4487773220408	61.28
1156.2555787383371	1150.4142642596091	61.32
1162.7374981732132	1150.4877470354868	61.36
1163.8937924717513	1157.5722595495881	61.4
1164.0170899628095	1158.490274617065	61.44
1161.3248474702582	1158.8575551603965	61.48
1160.1703196708004	1151.8857858214712	61.52
1156.734048123109	1154.1006120861036	61.56
1159.022650804394	1157.4009945556695	61.6
1157.5028232075183	1157.1186036006372	61.64
1157.3486442830763	1158.247737156749	61.68
1155.6445409142427	1156.7139482677999	61.72
1144.7341707471517	1149.3223595083593	61.76
1148.171674948466	1154.1979122180217	61.8
1153.9554733134357	1151.2996661013542	61.84
1151.6899449582281	1148.8056545343406	61.88
1145.974660518915	1147.9283795115523	61.92
1145.6760477187088	1148.9812998041282	61.96
0.0	0.0	62.0
0.0	0.0	62.04
