start_time	end_time	App	Cap	Gauge	Pad	Pen	Safety	Tip	Action	sequence	Dict_value
0.42	0.53	367.2	75.8	104.1	516.2	1.0	679.3	1600.0	Cap Off	DBBDADD	1845
0.546	0.646	376.2	84.3	101.0	521.6	9.0	671.9	1600.0	Cap Off	DBBDADD	1845
0.686	0.906	383.7	88.0	96.1	532.0	4.0	679.0	1600.0	Cap Off	DBBDADD	1845
0.946	1.116	343.6	48.8	130.1	503.9	0.0	735.1	1600.0	Cap Off	DBBDADD	1845
1.236	1.326	322.8	33.0	1600.0	497.1	0.0	816.2	1600.0	Cap Off	DBDDADD	1926
1.386	1.496	330.0	66.2	123.5	547.2	0.0	833.4	1600.0	Cap Off	DBBDADD	1845
1.519	1.629	308.9	75.6	1600.0	564.9	0.0	860.9	1600.0	Cap Off	DBDDADD	1926
1.646	1.906	279.1	42.2	189.3	575.0	0.0	931.6	1600.0	Cap Off	DBDDADD	1926
1.945	2.105	305.0	41.0	184.3	574.7	0.0	910.2	1600.0	Cap Off	DBDDADD	1926
2.346	2.466	449.5	21.0	231.1	694.5	0.0	754.9	1600.0	Cap Off	DADDADD	1683
2.895	3.085	403.6	111.4	266.7	683.2	0.0	796.4	87.0	Cap Off	DBDDADB	1925
3.188	3.488	374.4	213.4	77.6	565.7	0.0	816.4	269.3	Cap Off	DDBDADD	2088
3.555	3.645	375.1	268.8	217.7	647.0	0.0	808.4	135.2	Cap Off	DDDDADB	2168
3.756	4.166	718.6	16.6	507.7	1047.7	358.0	516.7	362.2	Cap Off	DADDDDD	1701
4.187	4.277	719.4	10.4	493.6	1039.5	351.3	499.1	355.0	Cap Off	DADDDDD	1701
4.537	4.637	1081.7	380.0	675.8	1282.9	654.0	36.7	742.9	Apply Tip	DDDDDBD	2184
4.732	4.832	1600.0	359.2	735.1	1600.0	705.5	9.2	1600.0	Apply Tip	DDDDDAD	2181
4.857	4.947	1600.0	385.5	785.5	1600.0	760.1	0.0	845.5	Apply Tip	DDDDDAD	2181
4.984	5.534	1600.0	385.2	793.3	1600.0	766.6	5.4	854.2	Apply Tip	DDDDDAD	2181
5.553	5.743	600.5	1600.0	422.7	902.6	261.4	0.0	268.0	Apply Tip	DDDDDAD	2181
5.834	5.924	317.5	455.0	378.0	683.3	32.9	81.1	2.2	Apply Tip	DDDDBBA	2173
5.986	6.096	319.2	415.2	379.1	690.8	33.0	33.5	0.0	Apply Tip	DDDDBBA	2173
6.112	6.222	333.4	404.8	388.3	710.8	27.0	13.0	1600.0	Apply Tip	DDDDBAD	2172
6.266	6.526	338.9	392.2	393.0	713.4	29.2	0.0	1600.0	Apply Tip	DDDDBAD	2172
8.762	9.272	354.0	374.4	392.1	701.6	30.0	0.0	1600.0	Apply Tip	DDDDBAD	2172
9.312	10.211	363.0	359.4	391.5	710.3	22.2	0.0	1600.0	Apply Tip	DDDDAAD	2163
10.304	10.694	352.0	372.0	388.2	703.2	22.0	0.0	1600.0	Apply Tip	DDDDAAD	2163
10.73	11.11	377.0	411.6	453.7	731.0	86.1	156.6	53.3	Apply Tip	DDDDBDB	2177
11.132	11.302	408.0	1600.0	420.2	745.5	41.2	192.7	7.6	Apply Tip	DDDDBDA	2176
11.322	11.402	393.0	1600.0	416.5	735.6	43.4	237.9	5.0	Apply Tip	DDDDBDA	2176
11.423	11.683	382.2	319.6	420.5	730.4	50.6	324.6	7.8	Apply Tip	DDDDBDA	2176
11.702	11.802	384.8	300.1	405.1	731.2	52.0	443.9	5.4	Apply Tip	DDDDBDA	2176
12.279	12.349	521.3	434.4	96.4	716.8	60.9	626.2	342.9	Apply Tip	DDBDBDD	2097
12.371	12.461	479.7	445.7	69.2	654.4	27.1	665.9	329.6	Apply Tip	DDBDBDD	2097
12.668	12.758	1211.3	449.1	759.2	1600.0	741.0	11.3	882.0	Apply Tip	DDDDDAD	2181
12.783	12.903	1269.0	470.9	796.9	1600.0	780.4	31.0	937.7	Apply Tip	DDDDDBD	2184
12.92	13.02	1241.7	459.8	794.4	1600.0	782.3	1600.0	953.3	Apply Tip	DDDDDDD	2187
13.33	13.45	323.6	546.7	1.0	474.4	40.0	865.7	408.1	Setting Units	DDADBDD	2016
13.471	13.601	310.9	573.0	0.0	464.5	52.0	927.0	422.7	Setting Units	DDADBDD	2016
13.618	13.728	342.2	554.3	0.0	500.6	47.0	912.9	431.5	Setting Units	DDADBDD	2016
13.749	13.859	343.0	559.0	0.0	510.5	38.0	923.5	432.2	Setting Units	DDADBDD	2016
13.898	14.608	344.4	563.3	0.0	514.0	24.0	932.3	429.9	Setting Units	DDADADD	2007
14.881	14.971	277.6	461.0	357.9	655.9	0.0	1039.0	42.8	Priming	DDDDADB	2168
15.121	15.221	317.9	385.3	420.0	701.7	59.0	990.6	8.6	Priming	DDDDBDA	2176
15.277	15.357	316.9	384.6	435.1	708.0	82.0	1005.2	31.3	Priming	DDDDBDB	2177
15.381	15.501	316.5	384.0	440.1	709.9	88.0	1010.9	39.1	Priming	DDDDBDB	2177
15.519	16.189	314.1	380.9	432.3	706.5	81.0	1003.3	36.7	Priming	DDDDBDB	2177
16.351	17.7	314.1	389.9	436.0	707.2	86.0	1004.4	36.5	Priming	DDDDBDB	2177
17.74	18.2	322.0	379.6	429.0	710.0	78.0	992.5	34.5	Priming	DDDDBDB	2177
18.419	18.509	0.0	780.3	438.9	305.8	339.2	1600.0	381.4	Priming	ADDDDDD	729
18.869	19.079	0.0	822.2	478.9	282.8	394.6	1600.0	443.4	Priming	ADDDDDD	729
19.099	19.169	0.0	814.4	464.7	276.9	386.6	1600.0	438.5	Priming	ADDDDDD	729
19.248	20.207	0.0	793.0	481.1	325.9	377.2	1600.0	416.0	Priming	ADDDDDD	729
20.287	20.897	0.0	790.0	482.3	326.5	376.7	1600.0	414.8	Priming	ADDDDDD	729
21.037	21.217	0.0	785.6	504.6	364.0	381.8	1600.0	406.0	Priming	ADDDDDD	729
21.234	22.064	0.0	795.0	478.4	318.5	379.1	1600.0	420.4	Priming	ADDDDDD	729
22.216	22.456	0.0	785.1	456.9	307.1	366.2	1600.0	413.1	Priming	ADDDDDD	729
22.502	23.441	0.0	799.2	467.0	292.2	380.8	1600.0	430.6	Priming	ADDDDDD	729
23.483	24.992	0.0	806.0	477.1	302.7	386.6	1600.0	433.5	Priming	ADDDDDD	729
25.555	25.835	0.0	816.0	479.2	291.2	397.4	1600.0	446.5	Priming	ADDDDDD	729
25.872	26.642	0.0	807.0	475.9	298.1	389.9	1600.0	437.3	Priming	ADDDDDD	729
26.92	27.03	298.4	493.6	130.2	491.7	15.7	1600.0	247.0	Setting Units	DDBDADD	2088
27.231	27.321	345.8	479.9	72.0	519.7	0.0	1600.0	295.2	Setting Units	DDBDADD	2088
27.361	27.531	360.8	509.4	0.0	512.8	20.6	868.6	373.6	Setting Units	DDADADD	2007
27.55	27.78	347.9	460.2	0.0	543.9	31.4	852.0	383.0	Setting Units	DDADBDD	2016
27.802	27.962	378.1	398.8	17.5	605.8	30.6	798.8	378.6	Setting Units	DDADBDD	2016
27.98	28.05	419.0	343.0	0.0	666.5	45.0	753.4	384.9	Setting Units	DDADBDD	2016
28.073	28.183	423.1	332.1	0.0	678.3	41.1	746.8	380.2	Setting Units	DDADBDD	2016
28.221	28.601	417.1	351.1	0.0	665.8	25.0	758.6	372.9	Setting Units	DDADADD	2007
28.653	29.692	406.7	364.2	0.0	653.9	29.0	777.0	377.0	Setting Units	DDADBDD	2016
29.77	30.53	408.2	361.5	0.0	654.7	28.0	773.0	379.1	Setting Units	DDADBDD	2016
30.597	30.737	414.7	347.8	0.0	665.8	26.2	767.0	383.0	Setting Units	DDADBDD	2016
30.872	30.982	47.0	674.1	367.5	359.5	19.0	1178.0	0.0	Injection	BDDDADA	1438
31.282	31.392	225.6	1133.8	903.4	0.0	499.8	1600.0	472.7	Injection	DDDADDD	2133
31.429	31.549	203.3	1600.0	890.5	0.0	464.8	1600.0	436.7	Injection	DDDADDD	2133
31.568	31.788	192.2	1600.0	906.2	0.0	411.3	1600.0	380.1	Injection	DDDADDD	2133
31.828	32.098	207.5	1600.0	1600.0	0.0	340.9	1600.0	279.7	Injection	DDDADDD	2133
32.119	32.209	222.4	1600.0	1600.0	0.0	154.6	1600.0	135.1	Injection	DDDADDB	2132
32.271	32.481	466.5	1600.0	1600.0	0.0	82.6	1600.0	61.7	Injection	DDDABDB	2123
34.466	34.726	298.8	1600.0	312.1	5.4	12.0	1600.0	0.0	Injection	DDDAADA	2113
34.746	34.996	283.6	1600.0	314.0	0.0	21.6	1600.0	14.9	Injection	DDDAADA	2113
35.04	35.26	287.2	1600.0	309.6	0.0	20.8	1600.0	6.3	Injection	DDDAADA	2113
35.296	35.416	291.8	1600.0	302.2	3.6	6.1	1600.0	0.0	Injection	DDDAADA	2113
35.739	35.859	0.0	1600.0	327.0	384.8	302.0	1600.0	407.4	Injection	ADDDDDD	729
35.896	36.016	0.0	1600.0	341.5	398.1	323.4	1600.0	410.8	Injection	ADDDDDD	729
36.038	36.148	0.0	1600.0	354.0	405.3	338.7	1600.0	414.6	Injection	ADDDDDD	729
36.187	36.507	0.0	891.0	366.9	403.5	353.8	1600.0	416.0	Injection	ADDDDDD	729
36.568	36.948	0.0	885.0	373.5	403.1	359.9	1600.0	413.5	Injection	ADDDDDD	729
37.016	37.496	0.0	889.6	371.7	404.7	363.1	1600.0	411.3	Injection	ADDDDDD	729
37.648	38.028	0.0	896.6	365.2	400.1	357.0	1600.0	405.8	Injection	ADDDDDD	729
38.265	38.625	0.0	880.9	383.6	414.4	373.0	1600.0	421.5	Injection	ADDDDDD	729
38.685	38.825	0.0	889.7	370.7	405.5	362.1	1600.0	411.2	Injection	ADDDDDD	729
38.885	39.285	0.0	882.7	373.9	405.0	364.1	1600.0	411.5	Injection	ADDDDDD	729
39.307	39.417	7.1	978.3	280.5	347.2	271.6	1600.0	347.5	Injection	ADDDDDD	729
39.714	39.804	17.5	986.6	275.8	352.8	265.7	1600.0	353.4	Injection	ADDDDDD	729
39.827	39.907	0.0	890.9	371.1	408.4	359.2	1600.0	414.0	Injection	ADDDDDD	729
39.945	40.085	0.0	874.0	385.2	411.9	375.0	1600.0	421.0	Injection	ADDDDDD	729
40.162	40.242	0.0	875.1	380.9	412.5	372.1	1600.0	421.0	Injection	ADDDDDD	729
40.436	40.546	0.0	877.9	381.6	410.5	370.6	1600.0	419.5	Injection	ADDDDDD	729
40.565	40.735	0.0	903.5	354.6	393.3	343.2	1600.0	396.9	Injection	ADDDDDD	729
40.774	41.044	4.0	977.4	278.2	346.4	267.8	1600.0	347.8	Injection	ADDDDDD	729
41.162	41.362	290.3	1273.7	44.4	303.7	90.7	1600.0	337.0	Injection	DDBDBDD	2097
41.401	41.781	309.6	1296.0	37.7	299.1	86.3	1600.0	333.1	Injection	DDBDBDD	2097
41.806	41.976	305.6	1288.3	54.0	316.5	103.0	1600.0	348.5	Injection	DDBDBDD	2097
42.195	42.285	0.0	921.8	337.2	383.4	327.2	1600.0	384.8	Injection	ADDDDDD	729
42.543	43.822	0.0	1600.0	369.3	404.1	361.4	1600.0	409.9	Injection	ADDDDDD	729
43.904	44.124	0.0	887.7	374.6	411.4	367.4	1600.0	417.8	Injection	ADDDDDD	729
44.341	44.621	0.0	884.9	374.0	404.7	365.1	1600.0	412.6	Injection	ADDDDDD	729
44.684	44.864	0.0	880.8	376.1	401.7	366.4	1600.0	411.0	Injection	ADDDDDD	729
44.884	45.114	9.9	981.3	277.6	342.1	269.1	1600.0	345.5	Injection	ADDDDDD	729
45.342	45.592	0.0	915.0	339.1	335.0	328.5	1600.0	346.5	Injection	ADDDDDD	729
45.651	45.831	256.1	1186.9	288.6	0.0	49.1	1600.0	33.3	Injection	DDDABDB	2123
45.883	46.093	252.6	1600.0	254.8	8.9	8.1	1600.0	0.0	Injection	DDDAADA	2113
46.133	46.233	262.7	1600.0	273.1	0.0	20.6	1600.0	1.0	Injection	DDDAADA	2113
46.273	46.813	277.9	1600.0	281.0	1.4	21.0	1600.0	0.0	Injection	DDDAADA	2113
46.831	47.031	275.8	1600.0	291.0	0.0	24.6	1600.0	4.1	Injection	DDDAADA	2113
47.103	47.193	319.1	1600.0	1600.0	43.0	9.5	1600.0	0.0	Injection	DDDBADA	2140
47.23	47.48	131.2	1600.0	1600.0	174.0	9.2	1600.0	0.0	Injection	BDDDADA	1438
47.503	47.753	31.9	824.0	1600.0	326.1	0.0	1600.0	19.2	Injection	BDDDADA	1438
47.899	48.009	178.5	511.2	318.7	548.1	5.4	965.7	1.0	Injection	DDDDADA	2167
48.15	48.26	405.2	237.6	415.0	773.6	43.1	729.5	2.2	Injection	DDDDBDA	2176
48.448	48.558	1095.0	381.4	686.9	1600.0	667.3	0.0	762.7	Remove Tip	DDDDDAD	2181
48.602	48.682	1600.0	422.2	778.5	1600.0	761.8	33.0	857.9	Remove Tip	DDDDDBD	2184
48.699	48.949	1600.0	430.5	779.8	1600.0	762.2	4.0	848.3	Remove Tip	DDDDDAD	2181
48.968	49.078	1600.0	432.8	794.0	1600.0	775.2	7.1	861.1	Remove Tip	DDDDDAD	2181
49.119	49.219	1600.0	434.0	761.5	1600.0	743.7	20.5	863.9	Remove Tip	DDDDDAD	2181
49.279	49.399	1039.1	267.4	642.4	1600.0	597.2	25.6	670.0	Remove Tip	DDDDDBD	2184
49.818	49.928	322.3	1600.0	475.0	667.1	79.0	118.7	28.6	Remove Tip	DDDDBBB	2174
49.951	50.041	334.0	506.2	482.0	677.6	73.0	79.7	21.3	Remove Tip	DDDDBBA	2173
50.077	50.217	337.5	496.4	500.0	687.6	84.0	45.2	24.0	Remove Tip	DDDDBBA	2173
50.377	50.597	343.2	469.5	500.1	695.6	76.0	1.0	22.6	Remove Tip	DDDDBAA	2170
50.638	50.748	341.5	469.2	470.2	678.4	45.0	3.0	1.0	Remove Tip	DDDDBAA	2170
50.791	51.021	338.4	467.7	463.2	671.5	38.1	0.0	1600.0	Remove Tip	DDDDBAD	2172
51.089	51.669	334.2	477.9	448.5	659.8	29.2	0.0	1600.0	Remove Tip	DDDDBAD	2172
51.686	52.126	319.5	449.7	445.0	643.6	22.0	0.0	1600.0	Remove Tip	DDDDAAD	2163
52.167	52.507	327.6	441.9	470.7	662.9	47.0	0.0	1600.0	Remove Tip	DDDDBAD	2172
52.548	52.828	347.9	424.0	470.2	678.5	50.6	0.0	1600.0	Remove Tip	DDDDBAD	2172
53.086	53.676	353.0	399.5	471.4	686.9	55.1	8.5	1600.0	Remove Tip	DDDDBAD	2172
53.718	54.078	333.7	427.6	457.0	662.8	40.0	0.0	1600.0	Remove Tip	DDDDBAD	2172
54.118	54.208	334.4	429.8	444.6	652.6	32.0	0.0	1600.0	Remove Tip	DDDDBAD	2172
54.264	54.494	341.0	465.6	436.7	650.9	10.2	59.3	1600.0	Remove Tip	DDDDABD	2166
54.868	55.058	1600.0	447.9	865.2	1600.0	853.2	283.0	1600.0	Remove Tip	DDDDDDD	2187
55.098	55.198	1600.0	454.5	934.7	1600.0	912.6	64.3	1600.0	Remove Tip	DDDDDBD	2184
56.083	56.173	768.6	0.0	665.4	1600.0	493.0	533.1	494.4	Cap On	DADDDDD	1701
56.217	56.287	762.3	0.0	663.5	1125.8	476.5	533.4	477.4	Cap On	DADDDDD	1701
56.387	56.687	759.9	0.0	674.8	1131.0	474.1	551.0	1600.0	Cap On	DADDDDD	1701
56.787	56.877	744.6	14.9	660.4	1111.1	459.9	935.5	1600.0	Cap On	DADDDDD	1701
57.073	57.163	591.6	7.0	643.3	970.9	336.9	1600.0	322.6	Cap On	DADDDDD	1701
57.184	57.294	499.2	4.5	632.2	890.0	295.8	1600.0	1600.0	Cap On	DADDDDD	1701
57.336	57.426	291.6	135.6	391.0	594.5	24.0	980.8	0.0	Cap On	DBDDADA	1924
57.462	57.572	295.1	104.1	402.0	600.2	30.0	995.1	1600.0	Cap On	DBDDBDD	1935
57.615	57.735	305.5	85.5	383.1	600.4	17.0	996.5	1600.0	Cap On	DBDDADD	1926
57.757	57.887	312.6	40.3	387.1	609.4	15.1	998.6	1600.0	Cap On	DBDDADD	1926
57.903	58.013	315.0	7.0	403.2	620.5	21.8	998.2	1600.0	Cap On	DADDADD	1683
58.316	58.496	334.8	0.0	317.8	585.0	42.0	962.4	1600.0	Cap On	DADDBDD	1692
58.516	58.716	334.2	6.0	272.7	559.6	3.0	957.1	1600.0	Cap On	DADDADD	1683
58.732	58.962	339.6	14.0	267.4	564.4	0.0	950.6	1600.0	Cap On	DADDADD	1683
58.991	59.141	360.1	150.6	128.0	511.9	0.0	922.2	1600.0	Cap On	DDBDADD	2088
59.165	59.235	378.2	170.0	108.9	520.4	0.0	913.2	1600.0	Cap On	DDBDADD	2088
59.315	59.795	403.3	247.8	29.8	494.0	0.0	911.2	1600.0	Cap On	DDBDADD	2088
60.022	60.222	333.4	56.0	222.3	537.2	0.0	933.5	1600.0	Cap On	DBDDADD	1926
60.381	60.611	327.7	42.6	237.3	540.0	0.0	943.6	1600.0	Cap On	DBDDADD	1926
60.651	60.761	283.8	89.3	173.3	490.8	0.0	975.6	1600.0	Cap On	DBDDADD	1926
60.785	61.025	254.8	131.9	107.9	463.6	0.0	980.6	1600.0	Cap On	DBBDADD	1845
61.063	61.203	359.2	118.4	1600.0	581.8	0.0	825.4	1600.0	Cap On	DBDDADD	1926
61.284	61.364	423.6	73.0	1600.0	656.4	0.0	755.9	1600.0	Cap On	DBDDADD	1926
61.411	61.491	410.2	60.0	1600.0	640.1	0.0	768.8	1600.0	Cap On	DBDDADD	1926
61.534	61.644	415.8	69.9	1600.0	633.8	0.0	753.0	1600.0	Cap On	DBDDADD	1926
61.662	61.762	414.6	72.3	107.7	617.6	0.0	740.7	1600.0	Cap On	DBBDADD	1845
