start_time	end_time	App	Cap	Gauge	Pad	Pen	Safety	Tip	Action	sequence	Dict_value
0.908	0.998	413.2	81.1	1600.0	813.7	0.0	445.8	1600.0	Cap Off	DBDDADD	1926
1.159	1.399	391.5	53.8	1600.0	789.6	0.0	487.3	1600.0	Cap Off	DBDDADD	1926
1.417	1.687	358.2	21.9	1600.0	836.1	0.0	442.1	1600.0	Cap Off	DADDADD	1683
1.707	1.787	331.2	0.0	224.3	836.6	17.3	448.8	1600.0	Cap Off	DADDADD	1683
1.877	1.987	332.8	0.0	305.2	890.0	91.2	463.2	1600.0	Cap Off	DADDBDD	1692
2.004	2.264	406.5	0.0	338.6	992.6	107.0	397.6	1600.0	Cap Off	DADDBDD	1692
2.334	2.404	412.8	29.1	323.1	993.5	92.5	390.1	1600.0	Cap Off	DBDDBDD	1935
2.556	2.666	466.6	111.3	403.2	1600.0	86.6	1600.0	64.4	Cap Off	DBDDBDB	1934
2.728	2.808	710.6	0.0	565.7	1600.0	341.4	1600.0	331.5	Cap Off	DADDDDD	1701
2.977	3.087	1600.0	19.1	688.3	1600.0	653.7	229.5	723.3	Cap Off	DADDDDD	1701
3.126	3.256	1600.0	0.0	762.5	1600.0	751.7	350.0	886.6	Cap Off	DADDDDD	1701
3.385	3.665	1600.0	0.0	793.5	1600.0	785.8	386.5	1600.0	Cap Off	DADDDDD	1701
3.688	3.778	1600.0	0.0	778.9	1600.0	772.6	380.0	929.9	Cap Off	DADDDDD	1701
3.853	4.053	1600.0	324.1	644.3	1600.0	568.6	25.1	608.2	Apply Tip	DDDDDBD	2184
4.237	4.327	892.0	402.3	594.9	1600.0	487.1	0.0	500.1	Apply Tip	DDDDDAD	2181
4.383	4.503	899.9	402.2	597.3	1600.0	489.7	0.0	502.9	Apply Tip	DDDDDAD	2181
4.527	4.797	913.7	398.3	593.8	1600.0	484.0	5.8	499.3	Apply Tip	DDDDDAD	2181
4.932	5.042	706.4	1600.0	508.3	1600.0	309.4	0.0	306.6	Apply Tip	DDDDDAD	2181
5.087	5.157	520.1	1600.0	445.4	1111.0	156.1	3.0	141.5	Apply Tip	DDDDDAB	2180
5.226	5.336	342.2	896.7	350.0	886.7	25.2	82.0	18.0	Apply Tip	DDDDBBA	2173
5.373	5.463	380.5	881.5	365.3	924.5	28.0	35.8	0.0	Apply Tip	DDDDBBA	2173
5.616	5.756	401.1	903.5	374.8	959.5	24.7	2.0	1600.0	Apply Tip	DDDDAAD	2163
5.777	6.187	395.4	894.0	378.6	946.3	29.0	0.0	1600.0	Apply Tip	DDDDBAD	2172
6.223	7.202	384.1	917.5	375.6	929.3	29.0	0.0	1600.0	Apply Tip	DDDDBAD	2172
7.222	8.101	395.5	933.0	370.8	940.6	26.9	1.4	1600.0	Apply Tip	DDDDBAD	2172
8.193	8.873	418.3	870.7	390.6	978.3	44.1	0.0	1600.0	Apply Tip	DDDDBAD	2172
8.892	9.032	412.5	1600.0	399.1	967.8	54.0	333.3	17.8	Apply Tip	DDDDBDA	2176
9.05	9.28	407.4	1600.0	372.9	956.4	31.3	448.5	4.5	Apply Tip	DDDDBDA	2176
9.724	9.834	443.6	659.6	3.6	1600.0	11.0	1600.0	340.0	Setting Units	DDADADD	2007
9.853	9.953	433.9	679.5	0.0	1600.0	32.2	1600.0	366.1	Setting Units	DDADBDD	2016
9.99	10.1	432.7	688.3	0.0	838.4	40.0	1600.0	377.8	Setting Units	DDADBDD	2016
10.124	10.224	405.1	720.8	0.0	811.5	43.0	557.9	378.0	Setting Units	DDADBDD	2016
10.402	10.502	338.5	758.2	8.1	771.5	0.0	516.1	314.0	Setting Units	DDADADD	2007
10.549	10.799	373.7	717.8	3.0	816.8	13.0	464.2	328.6	Setting Units	DDADADD	2007
10.844	11.004	426.8	692.8	0.0	880.5	39.1	449.7	370.5	Setting Units	DDADBDD	2016
11.12	12.309	426.1	715.9	0.0	894.3	36.1	459.9	383.6	Setting Units	DDADBDD	2016
12.391	12.481	423.9	714.8	0.0	879.1	9.0	468.7	363.1	Setting Units	DDADADD	2007
12.602	12.702	310.0	856.6	168.9	828.7	8.5	540.1	198.6	Setting Units	DDDDADD	2169
12.781	12.871	279.6	996.4	338.0	857.9	0.0	619.0	14.8	Priming	DDDDADA	2167
12.918	13.118	361.8	958.5	414.0	945.3	61.0	552.1	21.0	Priming	DDDDBDA	2176
13.16	13.29	403.4	898.7	428.3	992.6	78.0	492.7	37.7	Priming	DDDDBDB	2177
13.312	13.702	392.0	913.6	428.3	980.3	80.0	508.8	41.2	Priming	DDDDBDB	2177
13.72	15.239	394.4	921.0	431.5	978.2	77.0	513.0	36.7	Priming	DDDDBDB	2177
15.439	15.679	0.0	1600.0	481.2	413.1	424.7	948.3	475.6	Priming	ADDDDDD	729
16.021	16.101	0.0	1600.0	507.6	418.6	441.3	1010.5	490.5	Priming	ADDDDDD	729
16.157	16.367	0.0	1600.0	535.2	424.7	462.7	537.3	506.0	Priming	ADDDDDD	729
16.407	16.947	0.0	1600.0	546.9	407.7	481.2	1600.0	531.1	Priming	ADDDDDD	729
16.966	17.845	0.0	1600.0	547.8	418.7	481.7	1600.0	535.0	Priming	ADDDDDD	729
17.996	18.066	0.0	1600.0	511.8	382.7	469.9	1600.0	543.8	Priming	ADDDDDD	729
18.209	18.319	0.0	1600.0	531.5	397.6	480.0	1600.0	540.5	Priming	ADDDDDD	729
18.357	18.867	0.0	1600.0	540.7	413.4	481.5	1600.0	534.2	Priming	ADDDDDD	729
18.927	19.067	0.0	1600.0	511.0	429.3	449.0	1006.3	506.0	Priming	ADDDDDD	729
19.088	19.438	0.0	1600.0	528.2	423.0	464.0	1020.1	515.3	Priming	ADDDDDD	729
19.457	19.817	0.0	1600.0	543.4	402.7	483.1	1038.7	535.3	Priming	ADDDDDD	729
19.857	20.087	0.0	1600.0	537.8	421.7	471.7	1022.7	521.0	Priming	ADDDDDD	729
20.208	20.848	0.0	1600.0	550.7	406.6	489.2	1041.5	538.0	Priming	ADDDDDD	729
20.888	21.318	0.0	1600.0	522.6	415.1	462.5	1017.3	519.6	Priming	ADDDDDD	729
21.336	21.436	0.0	1600.0	530.0	400.4	475.0	1030.0	533.7	Priming	ADDDDDD	729
21.485	21.715	0.0	1600.0	515.4	416.4	456.5	1010.7	513.8	Priming	ADDDDDD	729
21.735	21.825	0.0	1600.0	546.9	399.1	488.5	1041.7	542.1	Priming	ADDDDDD	729
21.887	22.097	0.0	1600.0	525.2	414.2	465.0	1018.5	520.3	Priming	ADDDDDD	729
22.176	22.306	0.0	1600.0	514.6	431.3	450.6	1002.0	502.2	Priming	ADDDDDD	729
22.326	22.406	13.0	1600.0	478.2	457.3	411.4	963.5	465.8	Priming	ADDDDDD	729
22.443	22.773	0.0	1600.0	541.3	407.5	480.0	1030.8	531.1	Priming	ADDDDDD	729
22.855	23.485	0.0	1600.0	556.7	393.4	496.1	1047.1	546.0	Priming	ADDDDDD	729
23.526	24.316	0.0	1600.0	560.0	412.6	490.2	1039.6	537.1	Priming	ADDDDDD	729
24.371	24.841	0.0	1600.0	539.5	418.4	472.7	1022.4	521.0	Priming	ADDDDDD	729
25.073	25.183	0.0	1600.0	516.7	393.8	466.6	1023.6	532.0	Priming	ADDDDDD	729
25.205	25.285	0.0	1600.0	530.5	381.9	482.6	1038.9	546.7	Priming	ADDDDDD	729
25.342	25.432	0.0	1600.0	533.1	341.9	495.8	1059.2	577.7	Priming	ADDDDDD	729
25.622	25.802	399.1	896.1	387.8	933.2	48.0	495.6	12.6	Priming	DDDDBDA	2176
25.97	26.07	384.1	781.0	0.0	790.7	11.0	566.0	357.4	Setting Units	DDADADD	2007
26.173	26.283	417.6	744.9	0.0	860.1	34.0	522.2	401.9	Setting Units	DDADBDD	2016
26.305	26.425	450.8	709.2	0.0	920.8	44.0	474.9	412.8	Setting Units	DDADBDD	2016
26.57	26.68	432.0	740.7	0.0	897.5	31.8	493.8	382.0	Setting Units	DDADBDD	2016
26.869	28.318	438.0	750.3	0.0	907.1	39.0	492.3	395.9	Setting Units	DDADBDD	2016
28.959	29.069	297.0	1600.0	1600.0	0.0	418.1	1600.0	1600.0	Injection	DDDADDD	2133
29.19	29.38	304.8	1600.0	1600.0	0.0	316.3	760.2	285.6	Injection	DDDADDD	2133
29.47	29.7	1600.0	1600.0	1600.0	0.0	164.2	1600.0	135.1	Injection	DDDADDB	2132
29.749	29.849	458.0	1600.0	453.7	0.0	88.7	1600.0	62.8	Injection	DDDABDB	2123
29.909	29.979	393.1	1600.0	1600.0	0.0	39.3	1600.0	23.1	Injection	DDDABDA	2122
30.072	30.142	379.0	1600.0	381.4	0.0	45.0	1600.0	33.6	Injection	DDDABDB	2123
30.182	30.362	413.5	1600.0	1600.0	0.0	33.8	1600.0	4.2	Injection	DDDABDA	2122
30.442	31.391	398.3	1600.0	1600.0	4.0	15.6	1600.0	0.0	Injection	DDDAADA	2113
31.452	31.532	361.8	1600.0	47.0	378.0	106.8	1600.0	427.6	Injection	DDBDBDD	2097
31.568	31.668	369.1	1600.0	1600.0	371.9	105.8	1600.0	418.3	Injection	DDDDBDD	2178
31.687	31.817	308.3	1600.0	53.0	369.8	95.7	1600.0	408.6	Injection	DDBDBDD	2097
31.887	31.967	321.9	1600.0	25.9	325.9	74.4	1600.0	370.3	Injection	DDBDBDD	2097
31.991	32.101	329.6	1600.0	10.6	301.8	62.4	1600.0	347.3	Injection	DDADBDD	2016
32.841	32.931	331.4	1600.0	244.8	16.4	0.0	1600.0	16.6	Injection	DDDAADA	2113
33.181	33.251	0.0	1600.0	466.9	435.2	454.7	1600.0	493.5	Injection	ADDDDDD	729
33.41	33.52	0.0	1600.0	482.2	430.2	472.7	1600.0	483.6	Injection	ADDDDDD	729
33.539	34.099	0.0	1600.0	507.5	444.6	493.8	1600.0	495.1	Injection	ADDDDDD	729
34.368	34.448	0.0	1600.0	495.9	445.4	488.8	1600.0	492.8	Injection	ADDDDDD	729
34.706	34.916	0.0	1600.0	512.5	448.7	497.1	1600.0	499.2	Injection	ADDDDDD	729
34.935	35.325	0.0	1600.0	493.5	422.1	474.1	1600.0	474.6	Injection	ADDDDDD	729
35.366	36.146	0.0	1600.0	511.1	450.3	497.3	1600.0	498.7	Injection	ADDDDDD	729
37.517	37.597	0.0	1600.0	503.8	430.9	482.9	1600.0	482.5	Injection	ADDDDDD	729
37.615	37.715	0.0	1600.0	513.5	460.7	505.8	1600.0	508.0	Injection	ADDDDDD	729
37.738	37.968	0.0	1600.0	511.4	456.1	501.9	1600.0	504.0	Injection	ADDDDDD	729
37.983	38.183	0.0	1600.0	500.9	433.4	483.6	1600.0	484.5	Injection	ADDDDDD	729
38.203	38.653	0.0	1600.0	516.7	454.0	503.0	1600.0	504.9	Injection	ADDDDDD	729
38.672	39.182	0.0	1600.0	516.0	468.4	511.1	1600.0	514.0	Injection	ADDDDDD	729
39.222	40.012	0.0	1600.0	510.9	449.7	498.0	1600.0	499.6	Injection	ADDDDDD	729
40.206	42.105	0.0	1600.0	519.6	461.1	507.6	1600.0	510.3	Injection	ADDDDDD	729
42.124	42.334	0.0	1600.0	505.7	434.7	485.0	1600.0	485.3	Injection	ADDDDDD	729
42.395	43.145	0.0	1600.0	527.3	462.3	511.3	1600.0	512.5	Injection	ADDDDDD	729
43.22	43.45	0.0	1600.0	508.0	403.3	466.2	1600.0	463.5	Injection	ADDDDDD	729
43.494	43.574	0.0	1600.0	488.7	415.5	464.9	1600.0	466.7	Injection	ADDDDDD	729
43.674	43.774	396.6	1600.0	251.0	0.0	19.2	1600.0	24.0	Injection	DDDAADA	2113
43.86	43.97	356.8	1600.0	255.1	10.8	9.0	1600.0	0.0	Injection	DDDAADA	2113
44.102	44.202	358.9	1600.0	288.1	0.0	33.0	1600.0	9.0	Injection	DDDABDA	2122
44.219	44.309	366.6	1600.0	296.1	0.0	30.0	1600.0	11.0	Injection	DDDABDA	2122
44.353	44.463	378.9	1600.0	298.3	0.0	34.9	1600.0	16.6	Injection	DDDABDA	2122
44.502	45.012	369.5	1600.0	302.4	0.0	35.2	1600.0	18.2	Injection	DDDABDA	2122
45.054	45.124	379.8	1600.0	317.0	1.0	24.0	1600.0	7.6	Injection	DDDAADA	2113
45.192	45.372	388.3	1600.0	391.2	88.1	38.0	1600.0	17.1	Injection	DDDBBDA	2149
45.539	45.719	1600.0	1600.0	210.4	305.8	0.0	1600.0	1600.0	Injection	DDDDADD	2169
45.77	45.85	1600.0	1600.0	74.3	425.5	24.2	994.5	94.9	Injection	DDBDADB	2087
46.019	46.129	887.6	143.5	666.1	1247.4	728.8	181.2	907.7	Cap On	DBDDDDD	1944
46.202	46.282	1073.1	0.0	1600.0	1600.0	830.1	387.9	965.1	Cap On	DADDDDD	1701
46.322	46.432	1069.0	0.0	855.5	1600.0	843.3	339.3	959.4	Cap On	DADDDDD	1701
46.449	46.689	1600.0	11.2	908.1	1600.0	900.0	353.0	1045.1	Cap On	DADDDDD	1701
46.712	46.852	1600.0	0.0	946.5	1600.0	950.1	355.8	1600.0	Cap On	DADDDDD	1701
46.912	47.072	1600.0	0.0	935.9	1600.0	926.5	338.7	1031.2	Cap On	DADDDDD	1701
47.168	47.298	955.9	0.0	783.0	1600.0	734.9	101.2	779.2	Cap On	DADDDBD	1698
47.317	47.437	674.3	0.0	659.4	1600.0	509.5	1600.0	509.6	Cap On	DADDDDD	1701
47.462	47.572	508.8	0.0	602.0	1058.2	369.9	1600.0	359.1	Cap On	DADDDDD	1701
47.622	47.692	184.1	248.9	382.0	682.3	18.0	675.4	0.0	Cap On	DDDDADA	2167
47.858	47.968	218.1	104.4	450.1	737.7	53.0	675.2	11.3	Cap On	DBDDBDA	1933
48.007	48.417	244.2	26.0	460.5	759.2	56.1	660.0	11.2	Cap On	DBDDBDA	1933
48.441	48.691	220.0	0.0	415.1	707.2	60.0	693.2	1600.0	Cap On	DADDBDD	1692
48.711	48.821	215.7	0.0	327.1	658.7	49.0	717.7	1600.0	Cap On	DADDBDD	1692
48.858	48.948	189.7	0.0	310.0	625.2	31.0	750.4	1600.0	Cap On	DADDBDD	1692
49.008	49.098	165.7	12.0	309.0	599.6	29.0	779.5	1600.0	Cap On	DADDBDD	1692
49.271	49.541	199.6	2.0	289.1	618.2	10.0	744.3	1600.0	Cap On	DADDADD	1683
49.666	49.786	138.0	87.3	203.0	572.9	35.5	798.1	1600.0	Cap On	BBDDBDD	1206
49.839	49.919	120.1	83.7	195.6	558.8	25.6	820.0	1600.0	Cap On	BBDDBDD	1206
49.956	50.046	132.0	52.8	184.0	587.5	0.0	786.2	1600.0	Cap On	BBDDADD	1197
50.26	50.39	382.0	39.2	1600.0	854.3	0.0	506.1	1600.0	Cap On	DBDDADD	1926
50.44	50.78	345.9	0.0	1600.0	811.7	18.0	546.1	1600.0	Cap On	DADDADD	1683
50.836	50.956	330.0	0.0	1600.0	788.0	1600.0	560.9	1600.0	Cap On	DADDDDD	1701
50.99	51.29	440.8	90.5	86.6	877.7	0.0	436.5	1600.0	Cap On	DBBDADD	1845
51.386	51.476	347.8	2.8	170.2	785.4	4.0	509.5	1600.0	Cap On	DADDADD	1683
