start_time	end_time	App	Cap	Gauge	Pad	Pen	Safety	Tip	Action	Thumb_R	Thumb_L	Index_R	Index_L
1.409	1.479	377.8	106.3	90.0	596.8	0.0	254.6	664.3	Cap Off	107.8758686786287	921.629782203334	98.3466175392867	915.8907016234276
1.519	1.759	400.7	119.1	79.3	638.0	0.0	242.1	654.4	Cap Off	424.4367870527174	430.14457592551565	475.7765173738424	514.122228476876
1.779	2.059	386.5	83.2	117.0	587.0	0.0	282.9	284.8	Cap Off	356.3305146931914	315.0270626285023	449.083222831341	443.24858281198874
2.079	2.209	353.4	54.0	157.5	556.2	0.0	322.6	322.7	Cap Off	353.93345231968084	325.68888723440244	407.58398722387625	408.45585997590257
2.229	2.329	326.8	21.8	197.3	534.2	0.0	325.2	325.4	Cap Off	347.0963821308329	325.4054427012815	392.12207650920016	400.8593444437342
2.349	2.559	308.3	1.0	237.8	511.6	16.0	328.9	329.2	Cap Off	287.7645943431636	276.04253712076576	330.0408088603626	342.2647290888993
2.598	2.698	337.1	16.0	225.0	544.3	0.0	310.6	1600.0	Cap Off	272.9547470681793	262.1446581088131	309.7035008513091	328.80327701818175
2.748	2.848	347.7	16.5	227.0	555.8	0.0	1600.0	740.2	Cap Off	257.54434238962955	255.96898683112707	292.6918355331182	312.70915420640006
2.868	3.388	351.6	22.5	241.0	569.9	0.0	1600.0	1600.0	Cap Off	302.77919571285133	311.0752372285818	326.3214750142097	359.85918782344334
3.468	3.678	374.0	23.9	255.0	592.5	0.0	281.9	280.1	Cap Off	359.5942744824871	277.14477934037984	365.5186609235076	302.4339464713027
3.788	3.888	525.1	912.0	314.3	1600.0	2.0	1600.0	1600.0	Cap Off	459.5964715682806	601.2664920031802	425.7531016710233	631.9301508248615
4.018	4.108	458.1	195.9	353.1	801.3	0.0	1600.0	174.9	Cap Off	395.4549038136132	337.5016181645278	379.36142493187265	445.43906624141596
4.128	4.228	454.8	192.2	346.0	787.2	0.0	185.9	1600.0	Cap Off	424.9994885793855	321.86406478251826	407.1139123170187	486.79284930374376
4.268	4.508	434.3	238.6	337.2	757.1	0.0	197.6	435.1	Cap Off	434.14758665937677	370.2884224747613	398.94930011713836	497.9061679036117
4.527	4.657	401.2	391.0	326.7	642.2	0.0	237.5	423.3	Cap Off	367.32575032543554	347.37130170277885	328.05047565360496	456.9298285813455
4.677	4.907	383.0	523.4	277.3	619.3	19.2	261.3	689.3	Cap Off	272.8272466851067	335.78103210183417	325.31051769604005	445.3956296809653
4.947	5.157	348.1	533.2	241.0	580.5	5.1	277.5	335.0	Cap Off	434.6575900593011	389.82920517366085	484.9854466974697	474.02159238917767
5.217	5.327	401.6	754.6	130.0	1600.0	0.0	1600.0	222.0	Cap Off	423.2687898327769	534.6610347804426	487.6443021506037	583.1521178592054
5.367	5.447	392.2	604.6	112.0	1600.0	0.0	1600.0	201.0	Cap Off	410.27273001257953	485.4511519628436	442.270374095998	528.6572411995627
5.477	5.617	535.6	712.6	5.0	782.7	56.0	1600.0	520.7	Cap Off	554.0798400810021	633.8330604121269	561.1287657768853	685.3032829802961
5.667	5.877	537.8	693.2	1.0	771.2	56.0	159.5	157.5	Cap Off	516.9998476749458	506.8800326556125	532.5547507634449	577.5493851212829
5.917	6.167	518.8	700.0	15.0	763.4	54.1	155.2	566.4	Apply Tip	446.7126201893107	462.1419571484066	474.44607189331316	533.1995563749192
6.186	6.306	512.5	698.8	468.2	770.3	70.0	1600.0	1600.0	Apply Tip	424.0880208700099	431.44210359389757	459.11118968913104	508.00843684441975
6.336	6.576	640.3	858.7	183.7	920.8	222.8	2.8	2.2	Apply Tip	556.3480716321535	605.0445308891167	593.6616206250226	678.548980873827
6.616	6.776	660.6	875.7	292.7	949.8	291.3	0.0	0.0	Apply Tip	544.0366589260146	592.2369053044924	584.6085856943932	659.8210341641847
6.896	7.126	198.1	642.9	321.0	514.5	0.0	1600.0	458.4	Apply Tip	332.1932874048823	79.40142639012589	348.4643832063276	208.22986404860058
7.206	7.416	327.0	665.1	373.4	615.8	21.5	282.4	1600.0	Apply Tip	385.249131373642	353.83869586073223	413.0864153552541	445.1093172617189
7.436	7.816	383.3	620.8	387.3	657.0	22.0	166.6	1600.0	Apply Tip	440.7469150401174	429.88830062694706	459.44299237020914	511.3967598018931
7.835	7.945	489.3	675.9	1600.0	1600.0	76.1	23.5	1600.0	Apply Tip	493.3949900535263	473.2735104054304	482.6508165160356	558.5718644516581
7.965	8.075	496.7	674.1	1600.0	1600.0	70.3	6.0	1600.0	Apply Tip	496.22054091386923	473.22360604056064	455.61944299591244	555.8818382495497
8.145	8.315	513.9	676.0	1600.0	1600.0	62.3	0.0	649.9	Apply Tip	504.5657143960459	435.0069121946415	408.90800164505026	512.1020444821187
8.395	8.565	500.6	670.2	1600.0	1600.0	43.6	0.0	1600.0	Apply Tip	451.31213130589316	472.56273268020254	502.70951857321705	537.8280837609822
8.585	9.175	510.1	676.7	1600.0	1600.0	41.2	0.0	1600.0	Apply Tip	520.6853765216944	501.34481525007743	488.6045358717703	564.6507605926457
9.235	9.475	495.3	659.5	1600.0	763.0	35.1	0.0	1600.0	Apply Tip	505.4181055288336	523.6743639496054	501.4645934764323	589.1347946554457
9.494	9.594	489.1	650.2	1600.0	753.2	34.1	0.0	1600.0	Apply Tip	500.9030994074925	503.77860091715803	436.8702978777486	564.7490645187556
10.214	10.424	493.1	652.1	1600.0	757.1	31.6	0.0	1600.0	Apply Tip	493.6885230567791	486.47862732157347	500.4920684175171	558.1471610380023
10.494	11.024	501.7	667.9	1600.0	765.0	32.0	1600.0	1600.0	Apply Tip	516.3511503003016	526.3797652310715	528.588453648171	601.5381400003549
11.114	11.344	512.2	682.3	1600.0	779.0	41.1	15.0	1600.0	Apply Tip	516.4475215278028	537.2520950319989	497.39649577376355	606.4825765886839
11.363	11.663	520.8	676.5	1600.0	784.0	47.2	12.2	1600.0	Apply Tip	505.65424227880897	547.9384422014243	531.5450207799571	626.292532538031
11.953	12.163	508.1	660.9	1600.0	769.0	40.5	6.0	1600.0	Apply Tip	625.4252524102608	597.9095215095823	639.4265514837829	664.8984068093997
12.203	12.713	502.8	667.5	1600.0	765.2	42.4	10.0	1600.0	Apply Tip	572.5413107384467	537.9692637200171	597.9430347758963	606.5541969884146
12.733	13.143	500.9	651.0	1600.0	1600.0	25.1	0.0	653.2	Apply Tip	275.2752530329058	321.1120211008508	318.6536340271168	409.7514702986809
13.702	13.962	454.9	686.2	1600.0	1600.0	81.1	253.5	50.4	Apply Tip	163.46506747631852	269.22479669793864	316.1327452050553	326.49784593374227
14.012	14.222	470.8	694.1	1600.0	1600.0	72.1	248.2	38.1	Apply Tip	159.1932837508258	232.12285903294932	311.70758224946417	246.65423558272698
14.282	14.602	437.2	694.5	405.9	702.0	42.8	333.7	12.0	Apply Tip	132.49807542598296	216.28156496103895	241.56811760017152	216.42002575104257
14.711	14.831	403.8	514.4	59.9	576.8	0.0	1600.0	299.8	Setting Units	277.53247459022106	228.89116426815684	343.81403180258445	271.95266602574526
15.011	15.081	543.0	674.1	39.2	772.8	66.0	235.9	413.2	Setting Units	352.7209617726091	366.82742833009314	424.0530577886766	393.40540552934806
15.171	15.341	526.4	660.7	7.6	754.9	42.1	253.3	415.6	Setting Units	313.53675988830173	304.84456752069707	376.14345233555696	341.35102342766316
15.381	15.511	522.0	1600.0	0.0	746.2	39.9	257.6	415.5	Setting Units	315.8637160171375	316.05663200644545	378.3324799720445	347.4857674034207
15.531	15.761	530.8	1600.0	0.0	754.0	50.1	258.1	423.8	Setting Units	276.1209258373456	319.4416577559737	398.53998778812183	339.29974902500436
15.781	16.021	531.6	667.2	0.0	756.5	43.0	260.9	424.2	Setting Units	61.138940124484115	244.1539247393741	393.19893205737725	238.04887521236617
16.061	17.06	536.1	1600.0	0.0	761.8	36.0	263.0	427.6	Setting Units	46.55323427313996	227.13793312084366	359.7569343867593	231.9029889107018
17.17	17.24	270.1	1600.0	439.8	622.0	81.9	544.3	57.0	Priming	268.32745850300483	196.4047850368366	278.97269720633983	258.4764244434318
17.3	17.55	372.6	1600.0	413.0	696.8	65.0	419.7	28.4	Priming	49.118713961724566	258.414134180103	357.5010933820636	266.36483812273383
17.57	17.69	395.9	1600.0	397.1	719.7	52.0	399.0	19.9	Priming	82.06423723694859	316.7480369635602	410.7793914634254	307.59961697979753
17.73	17.91	417.4	791.8	400.5	732.2	56.4	385.0	25.6	Priming	130.22397413888206	358.46209076735545	447.3440088335497	347.978766372289
18.02	18.24	464.6	776.7	393.8	755.9	47.7	319.8	17.5	Priming	209.8281148664074	433.6123340271433	518.9055389665474	407.9748804984838
18.279	18.529	505.7	829.0	422.7	815.6	182.0	300.0	32.8	Priming	176.10691289999545	400.18278561104484	489.92789601590056	382.524772163218
18.549	18.709	557.4	1600.0	476.8	907.8	67.4	319.0	33.3	Priming	154.79533232285573	381.9642119605377	474.15244915202607	368.49096140971267
18.799	18.949	619.4	1600.0	562.6	1600.0	93.1	336.6	44.6	Priming	169.19492530621758	394.2532465888969	486.4737609794623	381.7703177630712
18.969	19.059	720.5	1600.0	593.6	1600.0	82.1	328.3	32.6	Priming	188.5158044816022	416.3614372783673	502.35694175653657	399.9579267688295
19.249	19.429	1600.0	1600.0	1600.0	1600.0	70.2	314.4	19.2	Priming	258.0944778912125	453.56085265451355	562.0555270287346	491.8144356704991
19.449	19.799	1600.0	1600.0	1600.0	1600.0	47.0	312.2	0.0	Priming	882.0495398054404	1104.7022723014775	1005.9977663744138	839.9427867093536
19.818	20.588	562.1	1600.0	571.6	945.4	85.3	359.5	39.1	Priming	717.1429288018765	895.9204258813363	739.959426765177	891.3871812023492
20.648	20.878	492.0	1600.0	484.3	819.5	54.6	342.9	15.8	Priming	1054.312356109359	907.044624713302	1082.3510204643842	901.9785537254934
20.928	21.178	500.2	1600.0	442.7	820.4	28.2	320.3	3.0	Priming	1063.6154286116425	890.3904416919833	1090.929677782781	886.1286613846988
21.348	21.578	505.5	1600.0	427.6	823.9	24.5	310.2	5.0	Priming	1066.6686808389768	882.6854249728581	1094.7427326655031	878.8094567818637
21.617	21.857	494.8	835.7	410.3	807.2	24.0	310.9	5.0	Priming	1086.3109430576794	861.997755339714	1119.281723053941	859.2037433859298
21.947	22.067	455.6	573.2	100.0	695.9	0.0	339.8	273.0	Priming	1101.3589916248427	843.7831530102243	1144.7004527602119	842.0017368636052
22.197	22.267	563.8	587.3	90.0	778.2	77.7	312.5	380.2	Priming	992.2754607408577	971.9517678196405	1046.4059665942798	964.0903886167787
22.287	22.447	478.7	499.6	2.0	683.6	23.0	372.2	375.4	Priming	1079.3945257838418	870.6671945000714	1131.3320480344532	867.41134204222
22.617	22.847	508.3	622.4	0.0	742.7	28.4	261.6	398.7	Priming	1028.6957100530515	928.4069045790777	1070.7313821763266	922.3645158295999
22.887	22.997	540.7	685.3	23.1	787.2	59.0	212.6	557.0	Priming	1025.3313941164597	936.3487382738521	1068.3239776089943	929.9581943613252
23.017	23.167	563.4	1600.0	32.6	795.3	90.0	199.4	468.2	Priming	1054.2575665156637	908.1616625867252	1093.384922518493	903.043039858909
23.376	23.466	0.0	1600.0	629.8	235.3	261.0	790.9	237.5	Priming	1343.9018761973025	648.5828172893632	1371.6371078744294	663.5392735660397
23.476	23.676	0.0	467.9	726.4	222.3	365.7	825.3	332.1	Priming	1171.1117072216718	787.0000189958232	1200.6065189262201	788.8021296577373
23.716	23.826	0.0	444.1	712.0	229.1	388.1	791.9	355.2	Priming	1108.590940450555	852.3187447614862	1142.8442376874218	850.0554620355181
23.846	24.496	0.0	1600.0	817.3	240.5	465.5	834.8	436.0	Priming	1147.8810017944497	809.2943973988736	1178.152961653918	809.6048726410187
24.536	26.265	0.0	1600.0	875.4	241.8	510.0	863.1	475.6	Priming	573.2928165612253	802.1370471835071	581.7805007362871	802.9135112861635
26.515	26.665	0.0	1600.0	894.0	167.6	549.0	899.4	516.6	Priming	1196.673020779098	763.3828199505581	1220.8833074858067	766.9046282213394
26.744	26.824	0.0	1600.0	877.5	205.1	521.2	873.6	488.1	Priming	268.76567269110205	789.0021154860144	343.6577246709858	790.665315203819
26.914	29.033	0.0	1600.0	883.2	247.0	514.2	864.7	476.6	Priming	465.56765401945404	802.1370471835071	469.4254001303992	802.9135112861635
29.053	29.563	0.0	468.4	843.5	216.0	496.2	853.2	466.2	Priming	1100.854536739156	820.6568208100726	1176.2394946349798	820.2509828277132
29.603	29.843	0.0	446.7	776.0	221.5	463.0	808.4	435.8	Priming	783.4719678435822	816.3977085347691	855.2067029350928	819.7731906553049
29.883	30.133	0.0	1600.0	793.3	208.0	543.5	802.6	528.7	Priming	809.9478834664195	528.7247885370285	839.639531586855	522.8366229788048
30.152	30.262	0.0	1600.0	782.2	216.8	512.6	803.7	494.2	Priming	1147.7931174508444	781.0243945444253	1195.0835163363545	783.2472642858473
30.282	30.672	0.0	1600.0	740.2	223.5	444.5	793.3	421.6	Priming	750.5601855427175	709.8570558899095	826.75778465448	720.485269252808
31.302	31.412	537.9	1600.0	8.0	791.8	44.0	188.8	404.6	Setting Units	311.37901569570965	265.46427022542247	388.15099793971797	349.98436416180294
31.432	31.532	538.0	1600.0	23.0	791.0	75.1	202.2	457.7	Setting Units	326.25556121998466	291.00712484390533	396.613172664011	372.1781856455541
31.582	31.682	519.5	1600.0	3.2	773.5	52.0	223.1	443.0	Setting Units	303.4951047231379	305.188697514305	372.2458684794686	373.3489117475712
31.702	31.812	516.1	1600.0	0.0	770.4	63.0	228.5	443.0	Setting Units	303.9571095696869	313.3997000589897	382.7436604705165	380.53189130183966
31.831	32.571	507.6	1600.0	0.0	762.2	47.0	231.2	432.9	Setting Units	287.6353296732166	312.47647318379995	370.03014304119574	375.65471717235414
32.661	32.881	509.9	1600.0	0.0	764.4	50.0	224.8	438.0	Setting Units	303.1511187525665	326.8141066027207	386.23705497900926	385.6843449816765
33.001	34.01	515.2	1600.0	6.0	770.1	49.0	219.1	439.0	Setting Units	307.17950703837613	345.72378855788276	387.4140129689556	394.0841128933584
34.63	34.73	163.8	417.0	821.8	0.0	380.4	537.9	349.3	Injection	215.97677827527647	284.03365002600617	293.5065285167483	310.1632170550445
34.77	35.03	163.2	1600.0	870.6	0.0	377.0	428.3	341.3	Injection	339.54117615133583	422.49235208491604	438.8228837426568	392.5553918842
35.05	35.66	171.0	469.1	1600.0	0.0	120.8	1600.0	91.2	Injection	1148.992356001436	899.1738177549671	418.6530087543514	797.7116808920593
35.749	35.859	342.9	488.3	432.9	0.0	45.5	1600.0	22.1	Injection	391.4444147683943	1075.103287890633	481.20344313305026	819.1163163325534
36.049	36.129	319.9	494.2	396.9	0.0	29.0	1600.0	9.0	Injection	575.9295075719288	202.8849742761603	492.9164478133554	328.7767495799477
36.169	36.409	312.9	475.4	396.2	0.0	40.0	1600.0	15.0	Injection	548.1944706495295	222.81495183017975	492.3325126162494	378.49709292338514
36.469	36.629	310.2	491.9	375.7	11.0	16.0	1600.0	0.0	Injection	468.6656975114142	240.02812279535175	467.0333094702193	402.187292317365
36.998	37.108	280.9	486.1	357.0	2.2	4.5	1600.0	0.0	Injection	457.1223203393096	247.6476854890879	461.528241968336	404.52751262313853
37.398	37.638	258.0	475.9	340.0	4.1	3.0	1600.0	0.0	Injection	265.3085016199341	865.2416383436914	411.19157458831825	862.273352260786
37.678	37.908	235.6	488.3	303.7	9.9	0.0	1600.0	17.3	Injection	295.22295304451177	846.9763702824569	376.1962999237472	845.0131278577787
38.168	38.508	231.7	796.3	11.0	335.0	50.1	1600.0	365.0	Injection	198.82767061445833	844.9898201438185	191.6112032262108	711.0340748064017
38.548	38.658	225.9	789.6	4.0	323.0	53.8	1600.0	352.1	Injection	60.12624828843417	814.1643010994553	176.96382158547544	544.9665326961612
38.697	38.807	209.1	786.3	2.0	323.6	43.0	1600.0	355.0	Injection	154.87933896580844	857.9998686791641	240.95842634583047	619.3943581647663
38.827	38.927	202.4	788.4	7.2	327.4	48.8	1600.0	360.3	Injection	101.51064948076443	893.567027746351	286.8410202968718	644.4311201924693
38.967	39.187	210.8	807.8	23.1	349.2	63.1	1600.0	381.6	Injection	54.58942210021597	915.1758834565261	324.80687389505215	665.6497053024091
39.247	40.196	207.3	810.8	22.6	351.9	65.2	1600.0	386.1	Injection	52.08246032177195	954.6869342061725	370.10425044898693	716.4385827457376
40.247	40.417	210.4	818.0	34.2	364.3	79.0	1600.0	397.9	Injection	43.02466576863083	965.1741490617343	387.3865561110055	732.6928500788111
40.496	40.916	193.1	799.9	18.9	345.8	60.0	1600.0	381.7	Injection	43.13055326797927	967.1607156061738	388.6938235150008	734.2791619649432
40.936	42.105	205.1	810.8	21.1	356.2	70.3	1600.0	389.5	Injection	62.90096832568255	972.0200886309251	392.6104451830928	739.1618449308713
42.145	42.265	228.1	527.3	251.2	35.0	0.0	1600.0	58.9	Injection	134.0862466665993	911.9119870902528	308.76554028788826	665.0312095993842
42.285	44.344	251.0	469.3	312.3	10.0	7.0	1600.0	1.0	Injection	674.6135130176937	1042.9860315120377	813.035393622461	766.0729062609466
44.584	44.664	0.0	531.0	309.2	292.1	279.0	1600.0	345.8	Injection	710.810391666877	1246.073445197895	798.9906448098938	1022.0738335437624
44.684	44.784	0.0	522.0	307.3	286.4	275.8	1600.0	337.2	Injection	649.3031212566797	1215.8087400587824	738.1204721824789	983.3387128785179
44.804	44.924	0.0	527.2	307.9	287.5	280.3	1600.0	340.0	Injection	600.3474612362149	1192.3467740477927	689.662355792998	953.6049973149253
45.064	45.594	0.0	534.4	323.7	304.8	301.4	895.7	349.8	Injection	443.66834401535044	1103.1851457029736	533.92599929386	855.5019586717295
45.613	46.143	0.0	529.8	309.6	290.4	286.7	899.4	332.1	Injection	393.5792126701429	1081.6850548366565	483.37791614058585	828.4209738273912
46.183	49.411	0.0	532.7	317.4	301.6	304.0	875.6	346.6	Injection	359.5814157695707	1075.5250431438394	448.43303143140423	821.3040139334145
49.511	51.94	0.0	537.2	309.3	300.8	294.7	882.6	343.0	Injection	535.0934614650994	698.9945087791133	629.3388429564816	609.1995974162305
52.27	52.41	244.9	467.2	307.8	0.0	5.0	1600.0	0.0	Injection	367.3823771741519	817.544283222093	433.00499375349136	817.3318869707522
52.429	52.529	254.9	467.6	317.2	4.1	6.0	1600.0	0.0	Injection	361.3493929458262	845.9109395473353	451.2509182160949	844.0081550524854
52.549	52.659	286.2	463.3	351.1	5.0	24.0	1600.0	0.0	Injection	345.92599506672394	875.0245598053721	466.0845282561924	871.5412314578297
52.699	53.678	289.0	480.2	354.2	10.4	14.0	1600.0	0.0	Injection	267.9671554112239	1039.4890311455467	408.4413434195342	1026.205181959918
53.729	53.899	313.4	533.8	380.1	46.9	7.1	1600.0	0.0	Injection	107.3811629308568	672.5265422859164	120.68603105424017	724.2779239941217
53.969	54.359	187.4	1600.0	325.1	393.9	0.0	1125.3	89.1	Injection	48.05669264096911	401.2654453626133	90.06755812547172	495.37653075313125
54.378	55.058	804.2	561.1	1600.0	1600.0	27.0	636.1	5.8	Remove Tip	229.74770109765663	214.08341595666437	199.86987650778585	281.3352471511167
55.078	55.168	425.2	1600.0	1600.0	763.9	39.7	337.4	9.2	Remove Tip	445.606706571211	252.88041235852566	413.52881019932136	294.61688248802886
55.228	55.428	504.1	1600.0	1600.0	844.5	53.7	263.5	22.7	Remove Tip	514.5759404909364	364.80717628724943	512.7804421051944	441.97458802681604
55.518	55.688	480.3	769.2	421.3	1600.0	51.2	1600.0	27.5	Remove Tip	504.0012931061064	375.03528874711844	493.6761204572478	390.46920677926573
55.768	55.898	797.0	943.2	701.6	1600.0	330.6	0.0	295.5	Remove Tip	773.9742312460703	641.2304072187892	795.327669843673	645.2321531533614
55.967	56.177	823.1	959.3	731.8	1600.0	351.0	20.0	318.0	Remove Tip	635.9819231818007	542.4563401337207	665.8960817519306	578.4660034795419
56.367	56.477	593.8	771.2	473.5	1600.0	80.9	181.1	40.4	Remove Tip	384.1318981772228	407.79598623855367	446.3273800444837	441.5596800347756
56.497	56.577	589.7	758.9	462.6	1600.0	53.2	129.8	21.0	Remove Tip	393.99584604623635	421.6436257295133	460.48966280981546	457.56075261275373
56.597	56.707	595.6	760.9	465.3	1600.0	54.1	75.4	19.6	Remove Tip	415.38976733098644	440.43717765965505	487.1502114566177	479.82623197761967
56.747	56.997	627.4	783.6	489.5	1600.0	78.0	9.0	34.5	Remove Tip	471.92081111129863	464.66416711411694	541.8885234225138	506.6695031229327
57.017	57.107	633.7	769.4	482.3	1600.0	58.0	0.0	25.0	Remove Tip	491.84152918020214	473.2267965323037	562.1848032495956	516.2995792904683
57.147	57.427	628.6	760.8	463.6	1600.0	45.0	0.0	7.0	Remove Tip	491.41366432493055	464.98569557154605	561.0416121814192	510.0067397271472
57.447	58.177	628.4	763.0	456.0	1600.0	42.0	0.0	14.1	Remove Tip	484.36451710353253	452.11639688858764	551.2595800225016	503.2043652193556
58.286	58.426	645.6	758.5	448.9	1600.0	38.2	0.0	553.4	Remove Tip	514.9921968155195	474.2697217211488	579.7586325740268	529.0553754471442
58.536	58.776	654.2	759.1	441.0	1600.0	29.3	1.0	554.7	Remove Tip	509.46698958680156	470.19695870873755	569.1748358563033	529.8253528419111
58.796	58.976	647.6	756.2	435.0	1600.0	34.0	12.0	550.4	Remove Tip	491.9386009590946	523.1614444307666	557.4411237575255	374.55287838180476
58.996	59.596	632.5	740.2	422.0	924.6	32.3	28.4	537.5	Remove Tip	546.9635259635667	534.0765990632805	604.9875370664397	506.3467539089725
59.615	59.725	623.3	722.5	426.5	912.8	24.6	4.0	560.0	Remove Tip	530.5152012934201	571.2677678300415	601.7891250029979	423.05047932970086
59.765	60.475	616.8	728.0	429.1	904.5	25.0	9.8	551.0	Remove Tip	550.7051207042185	541.2740334101985	618.288111807471	519.0100135956865
60.495	61.694	628.6	729.0	427.5	918.3	20.9	0.0	546.9	Remove Tip	528.6298299972322	508.3573424247589	595.7280297459781	530.808035411429
61.714	62.693	637.5	752.9	438.3	936.8	37.1	8.1	529.3	Remove Tip	552.1275271174047	521.7265452719893	615.0094131241029	565.6612251447851
62.713	62.943	648.2	763.1	449.3	1600.0	42.0	15.1	528.8	Remove Tip	720.6112355549988	614.7122825382913	662.8434070087089	630.4123636450718
62.963	63.223	634.1	746.0	433.1	1600.0	30.8	7.0	539.1	Remove Tip	1121.894956763306	527.0588190174533	755.242289811005	573.918812844096
63.263	63.573	651.6	751.8	474.6	1600.0	71.0	57.0	526.4	Remove Tip	377.79041239946565	626.0885113372149	467.24007623765687	727.2389240673878
63.593	63.743	848.3	959.4	691.6	1600.0	289.2	0.0	1600.0	Remove Tip	546.0365721910701	752.0266811618211	635.8528589365064	833.2498404211908
63.763	63.943	1086.6	1202.0	906.9	1600.0	480.3	5.8	451.9	Remove Tip	1276.852371604568	741.4934647466687	1310.6596014391303	797.0601096073793
63.963	64.173	1600.0	1194.2	917.3	1600.0	492.1	0.0	1600.0	Remove Tip	774.2350730641025	688.4073476776177	839.8965169254718	688.9793801197301
64.562	64.632	362.5	60.4	313.6	325.1	337.1	1600.0	1185.5	Cap On	677.8691703156361	295.80637501581015	642.8248212482216	312.299683875715
64.652	64.762	423.6	0.0	394.2	345.1	415.6	1035.0	1600.0	Cap On	580.0079466806199	177.06924326917942	555.7933968368869	213.9126127010859
64.782	64.872	416.4	5.0	373.2	347.8	391.2	1009.5	1600.0	Cap On	458.36478280321427	58.846941111531514	457.0167107873051	155.30685202038913
65.232	65.422	404.2	4.0	426.1	291.7	454.4	1600.0	1600.0	Cap On	336.16523881346853	296.91994791393006	393.71387688496446	368.04095153110535
65.512	65.602	398.9	10.4	347.3	354.7	356.6	1030.8	1600.0	Cap On	399.4183108814498	377.90395014482687	456.8385739967863	444.3111501157705
65.732	65.842	410.3	219.9	278.4	645.1	0.0	553.7	1600.0	Cap On	624.847719332654	655.421858849866	690.8724712657988	715.9471073037637
65.862	65.962	458.9	184.9	327.6	701.2	0.0	481.0	12.1	Cap On	559.6385961686312	573.1747908464845	624.141424661244	647.8254449793848
66.032	66.132	501.6	69.6	377.1	769.4	40.5	1600.0	553.1	Cap On	480.3719100185599	416.89029423818823	535.6374500013433	525.8083193837566
66.301	66.541	550.1	0.0	412.1	821.1	64.1	407.1	523.5	Cap On	479.5835131110612	419.348437526475	531.5122214677417	556.7041504575204
66.561	66.661	506.9	0.0	354.4	773.5	13.0	424.9	572.3	Cap On	448.61199330482935	392.01349168024177	502.00619977516595	519.1541630056896
66.701	66.941	475.7	9.1	309.1	740.1	49.0	451.2	602.7	Cap On	418.6741997098158	353.5585347885282	471.3716638719722	460.2323892438473
66.961	67.131	451.4	1.0	266.1	714.3	14.0	480.8	631.8	Cap On	378.1118687501901	296.2532334494912	426.97435613583195	398.371629310483
67.251	67.381	469.1	0.0	276.3	725.2	22.0	471.3	626.3	Cap On	412.913745545775	292.6630331611223	522.319270819755	422.13528621898075
67.401	67.921	468.8	0.0	258.1	716.8	12.0	483.3	641.9	Cap On	599.3066889983756	825.3055804531525	643.614626628871	830.8650567596342
67.98	68.21	464.3	8.1	258.1	724.8	13.6	472.3	630.5	Cap On	316.7805627542452	868.4941308014955	402.7852587172409	865.3528733353305
68.27	68.64	456.2	19.0	225.0	704.6	0.0	491.4	652.8	Cap On	332.2540083625866	568.2269898215368	419.61061688633106	567.5680583389615
68.97	69.14	260.3	197.0	19.0	507.2	0.0	699.0	866.1	Cap On	265.06901097544085	582.6041669945711	308.6398440335751	616.6038273050726
69.17	69.33	399.7	47.0	165.2	644.4	0.0	544.4	714.9	Cap On	292.7388875022158	405.89709725025244	375.2821159753212	449.56834997544127
69.37	69.6	402.5	44.9	165.1	640.4	0.0	540.5	710.6	Cap On	289.44151270047263	385.26285386792296	371.2991061767226	437.9416317212968
