start_time	end_time	App	Cap	Gauge	Pad	Pen	Safety	Tip	Action	Thumb_R	Thumb_L	Index_R	Index_L
0.1	0.2	566.2	78.8	1600.0	1600.0	45.0	478.1	1600.0	Cap Off	340.85176433761796	1255.8216433873083	401.00049336595265	1255.8216433873083
0.28	0.51	575.1	59.4	1600.0	1600.0	21.0	474.3	1600.0	Cap Off	319.22523079993294	1233.1942263893388	380.21516133243244	1233.1942263893388
0.58	0.84	598.0	122.8	1600.0	1600.0	44.0	398.2	1600.0	Cap Off	453.22423674727486	1371.7871555019021	509.9924096393718	1371.7871555019021
0.859	1.089	455.2	57.1	1600.0	1600.0	74.0	537.3	1600.0	Cap Off	311.1519829632646	1224.7089450151004	372.4760178418054	1224.7089450151004
1.109	1.399	459.2	53.9	1600.0	1600.0	79.5	538.9	1600.0	Cap Off	324.6190726027502	1238.8510806388313	385.3920414334215	1238.8510806388313
1.629	1.759	702.7	90.8	1600.0	1600.0	120.2	334.3	1600.0	Cap Off	412.07131982066215	1342.0886706920671	487.2973599746929	1342.0886706920671
1.779	2.059	657.2	0.0	1600.0	660.8	75.5	409.2	1600.0	Cap Off	276.8819017047127	797.0754422138278	387.66600412650956	795.9354477473155
2.099	2.249	724.6	256.5	1600.0	874.0	252.1	285.2	1600.0	Cap Off	409.02561469418305	375.93624022566803	457.0893479404533	419.198963911377
2.289	3.788	1099.5	478.2	1600.0	1600.0	324.9	8.5	1600.0	Apply Tip	693.4658780811667	634.5597910923053	736.2492763758114	703.9492315339812
3.808	7.276	1600.0	457.1	1600.0	858.4	75.8	61.0	1600.0	Apply Tip	475.54499350749313	428.82169998409535	512.5317630323136	466.1602645463998
7.326	7.606	1600.0	479.6	1600.0	821.4	61.7	51.6	1600.0	Apply Tip	416.52461404626825	539.8114311883503	480.1805375887638	547.6344556947947
7.735	10.004	1600.0	482.3	1600.0	828.3	60.8	49.0	1600.0	Apply Tip	437.5889332536435	431.6798706910539	487.91797871213635	446.4303941093102
10.064	10.674	1600.0	497.3	1600.0	837.0	84.8	52.1	59.5	Apply Tip	402.1708810047965	413.9926014406895	451.3085435850363	385.55452046743306
10.724	10.814	689.3	152.8	1600.0	756.5	242.7	524.3	249.3	Apply Tip	206.04725504482047	376.156682095567	279.6894075498784	237.49748678837963
10.844	11.084	613.4	261.7	1600.0	595.5	66.0	582.1	163.7	Apply Tip	215.04183244569882	277.20429773439764	285.5585701956224	303.3516723228731
11.113	11.533	530.5	267.6	1600.0	496.1	54.4	635.5	266.2	Apply Tip	183.25561076967173	313.79339866269447	256.80548603949717	258.09676447830947
11.553	12.832	729.6	379.5	11.2	635.9	17.1	424.1	1600.0	Setting Units	461.01257651966046	473.11919513127555	520.3230682708523	469.3403631011652
12.872	13.092	802.9	411.4	60.2	699.8	65.9	401.7	410.9	Setting Units	492.9999186803979	523.4692939713169	546.0070042621915	520.2086234221387
13.172	13.252	822.6	432.0	79.1	712.8	67.2	392.9	388.8	Setting Units	500.07813349303075	528.3685483013273	553.1877923886199	541.3442989672645
13.272	13.412	731.7	348.3	199.0	655.2	130.6	449.9	225.4	Priming	361.86702343771856	484.15682303652113	420.2224317897492	504.94344576789865
13.442	13.592	633.8	241.1	336.7	618.2	1600.0	514.3	89.0	Priming	274.3148901772502	467.69934030954636	317.2589945820292	488.17377351161895
13.632	13.952	867.9	534.0	38.6	719.9	27.5	408.4	322.1	Priming	522.0389690963418	551.0645783191176	575.0614262856778	561.9751041525661
13.982	14.202	745.6	282.7	289.0	710.5	29.8	402.4	71.2	Priming	355.8730145646434	522.9022277681877	414.3289001700336	621.8812511651795
14.222	14.542	711.0	149.3	448.0	794.8	66.0	423.5	31.8	Priming	255.86212963476476	290.95848292014574	321.06470552179707	337.93728551715935
14.551	15.101	705.0	124.6	506.0	837.6	122.0	436.9	77.2	Priming	246.01475792424083	130.53980017426736	311.76967367277314	149.38281534345788
15.231	15.391	749.0	340.7	173.0	674.8	0.0	401.3	180.2	Priming	678.0927319225135	197.23741999976843	755.9527842649733	269.4548826953337
15.411	15.491	786.5	481.2	5.8	654.3	5.1	433.5	351.0	Priming	231.59945855781518	248.22405889582407	321.7924307199271	325.1749337730056
15.531	16.001	782.9	410.6	3.6	685.3	49.7	390.4	392.2	Priming	357.28910717135005	262.2807515157317	335.378529227144	359.7301410619618
16.23	16.56	0.0	446.2	846.2	422.0	496.5	1600.0	466.7	Priming	80.61262444513802	343.3074398436236	122.20100783674106	335.7283444809329
16.57	18.449	0.0	463.8	876.2	337.3	496.9	1279.8	460.7	Priming	72.43622712293187	311.1914429369844	75.96822902337153	308.1861041111989
18.469	18.889	0.0	459.6	932.3	416.8	555.8	1318.0	511.5	Priming	158.131520610188	265.41729277681077	149.85506368216895	291.2473005816522
18.909	19.279	0.0	528.0	952.6	347.1	568.6	1351.8	526.8	Priming	275.07719616925544	410.07376632828203	278.4002344813399	283.6350606024377
19.299	20.318	0.0	446.3	913.6	412.3	535.2	1292.1	498.5	Priming	209.93627333748998	250.71928278360502	209.29004645385095	226.479356943031
20.458	20.798	0.0	453.3	908.8	391.0	529.7	1300.4	486.8	Priming	197.2766976171836	257.28962832251153	194.4900018066902	211.30096522783757
20.818	21.088	0.0	505.0	919.2	338.2	535.7	1334.0	493.6	Priming	240.07836181760106	332.7643947508611	233.99306866387155	239.3784167051317
21.098	22.857	0.0	468.5	923.5	402.7	545.9	1311.7	502.1	Priming	231.38190872206562	306.01563701585	224.85045057824132	235.39548448552893
22.876	23.106	33.0	466.8	964.5	490.9	594.1	1328.6	556.6	Priming	246.69710934628222	303.10517480393156	238.10487264788088	250.51369421786924
23.126	24.965	0.0	452.0	906.1	414.7	534.6	1600.0	494.1	Priming	494.72993139590625	479.0957229456316	478.5769923834621	493.5514623911606
25.175	26.654	747.6	388.6	30.5	659.2	73.0	450.0	421.9	Setting Units	414.3019512065907	177.0404243967295	413.872043847213	445.6475512954604
26.674	28.353	739.0	374.0	53.1	657.5	64.2	472.4	417.1	Setting Units	411.7435490719203	190.7875317046415	404.2554788492033	442.11857591706274
28.383	28.643	469.1	301.7	189.6	411.4	26.0	723.0	226.8	Injection	411.14415242374	231.28803775780668	393.93800102384824	433.1265484481233
28.823	28.943	234.8	688.3	717.1	0.0	307.7	1600.0	269.4	Injection	543.4237493072197	509.5208266165428	526.0267960820175	547.140508225118
29.023	29.563	206.8	649.2	326.5	0.0	81.1	1600.0	73.1	Injection	403.8270797300358	174.56088963195847	397.0813081392493	433.8431701516366
29.583	31.062	1600.0	662.0	420.1	8.5	23.3	1600.0	0.0	Injection	465.92888157276843	185.02830987589616	468.11397592087474	514.593059123659
31.082	31.752	268.3	668.0	355.8	17.0	0.0	1600.0	20.5	Injection	655.4180285797543	453.81837141229585	653.8648313502924	591.3459518809482
31.801	32.98	235.3	649.2	215.3	16.0	0.0	1600.0	34.7	Injection	601.6717269959452	467.4424393027351	573.8501709865869	525.3514736364804
33.17	33.24	0.0	506.9	341.0	450.7	351.9	1600.0	1600.0	Injection	602.3696310509503	477.18010980595983	570.9521623357797	509.66538268503314
33.26	33.61	0.0	486.5	326.8	413.9	329.7	1600.0	1600.0	Injection	514.6472680539849	408.3557350845719	487.20404757598675	435.5930926559068
33.63	34.979	0.0	503.7	358.3	468.9	341.1	1600.0	1600.0	Injection	421.2214058969952	351.8679697084533	395.4776784699826	366.87661336126627
34.989	35.389	0.0	501.1	434.8	438.7	401.0	1600.0	1600.0	Injection	475.91961161725794	403.4898534634273	446.53122612673036	398.3241156516236
35.399	35.689	0.0	531.1	374.5	381.6	333.7	1600.0	490.7	Injection	284.55002013928026	279.9990355770779	294.35955013410126	364.73463300521774
35.699	37.008	0.0	519.8	367.2	485.6	335.4	1600.0	1600.0	Injection	548.2699223587824	709.0375477743348	509.6490247356479	646.2226560675945
37.018	37.388	0.0	480.9	413.0	428.3	379.8	1600.0	1600.0	Injection	318.7196515538955	141.53782933143094	344.2921107630133	424.03722164863757
37.408	38.347	0.0	489.0	351.4	371.1	313.7	1600.0	1600.0	Injection	418.92430078327766	55.804381680155785	405.77791314329176	452.5623552326834
38.357	39.576	0.0	519.0	331.6	446.9	303.3	1600.0	1600.0	Injection	187.75663589268487	827.2613899807899	403.593052196086	804.2350142467762
39.587	40.097	0.0	490.2	383.6	500.0	350.7	1600.0	1600.0	Injection	170.05025834047754	1115.9062974225822	245.7929962819347	1111.9406639008225
40.146	40.786	0.0	482.0	404.8	521.7	366.5	1600.0	1600.0	Injection	144.5769638208106	903.0539215377885	210.34126762354595	696.413536340539
41.006	42.085	0.0	493.7	398.1	412.4	367.7	1600.0	1600.0	Injection	153.27446942955729	893.7094880284695	194.56629408856557	679.3842835427923
42.175	42.415	138.0	606.8	34.5	41.8	0.0	1600.0	1600.0	Injection	213.35284991569583	874.7509700621222	162.66000297885833	653.7633306383334
42.485	43.075	0.0	468.4	306.4	454.1	302.2	1600.0	1600.0	Injection	124.93640122194834	985.930360080301	315.67929937904563	785.8414471261816
43.124	43.844	183.2	620.7	75.5	51.4	0.0	1600.0	1600.0	Injection	184.4264563566002	869.9311327079437	181.87628006550554	681.9832540331074
43.864	44.364	56.9	408.7	376.1	183.4	10.0	1600.0	51.5	Injection	385.2702137003053	930.6338488451476	308.7778805720954	828.9307495975227
44.394	44.514	530.4	112.9	207.1	623.9	91.6	520.3	164.0	Injection	519.5130938973708	1095.5992909602303	464.02598105047576	1016.442561919902
44.574	45.304	1600.0	620.6	650.1	1600.0	626.1	46.0	734.7	Injection	836.6631222022514	1272.5222390537597	820.0821402703888	1155.96546738381
45.353	46.522	796.4	281.3	1600.0	818.0	87.2	40.0	64.6	Remove Tip	665.8012498690907	868.6206585621082	630.8144365737824	762.8324873641853
46.532	46.622	858.5	317.7	1600.0	867.1	132.6	102.0	1600.0	Remove Tip	464.28202357139367	948.643961546334	520.7870690369699	829.5090767221402
46.642	49.32	877.6	399.1	1600.0	801.0	87.9	72.2	1600.0	Remove Tip	457.36943985557144	948.6472872730365	514.0377908380395	840.4057857562095
49.471	52.199	867.2	391.6	1600.0	793.1	79.8	1600.0	1600.0	Remove Tip	446.3196342055779	921.0476979302841	503.25732684513116	808.4485194601682
52.249	52.369	1184.8	594.5	1600.0	1135.9	441.0	215.7	1600.0	Remove Tip	880.8274371960636	1322.993058994505	931.7041885263077	1208.4172484890576
52.399	52.629	1600.0	648.6	1600.0	1294.8	560.9	263.5	299.4	Remove Tip	928.6332569007413	1529.6846757161188	1296.2978210713306	1452.4357092277814
52.659	52.829	1055.0	443.2	1600.0	1600.0	408.6	383.1	132.1	Remove Tip	657.8019458537416	1174.2990651891637	710.9256581133224	1063.1871332359617
52.889	52.979	609.2	151.2	1600.0	1600.0	161.0	1600.0	469.3	Remove Tip	211.8205261111251	223.1474105183436	564.3666923975283	122.14504256170366
53.039	53.209	467.0	62.4	1600.0	1600.0	333.7	1600.0	1600.0	Cap On	266.43982803108116	1070.559666716433	302.33378793921025	1070.559666716433
53.229	53.429	377.3	59.4	1600.0	1600.0	231.1	677.6	676.9	Cap On	365.48604507384783	1080.4591616530447	375.5958681121321	1080.4591616530447
53.458	53.988	466.8	85.4	1600.0	538.6	7.0	597.0	597.0	Cap On	130.69372390775936	1260.0642840744276	390.8371827882014	1260.0642840744276
53.998	54.808	589.4	45.0	1600.0	520.8	33.0	541.1	1600.0	Cap On	201.33934241706626	1268.5495654486663	471.70803913733334	1268.5495654486663
54.848	55.088	589.4	253.6	1600.0	743.9	252.1	479.9	479.9	Cap On	221.8753941055707	1278.449060385278	499.1188855433028	1278.449060385278
55.107	55.357	620.6	79.2	1600.0	1600.0	72.6	447.2	446.2	Cap On	260.7592037531322	1155.4124804588187	447.38287292061534	1155.4124804588187
