start_time	end_time	App	Cap	Gauge	Pad	Pen	Safety	Tip	Action	Thumb_R	Thumb_L	Index_R	Index_L
0.48	0.65	479.6	0.0	156.2	510.9	16.0	498.1	480.2	Cap Off	347.2055557829379	1359.0592334405444	350.4462988022702	1359.0592334405444
0.67	3.109	495.4	7.0	188.9	549.4	25.0	507.7	483.1	Cap Off	705.195681059804	753.9987052843418	732.322669624771	784.5285367146282
3.168	3.298	1034.4	199.6	707.4	974.5	483.8	15.0	897.2	Apply Tip	860.2693189404725	819.516277146481	886.7799169706738	863.2855553465769
3.348	3.858	1600.0	201.7	786.1	1600.0	530.1	48.0	508.7	Apply Tip	642.3551569744511	583.9797844225299	651.7160834401176	619.9489215450393
3.928	4.078	1600.0	217.0	298.2	705.7	24.3	372.6	2.2	Apply Tip	141.28258569183413	550.9892393146513	265.41392870428035	533.2159085969727
4.218	6.407	583.7	225.1	266.1	622.7	18.0	23.8	538.1	Apply Tip	438.3580171400055	451.1440929496491	440.8132256939987	479.34888993262825
6.466	9.384	594.9	209.4	275.4	637.4	24.2	1600.0	536.2	Apply Tip	436.10420077376233	478.2423686971957	477.2397046245636	472.3752099860635
9.415	9.665	502.7	307.0	118.7	559.9	0.0	498.6	138.1	Apply Tip	197.3068138134602	374.8830228403584	269.38444509487243	359.5176160195721
9.674	10.024	505.9	307.6	1600.0	529.2	16.6	493.1	254.3	Apply Tip	224.06863392515376	321.47869324224416	289.7076557648957	330.80263992436
10.044	11.113	591.6	221.7	30.4	583.6	57.5	402.6	310.0	Setting Units	374.1468930415213	468.8699584390853	421.1953040789587	382.7692728413763
11.134	12.523	578.9	229.2	5.4	580.2	43.0	409.8	299.1	Setting Units	365.1696133745563	461.1150243945354	406.9635985731541	425.10456093014955
12.563	12.843	399.2	396.0	136.7	479.8	0.0	591.1	129.8	Priming	112.24193693451923	601.8505006744998	184.44552782046011	609.3682906539146
12.863	13.143	447.0	343.3	170.0	527.5	0.0	545.7	96.6	Priming	152.17662821759825	526.7470273271255	210.332054358281	585.7329411633273
13.162	14.071	468.9	332.7	288.5	605.7	27.0	556.4	8.1	Priming	335.22657458010747	281.8355964065066	350.79645136684763	361.815933083659
14.632	14.792	0.0	824.6	542.6	291.3	486.3	1047.1	500.0	Priming	185.1198653500807	355.41061131957156	220.49163366359934	374.976501328383
14.871	16.08	0.0	821.7	542.6	290.0	483.7	1043.3	498.9	Priming	197.5844497534601	352.98237809965025	196.8796379407238	371.773578645452
16.471	16.621	0.0	828.1	551.2	289.2	491.2	1053.4	502.2	Priming	246.46559547072474	341.31458008034235	267.5563469367174	264.9847376565012
16.63	17.43	0.0	845.7	556.2	260.3	505.7	1065.0	522.1	Priming	291.055875402542	379.30574956955616	291.18828725117913	297.4217417819271
17.44	18.529	0.0	863.3	567.7	242.1	523.0	1079.3	545.3	Priming	318.5585414596318	409.7821023238099	318.333159301007	310.7719553042043
18.649	18.799	0.0	829.7	552.2	296.0	489.1	1054.6	501.2	Priming	285.39457209834853	359.1701729434439	274.72929594255	286.19335930218847
18.809	19.039	0.0	825.4	551.5	301.1	485.1	1052.2	495.8	Priming	281.2218661046566	352.32696253586454	270.380061899754	283.3101868600384
19.169	19.279	0.0	829.8	551.8	294.2	489.2	1055.8	500.4	Priming	286.1702447095115	358.79127865799666	279.05446387588313	287.2911133475973
19.289	19.399	0.0	833.9	554.1	282.1	493.5	1059.4	506.9	Priming	291.2420643800157	361.18007437168404	273.6875948213281	296.80074431862664
19.429	19.789	0.0	826.1	545.5	280.0	484.3	1049.9	498.6	Priming	279.24416087856343	329.70645041222656	262.8412294650873	299.4299267920604
19.799	20.718	0.0	840.4	557.8	272.0	501.7	1065.4	517.5	Priming	498.198663591192	497.91127402000615	460.41613462409674	532.1914510746918
20.728	20.878	0.0	822.3	543.1	281.0	482.9	1047.8	497.9	Priming	865.7256989524359	826.428310937714	824.4622728109731	876.3712266697986
20.888	20.998	0.0	825.1	547.5	287.0	485.1	1051.4	498.4	Priming	857.7940835464087	816.8603409810505	815.7457270093623	867.5445695720948
21.008	21.158	0.0	823.9	546.4	288.0	484.1	1049.2	495.9	Priming	847.5850387672851	807.119726518934	809.2343852488298	859.1061837437483
21.168	21.398	0.0	826.8	550.4	288.1	487.3	1052.9	498.8	Priming	843.3150558858173	804.2411952453594	806.6978801489338	857.6913144454701
21.408	21.598	0.0	855.4	571.9	273.3	516.4	1078.7	531.5	Priming	872.2210298170834	838.9473626359096	834.5806400808045	888.8421212099786
21.608	21.918	0.0	836.3	560.7	291.6	496.9	1062.8	508.4	Priming	847.1608751233193	812.2705584312102	811.586995665727	864.6190208414004
21.927	21.997	0.0	827.8	553.3	300.0	487.8	1054.9	499.7	Priming	835.4523304272781	793.646514608006	797.9818506357211	851.4256940172903
22.207	22.357	0.0	841.9	562.8	290.0	502.6	1067.6	515.4	Priming	852.4196907561618	816.419737795783	817.3513418715281	871.9590680216162
22.367	24.316	0.0	822.9	551.0	301.0	483.8	1051.2	494.5	Priming	831.9117468095702	791.4261120965331	798.663175118255	848.975203123764
24.576	24.696	540.3	267.9	76.2	496.4	16.0	467.4	197.1	Priming	575.1141552185522	428.41839217814425	578.8290333294161	518.5866579986822
24.716	26.225	605.8	201.0	70.8	581.0	96.3	372.0	350.1	Setting Units	571.0738780987112	457.89249910006583	556.9272721311532	545.9702933497945
26.265	26.365	543.7	246.8	4.1	551.3	25.1	437.6	284.4	Setting Units	588.3178691501881	489.527260241022	570.1472325164852	572.572743510231
26.405	27.484	548.4	234.9	0.0	559.5	37.0	430.1	291.6	Setting Units	578.8254729670825	472.013557282096	562.8054316541977	558.220870915714
27.504	30.033	557.9	231.8	4.5	559.2	42.0	422.6	296.1	Setting Units	427.9860517421495	362.2543348422892	433.7581642750907	432.05439772372995
30.123	30.203	618.7	195.2	31.1	570.3	77.1	404.3	328.2	Setting Units	907.040535046787	767.80951519903	921.0242475019201	813.3607168364733
30.472	30.612	243.4	949.7	604.1	0.0	382.4	1600.0	375.4	Injection	403.03328940356926	339.0150239112094	390.78249433433535	379.93808463182063
30.622	30.962	226.9	969.3	460.5	0.0	229.7	1600.0	937.5	Injection	582.7241571149964	485.31406894255514	572.900731188837	518.9159660214696
31.042	31.402	223.0	1600.0	275.5	0.0	88.5	1600.0	1600.0	Injection	730.8792955940332	620.3973106953738	718.8044441502649	642.5897094215192
31.422	31.962	225.5	1600.0	213.3	1.4	6.0	1600.0	3.0	Injection	726.4123572756085	617.8848948704193	716.7413694731664	635.0706130758603
31.982	32.642	232.6	1600.0	212.3	1.0	11.2	1600.0	1.0	Injection	694.3752517054277	548.9301846802649	691.8480434958545	656.1985438329837
33.401	33.561	0.0	1600.0	140.0	301.9	150.7	1600.0	356.1	Injection	564.3821003940986	1078.9957581270503	564.6568581173235	1062.8267549075279
33.681	34.441	0.0	1600.0	167.5	323.5	177.2	1600.0	377.1	Injection	904.1892264143365	848.0540477527027	922.5191499172101	907.1318498142303
34.62	34.77	0.0	1600.0	203.6	355.2	216.6	1600.0	646.1	Injection	569.6195039813914	1562.70598642227	703.658363408119	1562.70598642227
34.78	35.999	0.0	1600.0	140.6	291.1	151.8	1600.0	693.6	Injection	514.2096972081652	1516.0369388639579	648.9534342404546	1516.0369388639579
36.139	36.369	0.0	1600.0	187.5	340.2	199.6	1600.0	651.8	Injection	414.5798852768939	1345.7351438687876	544.5246887967634	1324.0538872621585
36.499	37.339	0.0	1600.0	144.1	294.1	152.7	1600.0	695.5	Injection	275.3269505675225	1156.8031495082098	402.2295091669659	1088.1771991277806
37.518	38.148	0.0	1600.0	145.7	297.2	153.1	1600.0	348.8	Injection	280.1521513124295	1244.9225830694716	403.7402275359551	1209.1485842347786
38.158	38.228	0.0	1600.0	132.7	287.8	139.1	1600.0	681.6	Injection	292.2174292262332	1516.0369388639579	414.14906768832793	1516.0369388639579
38.238	38.358	0.0	1600.0	146.2	299.5	153.0	1600.0	350.8	Injection	285.92319829481374	1511.7942981768385	410.57918490914517	1511.7942981768385
38.618	38.688	43.6	1600.0	13.6	169.5	26.3	1600.0	209.7	Injection	284.6552266620232	1171.9350226355502	409.76616280689836	1120.1542275682157
38.708	39.598	0.0	1600.0	143.9	295.5	152.6	1600.0	682.1	Injection	280.29467678793463	1278.432314580943	405.85147468274823	1248.5350719391413
39.917	41.406	0.0	1600.0	138.9	293.1	151.8	1600.0	344.2	Injection	280.6289014287072	1058.0328381569063	405.3029547038833	964.171871664315
41.676	42.575	0.0	1600.0	146.5	298.8	157.7	1600.0	351.5	Injection	274.3072027353237	1203.378755483648	396.0521174017391	1163.7267775016528
42.615	43.095	0.0	1008.6	179.5	330.2	190.6	1600.0	382.7	Injection	396.78391284001225	1211.4126222144644	489.9523628188142	1158.0546505253035
43.115	43.455	0.0	1004.3	170.7	315.0	175.9	1600.0	367.3	Injection	433.58877779332033	1418.1394234481706	511.98470926376	1406.6450025018917
43.595	44.165	0.0	1000.4	157.3	307.7	166.1	1600.0	360.0	Injection	447.7781365795927	1217.8254631415432	521.4308477530536	1163.6791266460828
44.175	44.435	0.0	1008.6	86.3	221.4	88.0	1600.0	276.8	Injection	382.8561292348548	1103.7295307840755	451.09518895764955	1041.8140803650433
44.484	44.744	216.6	934.0	159.1	23.0	0.0	1600.0	908.5	Injection	367.20219693332416	1322.767767698047	430.53932543916136	1308.0382665614143
44.764	44.864	234.4	925.4	183.7	13.9	13.4	1600.0	913.0	Injection	364.274649888333	857.8191189082878	424.86447963104865	732.8187866709142
45.694	46.094	1600.0	155.2	804.5	1095.7	512.8	31.0	456.3	Remove Tip	544.9665448062846	1166.0133973391216	625.3200057547422	1075.288196334222
46.363	47.043	691.4	194.7	320.4	645.3	29.4	53.9	2.8	Remove Tip	298.6961801241674	915.2467462138056	341.1910768215551	831.7418941787735
47.103	47.363	717.4	183.0	332.1	658.1	37.1	0.0	11.0	Remove Tip	332.78131121216285	1075.6960350730299	385.1603987932523	1023.0955613278672
47.503	48.582	715.5	186.2	306.6	646.8	37.0	0.0	1600.0	Remove Tip	348.36071910253867	943.9227357905407	406.482545962335	852.5782444018837
48.802	48.882	718.7	187.4	312.5	648.4	42.7	1600.0	1600.0	Remove Tip	343.1416228944247	822.3178471995265	399.466069138599	689.8120526522905
48.902	49.941	713.1	196.6	306.0	635.9	20.0	0.0	1600.0	Remove Tip	351.67484468361835	894.423098119504	411.5646357572597	782.1517069458739
50.121	50.711	741.9	194.6	323.8	658.4	38.8	154.7	11.0	Remove Tip	331.23981865419665	1022.6660696516627	409.9117715222663	937.6552061308174
50.761	51.161	861.3	0.0	517.2	857.8	242.7	298.6	222.1	Cap On	422.437748518238	1445.5310282922683	538.1265378561218	1416.2723480978188
51.2	51.41	712.1	185.5	315.6	649.5	26.6	1600.0	6.7	Cap On	179.45051965485544	957.2974657675144	304.40300050020164	792.7468429438685
51.47	52.21	718.4	130.2	314.9	642.1	28.0	438.0	2.0	Cap On	189.31695858935194	916.0566658389915	278.5675422233497	748.6566328481987
52.23	52.73	700.3	1.0	307.8	626.4	14.0	420.7	1600.0	Cap On	762.0006005337134	301.0935878951358	760.323350134743	330.54770125643296
52.75	53.04	623.2	1.0	205.4	538.0	4.0	504.1	1600.0	Cap On	210.70087211756172	313.16929157790014	218.86456476412687	396.7751406398886
53.119	53.259	448.6	179.9	26.5	363.2	0.0	687.0	1600.0	Cap On	68.39246355169678	554.3526080081231	101.35829576158822	291.35695887831434
53.449	53.619	479.0	135.0	65.2	399.4	0.0	644.4	1600.0	Cap On	107.20996378597377	202.09868134310173	126.5212571449425	214.0749087593945
53.649	54.009	545.7	19.3	157.0	510.3	0.0	556.8	1600.0	Cap On	262.6609526933038	562.1215588977864	268.36426844742454	607.323920297362
54.039	54.499	408.9	152.9	16.0	372.9	0.0	703.9	639.3	Cap On	686.0441642646542	386.7111357987789	702.1468456306816	449.6431792829206
54.698	54.948	377.1	171.0	9.0	362.5	9.0	720.5	599.0	Cap On	301.39190904552714	175.74531884706056	329.3352016771972	234.30862312496546
54.978	55.248	511.9	42.1	128.0	463.4	0.0	587.3	1600.0	Cap On	354.82985726337955	354.66187672378624	403.68680271329225	422.02314017302507
