Thumb_R	Index_R	Time
0.0	0.0	0.04
0.0	0.0	0.08
0.0	0.0	0.12
0.0	0.0	0.16
0.0	0.0	0.2
0.0	0.0	0.24
0.0	0.0	0.28
0.0	0.0	0.32
0.0	0.0	0.36
0.0	0.0	0.4
0.0	0.0	0.44
0.0	0.0	0.48
0.0	0.0	0.52
0.0	0.0	0.56
0.0	0.0	0.6
0.0	0.0	0.64
0.0	0.0	0.68
0.0	0.0	0.72
0.0	0.0	0.76
0.0	0.0	0.8
0.0	0.0	0.84
0.0	0.0	0.88
0.0	0.0	0.92
0.0	0.0	0.96
0.0	0.0	1.0
0.0	0.0	1.04
0.0	0.0	1.08
0.0	0.0	1.12
0.0	0.0	1.16
0.0	0.0	1.2
0.0	0.0	1.24
0.0	0.0	1.28
0.0	0.0	1.32
0.0	0.0	1.36
0.0	0.0	1.4
0.0	0.0	1.44
0.0	0.0	1.48
0.0	0.0	1.52
0.0	0.0	1.56
0.0	0.0	1.6
0.0	0.0	1.64
0.0	0.0	1.68
0.0	0.0	1.72
0.0	0.0	1.76
0.0	0.0	1.8
0.0	0.0	1.84
0.0	0.0	1.88
0.0	0.0	1.92
0.0	0.0	1.96
0.0	0.0	2.0
0.0	0.0	2.04
0.0	0.0	2.08
0.0	0.0	2.12
0.0	0.0	2.16
0.0	0.0	2.2
0.0	0.0	2.24
0.0	0.0	2.28
0.0	0.0	2.32
0.0	0.0	2.36
0.0	0.0	2.4
1962.0394123090616	1962.0394123090616	2.44
0.0	0.0	2.48
0.0	0.0	2.52
0.0	0.0	2.56
0.0	0.0	2.6
0.0	0.0	2.64
0.0	0.0	2.68
0.0	0.0	2.72
0.0	0.0	2.76
0.0	0.0	2.8
433.9257317156128	433.9257317156128	2.84
470.9228698514672	470.9228698514672	2.88
517.2649277826721	517.2649277826721	2.92
583.9483880776415	583.9483880776415	2.96
685.7187809497769	685.7187809497769	3.0
806.6009235354226	806.6009235354226	3.04
904.5624756812488	904.5624756812488	3.08
956.33168645282	956.33168645282	3.12
992.2514719052652	992.2514719052652	3.16
1003.1106092717614	1003.1106092717614	3.2
989.0734509872898	989.0734509872898	3.24
979.399271835614	979.399271835614	3.28
963.8552614880531	963.8552614880531	3.32
945.1619561079805	945.1619561079805	3.36
932.4191172389438	932.4191172389438	3.4
921.6687940910027	921.6687940910027	3.44
920.4963314565384	920.4963314565384	3.48
932.0852748309399	932.0852748309399	3.52
969.7250223623662	969.7250223623662	3.56
964.8435719358985	964.8435719358985	3.6
957.2906888835673	957.2906888835673	3.64
951.5408122858469	951.5408122858469	3.68
949.4383571980293	949.4383571980293	3.72
942.0426024935051	942.0426024935051	3.76
921.8558494372312	921.8558494372312	3.8
914.2434798320327	914.2434798320327	3.84
908.8651866657913	908.8651866657913	3.88
895.2203653270177	895.2203653270177	3.92
836.6268134497817	836.6268134497817	3.96
739.6455464192334	739.6455464192334	4.0
672.5675253608176	672.5675253608176	4.04
670.1961098092477	670.1961098092477	4.08
684.4800795402502	684.4800795402502	4.12
694.8246810221294	694.8246810221294	4.16
714.5000920783314	714.5000920783314	4.2
730.891367847091	730.891367847091	4.24
754.9837462639774	754.9837462639774	4.28
783.4842347890351	783.4842347890351	4.32
803.96502905147	803.96502905147	4.36
813.3695122495286	813.3695122495286	4.4
817.8945637610149	817.8945637610149	4.44
827.6208253487926	827.6208253487926	4.48
843.5514747251684	843.5514747251684	4.52
851.3534510890954	851.3534510890954	4.56
855.2695152019834	855.2695152019834	4.6
844.8203492201347	844.8203492201347	4.64
835.6714396377917	835.6714396377917	4.68
824.0693274152106	824.0693274152106	4.72
810.2882161143899	810.2882161143899	4.76
800.1110547089224	800.1110547089224	4.8
808.1615197479979	808.1615197479979	4.84
834.0207018051495	834.0207018051495	4.88
875.8436005242714	875.8436005242714	4.92
940.856942460602	940.856942460602	4.96
964.1421955051187	964.1421955051187	5.0
984.1408632464904	984.1408632464904	5.04
984.1484673673967	984.1484673673967	5.08
986.0624344388686	986.0624344388686	5.12
988.6173478198752	988.6173478198752	5.16
987.9585808207613	987.9585808207613	5.2
977.9459587952747	977.9459587952747	5.24
988.4493369128844	988.4493369128844	5.28
993.4769106473257	993.4769106473257	5.32
1000.3637392733198	1000.3637392733198	5.36
1011.1480820201645	1011.1480820201645	5.4
1013.4736589294452	1013.4736589294452	5.44
1014.1155437665533	1014.1155437665533	5.48
1009.9334120779693	1009.9334120779693	5.52
1020.9602259352704	1020.9602259352704	5.56
1025.8202147096747	1025.8202147096747	5.6
1033.1584927870117	1033.1584927870117	5.64
1025.4376530731383	1025.4376530731383	5.68
1019.878766092254	1019.878766092254	5.72
1002.3290079795514	1002.3290079795514	5.76
994.2743756421371	994.2743756421371	5.8
992.5268527956714	992.5268527956714	5.84
986.4179768452607	986.4179768452607	5.88
975.332955782454	975.332955782454	5.92
940.6760544730066	940.6760544730066	5.96
873.5779234746401	873.5779234746401	6.0
812.6087499112098	812.6087499112098	6.04
772.1943962189494	772.1943962189494	6.08
714.4810503860037	714.4810503860037	6.12
0.0	0.0	6.16
0.0	0.0	6.2
0.0	0.0	6.24
0.0	0.0	6.28
0.0	0.0	6.32
0.0	0.0	6.36
0.0	0.0	6.4
0.0	0.0	6.44
0.0	0.0	6.48
0.0	0.0	6.52
0.0	0.0	6.56
0.0	0.0	6.6
0.0	0.0	6.64
722.4076851144235	722.4076851144235	6.68
734.2506359129079	734.2506359129079	6.72
739.5437525359547	739.5437525359547	6.76
741.8101291099968	741.8101291099968	6.8
756.5727533946133	756.5727533946133	6.84
785.9379513273515	785.9379513273515	6.88
838.4418260690023	838.4418260690023	6.92
854.6409452579627	854.6409452579627	6.96
857.7383573617174	857.7383573617174	7.0
854.9829725471703	854.9829725471703	7.04
851.0286361354871	851.0286361354871	7.08
836.0957289070572	836.0957289070572	7.12
817.6378273325869	817.6378273325869	7.16
796.505944992746	796.505944992746	7.2
778.6293959521072	778.6293959521072	7.24
774.0315244220658	774.0315244220658	7.28
772.2355381527091	772.2355381527091	7.32
772.9807890848566	772.9807890848566	7.36
769.6803229476432	769.6803229476432	7.4
764.6016134012654	764.6016134012654	7.44
766.9072043728731	766.9072043728731	7.48
765.0244994788442	765.0244994788442	7.52
762.8583384607973	762.8583384607973	7.56
764.3026935825015	764.3026935825015	7.6
763.8251958927294	763.8251958927294	7.64
763.1731246181398	763.1731246181398	7.68
760.3474593206724	760.3474593206724	7.72
762.7242587877062	762.7242587877062	7.76
763.9701308962391	763.9701308962391	7.8
769.5936043637704	769.5936043637704	7.84
772.1405197231562	772.1405197231562	7.88
772.2618006708232	772.2618006708232	7.92
777.9031536250494	777.9031536250494	7.96
782.3185181032858	782.3185181032858	8.0
783.3157151672067	783.3157151672067	8.04
789.210959135268	789.210959135268	8.08
789.1134633556949	789.1134633556949	8.12
791.56975898576	791.56975898576	8.16
791.9068628586007	791.9068628586007	8.2
792.1911225103102	792.1911225103102	8.24
792.0949040210471	792.0949040210471	8.28
792.4293207148314	792.4293207148314	8.32
792.3850126847923	792.3850126847923	8.36
796.4449881681993	796.4449881681993	8.4
797.2968772441594	797.2968772441594	8.44
798.3645916139964	798.3645916139964	8.48
798.9275001842057	798.9275001842057	8.52
799.8242420782717	799.8242420782717	8.56
797.1152228665647	797.1152228665647	8.6
801.890567222871	801.890567222871	8.64
802.7849972657017	802.7849972657017	8.68
804.5216571835127	804.5216571835127	8.72
803.1821460127431	803.1821460127431	8.76
801.0605157409892	801.0605157409892	8.8
800.2598094065113	800.2598094065113	8.84
798.3326437353682	798.3326437353682	8.88
797.0460103140027	797.0460103140027	8.92
796.8764858741935	796.8764858741935	8.96
796.0428847877319	796.0428847877319	9.0
795.359727435422	795.359727435422	9.04
797.8904518705489	797.8904518705489	9.08
802.0608881041325	802.0608881041325	9.12
800.3429657129427	800.3429657129427	9.16
803.9837756396956	803.9837756396956	9.2
799.3080296383791	799.3080296383791	9.24
807.185427000699	807.185427000699	9.28
806.8154256415806	806.8154256415806	9.32
806.2252242582858	806.2252242582858	9.36
805.8286705219084	805.8286705219084	9.4
804.751406092255	804.751406092255	9.44
805.6391267357311	805.6391267357311	9.48
799.2266087080023	799.2266087080023	9.52
803.75769936136	803.75769936136	9.56
806.8472127979234	806.8472127979234	9.6
808.3408946322746	808.3408946322746	9.64
804.3620286476948	804.3620286476948	9.68
803.2499454064246	803.2499454064246	9.72
802.609000247587	802.609000247587	9.76
803.751662004848	803.751662004848	9.8
802.4929862746744	802.4929862746744	9.84
806.6734154661324	806.6734154661324	9.88
816.0116449414968	816.0116449414968	9.92
819.6308044625019	819.6308044625019	9.96
830.9361010063225	830.9361010063225	10.0
838.347316537575	838.347316537575	10.04
836.5003945575097	836.5003945575097	10.08
836.576004478848	836.576004478848	10.12
823.5354431837267	823.5354431837267	10.16
812.9269009784429	812.9269009784429	10.2
798.8680169801175	798.8680169801175	10.24
778.4554505932716	778.4554505932716	10.28
765.3097458575883	765.3097458575883	10.32
759.6391100873275	759.6391100873275	10.36
757.505943598162	757.505943598162	10.4
757.5123250105362	757.5123250105362	10.44
757.0239539422521	757.0239539422521	10.48
757.7149944982891	757.7149944982891	10.52
765.3275678463708	765.3275678463708	10.56
762.9325555370623	762.9325555370623	10.6
761.4305381330719	761.4305381330719	10.64
756.1279339906768	756.1279339906768	10.68
738.9419397160802	738.9419397160802	10.72
742.569093823264	742.569093823264	10.76
738.8813757884893	738.8813757884893	10.8
748.3240548487154	748.3240548487154	10.84
755.9756694408874	755.9756694408874	10.88
738.4362340686605	738.4362340686605	10.92
739.1048628482183	739.1048628482183	10.96
745.097967718718	745.097967718718	11.0
752.5766713317512	752.5766713317512	11.04
753.8021026039639	753.8021026039639	11.08
752.5244151596837	752.5244151596837	11.12
753.1106100098879	753.1106100098879	11.16
749.6948400731221	749.6948400731221	11.2
757.637646335161	757.637646335161	11.24
759.7708111455136	759.7708111455136	11.28
770.0297282098134	770.0297282098134	11.32
762.4567227384933	762.4567227384933	11.36
767.4937819561376	767.4937819561376	11.4
773.8669184372906	773.8669184372906	11.44
771.7623321087199	771.7623321087199	11.48
775.1094319030622	775.1094319030622	11.52
771.1773972465081	771.1773972465081	11.56
770.9669918145706	770.9669918145706	11.6
765.2702047804771	765.2702047804771	11.64
763.3596211562507	763.3596211562507	11.68
759.1606311740362	759.1606311740362	11.72
763.3184266948242	763.3184266948242	11.76
755.3044534297998	755.3044534297998	11.8
749.4818373516123	749.4818373516123	11.84
749.3163006480778	749.3163006480778	11.88
744.5221541900161	744.5221541900161	11.92
742.8589352314197	742.8589352314197	11.96
744.8224195428735	744.8224195428735	12.0
742.5936394476589	742.5936394476589	12.04
724.9678424657918	724.9678424657918	12.08
680.0532449184083	680.0532449184083	12.12
660.7090666273758	660.7090666273758	12.16
688.6035064465964	688.6035064465964	12.2
712.0596245921269	712.0596245921269	12.24
716.0759747211707	716.0759747211707	12.28
710.9087813988946	710.9087813988946	12.32
698.5066831618553	698.5066831618553	12.36
697.457947721446	697.457947721446	12.4
693.4201293756225	693.4201293756225	12.44
698.0264659945386	698.0264659945386	12.48
700.8748852767233	700.8748852767233	12.52
703.6557291907541	703.6557291907541	12.56
719.3718789083172	719.3718789083172	12.6
726.1924340470214	726.1924340470214	12.64
743.9213886961867	743.9213886961867	12.68
755.0094002447956	755.0094002447956	12.72
1684.8061814985188	1684.8061814985188	12.76
808.7221704555407	808.7221704555407	12.8
1765.0613827120376	1765.0613827120376	12.84
844.9014340476762	844.9014340476762	12.88
845.491351410447	845.491351410447	12.92
837.9742927062567	837.9742927062567	12.96
828.7011643485215	828.7011643485215	13.0
831.276555717615	831.276555717615	13.04
1767.0522553855021	1767.0522553855021	13.08
1789.66458873147	1789.66458873147	13.12
872.9664297674364	872.9664297674364	13.16
879.1306812967166	879.1306812967166	13.2
884.3720492386828	884.3720492386828	13.24
898.2698767899941	898.2698767899941	13.28
895.217306524403	895.217306524403	13.32
892.1058965184974	892.1058965184974	13.36
905.5591402506668	905.5591402506668	13.4
909.0429330078534	909.0429330078534	13.44
907.0907767521219	907.0907767521219	13.48
909.8454293208354	909.8454293208354	13.52
912.7041669185744	912.7041669185744	13.56
920.5391923708279	920.5391923708279	13.6
939.8197334310903	939.8197334310903	13.64
925.6975003839706	925.6975003839706	13.68
926.79522226553	926.79522226553	13.72
923.4137028810542	923.4137028810542	13.76
914.7601166593818	914.7601166593818	13.8
905.1203309919167	905.1203309919167	13.84
895.3870277396306	895.3870277396306	13.88
902.0931280779521	902.0931280779521	13.92
900.4814354859058	900.4814354859058	13.96
908.8357411027532	908.8357411027532	14.0
912.9252602229293	912.9252602229293	14.04
918.2765510217929	918.2765510217929	14.08
919.8783547215955	919.8783547215955	14.12
912.2307586758873	912.2307586758873	14.16
914.0631065756403	914.0631065756403	14.2
923.509957782897	923.509957782897	14.24
933.0350113643633	933.0350113643633	14.28
932.9518036694657	932.9518036694657	14.32
922.9562212201371	922.9562212201371	14.36
912.4652399142462	912.4652399142462	14.4
896.8358261587694	896.8358261587694	14.44
885.5344437597718	885.5344437597718	14.48
863.4253423737518	863.4253423737518	14.52
838.5043125891118	838.5043125891118	14.56
832.101611566631	832.101611566631	14.6
819.5087004141709	819.5087004141709	14.64
810.6735213229518	810.6735213229518	14.68
796.5636108050599	796.5636108050599	14.72
778.1869162223476	778.1869162223476	14.76
773.3029326801337	773.3029326801337	14.8
765.7199735242104	765.7199735242104	14.84
750.5960262657306	750.5960262657306	14.88
751.8038424291852	751.8038424291852	14.92
751.8541943814332	751.8541943814332	14.96
747.0573651579698	747.0573651579698	15.0
747.0260859275926	747.0260859275926	15.04
744.0189064608744	744.0189064608744	15.08
743.5778668839315	743.5778668839315	15.12
745.997980177213	745.997980177213	15.16
745.600069314648	745.600069314648	15.2
746.2273617384229	746.2273617384229	15.24
749.4428082878657	749.4428082878657	15.28
752.1935685513254	752.1935685513254	15.32
750.7191353945014	750.7191353945014	15.36
759.4345084856141	759.4345084856141	15.4
762.2896884774918	762.2896884774918	15.44
763.3140709635935	763.3140709635935	15.48
769.8188488098564	769.8188488098564	15.52
785.168427275318	785.168427275318	15.56
781.6898284015708	781.6898284015708	15.6
821.6169190742245	821.6169190742245	15.64
857.1666450267088	857.1666450267088	15.68
912.8214881645321	912.8214881645321	15.72
950.8918358768138	950.8918358768138	15.76
989.2889131819092	989.2889131819092	15.8
1007.4843859689313	1007.4843859689313	15.84
1028.663492148362	1028.663492148362	15.88
1043.8294701803036	1043.8294701803036	15.92
1053.5481869272091	1053.5481869272091	15.96
1058.722316220839	1058.722316220839	16.0
1084.9150514099447	1084.9150514099447	16.04
1107.0572844811452	1107.0572844811452	16.08
1119.6303276208607	1119.6303276208607	16.12
1127.7848200201483	1127.7848200201483	16.16
1138.6205649064896	1138.6205649064896	16.2
1137.0485339186134	1137.0485339186134	16.24
1138.4203456976736	1138.4203456976736	16.28
1135.6031183017906	1135.6031183017906	16.32
1132.239705539521	1132.239705539521	16.36
1124.831116245564	1124.831116245564	16.4
1120.8929729118297	1120.8929729118297	16.44
1114.0328738087687	1114.0328738087687	16.48
1109.3203742678147	1109.3203742678147	16.52
1106.2571924954134	1106.2571924954134	16.56
1104.1077678051697	1104.1077678051697	16.6
1100.491407069556	1100.491407069556	16.64
1095.8403397912234	1095.8403397912234	16.68
1093.5089870822264	1093.5089870822264	16.72
1093.1200300657597	1093.1200300657597	16.76
1091.7134989048184	1091.7134989048184	16.8
1091.9212976439578	1091.9212976439578	16.84
1090.8658287571068	1090.8658287571068	16.88
1088.5719291876053	1088.5719291876053	16.92
1087.3975871713853	1087.3975871713853	16.96
1091.650058069254	1091.650058069254	17.0
1094.123106219399	1094.123106219399	17.04
1095.1039156255574	1095.1039156255574	17.08
1097.093856365806	1097.093856365806	17.12
1096.8043546693339	1096.8043546693339	17.16
1098.6379492536591	1098.6379492536591	17.2
1101.0505818178121	1101.0505818178121	17.24
1102.8070450125254	1102.8070450125254	17.28
1102.3657886082879	1102.3657886082879	17.32
1100.049517111455	1100.049517111455	17.36
1098.4887906052047	1098.4887906052047	17.4
1102.7138554981811	1102.7138554981811	17.44
1100.156099707954	1100.156099707954	17.48
1101.306477460912	1101.306477460912	17.52
1103.7553799037403	1103.7553799037403	17.56
1103.0005086637866	1103.0005086637866	17.6
1104.7246943194289	1104.7246943194289	17.64
1109.2170051315497	1109.2170051315497	17.68
1111.4526635577533	1111.4526635577533	17.72
1109.044063468106	1109.044063468106	17.76
1111.0641573189034	1111.0641573189034	17.8
1110.1471485076243	1110.1471485076243	17.84
1111.0075676011825	1111.0075676011825	17.88
1112.4436062433194	1112.4436062433194	17.92
1109.5232064341683	1109.5232064341683	17.96
1108.980102423901	1108.980102423901	18.0
1116.6539572652548	1116.6539572652548	18.04
1112.1221203397356	1112.1221203397356	18.08
1109.5433037017738	1109.5433037017738	18.12
1108.3935420320956	1108.3935420320956	18.16
1108.8078912114863	1108.8078912114863	18.2
1107.7895027975028	1107.7895027975028	18.24
1108.9421719416516	1108.9421719416516	18.28
1103.6416227610737	1103.6416227610737	18.32
1104.301915118929	1104.301915118929	18.36
1104.0696515840987	1104.0696515840987	18.4
1106.275548675308	1106.275548675308	18.44
1102.8518447510523	1102.8518447510523	18.48
1105.5324774026672	1105.5324774026672	18.52
1107.7423586649613	1107.7423586649613	18.56
1107.8776300810491	1107.8776300810491	18.6
1110.1812435410393	1110.1812435410393	18.64
1110.3976138838834	1110.3976138838834	18.68
1108.650731014406	1108.650731014406	18.72
1105.4468846421548	1105.4468846421548	18.76
1108.814202517353	1108.814202517353	18.8
1110.0439193442683	1110.0439193442683	18.84
1108.6659132645377	1108.6659132645377	18.88
1109.4446893691127	1109.4446893691127	18.92
1111.5404845190542	1111.5404845190542	18.96
1111.0286266656221	1111.0286266656221	19.0
1114.5239391587804	1114.5239391587804	19.04
1109.5554031640006	1109.5554031640006	19.08
1113.0814009355108	1113.0814009355108	19.12
1114.5213242042587	1114.5213242042587	19.16
1111.2164739933874	1111.2164739933874	19.2
1111.8984044828098	1111.8984044828098	19.24
1111.4968591378665	1111.4968591378665	19.28
1115.2125122640264	1115.2125122640264	19.32
1116.7636791132393	1116.7636791132393	19.36
1117.4131768404563	1117.4131768404563	19.4
1114.5823816652407	1114.5823816652407	19.44
1118.4565476799655	1118.4565476799655	19.48
1116.1671597017828	1116.1671597017828	19.52
1117.4244890266111	1117.4244890266111	19.56
1117.095082290086	1117.095082290086	19.6
1115.4363533038584	1115.4363533038584	19.64
1115.5316778420322	1115.5316778420322	19.68
1118.918186651767	1118.918186651767	19.72
1117.8696057184172	1117.8696057184172	19.76
1120.2934004889048	1120.2934004889048	19.8
1121.7361346688192	1121.7361346688192	19.84
1122.1474293730835	1122.1474293730835	19.88
1123.8982189267817	1123.8982189267817	19.92
1122.8904067696578	1122.8904067696578	19.96
1122.10133159907	1122.10133159907	20.0
1122.4553990331456	1122.4553990331456	20.04
1119.590772132456	1119.590772132456	20.08
1117.8664662831152	1117.8664662831152	20.12
1120.3258351798165	1120.3258351798165	20.16
1116.814752572656	1116.814752572656	20.2
1120.0639333349648	1120.0639333349648	20.24
1117.720393494533	1117.720393494533	20.28
1115.8730743835542	1115.8730743835542	20.32
1121.3278134167717	1121.3278134167717	20.36
1130.9725136758343	1130.9725136758343	20.4
1132.8379699655063	1132.8379699655063	20.44
1133.905316143244	1133.905316143244	20.48
1140.8303434669756	1140.8303434669756	20.52
1141.1925022901103	1141.1925022901103	20.56
1136.9472468418312	1136.9472468418312	20.6
1133.4504482577552	1133.4504482577552	20.64
1131.690816385161	1131.690816385161	20.68
1138.0725841683886	1138.0725841683886	20.72
1150.947917974009	1150.947917974009	20.76
1160.7604120642761	1160.7604120642761	20.8
1169.994561194051	1169.994561194051	20.84
1176.667260689897	1176.667260689897	20.88
1184.3991509405894	1184.3991509405894	20.92
1190.0853829077682	1190.0853829077682	20.96
1188.4052285194025	1188.4052285194025	21.0
1188.4348467021484	1188.4348467021484	21.04
1178.6442300194228	1178.6442300194228	21.08
1168.3287677605367	1168.3287677605367	21.12
1156.017124693015	1156.017124693015	21.16
1141.1986931938757	1141.1986931938757	21.2
1120.3113525855424	1120.3113525855424	21.24
1092.5876528959818	1092.5876528959818	21.28
1076.0319441920342	1076.0319441920342	21.32
1064.2801881601213	1064.2801881601213	21.36
1058.5422094209077	1058.5422094209077	21.4
1064.8874689671072	1064.8874689671072	21.44
1054.02189439497	1054.02189439497	21.48
1041.6582312612625	1041.6582312612625	21.52
1026.297757495397	1026.297757495397	21.56
1012.4982128842493	1012.4982128842493	21.6
1010.6633460687792	1010.6633460687792	21.64
1008.0795415924315	1008.0795415924315	21.68
1003.8130648786012	1003.8130648786012	21.72
1006.1335962823505	1006.1335962823505	21.76
1003.3896573073285	1003.3896573073285	21.8
1000.7235458649221	1000.7235458649221	21.84
1001.8262942570383	1001.8262942570383	21.88
1001.6850175241566	1001.6850175241566	21.92
1015.4737569043081	1015.4737569043081	21.96
1030.443291136357	1030.443291136357	22.0
1056.4479833266032	1056.4479833266032	22.04
1078.4781036821635	1078.4781036821635	22.08
1093.513248399523	1093.513248399523	22.12
1110.620218367204	1110.620218367204	22.16
1123.4666022864878	1123.4666022864878	22.2
1126.2375082265394	1126.2375082265394	22.24
1144.5282387675452	1144.5282387675452	22.28
1162.6131358431135	1162.6131358431135	22.32
1176.8692223240807	1176.8692223240807	22.36
1189.1534920021004	1189.1534920021004	22.4
1202.8519829619968	1202.8519829619968	22.44
1209.6219363510718	1209.6219363510718	22.48
1220.5792119794999	1220.5792119794999	22.52
1232.3136915292737	1232.3136915292737	22.56
1238.5852266907561	1238.5852266907561	22.6
1242.3118787602855	1242.3118787602855	22.64
1248.633457011778	1248.633457011778	22.68
1252.6990199204674	1252.6990199204674	22.72
1263.2036217126995	1263.2036217126995	22.76
1270.0402144574753	1270.0402144574753	22.8
1276.1818216990757	1276.1818216990757	22.84
1280.9651509632854	1280.9651509632854	22.88
1281.6870631728411	1281.6870631728411	22.92
1283.083080038001	1283.083080038001	22.96
1282.8170289437967	1282.8170289437967	23.0
1283.480184483546	1283.480184483546	23.04
1285.3293826403233	1285.3293826403233	23.08
1284.831699782459	1284.831699782459	23.12
1281.5867435688342	1281.5867435688342	23.16
1279.550973347906	1279.550973347906	23.2
1278.7433916598568	1278.7433916598568	23.24
1277.5277925904127	1277.5277925904127	23.28
1275.231071842682	1275.231071842682	23.32
1270.7910984577015	1270.7910984577015	23.36
1271.0198750533336	1271.0198750533336	23.4
1271.991598425871	1271.991598425871	23.44
1276.564407238678	1276.564407238678	23.48
1280.341487568854	1280.341487568854	23.52
1279.706166380642	1279.706166380642	23.56
1277.4911464085983	1277.4911464085983	23.6
1287.2581178220496	1287.2581178220496	23.64
1306.6597281557151	1306.6597281557151	23.68
1311.5633861290175	1311.5633861290175	23.72
1308.5854466684893	1308.5854466684893	23.76
1300.809734579659	1300.809734579659	23.8
1302.8946104285085	1302.8946104285085	23.84
1303.422574586065	1303.422574586065	23.88
1328.1103090516822	1328.1103090516822	23.92
1333.8240473372462	1333.8240473372462	23.96
1332.3087572307584	1332.3087572307584	24.0
1327.548803749082	1327.548803749082	24.04
1316.1265966708772	1316.1265966708772	24.08
1304.6902910766103	1304.6902910766103	24.12
1299.6073828666715	1299.6073828666715	24.16
1294.9504773259318	1294.9504773259318	24.2
1291.3286419759936	1291.3286419759936	24.24
1268.0434995193696	1268.0434995193696	24.28
1225.9846997857285	1225.9846997857285	24.32
1177.345332436495	1177.345332436495	24.36
1118.2338257881654	1118.2338257881654	24.4
1073.6299017342453	1073.6299017342453	24.44
1035.0777799329676	1035.0777799329676	24.48
1004.6804608670808	1004.6804608670808	24.52
985.02253726194	985.02253726194	24.56
966.5257925334663	966.5257925334663	24.6
953.3972119255842	953.3972119255842	24.64
939.5613002161075	939.5613002161075	24.68
925.198014325075	925.198014325075	24.72
901.4093615584495	901.4093615584495	24.76
887.0473115398444	887.0473115398444	24.8
874.8243866990312	874.8243866990312	24.84
860.3169813221344	860.3169813221344	24.88
850.8518559697653	850.8518559697653	24.92
839.4525028002411	839.4525028002411	24.96
843.5424701927624	843.5424701927624	25.0
848.7742437782935	848.7742437782935	25.04
834.5066531936476	834.5066531936476	25.08
828.3905699730934	828.3905699730934	25.12
824.847412056832	824.847412056832	25.16
809.5083393644959	809.5083393644959	25.2
808.9811932043897	808.9811932043897	25.24
803.3446881992394	803.3446881992394	25.28
802.5372379732381	802.5372379732381	25.32
795.3689855604247	795.3689855604247	25.36
796.2213624308417	796.2213624308417	25.4
795.9462944963763	795.9462944963763	25.44
791.6605180092846	791.6605180092846	25.48
796.4271069683202	796.4271069683202	25.52
796.1492214653794	796.1492214653794	25.56
794.1892534622596	794.1892534622596	25.6
802.5596132980078	802.5596132980078	25.64
802.5389585449603	802.5389585449603	25.68
801.6273579642532	801.6273579642532	25.72
799.5116003813552	799.5116003813552	25.76
793.4392479621888	793.4392479621888	25.8
787.3135549824691	787.3135549824691	25.84
785.9057332682443	785.9057332682443	25.88
785.0941996509221	785.0941996509221	25.92
787.8319422890636	787.8319422890636	25.96
781.1376274494803	781.1376274494803	26.0
773.6671857979123	773.6671857979123	26.04
779.3514520395038	779.3514520395038	26.08
785.2246010711702	785.2246010711702	26.12
776.7098512026073	776.7098512026073	26.16
776.5362937706401	776.5362937706401	26.2
783.8988591514667	783.8988591514667	26.24
781.9663036216342	781.9663036216342	26.28
785.6599239008065	785.6599239008065	26.32
780.27866708889	780.27866708889	26.36
784.3497098521718	784.3497098521718	26.4
788.143669875173	788.143669875173	26.44
791.3385531856609	791.3385531856609	26.48
791.8638576941092	791.8638576941092	26.52
794.5462497762829	794.5462497762829	26.56
800.4609499009775	800.4609499009775	26.6
798.0513406704578	798.0513406704578	26.64
797.4330329809671	797.4330329809671	26.68
797.4102769592866	797.4102769592866	26.72
797.8404911355964	797.8404911355964	26.76
796.9461676107696	796.9461676107696	26.8
799.0601770372804	799.0601770372804	26.84
797.9612679217621	797.9612679217621	26.88
801.8627738068459	801.8627738068459	26.92
800.5723178255672	800.5723178255672	26.96
801.054470772614	801.054470772614	27.0
807.496324602958	807.496324602958	27.04
806.2198458672752	806.2198458672752	27.08
811.8723831265622	811.8723831265622	27.12
812.1077424741416	812.1077424741416	27.16
814.1874392605073	814.1874392605073	27.2
822.3441148998879	822.3441148998879	27.24
829.4644809261256	829.4644809261256	27.28
839.6173101248426	839.6173101248426	27.32
841.4422463260562	841.4422463260562	27.36
845.754673350228	845.754673350228	27.4
835.6948106530934	835.6948106530934	27.44
828.4924907646862	828.4924907646862	27.48
815.5215643271938	815.5215643271938	27.52
812.7608646369416	812.7608646369416	27.56
809.0281029965694	809.0281029965694	27.6
806.3923765346516	806.3923765346516	27.64
827.0183366930653	827.0183366930653	27.68
844.9925605146581	844.9925605146581	27.72
875.6274558301429	875.6274558301429	27.76
901.9677405757254	901.9677405757254	27.8
930.2314260713114	930.2314260713114	27.84
952.6987825677978	952.6987825677978	27.88
979.6636126764697	979.6636126764697	27.92
1009.1684187838435	1009.1684187838435	27.96
1032.994421549485	1032.994421549485	28.0
1045.7407326893283	1045.7407326893283	28.04
1046.8579449187625	1046.8579449187625	28.08
1066.6411209369712	1066.6411209369712	28.12
1072.696693178651	1072.696693178651	28.16
1096.2284965407912	1096.2284965407912	28.2
1139.2903882405503	1139.2903882405503	28.24
1191.0164605158088	1191.0164605158088	28.28
1247.9478947168943	1247.9478947168943	28.32
1298.9912948537947	1298.9912948537947	28.36
1340.5287552628267	1340.5287552628267	28.4
1373.0560620078013	1373.0560620078013	28.44
1408.2971030742603	1408.2971030742603	28.48
1435.896830934295	1435.896830934295	28.52
1451.2237816170427	1451.2237816170427	28.56
1460.7370021649926	1460.7370021649926	28.6
1470.7110436323842	1470.7110436323842	28.64
1512.4013796146241	1512.4013796146241	28.68
1737.9376065604092	1737.9376065604092	28.72
1629.4571512473296	1629.4571512473296	28.76
1689.5902287732517	1689.5902287732517	28.8
0.0	0.0	28.84
0.0	0.0	28.88
0.0	0.0	28.92
0.0	0.0	28.96
0.0	0.0	29.0
0.0	0.0	29.04
0.0	0.0	29.08
0.0	0.0	29.12
0.0	0.0	29.16
0.0	0.0	29.2
0.0	0.0	29.24
0.0	0.0	29.28
0.0	0.0	29.32
0.0	0.0	29.36
0.0	0.0	29.4
0.0	0.0	29.44
0.0	0.0	29.48
0.0	0.0	29.52
0.0	0.0	29.56
0.0	0.0	29.6
0.0	0.0	29.64
0.0	0.0	29.68
0.0	0.0	29.72
0.0	0.0	29.76
0.0	0.0	29.8
0.0	0.0	29.84
0.0	0.0	29.88
0.0	0.0	29.92
0.0	0.0	29.96
0.0	0.0	30.0
0.0	0.0	30.04
0.0	0.0	30.08
0.0	0.0	30.12
0.0	0.0	30.16
0.0	0.0	30.2
0.0	0.0	30.24
0.0	0.0	30.28
0.0	0.0	30.32
0.0	0.0	30.36
0.0	0.0	30.4
0.0	0.0	30.44
0.0	0.0	30.48
0.0	0.0	30.52
0.0	0.0	30.56
0.0	0.0	30.6
0.0	0.0	30.64
0.0	0.0	30.68
0.0	0.0	30.72
0.0	0.0	30.76
0.0	0.0	30.8
0.0	0.0	30.84
0.0	0.0	30.88
0.0	0.0	30.92
0.0	0.0	30.96
0.0	0.0	31.0
0.0	0.0	31.04
0.0	0.0	31.08
0.0	0.0	31.12
0.0	0.0	31.16
0.0	0.0	31.2
0.0	0.0	31.24
0.0	0.0	31.28
0.0	0.0	31.32
0.0	0.0	31.36
0.0	0.0	31.4
0.0	0.0	31.44
0.0	0.0	31.48
0.0	0.0	31.52
0.0	0.0	31.56
0.0	0.0	31.6
0.0	0.0	31.64
0.0	0.0	31.68
0.0	0.0	31.72
0.0	0.0	31.76
0.0	0.0	31.8
0.0	0.0	31.84
0.0	0.0	31.88
0.0	0.0	31.92
0.0	0.0	31.96
1142.6387273387134	1142.6387273387134	32.0
1165.93942375215	1165.93942375215	32.04
1172.3141917279079	1172.3141917279079	32.08
1173.857845422884	1173.857845422884	32.12
1186.480199752629	1186.480199752629	32.16
1189.2460176352959	1189.2460176352959	32.2
1235.6259140978057	1235.6259140978057	32.24
1302.5117242770334	1302.5117242770334	32.28
1276.5796293221265	1276.5796293221265	32.32
1255.1141394817237	1255.1141394817237	32.36
1275.7886011001042	1275.7886011001042	32.4
1249.2594799106357	1249.2594799106357	32.44
1263.2707175106525	1263.2707175106525	32.48
1247.2732192068643	1247.2732192068643	32.52
1265.622353931877	1265.622353931877	32.56
1266.3455210482075	1266.3455210482075	32.6
1252.1088171727527	1252.1088171727527	32.64
1259.133377378613	1259.133377378613	32.68
1270.0512894212118	1270.0512894212118	32.72
1247.2570287790063	1247.2570287790063	32.76
1271.3947373881701	1271.3947373881701	32.8
1262.9677547808465	1262.9677547808465	32.84
1270.3932606774406	1270.3932606774406	32.88
1290.347575718273	1290.347575718273	32.92
1257.5476924255736	1257.5476924255736	32.96
1274.1921348857497	1274.1921348857497	33.0
1294.7504817673687	1294.7504817673687	33.04
1237.852500277417	1237.852500277417	33.08
1281.3133907236702	1281.3133907236702	33.12
1254.6791898296249	1254.6791898296249	33.16
1285.1891713989962	1285.1891713989962	33.2
1252.5117549429726	1252.5117549429726	33.24
1305.6108464281729	1305.6108464281729	33.28
1277.1317237220949	1277.1317237220949	33.32
1295.6599760252939	1295.6599760252939	33.36
1254.4113364812285	1254.4113364812285	33.4
1289.7453574289857	1289.7453574289857	33.44
1256.5890039465437	1256.5890039465437	33.48
1286.3268071117159	1286.3268071117159	33.52
1246.2594141678596	1246.2594141678596	33.56
1280.2358637787972	1280.2358637787972	33.6
1247.6066166858448	1247.6066166858448	33.64
1281.0864885377096	1281.0864885377096	33.68
1245.9929588912794	1245.9929588912794	33.72
1284.9090292182173	1284.9090292182173	33.76
1254.9579388269867	1254.9579388269867	33.8
1296.17154995462	1296.17154995462	33.84
1246.5292458198003	1246.5292458198003	33.88
1267.1028894907022	1267.1028894907022	33.92
1218.6426007173407	1218.6426007173407	33.96
1225.4695984541372	1225.4695984541372	34.0
1226.677265004905	1226.677265004905	34.04
1267.6007810966278	1267.6007810966278	34.08
1226.9936607181392	1226.9936607181392	34.12
1214.7175346037245	1214.7175346037245	34.16
1192.7156677559701	1192.7156677559701	34.2
1180.281832973774	1180.281832973774	34.24
1200.903410281964	1200.903410281964	34.28
1185.4275072871317	1185.4275072871317	34.32
1206.7032003373893	1206.7032003373893	34.36
1244.1725125635896	1244.1725125635896	34.4
1196.1101587652122	1196.1101587652122	34.44
1189.6454884802595	1189.6454884802595	34.48
1190.1446363763444	1190.1446363763444	34.52
1158.4558718489352	1158.4558718489352	34.56
1171.3745758357672	1171.3745758357672	34.6
1165.5022545791983	1165.5022545791983	34.64
1177.5792158241518	1177.5792158241518	34.68
1174.966109257779	1174.966109257779	34.72
1199.9341696813697	1199.9341696813697	34.76
1174.84086001055	1174.84086001055	34.8
1160.4941851115618	1160.4941851115618	34.84
1146.366475331496	1146.366475331496	34.88
1148.281588988829	1148.281588988829	34.92
1133.1777314632716	1133.1777314632716	34.96
1107.5447660076968	1107.5447660076968	35.0
1109.0461390698663	1109.0461390698663	35.04
1110.8260198825838	1110.8260198825838	35.08
1106.5663400616793	1106.5663400616793	35.12
1107.3957478195707	1107.3957478195707	35.16
1095.7759269759852	1095.7759269759852	35.2
1081.2215931082126	1081.2215931082126	35.24
1081.8446497125892	1081.8446497125892	35.28
1082.1280768095883	1082.1280768095883	35.32
1075.7721775378043	1075.7721775378043	35.36
1067.8948591367403	1067.8948591367403	35.4
1056.9302196857598	1056.9302196857598	35.44
1053.6582596446924	1053.6582596446924	35.48
1056.7767681325545	1056.7767681325545	35.52
1058.4201014069533	1058.4201014069533	35.56
1065.762275408266	1065.762275408266	35.6
1066.0521821594534	1066.0521821594534	35.64
1062.4981001603242	1062.4981001603242	35.68
1068.0489380347813	1068.0489380347813	35.72
1074.413700539966	1074.413700539966	35.76
1069.5710396124002	1069.5710396124002	35.8
1075.2289595010432	1075.2289595010432	35.84
1062.7165143405623	1062.7165143405623	35.88
1072.5785496274375	1072.5785496274375	35.92
1071.8176156663658	1071.8176156663658	35.96
1077.4743809992506	1077.4743809992506	36.0
1080.6986629347398	1080.6986629347398	36.04
1048.3434647445395	1048.3434647445395	36.08
1062.8390714862257	1062.8390714862257	36.12
1058.7108639928724	1058.7108639928724	36.16
1059.7036869578828	1059.7036869578828	36.2
1065.9343568784902	1065.9343568784902	36.24
1057.6767609827536	1057.6767609827536	36.28
1052.9124527003935	1052.9124527003935	36.32
1040.6417232987947	1040.6417232987947	36.36
1068.3293581822054	1068.3293581822054	36.4
1034.6191480094112	1034.6191480094112	36.44
1035.346800932477	1035.346800932477	36.48
1037.1365456816852	1037.1365456816852	36.52
1049.5005757631425	1049.5005757631425	36.56
1037.4120424736177	1037.4120424736177	36.6
1043.711245509805	1043.711245509805	36.64
0.0	0.0	36.68
0.0	0.0	36.72
0.0	0.0	36.76
0.0	0.0	36.8
0.0	0.0	36.84
0.0	0.0	36.88
0.0	0.0	36.92
0.0	0.0	36.96
0.0	0.0	37.0
0.0	0.0	37.04
0.0	0.0	37.08
0.0	0.0	37.12
0.0	0.0	37.16
0.0	0.0	37.2
0.0	0.0	37.24
0.0	0.0	37.28
0.0	0.0	37.32
0.0	0.0	37.36
0.0	0.0	37.4
0.0	0.0	37.44
0.0	0.0	37.48
0.0	0.0	37.52
0.0	0.0	37.56
0.0	0.0	37.6
0.0	0.0	37.64
0.0	0.0	37.68
0.0	0.0	37.72
0.0	0.0	37.76
0.0	0.0	37.8
0.0	0.0	37.84
0.0	0.0	37.88
0.0	0.0	37.92
0.0	0.0	37.96
0.0	0.0	38.0
0.0	0.0	38.04
0.0	0.0	38.08
0.0	0.0	38.12
0.0	0.0	38.16
0.0	0.0	38.2
0.0	0.0	38.24
0.0	0.0	38.28
0.0	0.0	38.32
0.0	0.0	38.36
0.0	0.0	38.4
0.0	0.0	38.44
0.0	0.0	38.48
0.0	0.0	38.52
0.0	0.0	38.56
0.0	0.0	38.6
0.0	0.0	38.64
0.0	0.0	38.68
0.0	0.0	38.72
0.0	0.0	38.76
0.0	0.0	38.8
0.0	0.0	38.84
0.0	0.0	38.88
0.0	0.0	38.92
0.0	0.0	38.96
0.0	0.0	39.0
0.0	0.0	39.04
0.0	0.0	39.08
0.0	0.0	39.12
0.0	0.0	39.16
0.0	0.0	39.2
0.0	0.0	39.24
0.0	0.0	39.28
0.0	0.0	39.32
0.0	0.0	39.36
0.0	0.0	39.4
0.0	0.0	39.44
0.0	0.0	39.48
0.0	0.0	39.52
0.0	0.0	39.56
0.0	0.0	39.6
0.0	0.0	39.64
0.0	0.0	39.68
0.0	0.0	39.72
0.0	0.0	39.76
0.0	0.0	39.8
0.0	0.0	39.84
0.0	0.0	39.88
0.0	0.0	39.92
0.0	0.0	39.96
0.0	0.0	40.0
0.0	0.0	40.04
0.0	0.0	40.08
0.0	0.0	40.12
0.0	0.0	40.16
0.0	0.0	40.2
0.0	0.0	40.24
0.0	0.0	40.28
0.0	0.0	40.32
0.0	0.0	40.36
0.0	0.0	40.4
0.0	0.0	40.44
0.0	0.0	40.48
0.0	0.0	40.52
0.0	0.0	40.56
0.0	0.0	40.6
0.0	0.0	40.64
0.0	0.0	40.68
0.0	0.0	40.72
0.0	0.0	40.76
0.0	0.0	40.8
0.0	0.0	40.84
0.0	0.0	40.88
0.0	0.0	40.92
0.0	0.0	40.96
0.0	0.0	41.0
0.0	0.0	41.04
0.0	0.0	41.08
0.0	0.0	41.12
0.0	0.0	41.16
0.0	0.0	41.2
0.0	0.0	41.24
0.0	0.0	41.28
0.0	0.0	41.32
0.0	0.0	41.36
0.0	0.0	41.4
0.0	0.0	41.44
0.0	0.0	41.48
0.0	0.0	41.52
0.0	0.0	41.56
0.0	0.0	41.6
0.0	0.0	41.64
0.0	0.0	41.68
0.0	0.0	41.72
0.0	0.0	41.76
0.0	0.0	41.8
0.0	0.0	41.84
0.0	0.0	41.88
0.0	0.0	41.92
0.0	0.0	41.96
0.0	0.0	42.0
0.0	0.0	42.04
0.0	0.0	42.08
0.0	0.0	42.12
0.0	0.0	42.16
0.0	0.0	42.2
0.0	0.0	42.24
0.0	0.0	42.28
0.0	0.0	42.32
0.0	0.0	42.36
0.0	0.0	42.4
0.0	0.0	42.44
0.0	0.0	42.48
0.0	0.0	42.52
0.0	0.0	42.56
0.0	0.0	42.6
0.0	0.0	42.64
0.0	0.0	42.68
0.0	0.0	42.72
0.0	0.0	42.76
0.0	0.0	42.8
0.0	0.0	42.84
0.0	0.0	42.88
0.0	0.0	42.92
0.0	0.0	42.96
0.0	0.0	43.0
0.0	0.0	43.04
0.0	0.0	43.08
0.0	0.0	43.12
0.0	0.0	43.16
0.0	0.0	43.2
0.0	0.0	43.24
0.0	0.0	43.28
0.0	0.0	43.32
0.0	0.0	43.36
0.0	0.0	43.4
0.0	0.0	43.44
0.0	0.0	43.48
0.0	0.0	43.52
0.0	0.0	43.56
0.0	0.0	43.6
0.0	0.0	43.64
0.0	0.0	43.68
0.0	0.0	43.72
0.0	0.0	43.76
0.0	0.0	43.8
0.0	0.0	43.84
0.0	0.0	43.88
0.0	0.0	43.92
0.0	0.0	43.96
0.0	0.0	44.0
0.0	0.0	44.04
0.0	0.0	44.08
0.0	0.0	44.12
0.0	0.0	44.16
0.0	0.0	44.2
0.0	0.0	44.24
0.0	0.0	44.28
0.0	0.0	44.32
0.0	0.0	44.36
0.0	0.0	44.4
0.0	0.0	44.44
0.0	0.0	44.48
0.0	0.0	44.52
0.0	0.0	44.56
0.0	0.0	44.6
0.0	0.0	44.64
0.0	0.0	44.68
0.0	0.0	44.72
0.0	0.0	44.76
0.0	0.0	44.8
0.0	0.0	44.84
0.0	0.0	44.88
0.0	0.0	44.92
0.0	0.0	44.96
0.0	0.0	45.0
0.0	0.0	45.04
0.0	0.0	45.08
0.0	0.0	45.12
0.0	0.0	45.16
0.0	0.0	45.2
0.0	0.0	45.24
0.0	0.0	45.28
0.0	0.0	45.32
0.0	0.0	45.36
0.0	0.0	45.4
0.0	0.0	45.44
0.0	0.0	45.48
0.0	0.0	45.52
0.0	0.0	45.56
0.0	0.0	45.6
0.0	0.0	45.64
0.0	0.0	45.68
0.0	0.0	45.72
0.0	0.0	45.76
0.0	0.0	45.8
0.0	0.0	45.84
0.0	0.0	45.88
0.0	0.0	45.92
0.0	0.0	45.96
0.0	0.0	46.0
0.0	0.0	46.04
0.0	0.0	46.08
0.0	0.0	46.12
0.0	0.0	46.16
0.0	0.0	46.2
0.0	0.0	46.24
0.0	0.0	46.28
0.0	0.0	46.32
0.0	0.0	46.36
0.0	0.0	46.4
0.0	0.0	46.44
0.0	0.0	46.48
0.0	0.0	46.52
0.0	0.0	46.56
0.0	0.0	46.6
0.0	0.0	46.64
0.0	0.0	46.68
0.0	0.0	46.72
0.0	0.0	46.76
0.0	0.0	46.8
0.0	0.0	46.84
0.0	0.0	46.88
0.0	0.0	46.92
0.0	0.0	46.96
0.0	0.0	47.0
0.0	0.0	47.04
0.0	0.0	47.08
0.0	0.0	47.12
842.1115863783433	842.1115863783433	47.16
877.2427073532822	877.2427073532822	47.2
891.2419735888501	891.2419735888501	47.24
892.1478137660074	892.1478137660074	47.28
892.0256099348302	892.0256099348302	47.32
891.8312683276671	891.8312683276671	47.36
890.7951201109493	890.7951201109493	47.4
886.033017485279	886.033017485279	47.44
886.9297388981677	886.9297388981677	47.48
880.7385856319141	880.7385856319141	47.52
876.3163828559353	876.3163828559353	47.56
875.0857862340368	875.0857862340368	47.6
871.0729734541194	871.0729734541194	47.64
868.0265727779374	868.0265727779374	47.68
870.8786020539454	870.8786020539454	47.72
866.090259166307	866.090259166307	47.76
858.8961363527592	858.8961363527592	47.8
848.6816431709707	848.6816431709707	47.84
833.6852409158618	833.6852409158618	47.88
814.2326395644413	814.2326395644413	47.92
810.9669813313554	810.9669813313554	47.96
798.9805534026281	798.9805534026281	48.0
796.6664541115092	796.6664541115092	48.04
788.7088012630658	788.7088012630658	48.08
799.2403757660254	799.2403757660254	48.12
797.4173926127676	797.4173926127676	48.16
804.6295262263292	804.6295262263292	48.2
805.3917640492854	805.3917640492854	48.24
799.1560093813328	799.1560093813328	48.28
800.5229678237363	800.5229678237363	48.32
788.0084129084395	788.0084129084395	48.36
777.2739091537136	777.2739091537136	48.4
766.981431418475	766.981431418475	48.44
757.1889357136	757.1889357136	48.48
767.2460106903543	767.2460106903543	48.52
753.7183816337543	753.7183816337543	48.56
760.5465718529274	760.5465718529274	48.6
762.3806291283136	762.3806291283136	48.64
756.5683038898383	756.5683038898383	48.68
758.2907258232035	758.2907258232035	48.72
763.0866057214074	763.0866057214074	48.76
751.4251333933914	751.4251333933914	48.8
752.4287847105617	752.4287847105617	48.84
742.2193985648441	742.2193985648441	48.88
743.4553478213984	743.4553478213984	48.92
744.2145433067825	744.2145433067825	48.96
735.9566747951075	735.9566747951075	49.0
743.5757926961675	743.5757926961675	49.04
738.696929932855	738.696929932855	49.08
727.1193565631746	727.1193565631746	49.12
727.5343272884318	727.5343272884318	49.16
726.5439778546759	726.5439778546759	49.2
736.0093583553997	736.0093583553997	49.24
764.602980472992	764.602980472992	49.28
762.6332380059821	762.6332380059821	49.32
748.9891648155166	748.9891648155166	49.36
751.3916544952208	751.3916544952208	49.4
729.9068161230197	729.9068161230197	49.44
736.964847930142	736.964847930142	49.48
728.1615902735208	728.1615902735208	49.52
737.524267174401	737.524267174401	49.56
731.3163119696129	731.3163119696129	49.6
729.9711214797504	729.9711214797504	49.64
731.745742941486	731.745742941486	49.68
728.0086457492746	728.0086457492746	49.72
737.3293854152301	737.3293854152301	49.76
724.8046768818203	724.8046768818203	49.8
727.7215610596368	727.7215610596368	49.84
723.3150476812066	723.3150476812066	49.88
710.8920393572322	710.8920393572322	49.92
718.9289346251434	718.9289346251434	49.96
696.6498062920907	696.6498062920907	50.0
707.637514878754	707.637514878754	50.04
704.7490321734468	704.7490321734468	50.08
700.6799993070913	700.6799993070913	50.12
696.7389053354739	696.7389053354739	50.16
693.4223583290143	693.4223583290143	50.2
692.4816686307292	692.4816686307292	50.24
697.6054346580596	697.6054346580596	50.28
697.1885302276944	697.1885302276944	50.32
692.1777963895743	692.1777963895743	50.36
690.6525924383886	690.6525924383886	50.4
689.699118154414	689.699118154414	50.44
687.0601522324303	687.0601522324303	50.48
691.4750883362028	691.4750883362028	50.52
697.5045717673588	697.5045717673588	50.56
691.7404402692985	691.7404402692985	50.6
692.1121597921228	692.1121597921228	50.64
689.7012006087625	689.7012006087625	50.68
693.0780045192297	693.0780045192297	50.72
697.061608068082	697.061608068082	50.76
689.4943868281235	689.4943868281235	50.8
686.2881653233745	686.2881653233745	50.84
686.2962295398522	686.2962295398522	50.88
687.8281196342737	687.8281196342737	50.92
691.9436396524478	691.9436396524478	50.96
690.678080559309	690.678080559309	51.0
688.7456402952972	688.7456402952972	51.04
692.1313117924698	692.1313117924698	51.08
693.971687206503	693.971687206503	51.12
692.9695250877647	692.9695250877647	51.16
702.0795046472856	702.0795046472856	51.2
696.43617566404	696.43617566404	51.24
693.191055489466	693.191055489466	51.28
684.020965619276	684.020965619276	51.32
683.93652911686	683.93652911686	51.36
686.2722893586204	686.2722893586204	51.4
691.1656248516031	691.1656248516031	51.44
686.7369271706486	686.7369271706486	51.48
687.395589837992	687.395589837992	51.52
685.3704995149967	685.3704995149967	51.56
683.5258656669465	683.5258656669465	51.6
683.9331735641381	683.9331735641381	51.64
683.0268605974993	683.0268605974993	51.68
686.1542387369705	686.1542387369705	51.72
690.6845176675519	690.6845176675519	51.76
692.0110823403023	692.0110823403023	51.8
693.4566776425361	693.4566776425361	51.84
697.422738712973	697.422738712973	51.88
703.1483233344538	703.1483233344538	51.92
700.3208701860864	700.3208701860864	51.96
705.646370991403	705.646370991403	52.0
708.5706332239065	708.5706332239065	52.04
705.0386382834345	705.0386382834345	52.08
703.8005111870614	703.8005111870614	52.12
698.0480894937407	698.0480894937407	52.16
698.2229352312565	698.2229352312565	52.2
698.0319254028218	698.0319254028218	52.24
698.1356550006008	698.1356550006008	52.28
699.6192685747202	699.6192685747202	52.32
705.9226265928917	705.9226265928917	52.36
701.4338468941916	701.4338468941916	52.4
702.348550591824	702.348550591824	52.44
707.8841166790022	707.8841166790022	52.48
707.4487719471991	707.4487719471991	52.52
677.8233006490699	677.8233006490699	52.56
664.1864991856434	664.1864991856434	52.6
686.8893729201645	686.8893729201645	52.64
707.9630219680914	707.9630219680914	52.68
699.3801288475503	699.3801288475503	52.72
695.1213849503786	695.1213849503786	52.76
697.1719329905375	697.1719329905375	52.8
698.6426988933056	698.6426988933056	52.84
702.2750715773444	702.2750715773444	52.88
712.3927369522872	712.3927369522872	52.92
718.6646687153865	718.6646687153865	52.96
720.8520495024029	720.8520495024029	53.0
720.8069962518463	720.8069962518463	53.04
744.1107425960779	744.1107425960779	53.08
773.4810401510484	773.4810401510484	53.12
788.5282953578399	788.5282953578399	53.16
804.1371350450863	804.1371350450863	53.2
806.6269817747736	806.6269817747736	53.24
810.2881213256029	810.2881213256029	53.28
820.7284160837295	820.7284160837295	53.32
826.0312054505462	826.0312054505462	53.36
835.8296011975044	835.8296011975044	53.4
838.8729192958391	838.8729192958391	53.44
839.9688514231478	839.9688514231478	53.48
847.0659949556604	847.0659949556604	53.52
850.7047874970378	850.7047874970378	53.56
849.0597471006304	849.0597471006304	53.6
836.1016614476862	836.1016614476862	53.64
826.4609958316393	826.4609958316393	53.68
816.4179549684592	816.4179549684592	53.72
811.4732209723979	811.4732209723979	53.76
820.5332006702006	820.5332006702006	53.8
831.4185995228491	831.4185995228491	53.84
844.588394435599	844.588394435599	53.88
862.4219860279944	862.4219860279944	53.92
876.171871617286	876.171871617286	53.96
882.5943214914681	882.5943214914681	54.0
894.2358134038523	894.2358134038523	54.04
903.8678267417013	903.8678267417013	54.08
910.6148822484818	910.6148822484818	54.12
915.4081521876118	915.4081521876118	54.16
909.4812982491632	909.4812982491632	54.2
901.9101101719442	901.9101101719442	54.24
893.1525224287351	893.1525224287351	54.28
884.762372442432	884.762372442432	54.32
1057.2999076622643	1057.2999076622643	54.36
1089.6637335189068	1089.6637335189068	54.4
848.7992793903536	848.7992793903536	54.44
828.6379873800792	828.6379873800792	54.48
818.2692129611721	818.2692129611721	54.52
804.966041311862	804.966041311862	54.56
799.628709383948	799.628709383948	54.6
789.2247914849892	789.2247914849892	54.64
779.9432573070059	779.9432573070059	54.68
764.7547264170383	764.7547264170383	54.72
755.1878465265868	755.1878465265868	54.76
740.6255670610409	740.6255670610409	54.8
723.4208831395166	723.4208831395166	54.84
708.2806321806158	708.2806321806158	54.88
692.4241083849636	692.4241083849636	54.92
679.866418093875	679.866418093875	54.96
675.0878762191935	675.0878762191935	55.0
671.4297825585708	671.4297825585708	55.04
681.9985282775992	681.9985282775992	55.08
680.8143472813645	680.8143472813645	55.12
679.779673525341	679.779673525341	55.16
671.3302339979105	671.3302339979105	55.2
655.1967556207686	655.1967556207686	55.24
642.96868350922	642.96868350922	55.28
632.7980452987413	632.7980452987413	55.32
622.6759523233886	622.6759523233886	55.36
620.7285439732606	620.7285439732606	55.4
611.4422044410497	611.4422044410497	55.44
610.7026555392299	610.7026555392299	55.48
619.9109131871285	619.9109131871285	55.52
625.9715321746703	625.9715321746703	55.56
626.5751008658727	626.5751008658727	55.6
634.4557076983964	634.4557076983964	55.64
639.267250672879	639.267250672879	55.68
643.6058441316144	643.6058441316144	55.72
658.529560517184	658.529560517184	55.76
676.6159409736857	676.6159409736857	55.8
708.2896210912663	708.2896210912663	55.84
730.3514520540078	730.3514520540078	55.88
717.4666351793234	717.4666351793234	55.92
717.4216535851182	717.4216535851182	55.96
719.0733248271097	719.0733248271097	56.0
731.3281597240299	731.3281597240299	56.04
742.1133628906524	742.1133628906524	56.08
749.2792003324223	749.2792003324223	56.12
751.7302272367916	751.7302272367916	56.16
752.1483042872081	752.1483042872081	56.2
747.8996866246637	747.8996866246637	56.24
747.9665120586135	747.9665120586135	56.28
740.3282023510387	740.3282023510387	56.32
744.0124466360405	744.0124466360405	56.36
755.5378161118789	755.5378161118789	56.4
762.1032905752148	762.1032905752148	56.44
767.7785712481138	767.7785712481138	56.48
769.5731958679382	769.5731958679382	56.52
771.724276417276	771.724276417276	56.56
778.8286285488302	778.8286285488302	56.6
776.0217342214303	776.0217342214303	56.64
772.4222608667875	772.4222608667875	56.68
767.9066321834495	767.9066321834495	56.72
770.0147645718563	770.0147645718563	56.76
770.4802786769989	770.4802786769989	56.8
765.5611979197796	765.5611979197796	56.84
762.0775677312292	762.0775677312292	56.88
765.5715732749802	765.5715732749802	56.92
790.0721496037221	790.0721496037221	56.96
828.425416094964	828.425416094964	57.0
848.8782447247902	848.8782447247902	57.04
849.286242214437	849.286242214437	57.08
848.6538841428832	848.6538841428832	57.12
840.6760703693628	840.6760703693628	57.16
828.4333900547223	828.4333900547223	57.2
810.3557251265539	810.3557251265539	57.24
794.9557304357102	794.9557304357102	57.28
779.4248229022345	779.4248229022345	57.32
775.1310997988571	775.1310997988571	57.36
765.2319954415206	765.2319954415206	57.4
758.1148538441308	758.1148538441308	57.44
744.9846808075691	744.9846808075691	57.48
732.8446861869669	732.8446861869669	57.52
724.456419033369	724.456419033369	57.56
727.1600439389362	727.1600439389362	57.6
728.8974409630323	728.8974409630323	57.64
735.4336318886591	735.4336318886591	57.68
738.0311652760385	738.0311652760385	57.72
745.683105651829	745.683105651829	57.76
754.221671146097	754.221671146097	57.8
763.5110608186951	763.5110608186951	57.84
774.9153415132223	774.9153415132223	57.88
779.7304818970576	779.7304818970576	57.92
787.1078882041147	787.1078882041147	57.96
795.4045171076842	795.4045171076842	58.0
770.5325481544139	770.5325481544139	58.04
738.222315285089	738.222315285089	58.08
731.5544113631925	731.5544113631925	58.12
735.0931345718018	735.0931345718018	58.16
777.4753255105833	777.4753255105833	58.2
849.2838877802874	849.2838877802874	58.24
1019.6144171613606	1019.6144171613606	58.28
0.0	0.0	58.32
0.0	0.0	58.36
0.0	0.0	58.4
0.0	0.0	58.44
1408.4961057819814	1408.4961057819814	58.48
0.0	0.0	58.52
0.0	0.0	58.56
0.0	0.0	58.6
0.0	0.0	58.64
0.0	0.0	58.68
0.0	0.0	58.72
0.0	0.0	58.76
0.0	0.0	58.8
0.0	0.0	58.84
0.0	0.0	58.88
0.0	0.0	58.92
0.0	0.0	58.96
0.0	0.0	59.0
0.0	0.0	59.04
0.0	0.0	59.08
0.0	0.0	59.12
0.0	0.0	59.16
0.0	0.0	59.2
0.0	0.0	59.24
0.0	0.0	59.28
0.0	0.0	59.32
0.0	0.0	59.36
0.0	0.0	59.4
0.0	0.0	59.44
0.0	0.0	59.48
0.0	0.0	59.52
0.0	0.0	59.56
0.0	0.0	59.6
0.0	0.0	59.64
0.0	0.0	59.68
0.0	0.0	59.72
0.0	0.0	59.76
0.0	0.0	59.8
0.0	0.0	59.84
0.0	0.0	59.88
0.0	0.0	59.92
0.0	0.0	59.96
0.0	0.0	60.0
0.0	0.0	60.04
0.0	0.0	60.08
0.0	0.0	60.12
0.0	0.0	60.16
0.0	0.0	60.2
0.0	0.0	60.24
0.0	0.0	60.28
