Thumb_R	Index_R	Time
0.0	0.0	0.04
0.0	0.0	0.08
0.0	0.0	0.12
0.0	0.0	0.16
0.0	0.0	0.2
0.0	0.0	0.24
0.0	0.0	0.28
0.0	0.0	0.32
0.0	0.0	0.36
0.0	0.0	0.4
0.0	0.0	0.44
0.0	0.0	0.48
0.0	0.0	0.52
0.0	0.0	0.56
0.0	0.0	0.6
0.0	0.0	0.64
0.0	0.0	0.68
0.0	0.0	0.72
0.0	0.0	0.76
0.0	0.0	0.8
0.0	0.0	0.84
0.0	0.0	0.88
0.0	0.0	0.92
0.0	0.0	0.96
0.0	0.0	1.0
0.0	0.0	1.04
0.0	0.0	1.08
0.0	0.0	1.12
0.0	0.0	1.16
0.0	0.0	1.2
0.0	0.0	1.24
0.0	0.0	1.28
0.0	0.0	1.32
0.0	0.0	1.36
0.0	0.0	1.4
0.0	0.0	1.44
0.0	0.0	1.48
0.0	0.0	1.52
0.0	0.0	1.56
0.0	0.0	1.6
0.0	0.0	1.64
0.0	0.0	1.68
0.0	0.0	1.72
0.0	0.0	1.76
1326.8141480724169	1326.8141480724169	1.8
1204.7428507406746	1204.7428507406746	1.84
1095.7044924064908	1095.7044924064908	1.88
1003.4145871043552	1003.4145871043552	1.92
937.4566069284078	937.4566069284078	1.96
920.40806930662	920.40806930662	2.0
911.960617675741	911.960617675741	2.04
913.4971772086883	913.4971772086883	2.08
926.9141881177458	926.9141881177458	2.12
948.2555708055837	948.2555708055837	2.16
970.7689364112836	970.7689364112836	2.2
979.4758354938431	979.4758354938431	2.24
984.1401102668021	984.1401102668021	2.28
985.21678508178	985.21678508178	2.32
979.6065144398563	979.6065144398563	2.36
971.3686458650516	971.3686458650516	2.4
965.3695731553744	965.3695731553744	2.44
975.7543468890284	975.7543468890284	2.48
981.4482420479618	981.4482420479618	2.52
981.8455185008133	981.8455185008133	2.56
972.2568252017132	972.2568252017132	2.6
960.7948072061226	960.7948072061226	2.64
953.7940145295217	953.7940145295217	2.68
947.3309924891938	947.3309924891938	2.72
945.6279018739931	945.6279018739931	2.76
944.0552829333507	944.0552829333507	2.8
942.1501897107267	942.1501897107267	2.84
940.3851930296328	940.3851930296328	2.88
935.8015637036895	935.8015637036895	2.92
930.1048180341413	930.1048180341413	2.96
923.9550499484488	923.9550499484488	3.0
916.4465357209438	916.4465357209438	3.04
916.3907076693531	916.3907076693531	3.08
911.298355966626	911.298355966626	3.12
914.2915815422982	914.2915815422982	3.16
916.6187143707128	916.6187143707128	3.2
925.2949877832483	925.2949877832483	3.24
935.5119565430579	935.5119565430579	3.28
940.0814991898175	940.0814991898175	3.32
944.1907471129432	944.1907471129432	3.36
946.6801278080625	946.6801278080625	3.4
949.4058560740967	949.4058560740967	3.44
954.1143162521532	954.1143162521532	3.48
961.1657478368516	961.1657478368516	3.52
962.563418724405	962.563418724405	3.56
967.510748093269	967.510748093269	3.6
969.1416918262615	969.1416918262615	3.64
971.9433630251367	971.9433630251367	3.68
922.5604898239577	922.5604898239577	3.72
835.2840419442522	835.2840419442522	3.76
763.8614692662559	763.8614692662559	3.8
741.6450382776702	741.6450382776702	3.84
733.2692555392091	733.2692555392091	3.88
737.9919027160166	737.9919027160166	3.92
754.6811137978298	754.6811137978298	3.96
773.5881244256243	773.5881244256243	4.0
787.1719624037112	787.1719624037112	4.04
799.3936114104088	799.3936114104088	4.08
818.5927419704183	818.5927419704183	4.12
841.7963327274124	841.7963327274124	4.16
862.713894066442	862.713894066442	4.2
883.8598279362667	883.8598279362667	4.24
896.5317495184922	896.5317495184922	4.28
913.0822090838435	913.0822090838435	4.32
923.008367884888	923.008367884888	4.36
935.0636184740595	935.0636184740595	4.4
924.2918412024651	924.2918412024651	4.44
933.4079619870312	933.4079619870312	4.48
926.039466189007	926.039466189007	4.52
930.8617176223272	930.8617176223272	4.56
927.7314384992068	927.7314384992068	4.6
932.7382600598223	932.7382600598223	4.64
920.0938243674867	920.0938243674867	4.68
910.3326288911645	910.3326288911645	4.72
907.2160547860781	907.2160547860781	4.76
903.6453262319287	903.6453262319287	4.8
902.1999729157343	902.1999729157343	4.84
909.5050071430461	909.5050071430461	4.88
922.6992300847922	922.6992300847922	4.92
924.8966521483496	924.8966521483496	4.96
936.7712172442617	936.7712172442617	5.0
944.0069410172963	944.0069410172963	5.04
958.5443777278922	958.5443777278922	5.08
967.5019322640171	967.5019322640171	5.12
983.482312079689	983.482312079689	5.16
1018.7762195205366	1018.7762195205366	5.2
1061.9006490634529	1061.9006490634529	5.24
1101.232893690291	1101.232893690291	5.28
1124.2469620602674	1124.2469620602674	5.32
1147.8671956219173	1147.8671956219173	5.36
1175.369861147825	1175.369861147825	5.4
1192.0941243229508	1192.0941243229508	5.44
1217.3036472666765	1217.3036472666765	5.48
1240.509615087524	1240.509615087524	5.52
1251.102966880665	1251.102966880665	5.56
1247.1865576655637	1247.1865576655637	5.6
1237.8101991050082	1237.8101991050082	5.64
1221.87735375379	1221.87735375379	5.68
1206.353346402074	1206.353346402074	5.72
1183.9579094730698	1183.9579094730698	5.76
1155.1013735283852	1155.1013735283852	5.8
1124.0081842730146	1124.0081842730146	5.84
1088.4570691651759	1088.4570691651759	5.88
1061.4353744265168	1061.4353744265168	5.92
1042.57428547494	1042.57428547494	5.96
1035.2861323536802	1035.2861323536802	6.0
1047.9194762850047	1047.9194762850047	6.04
1068.7780755566648	1068.7780755566648	6.08
1083.8824115818695	1083.8824115818695	6.12
1093.29102674223	1093.29102674223	6.16
1092.965985678531	1092.965985678531	6.2
1085.187257793109	1085.187257793109	6.24
1083.1982537366837	1083.1982537366837	6.28
1077.6999020383562	1077.6999020383562	6.32
1077.9146122498014	1077.9146122498014	6.36
1074.8957938545454	1074.8957938545454	6.4
1068.242265689105	1068.242265689105	6.44
1054.6150996022589	1054.6150996022589	6.48
1048.4365560712827	1048.4365560712827	6.52
1042.5877741793788	1042.5877741793788	6.56
1038.4886251267262	1038.4886251267262	6.6
1033.5937577227548	1033.5937577227548	6.64
1022.4446910290983	1022.4446910290983	6.68
1013.4380003757049	1013.4380003757049	6.72
1006.0385604382484	1006.0385604382484	6.76
996.94321902355	996.94321902355	6.8
1008.8674832617013	1008.8674832617013	6.84
1016.8751438421974	1016.8751438421974	6.88
1025.9759416660434	1025.9759416660434	6.92
1024.6588156347098	1024.6588156347098	6.96
1013.2992382242497	1013.2992382242497	7.0
1002.8085214300805	1002.8085214300805	7.04
993.360198060214	993.360198060214	7.08
989.2122331411416	989.2122331411416	7.12
982.5082050473078	982.5082050473078	7.16
985.2492946237535	985.2492946237535	7.2
975.7277153371681	975.7277153371681	7.24
960.4265243403963	960.4265243403963	7.28
945.9328189212767	945.9328189212767	7.32
937.9976396429904	937.9976396429904	7.36
929.130189918331	929.130189918331	7.4
920.9134950723659	920.9134950723659	7.44
912.5582179653152	912.5582179653152	7.48
904.888730886342	904.888730886342	7.52
900.1478210875008	900.1478210875008	7.56
901.851004342818	901.851004342818	7.6
900.0646163248396	900.0646163248396	7.64
898.6166773810639	898.6166773810639	7.68
900.3681930623543	900.3681930623543	7.72
901.351365976113	901.351365976113	7.76
902.443922747116	902.443922747116	7.8
902.9645553984354	902.9645553984354	7.84
901.5809441659933	901.5809441659933	7.88
900.6531289625661	900.6531289625661	7.92
901.4041124792527	901.4041124792527	7.96
902.5157394649586	902.5157394649586	8.0
901.768228915499	901.768228915499	8.04
902.0287461580791	902.0287461580791	8.08
902.7539019396044	902.7539019396044	8.12
900.9963208407681	900.9963208407681	8.16
900.7808125924911	900.7808125924911	8.2
898.0956315647284	898.0956315647284	8.24
898.1799103905627	898.1799103905627	8.28
897.6757058216272	897.6757058216272	8.32
895.9466925501077	895.9466925501077	8.36
892.5952445561078	892.5952445561078	8.4
889.6963965160908	889.6963965160908	8.44
887.5398982168999	887.5398982168999	8.48
886.6629140718148	886.6629140718148	8.52
886.24373215211	886.24373215211	8.56
887.8433559005996	887.8433559005996	8.6
890.5774828076527	890.5774828076527	8.64
892.9139413229061	892.9139413229061	8.68
895.8936502333504	895.8936502333504	8.72
898.6180587348315	898.6180587348315	8.76
906.8981755184075	906.8981755184075	8.8
912.4445746453858	912.4445746453858	8.84
920.409882108471	920.409882108471	8.88
924.4554089855168	924.4554089855168	8.92
925.9096050519402	925.9096050519402	8.96
926.8200529337383	926.8200529337383	9.0
926.7054885354548	926.7054885354548	9.04
924.1183310406411	924.1183310406411	9.08
922.5617140870264	922.5617140870264	9.12
924.3199299747539	924.3199299747539	9.16
926.5961139479866	926.5961139479866	9.2
924.7570918953045	924.7570918953045	9.24
926.9388581841429	926.9388581841429	9.28
928.8412923901867	928.8412923901867	9.32
931.4619954026065	931.4619954026065	9.36
930.7192488856198	930.7192488856198	9.4
928.7663660581795	928.7663660581795	9.44
925.9879197125916	925.9879197125916	9.48
925.9108754479565	925.9108754479565	9.52
927.6654403202614	927.6654403202614	9.56
924.5571054141794	924.5571054141794	9.6
924.8515647258837	924.8515647258837	9.64
930.0090625703434	930.0090625703434	9.68
933.2094326482297	933.2094326482297	9.72
936.2965165006672	936.2965165006672	9.76
937.7176714181226	937.7176714181226	9.8
939.7404458371518	939.7404458371518	9.84
939.9067705021739	939.9067705021739	9.88
942.1312040720088	942.1312040720088	9.92
944.303785905064	944.303785905064	9.96
945.987003323688	945.987003323688	10.0
942.4544374600965	942.4544374600965	10.04
943.0713989074336	943.0713989074336	10.08
949.883170226564	949.883170226564	10.12
951.899792910803	951.899792910803	10.16
947.8965134989965	947.8965134989965	10.2
939.2526106143491	939.2526106143491	10.24
936.5862553794275	936.5862553794275	10.28
940.8473257615104	940.8473257615104	10.32
941.0433640185028	941.0433640185028	10.36
940.6619096505076	940.6619096505076	10.4
940.7470444113621	940.7470444113621	10.44
939.9113601064279	939.9113601064279	10.48
937.9457379661178	937.9457379661178	10.52
934.7683579273087	934.7683579273087	10.56
931.3202241147842	931.3202241147842	10.6
934.0230506035047	934.0230506035047	10.64
934.9093538312578	934.9093538312578	10.68
933.2499714972043	933.2499714972043	10.72
931.0078766922788	931.0078766922788	10.76
927.3891237055171	927.3891237055171	10.8
931.0514172755688	931.0514172755688	10.84
933.1621551220542	933.1621551220542	10.88
932.3472098591496	932.3472098591496	10.92
930.8048917025927	930.8048917025927	10.96
931.9371578482165	931.9371578482165	11.0
935.7178557117506	935.7178557117506	11.04
941.1023972900931	941.1023972900931	11.08
947.4711642468694	947.4711642468694	11.12
950.5286611012032	950.5286611012032	11.16
956.2454567749606	956.2454567749606	11.2
957.9365513961627	957.9365513961627	11.24
947.5167008007618	947.5167008007618	11.28
939.0527719845365	939.0527719845365	11.32
932.733615355538	932.733615355538	11.36
934.4532206944148	934.4532206944148	11.4
944.7635027374929	944.7635027374929	11.44
942.3644220085113	942.3644220085113	11.48
939.8830400908205	939.8830400908205	11.52
941.1566880228321	941.1566880228321	11.56
939.4783113031555	939.4783113031555	11.6
935.213046454156	935.213046454156	11.64
937.2461338279691	937.2461338279691	11.68
942.1816935273895	942.1816935273895	11.72
941.5018358580986	941.5018358580986	11.76
939.588285747721	939.588285747721	11.8
939.364917221197	939.364917221197	11.84
938.9221655682134	938.9221655682134	11.88
935.9191142747818	935.9191142747818	11.92
932.5081084401977	932.5081084401977	11.96
932.7872269839436	932.7872269839436	12.0
935.393602941935	935.393602941935	12.04
917.333745046572	917.333745046572	12.08
890.6408081936075	890.6408081936075	12.12
879.1682945136133	879.1682945136133	12.16
883.3033561844197	883.3033561844197	12.2
889.211745358017	889.211745358017	12.24
887.5267722455937	887.5267722455937	12.28
888.2486800871343	888.2486800871343	12.32
882.2209308563664	882.2209308563664	12.36
878.4670328169361	878.4670328169361	12.4
874.956872977843	874.956872977843	12.44
878.6493586516742	878.6493586516742	12.48
881.4632001927341	881.4632001927341	12.52
878.9212621856494	878.9212621856494	12.56
877.7064452612126	877.7064452612126	12.6
876.7829350369739	876.7829350369739	12.64
876.0479533911177	876.0479533911177	12.68
876.9487315858795	876.9487315858795	12.72
876.1674267725866	876.1674267725866	12.76
874.2715459471174	874.2715459471174	12.8
873.4553882828541	873.4553882828541	12.84
874.0054454103217	874.0054454103217	12.88
874.0555384524538	874.0555384524538	12.92
873.5969049236179	873.5969049236179	12.96
874.4162514319987	874.4162514319987	13.0
874.6764383759927	874.6764383759927	13.04
875.1325627298753	875.1325627298753	13.08
875.673744090038	875.673744090038	13.12
877.6886635214905	877.6886635214905	13.16
882.975227637399	882.975227637399	13.2
893.3899619228109	893.3899619228109	13.24
907.7773437154248	907.7773437154248	13.28
917.3954993485189	917.3954993485189	13.32
928.2831583056013	928.2831583056013	13.36
934.6019752242854	934.6019752242854	13.4
944.8099257389074	944.8099257389074	13.44
959.980682657605	959.980682657605	13.48
981.9742661579331	981.9742661579331	13.52
1007.9961475124642	1007.9961475124642	13.56
1035.7997377992622	1035.7997377992622	13.6
1052.9876179655148	1052.9876179655148	13.64
1069.31568815197	1069.31568815197	13.68
1086.7001160867849	1086.7001160867849	13.72
1100.224598525215	1100.224598525215	13.76
1114.0482173025127	1114.0482173025127	13.8
1115.3700506039622	1115.3700506039622	13.84
1115.8062145723381	1115.8062145723381	13.88
1111.2994896777234	1111.2994896777234	13.92
1115.3680768862157	1115.3680768862157	13.96
1107.8970322874397	1107.8970322874397	14.0
1097.9220841881574	1097.9220841881574	14.04
1095.0126985385257	1095.0126985385257	14.08
1084.9408456958636	1084.9408456958636	14.12
1052.4368453463387	1052.4368453463387	14.16
997.463375696158	997.463375696158	14.2
969.1608206193163	969.1608206193163	14.24
966.1617246792476	966.1617246792476	14.28
964.3533845086056	964.3533845086056	14.32
958.5199828406176	958.5199828406176	14.36
952.2156980795598	952.2156980795598	14.4
944.4949640142785	944.4949640142785	14.44
937.198794780967	937.198794780967	14.48
933.8005384389994	933.8005384389994	14.52
936.7410298240605	936.7410298240605	14.56
941.5111644422345	941.5111644422345	14.6
944.9625940588633	944.9625940588633	14.64
953.915438966581	953.915438966581	14.68
954.7347660761797	954.7347660761797	14.72
957.5039983370167	957.5039983370167	14.76
957.7671452402918	957.7671452402918	14.8
958.910369595625	958.910369595625	14.84
955.6581603044018	955.6581603044018	14.88
959.0976836351357	959.0976836351357	14.92
956.0438611663126	956.0438611663126	14.96
957.3784205018907	957.3784205018907	15.0
956.7903315536527	956.7903315536527	15.04
956.7722605137685	956.7722605137685	15.08
956.2399469290549	956.2399469290549	15.12
955.0435605802853	955.0435605802853	15.16
956.5437278958948	956.5437278958948	15.2
952.6520061985276	952.6520061985276	15.24
953.0699117037431	953.0699117037431	15.28
950.9314980345192	950.9314980345192	15.32
950.8098363912015	950.8098363912015	15.36
948.5711920383451	948.5711920383451	15.4
936.5482964064048	936.5482964064048	15.44
926.8444002277862	926.8444002277862	15.48
909.6186337094242	909.6186337094242	15.52
885.5404442141237	885.5404442141237	15.56
859.1794554265575	859.1794554265575	15.6
841.7981135627475	841.7981135627475	15.64
832.1737900577417	832.1737900577417	15.68
823.1960125057902	823.1960125057902	15.72
815.7364488950658	815.7364488950658	15.76
807.0698476001241	807.0698476001241	15.8
801.7242182282499	801.7242182282499	15.84
786.2560879518438	786.2560879518438	15.88
777.114113336383	777.114113336383	15.92
769.4710955264919	769.4710955264919	15.96
765.9998674757197	765.9998674757197	16.0
766.6585885993533	766.6585885993533	16.04
763.0786510289669	763.0786510289669	16.08
765.104907218124	765.104907218124	16.12
766.374184488074	766.374184488074	16.16
767.6617065155923	767.6617065155923	16.2
766.7848558300632	766.7848558300632	16.24
765.0885027091038	765.0885027091038	16.28
760.2267862954062	760.2267862954062	16.32
761.5370773507083	761.5370773507083	16.36
764.4427978627618	764.4427978627618	16.4
761.8102746880767	761.8102746880767	16.44
764.6054799453656	764.6054799453656	16.48
764.3647790175257	764.3647790175257	16.52
770.0076119040762	770.0076119040762	16.56
770.7077165903547	770.7077165903547	16.6
770.869799162182	770.869799162182	16.64
765.4076804803512	765.4076804803512	16.68
772.1302641006141	772.1302641006141	16.72
780.1530645556863	780.1530645556863	16.76
803.606231355023	803.606231355023	16.8
827.5622407862843	827.5622407862843	16.84
894.4742817576248	894.4742817576248	16.88
926.5484275819997	926.5484275819997	16.92
951.0611204149167	951.0611204149167	16.96
976.4946733722373	976.4946733722373	17.0
995.7696962017906	995.7696962017906	17.04
1015.7048154003694	1015.7048154003694	17.08
1035.6389137876029	1035.6389137876029	17.12
1051.1667447075492	1051.1667447075492	17.16
1063.2459694796553	1063.2459694796553	17.2
1070.373730014439	1070.373730014439	17.24
1080.114863230375	1080.114863230375	17.28
1083.4529129560276	1083.4529129560276	17.32
1087.0894226344587	1087.0894226344587	17.36
1085.4014675994197	1085.4014675994197	17.4
1083.0263472673807	1083.0263472673807	17.44
1081.4732006903919	1081.4732006903919	17.48
1076.58745405802	1076.58745405802	17.52
1070.393996107828	1070.393996107828	17.56
1067.685257279362	1067.685257279362	17.6
1059.9191838769218	1059.9191838769218	17.64
1055.6806579723814	1055.6806579723814	17.68
1052.2359222898158	1052.2359222898158	17.72
1052.0258994081662	1052.0258994081662	17.76
1049.2672163917737	1049.2672163917737	17.8
1047.3902371533807	1047.3902371533807	17.84
1044.2954737624793	1044.2954737624793	17.88
1044.245317032963	1044.245317032963	17.92
1042.17560366945	1042.17560366945	17.96
1038.662846563082	1038.662846563082	18.0
1039.576096549196	1039.576096549196	18.04
1040.2860497862941	1040.2860497862941	18.08
1039.7041210547243	1039.7041210547243	18.12
1038.8400834303864	1038.8400834303864	18.16
1037.4549859136164	1037.4549859136164	18.2
1038.7501936673684	1038.7501936673684	18.24
1039.6160061144133	1039.6160061144133	18.28
1041.4564556506268	1041.4564556506268	18.32
1043.4715236905122	1043.4715236905122	18.36
1044.6998983641101	1044.6998983641101	18.4
1045.7681901418734	1045.7681901418734	18.44
1044.5879462074183	1044.5879462074183	18.48
1043.2710335236313	1043.2710335236313	18.52
1043.4342402093607	1043.4342402093607	18.56
1042.1423048496492	1042.1423048496492	18.6
1041.2329101438622	1041.2329101438622	18.64
1041.5523630221326	1041.5523630221326	18.68
1042.4087663164958	1042.4087663164958	18.72
1043.0467906511424	1043.0467906511424	18.76
1043.753501080337	1043.753501080337	18.8
1044.7930508791846	1044.7930508791846	18.84
1044.9299863945241	1044.9299863945241	18.88
1045.2885762162866	1045.2885762162866	18.92
1046.3179223590246	1046.3179223590246	18.96
1048.1475082405525	1048.1475082405525	19.0
1046.0573580577093	1046.0573580577093	19.04
1045.9856093833948	1045.9856093833948	19.08
1048.1065557675506	1048.1065557675506	19.12
1048.701856667299	1048.701856667299	19.16
1051.4393637692679	1051.4393637692679	19.2
1053.4758174387996	1053.4758174387996	19.24
1055.4371164126205	1055.4371164126205	19.28
1057.9211867136676	1057.9211867136676	19.32
1057.8570979398671	1057.8570979398671	19.36
1054.9583093132812	1054.9583093132812	19.4
1055.2725586780607	1055.2725586780607	19.44
1056.941076796346	1056.941076796346	19.48
1059.1154692107104	1059.1154692107104	19.52
1059.6666535288475	1059.6666535288475	19.56
1067.0688925275806	1067.0688925275806	19.6
1082.3280665070658	1082.3280665070658	19.64
1111.5763361004251	1111.5763361004251	19.68
1159.1742893367687	1159.1742893367687	19.72
1205.7100933092054	1205.7100933092054	19.76
1264.055652413667	1264.055652413667	19.8
1324.5048909296938	1324.5048909296938	19.84
1386.1135498948488	1386.1135498948488	19.88
1445.715314345811	1445.715314345811	19.92
1504.8528630066596	1504.8528630066596	19.96
1557.3557117685477	1557.3557117685477	20.0
1606.5266145997796	1606.5266145997796	20.04
1654.1928402032763	1654.1928402032763	20.08
1696.5871871772138	1696.5871871772138	20.12
1736.2496217643463	1736.2496217643463	20.16
1766.5807722176473	1766.5807722176473	20.2
1785.6874363603624	1785.6874363603624	20.24
1792.8915851531924	1792.8915851531924	20.28
1798.6451963124312	1798.6451963124312	20.32
1807.7312473502548	1807.7312473502548	20.36
1813.6190572170822	1813.6190572170822	20.4
1818.4200223440619	1818.4200223440619	20.44
1822.6695750101287	1822.6695750101287	20.48
1820.5497450794926	1820.5497450794926	20.52
1818.7050451157097	1818.7050451157097	20.56
1813.7729773878964	1813.7729773878964	20.6
1810.1076889448254	1810.1076889448254	20.64
1785.6751834992717	1785.6751834992717	20.68
1804.3824885852969	1804.3824885852969	20.72
1766.640888054846	1766.640888054846	20.76
1767.3624033156727	1767.3624033156727	20.8
1782.9557885381105	1782.9557885381105	20.84
1775.0556290371119	1775.0556290371119	20.88
1796.6692175707144	1796.6692175707144	20.92
1773.7679726549845	1773.7679726549845	20.96
1801.7858263427827	1801.7858263427827	21.0
1826.1775826354092	1826.1775826354092	21.04
1839.5315819974214	1839.5315819974214	21.08
1840.1294241871547	1840.1294241871547	21.12
1857.1225416882335	1857.1225416882335	21.16
1865.0362650820114	1865.0362650820114	21.2
1857.415231545455	1857.415231545455	21.24
1857.495970750217	1857.495970750217	21.28
1861.0626779558897	1861.0626779558897	21.32
1855.0103941066834	1855.0103941066834	21.36
1858.6726923589335	1858.6726923589335	21.4
1862.3337422433533	1862.3337422433533	21.44
1860.3732018286914	1860.3732018286914	21.48
1860.2660301581375	1860.2660301581375	21.52
1864.6778526693502	1864.6778526693502	21.56
1865.734958528481	1865.734958528481	21.6
1861.6054737006673	1861.6054737006673	21.64
1866.582025184351	1866.582025184351	21.68
1863.8303322330246	1863.8303322330246	21.72
1862.5797144006426	1862.5797144006426	21.76
1866.2546336142434	1866.2546336142434	21.8
1866.8708468522364	1866.8708468522364	21.84
1866.158148764518	1866.158148764518	21.88
1868.5718605177715	1868.5718605177715	21.92
1868.5275575903906	1868.5275575903906	21.96
1867.527644536176	1867.527644536176	22.0
1870.022232004861	1870.022232004861	22.04
1871.3346705594465	1871.3346705594465	22.08
1867.0145144407522	1867.0145144407522	22.12
1867.2963868465931	1867.2963868465931	22.16
1869.382247572563	1869.382247572563	22.2
1865.253405020028	1865.253405020028	22.24
1864.8698287104562	1864.8698287104562	22.28
1868.5798395945756	1868.5798395945756	22.32
1873.5822702872465	1873.5822702872465	22.36
1872.7519497422547	1872.7519497422547	22.4
1872.0910761002383	1872.0910761002383	22.44
1871.262784855191	1871.262784855191	22.48
1872.51257501463	1872.51257501463	22.52
1876.0357030044026	1876.0357030044026	22.56
1875.9932141073293	1875.9932141073293	22.6
1877.3380852491957	1877.3380852491957	22.64
1867.743868614929	1867.743868614929	22.68
1872.5975663826239	1872.5975663826239	22.72
1872.0122452994078	1872.0122452994078	22.76
1878.9631484598895	1878.9631484598895	22.8
1874.951591254215	1874.951591254215	22.84
1875.5766049344738	1875.5766049344738	22.88
1879.015644390963	1879.015644390963	22.92
1882.8353166273578	1882.8353166273578	22.96
1881.0417671418697	1881.0417671418697	23.0
1881.7347120925292	1881.7347120925292	23.04
1883.779625840291	1883.779625840291	23.08
1882.4979165860884	1882.4979165860884	23.12
1883.4656794655702	1883.4656794655702	23.16
1882.8782316338786	1882.8782316338786	23.2
1882.8113427325266	1882.8113427325266	23.24
1882.3518014962751	1882.3518014962751	23.28
1882.2378261535928	1882.2378261535928	23.32
1883.7047655162855	1883.7047655162855	23.36
1883.064922524994	1883.064922524994	23.4
1879.739925792626	1879.739925792626	23.44
1883.164249656461	1883.164249656461	23.48
1882.8210794741556	1882.8210794741556	23.52
1884.0489732565497	1884.0489732565497	23.56
1881.2146558318193	1881.2146558318193	23.6
1882.7834005989114	1882.7834005989114	23.64
1885.0478139827749	1885.0478139827749	23.68
1884.3421963722858	1884.3421963722858	23.72
1883.2479750085802	1883.2479750085802	23.76
1884.0770421039615	1884.0770421039615	23.8
1888.0109826402113	1888.0109826402113	23.84
1887.8646668029448	1887.8646668029448	23.88
1882.3567012142282	1882.3567012142282	23.92
1885.8522628131961	1885.8522628131961	23.96
1886.050221692444	1886.050221692444	24.0
1887.8859545721762	1887.8859545721762	24.04
1885.77784128658	1885.77784128658	24.08
1885.7168095997636	1885.7168095997636	24.12
1883.5233681983468	1883.5233681983468	24.16
1887.5903587317823	1887.5903587317823	24.2
1888.9276597749054	1888.9276597749054	24.24
1889.7490755890233	1889.7490755890233	24.28
1890.8122946170568	1890.8122946170568	24.32
1886.7293359244945	1886.7293359244945	24.36
1890.5270054490325	1890.5270054490325	24.4
1891.26862861005	1891.26862861005	24.44
1891.0488143501093	1891.0488143501093	24.48
1891.183255506028	1891.183255506028	24.52
1890.9769015167153	1890.9769015167153	24.56
1890.3468361773075	1890.3468361773075	24.6
1886.6981773503078	1886.6981773503078	24.64
1887.0079171248553	1887.0079171248553	24.68
1890.2687924108236	1890.2687924108236	24.72
1888.6001207354295	1888.6001207354295	24.76
1893.9548552421604	1893.9548552421604	24.8
1890.7938431618493	1890.7938431618493	24.84
1891.5603259614236	1891.5603259614236	24.88
1892.1896696028298	1892.1896696028298	24.92
1890.320026240127	1890.320026240127	24.96
1893.9546124530734	1893.9546124530734	25.0
1891.7619369304296	1891.7619369304296	25.04
1891.9701798480924	1891.9701798480924	25.08
1890.4856172176503	1890.4856172176503	25.12
1890.529169608639	1890.529169608639	25.16
1889.8662753093984	1889.8662753093984	25.2
1892.4146512218733	1892.4146512218733	25.24
1892.528666877376	1892.528666877376	25.28
1892.1743882864582	1892.1743882864582	25.32
1892.2746794810237	1892.2746794810237	25.36
1893.0736320951653	1893.0736320951653	25.4
1895.5814965720651	1895.5814965720651	25.44
1892.701617836575	1892.701617836575	25.48
1890.0446282229768	1890.0446282229768	25.52
1891.5218220162678	1891.5218220162678	25.56
1889.889218050557	1889.889218050557	25.6
1890.097868803086	1890.097868803086	25.64
1889.939681030536	1889.939681030536	25.68
1888.6866858078376	1888.6866858078376	25.72
1889.6276527801865	1889.6276527801865	25.76
1890.075886012028	1890.075886012028	25.8
1889.614978780277	1889.614978780277	25.84
1888.7283796072606	1888.7283796072606	25.88
1887.528664789809	1887.528664789809	25.92
1889.5476271555674	1889.5476271555674	25.96
1891.3909694850836	1891.3909694850836	26.0
1891.8960227144314	1891.8960227144314	26.04
1893.0225481232817	1893.0225481232817	26.08
1893.7959390133349	1893.7959390133349	26.12
1891.107794724224	1891.107794724224	26.16
1894.326589202361	1894.326589202361	26.2
1890.0831920024746	1890.0831920024746	26.24
1891.1570799999854	1891.1570799999854	26.28
1896.9175632219483	1896.9175632219483	26.32
1896.816920961509	1896.816920961509	26.36
1897.2219656479085	1897.2219656479085	26.4
1896.5121061618474	1896.5121061618474	26.44
1896.8576780329277	1896.8576780329277	26.48
1893.2427708381276	1893.2427708381276	26.52
1894.5043203548976	1894.5043203548976	26.56
1890.3465641753392	1890.3465641753392	26.6
1890.8733537323842	1890.8733537323842	26.64
1895.8422767981756	1895.8422767981756	26.68
1895.483394594698	1895.483394594698	26.72
1898.9261066723868	1898.9261066723868	26.76
1895.8946770747689	1895.8946770747689	26.8
1898.3684537797444	1898.3684537797444	26.84
1896.3164094892386	1896.3164094892386	26.88
1895.0254441353802	1895.0254441353802	26.92
1896.4337020556366	1896.4337020556366	26.96
1901.146671784376	1901.146671784376	27.0
1899.3613185382355	1899.3613185382355	27.04
1900.3464808920353	1900.3464808920353	27.08
1901.2507355644555	1901.2507355644555	27.12
1902.9384026839139	1902.9384026839139	27.16
1902.0867759436885	1902.0867759436885	27.2
1899.9479006008783	1899.9479006008783	27.24
1900.9966673790539	1900.9966673790539	27.28
1898.717050315566	1898.717050315566	27.32
1908.2384307733228	1908.2384307733228	27.36
1907.4915378997111	1907.4915378997111	27.4
1908.9366982406261	1908.9366982406261	27.44
1845.5087954411354	1845.5087954411354	27.48
1847.0096202436478	1847.0096202436478	27.52
1847.2237806586209	1847.2237806586209	27.56
1847.0326554377816	1847.0326554377816	27.6
1846.5971897045094	1846.5971897045094	27.64
1849.4583964270435	1849.4583964270435	27.68
1848.269550695751	1848.269550695751	27.72
1847.9340862449849	1847.9340862449849	27.76
1847.2373591787875	1847.2373591787875	27.8
1849.751751219347	1849.751751219347	27.84
1848.0066545836194	1848.0066545836194	27.88
1848.9000489979492	1848.9000489979492	27.92
1850.3193044129507	1850.3193044129507	27.96
1850.3757045953419	1850.3757045953419	28.0
1848.8923574075905	1848.8923574075905	28.04
1847.7388930972827	1847.7388930972827	28.08
1847.8026946165332	1847.8026946165332	28.12
1849.437776126074	1849.437776126074	28.16
1850.070877553151	1850.070877553151	28.2
1851.462825972437	1851.462825972437	28.24
1849.3539751444696	1849.3539751444696	28.28
1849.557962747503	1849.557962747503	28.32
1847.3569150904584	1847.3569150904584	28.36
1848.2408344271173	1848.2408344271173	28.4
1850.5766986122371	1850.5766986122371	28.44
1850.5315542728574	1850.5315542728574	28.48
1851.6246233371203	1851.6246233371203	28.52
1850.403064973516	1850.403064973516	28.56
1849.1336363981334	1849.1336363981334	28.6
1849.3406864412532	1849.3406864412532	28.64
1847.9296027400417	1847.9296027400417	28.68
1838.3986539709808	1838.3986539709808	28.72
1814.2230163460697	1814.2230163460697	28.76
1753.7524628502333	1753.7524628502333	28.8
1684.8962935341706	1684.8962935341706	28.84
1604.5849662595588	1604.5849662595588	28.88
1509.6817287187248	1509.6817287187248	28.92
1423.918171731942	1433.0325366898956	28.96
1348.4702616277507	1343.9251205766727	29.0
1275.6594557291005	1259.3898222182797	29.04
1212.7020741536094	1208.0921826260906	29.08
1158.2490659963544	1146.0733189493126	29.12
1116.6154841571054	1093.775257388005	29.16
1075.1246208792472	1054.3234692417977	29.2
1039.8945524210444	1006.0036303172949	29.24
997.4725430984658	957.4670466523576	29.28
953.3504941533798	908.2694066083518	29.32
909.5889211032836	839.9226224353699	29.36
875.3038745899407	871.7717943149186	29.4
854.016868202053	880.189196652996	29.44
846.5076533084165	874.7910763802051	29.48
844.7623992118117	880.7817177991593	29.52
860.1869077042732	879.4607934630758	29.56
879.1789526782103	898.467727555517	29.6
892.5722208662136	918.1122632130496	29.64
887.1389364263673	892.7636026419029	29.68
903.9301783147	896.1156842771233	29.72
900.5834462209797	890.833168038803	29.76
893.7498627437742	870.3045148513806	29.8
883.4013439779243	883.8433593995711	29.84
888.7953569221187	882.9163841458972	29.88
879.7244915664689	874.7635914836889	29.92
884.0662039061358	887.2806645273332	29.96
878.4489467383032	881.8028536615979	30.0
876.1441761679422	888.7582763792624	30.04
864.0369690914674	877.9758404122117	30.08
852.733512917123	875.7164869934395	30.12
850.2816274041353	866.473570570362	30.16
849.2791026741927	854.5738966626358	30.2
840.7258791012923	856.1775360219655	30.24
846.8523267569841	846.5630531810267	30.28
841.7205553894954	857.1510392661617	30.32
841.7077407119808	858.7016436498513	30.36
844.7863392017072	852.5063524152241	30.4
840.6469584048226	864.7900807876259	30.44
848.7750879575962	848.3933008596247	30.48
839.6468622680366	856.5327297301133	30.52
842.6012317456199	847.0070108881476	30.56
840.3216090627355	872.4599929182206	30.6
848.3677431938255	859.8959758413613	30.64
846.6545683532659	848.4266008437962	30.68
842.8686476604108	846.0925213730076	30.72
846.2419712322119	845.5419517909705	30.76
839.3736940269166	856.449162685446	30.8
846.2171415187826	855.4957965865615	30.84
847.1543360388315	852.551079274214	30.88
846.2510180917382	847.3711642803733	30.92
846.4120794652232	834.0000776492448	30.96
844.4107971044907	853.293543022526	31.0
849.5936760611272	851.2489505874219	31.04
839.7247115454908	861.6776057687212	31.08
846.9869055246115	858.6950386004861	31.12
847.907530609686	868.1867882804534	31.16
846.6191413785032	855.8118049209799	31.2
840.5430139451327	854.2673545505123	31.24
839.0086857778949	861.1692450551491	31.28
848.6028284081113	871.4965068724176	31.32
846.7240575640814	853.3168392208715	31.36
841.7039149891652	852.0111471568777	31.4
846.874750602386	853.3238443681796	31.44
839.5780822876375	861.3533695808283	31.48
851.502751983305	852.5197338737743	31.52
846.9669691411824	869.3048034809882	31.56
855.7038570034711	859.0968593971792	31.6
841.735513417497	872.4116727837286	31.64
853.4165371732071	862.5499356221719	31.68
849.6801860347346	875.1017469293164	31.72
853.8566906557294	857.1805329898707	31.76
850.7346707683882	867.5876171122964	31.8
853.0823003857034	854.5510663658121	31.84
843.854860274842	849.2886864274858	31.88
848.2583553362952	865.1312143400821	31.92
853.5688750226966	881.2208927994825	31.96
850.4599125636558	872.7771284128481	32.0
853.293918287897	869.4280203128117	32.04
853.9481934215978	854.3088389890083	32.08
856.4182004935666	843.0880205955149	32.12
857.6328225156533	860.0751941671738	32.16
855.5024491151358	847.3138128340445	32.2
859.3859421574365	849.2749554020595	32.24
850.1789581124197	869.1859107722049	32.28
852.2540614142	879.9090310479592	32.32
857.4491293516795	885.1134665407633	32.36
855.5606038986795	892.9480648295566	32.4
855.3978057376273	883.0328937962339	32.44
858.1245612232663	889.5142426789903	32.48
854.3799049312559	881.7354782321466	32.52
857.0372780175721	892.1885473728917	32.56
860.5722065682095	865.3568831646946	32.6
854.0781643864655	868.4537265811838	32.64
859.4691025457778	877.0847595416438	32.68
856.7499643435024	891.4125418178392	32.72
863.2351541903595	885.6092373961629	32.76
863.6077534051614	888.4490204628715	32.8
861.5104498408489	882.658735287428	32.84
861.7108795975442	874.4795686130523	32.88
853.6868228959075	882.3218449982916	32.92
868.4507129778679	877.9014202749355	32.96
865.8102307861333	900.7482776941579	33.0
877.0437200256812	901.9754940434722	33.04
897.8289458616268	925.521153913754	33.08
911.2809529898254	952.2750549217443	33.12
950.56025795446	982.8505332101142	33.16
1003.3808292568906	1023.169065440743	33.2
1049.1363911351666	1108.275678300306	33.24
1074.259703108226	1119.5830888600672	33.28
1103.7001832503906	1168.1712696779837	33.32
1131.9074688689086	1182.8683590283633	33.36
1157.5365694119523	1258.92617658476	33.4
1171.5164461504694	1201.2769370953506	33.44
1193.8448147462532	1220.4461750483938	33.48
1202.3117061690766	1215.9497063350643	33.52
1217.321202068846	1249.3489879973672	33.56
1213.6992451546712	1213.6992451546712	33.6
1216.4944118099695	1216.4944118099695	33.64
1240.734927224355	1240.734927224355	33.68
1276.4041818973747	1276.4041818973747	33.72
1362.9620739359007	1362.9620739359007	33.76
1434.6854887352551	1434.6854887352551	33.8
1510.0175842588098	1456.61826057818	33.84
1571.4517367386388	1518.4734371357235	33.88
1608.089934831917	1539.57435540423	33.92
1627.6645543091036	1594.7946176497203	33.96
1641.6612581309237	1603.3974515116272	34.0
1617.002399507064	1584.4428570775997	34.04
1560.434443201637	1537.5958948795771	34.08
1494.8789451183918	1473.4654809727297	34.12
1439.905551652848	1396.8196006694784	34.16
1390.13363930092	1328.0453509713323	34.2
1360.9671296187737	1279.2105994887688	34.24
1341.1189189886652	1243.6201989418184	34.28
1336.2016834763717	1211.488184743815	34.32
1320.0101514167889	1187.3073113120065	34.36
0.0	0.0	34.4
1309.9152977844237	1155.9031931553684	34.44
1310.555469333893	1146.385174382045	34.48
1303.6458276632225	1129.1408043766921	34.52
1298.3270165429708	1112.2670893624995	34.56
1286.0833329362404	1098.8641368848168	34.6
1275.8974136411573	1090.7987238568078	34.64
1271.6841366931142	1078.8839859150496	34.68
1268.2828186063045	1069.801652602933	34.72
1268.7200536210114	1054.9702082590518	34.76
1270.2783913314006	1055.169943596436	34.8
1278.1218263469168	1064.0949009558428	34.84
1282.584164316124	1069.7603016065952	34.88
1287.1940606420305	1072.5213159009006	34.92
1289.112477159765	1076.0236002068173	34.96
1292.4985282789628	1077.8548831244352	35.0
1291.0403915708835	1079.4730243906606	35.04
1290.8879572139479	1079.5633344633004	35.08
1292.2557884008552	1080.573825734647	35.12
1291.01987083741	1077.7006975660008	35.16
1287.908195511075	1073.2364145577453	35.2
1283.8561197463957	1067.2957743042693	35.24
1281.2469684477082	1070.1673362124266	35.28
1275.5528427652007	1064.3501225049233	35.32
1270.7676162982596	1056.1518834681003	35.36
1266.067529095995	1052.2449091819924	35.4
1256.2131815298847	1049.6881692778104	35.44
1247.2905991376842	1247.2905991376842	35.48
1244.4791019341405	1244.4791019341405	35.52
1241.3180766788903	1241.3180766788903	35.56
1241.2874455362073	1241.2874455362073	35.6
1241.010625013732	1241.010625013732	35.64
1245.193571796439	1245.193571796439	35.68
1247.8127476217148	1043.6505702049749	35.72
1253.379000071263	1253.379000071263	35.76
1257.3714012160194	1257.3714012160194	35.8
1263.482798682402	1263.482798682402	35.84
1270.4382101659003	1270.4382101659003	35.88
1273.0182648279222	1273.0182648279222	35.92
1272.5378330204087	1272.5378330204087	35.96
1271.2557329911815	1271.2557329911815	36.0
1270.0016182854868	1056.954526319973	36.04
1270.8129672556247	1270.8129672556247	36.08
1269.664448932906	1269.664448932906	36.12
1270.25768090699	1270.25768090699	36.16
1269.917371897188	1269.917371897188	36.2
1270.0683667057262	1270.0683667057262	36.24
1268.8650142929346	1268.8650142929346	36.28
1273.6601048503373	1052.2340057712877	36.32
1277.1829355881878	1277.1829355881878	36.36
1279.0386346567248	1279.0386346567248	36.4
1289.9825627385367	1289.9825627385367	36.44
1302.673766468552	1302.673766468552	36.48
1316.1901488022781	1316.1901488022781	36.52
1328.3241628832343	1328.3241628832343	36.56
1340.4051677859159	1082.5860423440106	36.6
1350.154353728571	1350.154353728571	36.64
1355.7885553896176	1090.9104287314462	36.68
1361.732582586184	1092.693697464593	36.72
1366.872462064758	1096.3046009891113	36.76
1374.694892831767	1099.4658130037635	36.8
1374.6192951381631	1103.3219431557882	36.84
1377.7274966901107	1105.3433526231631	36.88
1382.916938774776	1108.0674554888367	36.92
1383.0384186334722	1113.2283341492093	36.96
1383.7610983261638	1114.379239333864	37.0
1383.168816791956	1115.894514503941	37.04
1384.2875126511392	1115.8527841289103	37.08
1382.807421179075	1114.574840531696	37.12
1382.290392574174	1115.5368143004323	37.16
1382.0871903278678	1112.958829102424	37.2
1381.1950655229691	1112.8684542353903	37.24
1380.3036145848923	1113.0138142384321	37.28
1381.3451257990944	1113.6852605830031	37.32
1381.6390917339922	1114.718872490618	37.36
1381.6781052357198	1116.0727737055588	37.4
1381.4684101843561	1115.7018885305417	37.44
1381.471837864884	1116.6711969036046	37.48
1381.7177747416738	1115.4727492341553	37.52
1380.1524455213373	1114.9895840878598	37.56
1379.7055622779524	1114.1236955142242	37.6
1378.7926934365375	1110.9867132548109	37.64
1377.1976662836698	1113.6474937080898	37.68
1378.069341799687	1112.2577778474265	37.72
1378.8509399065595	1113.5528758704822	37.76
1378.4144791510234	1113.4215482143668	37.8
1378.0122589151615	1113.7684184291227	37.84
1375.7144990857378	1111.1267771837765	37.88
1376.504377401956	1110.222243769076	37.92
1375.4982436412442	1109.9501287152814	37.96
1375.730343429884	1109.1193635234215	38.0
1375.9920501468732	1109.3311862697733	38.04
1372.646237455683	1108.9597250404581	38.08
1373.1814778200007	1107.383187214049	38.12
1373.3481598419066	1105.9272257574105	38.16
1371.9417522645715	1106.4162523840573	38.2
1372.0535217494341	1106.6263683165153	38.24
1371.4509292804016	1105.780730661251	38.28
1370.3466172456403	1106.8856532670961	38.32
1368.8838615370266	1105.534913325558	38.36
1369.0934552244535	1105.5108459763899	38.4
1366.671023355268	1105.6470541433168	38.44
1366.7549019158982	1104.6425798011205	38.48
1364.4321450218522	1102.9199322181598	38.52
1363.617170765033	1102.1557032083683	38.56
1362.5513187488539	1102.347360413498	38.6
1362.604574908852	1100.6892865884363	38.64
1362.63940158745	1101.2274602809102	38.68
1361.089943545553	1099.3212080620456	38.72
1358.3055190933171	1098.8820554737574	38.76
1358.3491474066157	1098.9778506323255	38.8
1357.0868582192202	1097.7537828895388	38.84
1355.2769939960226	1095.4331955183202	38.88
1355.3262983329012	1093.870002573422	38.92
1353.2057549588988	1094.7474926037953	38.96
1353.2819791743627	1092.4245059907855	39.0
1350.6899922766302	1092.1421100415412	39.04
1350.1340268874621	1092.2040533745335	39.08
1350.4639804299086	1090.3281630573558	39.12
1351.5818918278012	1090.84932402022	39.16
1350.4459117610263	1090.4890243833895	39.2
1349.8486226464347	1089.7516885110742	39.24
1347.4601441843572	1089.2564453296782	39.28
1349.6013687617406	1087.4896648020149	39.32
1349.4260685844129	1088.6782444026446	39.36
1349.7365580080764	1083.951628091961	39.4
1351.3264311253956	1087.5307615833015	39.44
1349.39018593354	1084.2472318158966	39.48
1351.061579098522	1084.491171397545	39.52
1351.0679141211078	1084.054586056797	39.56
1350.3165727326425	1083.78555106082	39.6
1347.5722802360895	1081.8425450151467	39.64
1344.960888176531	1079.9644635576988	39.68
1336.1357720427688	1076.3003298520184	39.72
1326.9970624310067	1062.8372224542552	39.76
1316.1890907521004	1048.631452394096	39.8
1307.235865795082	1036.3287536976336	39.84
1304.1972752508932	1028.6535394659059	39.88
1302.8055591368736	1025.1335088790308	39.92
1299.915622661697	1020.0721388748366	39.96
1298.526673166505	1015.9011419216364	40.0
1298.884903096858	1016.3299317418637	40.04
1299.3147701652754	1015.891795165879	40.08
1300.9545662654566	1013.1832299263806	40.12
1296.2573073487354	1013.3968644855178	40.16
1298.7655668147256	1008.718733925825	40.2
1296.153796682085	1009.9758608975956	40.24
1293.9403135204523	1293.9403135204523	40.28
1293.4505989520349	1293.4505989520349	40.32
1289.3597333058	1004.8001129956206	40.36
1287.8140974978799	1006.4049501024172	40.4
1289.2258238632585	1004.8850225736564	40.44
1287.4422588743055	1005.8306889422292	40.48
1288.283505137103	1008.4446813221505	40.52
1289.9065736198916	1010.4706056462542	40.56
1288.1081046841718	1011.9535507461228	40.6
1295.1807012874572	1018.0384304951899	40.64
1295.9534152573474	1018.0569342939723	40.68
1293.9446646588203	1293.9446646588203	40.72
1284.3045772696867	1013.0751035234613	40.76
1278.088573091263	1278.088573091263	40.8
1269.2720824347216	1005.5200015751391	40.84
1263.0199552796098	1263.0199552796098	40.88
1249.582192830436	1249.582192830436	40.92
1235.4541288383634	1235.4541288383634	40.96
1223.091450321844	1223.091450321844	41.0
1201.7095198246693	1201.7095198246693	41.04
1194.5860016051925	1194.5860016051925	41.08
1189.5091120192913	1189.5091120192913	41.12
647.9346756506131	647.9346756506131	41.16
1199.7733529469606	1199.7733529469606	41.2
667.3545755008953	667.3545755008953	41.24
679.2592625227226	679.2592625227226	41.28
676.502584318495	676.502584318495	41.32
688.5018413294523	688.5018413294523	41.36
699.8451834115443	699.8451834115443	41.4
712.3183281042434	712.3183281042434	41.44
707.9071694944718	707.9071694944718	41.48
0.0	0.0	41.52
707.3345751908886	707.3345751908886	41.56
704.590707573915	704.590707573915	41.6
695.0505690177563	695.0505690177563	41.64
713.9521730943724	713.9521730943724	41.68
711.8310319610547	711.8310319610547	41.72
721.4430400304765	721.4430400304765	41.76
722.6329476764632	722.6329476764632	41.8
716.0177503269297	716.0177503269297	41.84
719.6584174930352	719.6584174930352	41.88
712.5686399838648	712.5686399838648	41.92
0.0	0.0	41.96
0.0	0.0	42.0
709.4548673488076	709.4548673488076	42.04
0.0	0.0	42.08
0.0	0.0	42.12
706.4569209348447	706.4569209348447	42.16
700.3343146424301	700.3343146424301	42.2
704.9484971398592	704.9484971398592	42.24
703.601418527176	703.601418527176	42.28
702.4783263210333	702.4783263210333	42.32
0.0	0.0	42.36
703.6719639769789	703.6719639769789	42.4
702.0254910900788	702.0254910900788	42.44
0.0	0.0	42.48
701.2608184689977	701.2608184689977	42.52
701.4278779494334	701.4278779494334	42.56
704.5661953130597	704.5661953130597	42.6
0.0	0.0	42.64
702.3088627565868	702.3088627565868	42.68
0.0	0.0	42.72
696.8576712310136	696.8576712310136	42.76
0.0	0.0	42.8
696.874160061465	696.874160061465	42.84
696.887471018623	696.887471018623	42.88
696.5267493489514	696.5267493489514	42.92
693.6395951952148	693.6395951952148	42.96
699.9506840132545	699.9506840132545	43.0
701.8356786147463	701.8356786147463	43.04
678.3400756111897	678.3400756111897	43.08
0.0	0.0	43.12
686.6081391832084	686.6081391832084	43.16
688.3358366190276	688.3358366190276	43.2
689.6819697336615	689.6819697336615	43.24
695.6438222608695	695.6438222608695	43.28
0.0	0.0	43.32
691.9720143754255	691.9720143754255	43.36
692.1687046813189	692.1687046813189	43.4
684.0880513887279	684.0880513887279	43.44
690.0946632766996	690.0946632766996	43.48
687.3026023737817	687.3026023737817	43.52
697.3181305516131	697.3181305516131	43.56
689.1211356412722	689.1211356412722	43.6
676.6083749444364	676.6083749444364	43.64
689.1984224583084	689.1984224583084	43.68
689.8659629414774	689.8659629414774	43.72
691.2540260125776	691.2540260125776	43.76
686.6820084447762	686.6820084447762	43.8
0.0	0.0	43.84
693.9486379395751	693.9486379395751	43.88
699.0807191401908	699.0807191401908	43.92
693.1651662000992	693.1651662000992	43.96
0.0	0.0	44.0
693.8854806391081	693.8854806391081	44.04
694.5852889633119	694.5852889633119	44.08
695.5638615173183	695.5638615173183	44.12
688.830010273298	688.830010273298	44.16
695.1929302434135	695.1929302434135	44.2
683.3261773082241	683.3261773082241	44.24
686.4519706386038	686.4519706386038	44.28
674.9555525439496	674.9555525439496	44.32
687.1058552341171	687.1058552341171	44.36
675.4077056470668	675.4077056470668	44.4
685.8787665710024	685.8787665710024	44.44
687.6725195385659	687.6725195385659	44.48
695.6863005694538	695.6863005694538	44.52
698.3996383442859	698.3996383442859	44.56
0.0	0.0	44.6
687.185144536978	687.185144536978	44.64
695.5020943115505	695.5020943115505	44.68
686.9553040869366	686.9553040869366	44.72
689.6611984437055	689.6611984437055	44.76
692.1581745013701	692.1581745013701	44.8
690.5843609478542	690.5843609478542	44.84
0.0	0.0	44.88
694.4793331793496	694.4793331793496	44.92
693.0640936789277	693.0640936789277	44.96
703.1851547291669	703.1851547291669	45.0
699.1237381965541	699.1237381965541	45.04
705.5261444255217	705.5261444255217	45.08
702.7739672539826	702.7739672539826	45.12
676.8429791895268	676.8429791895268	45.16
696.2624666232025	696.2624666232025	45.2
699.4976995859088	699.4976995859088	45.24
694.6983539364345	694.6983539364345	45.28
688.7389915902733	688.7389915902733	45.32
697.8873061036854	697.8873061036854	45.36
697.6585000514049	697.6585000514049	45.4
691.7120169636801	691.7120169636801	45.44
0.0	0.0	45.48
690.5106523153079	690.5106523153079	45.52
695.0775921401515	695.0775921401515	45.56
681.0310303788918	681.0310303788918	45.6
0.0	0.0	45.64
687.7299942224896	687.7299942224896	45.68
691.9188311634318	691.9188311634318	45.72
689.9729625210316	689.9729625210316	45.76
680.1700372685068	680.1700372685068	45.8
694.8027961511177	694.8027961511177	45.84
0.0	0.0	45.88
690.2869396263886	690.2869396263886	45.92
676.0758674515837	676.0758674515837	45.96
684.9549946476076	684.9549946476076	46.0
690.6311141986322	690.6311141986322	46.04
682.8091907903483	682.8091907903483	46.08
688.113110973206	688.113110973206	46.12
691.3049386052429	691.3049386052429	46.16
687.2619086503304	687.2619086503304	46.2
688.7305643994235	688.7305643994235	46.24
688.2660144479142	688.2660144479142	46.28
0.0	0.0	46.32
692.0223930462234	692.0223930462234	46.36
690.6182908461107	690.6182908461107	46.4
697.3552268349952	697.3552268349952	46.44
680.7852803627454	680.7852803627454	46.48
688.2927601935592	688.2927601935592	46.52
682.0619149973594	682.0619149973594	46.56
0.0	0.0	46.6
0.0	0.0	46.64
694.7305230535662	694.7305230535662	46.68
687.1803785938125	687.1803785938125	46.72
693.5764517432771	693.5764517432771	46.76
676.4356365459545	676.4356365459545	46.8
700.0888914042116	700.0888914042116	46.84
696.4761433118898	696.4761433118898	46.88
693.4201113061819	693.4201113061819	46.92
688.7286314208609	688.7286314208609	46.96
674.6682707354079	674.6682707354079	47.0
696.8666044366795	696.8666044366795	47.04
693.0801464670511	693.0801464670511	47.08
696.5253363704082	696.5253363704082	47.12
698.9299001416266	698.9299001416266	47.16
693.9088348270917	693.9088348270917	47.2
0.0	0.0	47.24
686.7168258921082	686.7168258921082	47.28
691.9437065869289	691.9437065869289	47.32
0.0	0.0	47.36
692.4401523647538	692.4401523647538	47.4
694.0433040458126	694.0433040458126	47.44
685.0064861976202	685.0064861976202	47.48
675.989399118509	675.989399118509	47.52
695.5072816473188	695.5072816473188	47.56
698.8720921864054	698.8720921864054	47.6
684.8688450782637	684.8688450782637	47.64
0.0	0.0	47.68
0.0	0.0	47.72
697.2182332448583	697.2182332448583	47.76
0.0	0.0	47.8
684.4956139738879	684.4956139738879	47.84
0.0	0.0	47.88
0.0	0.0	47.92
684.504924331075	684.504924331075	47.96
0.0	0.0	48.0
681.8505966313612	681.8505966313612	48.04
687.49308401808	687.49308401808	48.08
689.3202913903715	689.3202913903715	48.12
681.4702777585146	681.4702777585146	48.16
665.6445489149834	665.6445489149834	48.2
679.6883415492858	679.6883415492858	48.24
0.0	0.0	48.28
681.7570257644443	681.7570257644443	48.32
679.6685094025104	679.6685094025104	48.36
669.1280217902662	669.1280217902662	48.4
668.3873845507785	668.3873845507785	48.44
0.0	0.0	48.48
672.8337067896766	672.8337067896766	48.52
690.8845080753402	690.8845080753402	48.56
690.5751331262494	690.5751331262494	48.6
703.4073549665688	703.4073549665688	48.64
725.6962588321335	725.6962588321335	48.68
739.7546143380802	739.7546143380802	48.72
744.6159302532546	744.6159302532546	48.76
0.0	0.0	48.8
1212.6779279585337	1212.6779279585337	48.84
1178.3712787668806	1178.3712787668806	48.88
820.1836942498969	820.1836942498969	48.92
834.1727394990771	834.1727394990771	48.96
1254.2280088732105	1254.2280088732105	49.0
0.0	0.0	49.04
847.1491128591681	847.1491128591681	49.08
881.6104625104056	881.6104625104056	49.12
861.4338669929389	861.4338669929389	49.16
1286.4131566865415	1286.4131566865415	49.2
856.7765519778535	856.7765519778535	49.24
1278.9118375699052	1278.9118375699052	49.28
1277.3034546940469	1277.3034546940469	49.32
1276.1866915154549	1276.1866915154549	49.36
1281.7182277384225	1281.7182277384225	49.4
1283.0196718952245	1283.0196718952245	49.44
1288.6172465882655	1288.6172465882655	49.48
1295.269547826492	1295.269547826492	49.52
1299.6352595639046	1299.6352595639046	49.56
1306.5870632715564	1306.5870632715564	49.6
1313.1450132810664	1313.1450132810664	49.64
1317.2430826605992	1317.2430826605992	49.68
1322.6421910990487	1322.6421910990487	49.72
1324.7581721286988	1324.7581721286988	49.76
1316.5758978993736	1316.5758978993736	49.8
1306.0189353376193	1306.0189353376193	49.84
1281.6371058694476	1281.6371058694476	49.88
1246.4153127112293	1246.4153127112293	49.92
1197.7686497397656	1197.7686497397656	49.96
1141.3510975814468	1141.3510975814468	50.0
1107.1956321741518	1107.1956321741518	50.04
1109.574314183714	1109.574314183714	50.08
1124.717458386749	1124.717458386749	50.12
1137.3253221081068	1137.3253221081068	50.16
1142.6559344924988	1142.6559344924988	50.2
1143.0267382711884	1143.0267382711884	50.24
1119.793615466481	1119.793615466481	50.28
1050.6143065460421	1050.6143065460421	50.32
0.0	0.0	50.36
0.0	0.0	50.4
0.0	0.0	50.44
0.0	0.0	50.48
0.0	0.0	50.52
0.0	0.0	50.56
0.0	0.0	50.6
0.0	0.0	50.64
0.0	0.0	50.68
1180.8133869962667	1180.8133869962667	50.72
0.0	0.0	50.76
0.0	0.0	50.8
0.0	0.0	50.84
0.0	0.0	50.88
0.0	0.0	50.92
0.0	0.0	50.96
972.3108467511094	972.3108467511094	51.0
0.0	0.0	51.04
0.0	0.0	51.08
0.0	0.0	51.12
0.0	0.0	51.16
0.0	0.0	51.2
0.0	0.0	51.24
0.0	0.0	51.28
0.0	0.0	51.32
0.0	0.0	51.36
0.0	0.0	51.4
0.0	0.0	51.44
0.0	0.0	51.48
0.0	0.0	51.52
0.0	0.0	51.56
0.0	0.0	51.6
0.0	0.0	51.64
0.0	0.0	51.68
0.0	0.0	51.72
0.0	0.0	51.76
0.0	0.0	51.8
0.0	0.0	51.84
0.0	0.0	51.88
0.0	0.0	51.92
0.0	0.0	51.96
0.0	0.0	52.0
0.0	0.0	52.04
0.0	0.0	52.08
0.0	0.0	52.12
0.0	0.0	52.16
0.0	0.0	52.2
0.0	0.0	52.24
0.0	0.0	52.28
0.0	0.0	52.32
0.0	0.0	52.36
0.0	0.0	52.4
0.0	0.0	52.44
0.0	0.0	52.48
0.0	0.0	52.52
0.0	0.0	52.56
0.0	0.0	52.6
0.0	0.0	52.64
0.0	0.0	52.68
0.0	0.0	52.72
0.0	0.0	52.76
0.0	0.0	52.8
0.0	0.0	52.84
0.0	0.0	52.88
0.0	0.0	52.92
0.0	0.0	52.96
0.0	0.0	53.0
0.0	0.0	53.04
0.0	0.0	53.08
0.0	0.0	53.12
0.0	0.0	53.16
0.0	0.0	53.2
0.0	0.0	53.24
0.0	0.0	53.28
0.0	0.0	53.32
0.0	0.0	53.36
0.0	0.0	53.4
0.0	0.0	53.44
0.0	0.0	53.48
0.0	0.0	53.52
0.0	0.0	53.56
0.0	0.0	53.6
0.0	0.0	53.64
0.0	0.0	53.68
0.0	0.0	53.72
0.0	0.0	53.76
0.0	0.0	53.8
0.0	0.0	53.84
0.0	0.0	53.88
812.8361977254938	812.8361977254938	53.92
810.9276428879538	810.9276428879538	53.96
816.3207574222698	816.3207574222698	54.0
827.2846314622699	827.2846314622699	54.04
832.8429094392446	832.8429094392446	54.08
830.3243564856078	830.3243564856078	54.12
830.3217265922584	830.3217265922584	54.16
837.8590997301623	837.8590997301623	54.2
0.0	0.0	54.24
846.6738491056515	846.6738491056515	54.28
845.6197940094514	845.6197940094514	54.32
843.187441898827	843.187441898827	54.36
843.3242289489675	843.3242289489675	54.4
844.3215060229344	844.3215060229344	54.44
843.0217735215358	843.0217735215358	54.48
839.1951752448676	839.1951752448676	54.52
827.5281518905938	827.5281518905938	54.56
826.8481891693527	826.8481891693527	54.6
824.306293606213	824.306293606213	54.64
830.1605643687963	830.1605643687963	54.68
834.1111139690707	834.1111139690707	54.72
837.4526687258632	837.4526687258632	54.76
834.8877516621747	834.8877516621747	54.8
831.834980211229	831.834980211229	54.84
836.8711489549137	836.8711489549137	54.88
834.0699843494898	834.0699843494898	54.92
837.0002587796297	837.0002587796297	54.96
835.4885358493012	835.4885358493012	55.0
836.1453799263267	836.1453799263267	55.04
826.4586735076778	826.4586735076778	55.08
822.9102044126755	822.9102044126755	55.12
821.4875469790603	821.4875469790603	55.16
819.0124213310519	819.0124213310519	55.2
813.925752501153	813.925752501153	55.24
825.9143800740387	825.9143800740387	55.28
835.1990028386933	835.1990028386933	55.32
830.8894161856078	830.8894161856078	55.36
842.6422559230263	842.6422559230263	55.4
845.5836684901841	845.5836684901841	55.44
847.202539113787	847.202539113787	55.48
851.5388618218252	851.5388618218252	55.52
850.4330548367517	850.4330548367517	55.56
847.536486724668	847.536486724668	55.6
845.5881851809672	845.5881851809672	55.64
845.3870053752147	845.3870053752147	55.68
848.4129342504584	848.4129342504584	55.72
845.3607564692475	845.3607564692475	55.76
845.1745761714737	845.1745761714737	55.8
847.9088206657856	847.9088206657856	55.84
846.3548328801331	846.3548328801331	55.88
844.1989257125016	844.1989257125016	55.92
843.0369566795324	843.0369566795324	55.96
837.9734607432354	837.9734607432354	56.0
840.0604031194331	840.0604031194331	56.04
840.685855528919	840.685855528919	56.08
836.4643447064503	836.4643447064503	56.12
840.5281179249043	840.5281179249043	56.16
837.3092217953181	837.3092217953181	56.2
834.1942314224975	834.1942314224975	56.24
838.9936748049779	838.9936748049779	56.28
836.3400315831005	836.3400315831005	56.32
836.7496444153718	836.7496444153718	56.36
837.5481355384829	837.5481355384829	56.4
831.3656460374876	831.3656460374876	56.44
834.6835086273452	834.6835086273452	56.48
829.1326301916131	829.1326301916131	56.52
828.2580829259095	828.2580829259095	56.56
828.5239470590024	828.5239470590024	56.6
828.7382395303973	828.7382395303973	56.64
825.3788331702715	825.3788331702715	56.68
830.3909054177079	830.3909054177079	56.72
829.4584537903053	829.4584537903053	56.76
830.4855066478053	830.4855066478053	56.8
830.3328590193933	830.3328590193933	56.84
827.9662656474391	827.9662656474391	56.88
828.4559243998407	828.4559243998407	56.92
836.1964706608769	836.1964706608769	56.96
837.0016521574045	837.0016521574045	57.0
837.6574093138329	837.6574093138329	57.04
844.2006193124752	844.2006193124752	57.08
841.5069339832778	841.5069339832778	57.12
840.898157239529	840.898157239529	57.16
846.122989983255	846.122989983255	57.2
843.9615694151012	843.9615694151012	57.24
839.8296027775606	839.8296027775606	57.28
846.8838831440137	846.8838831440137	57.32
844.0428489252192	844.0428489252192	57.36
843.4183365111226	843.4183365111226	57.4
833.9163794536703	833.9163794536703	57.44
835.1495859309547	835.1495859309547	57.48
836.7162288885503	836.7162288885503	57.52
833.8555749203082	833.8555749203082	57.56
835.9032313134175	835.9032313134175	57.6
832.537655428246	832.537655428246	57.64
833.8367345441573	833.8367345441573	57.68
831.4592866868311	831.4592866868311	57.72
835.1248958824883	835.1248958824883	57.76
832.9353269381916	832.9353269381916	57.8
830.6788954473618	830.6788954473618	57.84
829.7893115799806	829.7893115799806	57.88
817.5194817330986	817.5194817330986	57.92
805.5084697868544	805.5084697868544	57.96
0.0	0.0	58.0
815.9746396967586	815.9746396967586	58.04
820.5193828214385	820.5193828214385	58.08
822.8484695054811	822.8484695054811	58.12
826.103226395256	826.103226395256	58.16
825.3310957381279	825.3310957381279	58.2
828.9698985520416	828.9698985520416	58.24
833.3149759399195	833.3149759399195	58.28
838.3556997814107	838.3556997814107	58.32
846.2667341676445	846.2667341676445	58.36
856.6360496574115	856.6360496574115	58.4
872.7733706447978	872.7733706447978	58.44
879.1587704283494	879.1587704283494	58.48
888.8693998365322	888.8693998365322	58.52
901.1339318369726	901.1339318369726	58.56
920.4903404788146	920.4903404788146	58.6
931.4962954194755	931.4962954194755	58.64
944.0687651588204	944.0687651588204	58.68
953.1204052561906	953.1204052561906	58.72
956.5516062603655	956.5516062603655	58.76
969.1549348380655	969.1549348380655	58.8
975.8958798408624	975.8958798408624	58.84
978.5325306187601	978.5325306187601	58.88
983.3522819441098	983.3522819441098	58.92
984.306173630269	984.306173630269	58.96
983.2577287840771	983.2577287840771	59.0
985.9371559347908	985.9371559347908	59.04
987.0850443247352	987.0850443247352	59.08
978.9738778110656	978.9738778110656	59.12
976.6955952842674	976.6955952842674	59.16
977.5427546734102	977.5427546734102	59.2
967.2982880581256	967.2982880581256	59.24
969.7174470718451	969.7174470718451	59.28
973.2511857264872	973.2511857264872	59.32
978.9357951761276	978.9357951761276	59.36
967.1497767854471	967.1497767854471	59.4
964.8788213078732	964.8788213078732	59.44
958.5182079447687	958.5182079447687	59.48
959.72374777305	959.72374777305	59.52
961.5478439138242	961.5478439138242	59.56
961.4055175688643	961.4055175688643	59.6
962.6358034197343	962.6358034197343	59.64
974.9229560266682	974.9229560266682	59.68
986.4046237772748	986.4046237772748	59.72
1004.0334975692483	1004.0334975692483	59.76
1008.5178597801578	1008.5178597801578	59.8
1010.3626182412823	1010.3626182412823	59.84
1022.0798360580716	1022.0798360580716	59.88
1031.7594328795387	1031.7594328795387	59.92
1036.8598827328976	1036.8598827328976	59.96
1045.592234322943	1045.592234322943	60.0
1051.2225356212516	1051.2225356212516	60.04
1053.5223431259262	1053.5223431259262	60.08
1053.315723344732	1053.315723344732	60.12
1056.0140866105837	1056.0140866105837	60.16
1058.0456703813145	1058.0456703813145	60.2
1056.2824427306032	1056.2824427306032	60.24
1056.7430284546008	1056.7430284546008	60.28
1055.418682721543	1055.418682721543	60.32
1047.2537055061869	1047.2537055061869	60.36
1048.9398923602648	1048.9398923602648	60.4
1050.8170641053925	1050.8170641053925	60.44
1053.857262566069	1053.857262566069	60.48
1051.202378980154	1051.202378980154	60.52
1041.066028879804	1041.066028879804	60.56
1028.9336720196595	1028.9336720196595	60.6
1014.6675571003168	1014.6675571003168	60.64
1007.0604782186883	1007.0604782186883	60.68
1000.1414199486996	1000.1414199486996	60.72
993.5180072139517	993.5180072139517	60.76
989.8319960200233	989.8319960200233	60.8
979.5199212479882	979.5199212479882	60.84
971.2303060868063	971.2303060868063	60.88
967.192694253635	967.192694253635	60.92
961.6348587001758	961.6348587001758	60.96
964.9890798491571	964.9890798491571	61.0
966.70860293202	966.70860293202	61.04
966.1972145970468	966.1972145970468	61.08
967.4376661517975	967.4376661517975	61.12
968.8743420879424	968.8743420879424	61.16
974.3196107722579	974.3196107722579	61.2
978.4752004315535	978.4752004315535	61.24
979.0436840171645	979.0436840171645	61.28
982.1716850637575	982.1716850637575	61.32
981.6049601850968	981.6049601850968	61.36
979.5923433154355	979.5923433154355	61.4
980.8855698408652	980.8855698408652	61.44
985.7529167081684	985.7529167081684	61.48
987.4772744550472	987.4772744550472	61.52
993.9049000357016	993.9049000357016	61.56
992.7497986484543	992.7497986484543	61.6
986.2080184571897	986.2080184571897	61.64
985.3872078131411	985.3872078131411	61.68
982.116338803549	982.116338803549	61.72
980.4578378074877	980.4578378074877	61.76
977.427652257678	977.427652257678	61.8
973.9325531221193	973.9325531221193	61.84
974.7692919897362	974.7692919897362	61.88
973.1453448152013	973.1453448152013	61.92
973.3669563683834	973.3669563683834	61.96
969.7789589258056	969.7789589258056	62.0
979.3016023531322	979.3016023531322	62.04
978.1989166440461	978.1989166440461	62.08
978.2180620668357	978.2180620668357	62.12
978.2443646105297	978.2443646105297	62.16
974.6243618390577	974.6243618390577	62.2
972.0621333939516	972.0621333939516	62.24
965.0729205685041	965.0729205685041	62.28
959.7214022338742	959.7214022338742	62.32
961.1032549224908	961.1032549224908	62.36
964.9606074293101	964.9606074293101	62.4
971.1311763599587	971.1311763599587	62.44
973.8365918322306	973.8365918322306	62.48
974.8683432682948	974.8683432682948	62.52
976.7269554906247	976.7269554906247	62.56
979.6933133304266	979.6933133304266	62.6
982.6045999661912	982.6045999661912	62.64
983.9850404453714	983.9850404453714	62.68
989.930976620182	989.930976620182	62.72
993.5609061888197	993.5609061888197	62.76
994.9344549957635	994.9344549957635	62.8
1002.292903712022	1002.292903712022	62.84
1002.8855271137077	1002.8855271137077	62.88
1015.3190572309559	1015.3190572309559	62.92
1028.4841339982543	1028.4841339982543	62.96
1046.017943756598	1046.017943756598	63.0
1056.539520828411	1056.539520828411	63.04
1057.5511025514177	1057.5511025514177	63.08
1065.3030479706306	1065.3030479706306	63.12
1074.851211489461	1074.851211489461	63.16
1091.7147383443946	1091.7147383443946	63.2
1097.5376828855879	1097.5376828855879	63.24
1110.6780257271207	1110.6780257271207	63.28
1124.599363680014	1124.599363680014	63.32
1134.3199478725505	1134.3199478725505	63.36
1143.6231938669268	1143.6231938669268	63.4
1161.8269219839292	1161.8269219839292	63.44
1183.887571089174	1183.887571089174	63.48
1215.6975801046797	1215.6975801046797	63.52
1238.5642475080763	1238.5642475080763	63.56
1249.887906502069	1249.887906502069	63.6
1257.1455504030068	1257.1455504030068	63.64
1268.2369183542578	1268.2369183542578	63.68
1276.760453215539	1276.760453215539	63.72
1290.255639185328	1290.255639185328	63.76
1300.5180517188605	1300.5180517188605	63.8
1303.3462894716602	1303.3462894716602	63.84
1300.0621221538026	1300.0621221538026	63.88
1290.6593894991602	1290.6593894991602	63.92
1289.0914796019072	1289.0914796019072	63.96
1285.4824073687398	1285.4824073687398	64.0
1288.5344116814651	1288.5344116814651	64.04
1286.362854823069	1286.362854823069	64.08
1284.692044998179	1284.692044998179	64.12
1283.6287773135318	1283.6287773135318	64.16
1284.3820493497951	1284.3820493497951	64.2
1287.32947762468	1287.32947762468	64.24
1293.663267604011	1293.663267604011	64.28
1292.0455010964838	1292.0455010964838	64.32
1291.713744121655	1291.713744121655	64.36
1292.206053998253	1292.206053998253	64.4
1287.0021049869356	1287.0021049869356	64.44
1275.7083856937154	1275.7083856937154	64.48
1268.909963144141	1268.909963144141	64.52
1255.999863946799	1255.999863946799	64.56
1260.4796335951366	1260.4796335951366	64.6
1324.3411172944732	1324.3411172944732	64.64
1447.4203667494617	1447.4203667494617	64.68
0.0	0.0	64.72
0.0	0.0	64.76
0.0	0.0	64.8
0.0	0.0	64.84
0.0	0.0	64.88
0.0	0.0	64.92
0.0	0.0	64.96
0.0	0.0	65.0
0.0	0.0	65.04
0.0	0.0	65.08
0.0	0.0	65.12
0.0	0.0	65.16
0.0	0.0	65.2
0.0	0.0	65.24
0.0	0.0	65.28
0.0	0.0	65.32
0.0	0.0	65.36
0.0	0.0	65.4
0.0	0.0	65.44
0.0	0.0	65.48
0.0	0.0	65.52
0.0	0.0	65.56
0.0	0.0	65.6
0.0	0.0	65.64
0.0	0.0	65.68
0.0	0.0	65.72
0.0	0.0	65.76
0.0	0.0	65.8
0.0	0.0	65.84
0.0	0.0	65.88
0.0	0.0	65.92
0.0	0.0	65.96
0.0	0.0	66.0
0.0	0.0	66.04
0.0	0.0	66.08
0.0	0.0	66.12
0.0	0.0	66.16
0.0	0.0	66.2
0.0	0.0	66.24
0.0	0.0	66.28
0.0	0.0	66.32
0.0	0.0	66.36
0.0	0.0	66.4
0.0	0.0	66.44
0.0	0.0	66.48
0.0	0.0	66.52
0.0	0.0	66.56
0.0	0.0	66.6
0.0	0.0	66.64
0.0	0.0	66.68
0.0	0.0	66.72
0.0	0.0	66.76
0.0	0.0	66.8
0.0	0.0	66.84
0.0	0.0	66.88
0.0	0.0	66.92
0.0	0.0	66.96
0.0	0.0	67.0
0.0	0.0	67.04
0.0	0.0	67.08
0.0	0.0	67.12
0.0	0.0	67.16
0.0	0.0	67.2
0.0	0.0	67.24
0.0	0.0	67.28
0.0	0.0	67.32
0.0	0.0	67.36
0.0	0.0	67.4
0.0	0.0	67.44
0.0	0.0	67.48
0.0	0.0	67.52
0.0	0.0	67.56
0.0	0.0	67.6
0.0	0.0	67.64
0.0	0.0	67.68
0.0	0.0	67.72
0.0	0.0	67.76
0.0	0.0	67.8
0.0	0.0	67.84
0.0	0.0	67.88
0.0	0.0	67.92
0.0	0.0	67.96
0.0	0.0	68.0
0.0	0.0	68.04
0.0	0.0	68.08
0.0	0.0	68.12
0.0	0.0	68.16
0.0	0.0	68.2
0.0	0.0	68.24
