Thumb_R	Index_R	Time
0.0	0.0	0.04
0.0	0.0	0.08
0.0	0.0	0.12
0.0	0.0	0.16
0.0	0.0	0.2
0.0	0.0	0.24
0.0	0.0	0.28
0.0	0.0	0.32
0.0	0.0	0.36
0.0	0.0	0.4
0.0	0.0	0.44
0.0	0.0	0.48
0.0	0.0	0.52
0.0	0.0	0.56
0.0	0.0	0.6
0.0	0.0	0.64
0.0	0.0	0.68
0.0	0.0	0.72
0.0	0.0	0.76
0.0	0.0	0.8
0.0	0.0	0.84
0.0	0.0	0.88
0.0	0.0	0.92
0.0	0.0	0.96
0.0	0.0	1.0
0.0	0.0	1.04
0.0	0.0	1.08
0.0	0.0	1.12
0.0	0.0	1.16
0.0	0.0	1.2
0.0	0.0	1.24
0.0	0.0	1.28
0.0	0.0	1.32
0.0	0.0	1.36
1222.7493306672711	1222.7493306672711	1.4
1149.590151125745	1149.590151125745	1.44
1078.172602731926	1084.6967898866994	1.48
1021.9575452787872	1025.773732777059	1.52
974.0001928016436	976.8402004427614	1.56
941.4571838041263	936.09361430956	1.6
922.3609297600542	898.5580519569162	1.64
921.3200923207693	892.7707987856628	1.68
946.9103653273601	896.7805403301189	1.72
977.4487751834506	908.8934609596247	1.76
986.1814992298978	917.268868884005	1.8
1000.3592001163798	927.2952579945704	1.84
1011.3395429404271	948.6012987401687	1.88
1017.5716247759766	968.6101964247391	1.92
1019.729712805228	981.3801021563376	1.96
1021.0012638834129	996.5984144529394	2.0
1018.3673725571532	996.6715392432882	2.04
1012.4313567545485	984.6307314762929	2.08
998.3457633885122	975.8586278382493	2.12
990.2073748774786	969.6345573358751	2.16
982.1426151025097	965.2124521453742	2.2
976.9341853495372	960.1971336018175	2.24
978.4517344911858	960.6210519506988	2.28
981.5072577946901	965.2426068706791	2.32
986.6196735789634	969.5781693572941	2.36
987.7027929703294	972.8140827766765	2.4
991.5939061920272	975.8600409335164	2.44
996.3565340456072	982.7756319588464	2.48
1002.4811160800357	988.8878596516753	2.52
1010.5676595202658	997.4561974236595	2.56
1019.3705427859412	1006.2094902697098	2.6
1030.0478680469666	1019.6591830494626	2.64
1041.8583013939467	1034.7155227555154	2.68
1047.3723582134676	1040.0415821474805	2.72
1027.1704676108286	1014.681966185218	2.76
993.242947953745	975.5136514769474	2.8
966.7503109787461	963.7775663007221	2.84
948.8811632886433	959.3586138234048	2.88
948.005092271568	942.5073463365497	2.92
952.9154178832134	943.630508259468	2.96
961.3721760273862	942.0036398426299	3.0
971.1339259229253	942.1219035887839	3.04
971.3532604497043	936.5001626560121	3.08
961.7720978436503	921.564018887773	3.12
957.665673075755	920.3070086235938	3.16
960.6016623187293	927.9012933240701	3.2
965.046545688197	939.3189371908712	3.24
967.8100152562166	952.1435737024048	3.28
974.6953505470146	958.0599328374337	3.32
994.8338302416543	971.8962275325913	3.36
1011.8006536034165	990.7243118374294	3.4
1025.1296315279235	1001.3618349144814	3.44
1033.6009806622267	1010.1702888031177	3.48
1030.7922327528013	1011.662203924946	3.52
1026.2276301796007	1006.0088816779752	3.56
1022.4621752523689	1002.2400512791461	3.6
1016.3555833103669	993.1113644670954	3.64
0.0	0.0	3.68
998.210641969977	998.210641969977	3.72
967.8746511996551	967.8746511996551	3.76
918.5358524206669	918.5358524206669	3.8
922.8200439513179	922.8200439513179	3.84
932.3067798327168	932.3067798327168	3.88
951.5549594018379	951.5549594018379	3.92
969.9348631018756	969.9348631018756	3.96
998.2552171779145	998.2552171779145	4.0
1011.4438769704263	1011.4438769704263	4.04
1023.386435748197	1023.386435748197	4.08
1033.8514033512304	1033.8514033512304	4.12
1048.0814395922594	1048.0814395922594	4.16
1052.0010722623535	1052.0010722623535	4.2
1040.9359177541628	1040.9359177541628	4.24
1036.430028106904	1036.430028106904	4.28
1023.2851943632551	1023.2851943632551	4.32
1022.8874496254797	1022.8874496254797	4.36
1018.4577196971558	1018.4577196971558	4.4
1017.9292764951854	1017.9292764951854	4.44
1021.8656819982931	1021.8656819982931	4.48
1014.4273582304405	1014.4273582304405	4.52
1009.2695739591079	1009.2695739591079	4.56
1003.4877376628016	1003.4877376628016	4.6
1001.2243335983717	1001.2243335983717	4.64
1003.4355914595758	1003.4355914595758	4.68
1004.1119927429041	1004.1119927429041	4.72
1001.9444157368704	1001.9444157368704	4.76
986.6829603062733	986.6829603062733	4.8
962.4818269536488	962.4818269536488	4.84
931.7625436184211	931.7625436184211	4.88
909.9099997340206	909.9099997340206	4.92
892.6378915796553	892.6378915796553	4.96
880.3318940473467	880.3318940473467	5.0
870.3303880392442	870.3303880392442	5.04
860.8090091484262	860.8090091484262	5.08
852.7796937510835	852.7796937510835	5.12
848.8062062012328	848.8062062012328	5.16
846.435592905379	846.435592905379	5.2
846.2769231502597	846.2769231502597	5.24
844.1962408094545	844.1962408094545	5.28
849.7543631684692	849.7543631684692	5.32
853.7863016147818	853.7863016147818	5.36
858.6712695931234	858.6712695931234	5.4
857.4568704436662	857.4568704436662	5.44
866.1025964217339	866.1025964217339	5.48
867.3137347258744	867.3137347258744	5.52
873.3019283737449	873.3019283737449	5.56
872.8612459047197	872.8612459047197	5.6
875.4256919367809	875.4256919367809	5.64
874.2237080763372	874.2237080763372	5.68
882.2854428737661	882.2854428737661	5.72
885.9449490531516	885.9449490531516	5.76
891.3569947223328	891.3569947223328	5.8
884.9307264516526	884.9307264516526	5.84
884.8187352058469	884.8187352058469	5.88
878.8211517924326	878.8211517924326	5.92
873.1220106849036	873.1220106849036	5.96
871.9741014546847	871.9741014546847	6.0
867.1682180402211	867.1682180402211	6.04
864.0936366261202	864.0936366261202	6.08
860.8663351817795	860.8663351817795	6.12
854.7914867445218	854.7914867445218	6.16
851.9430350412194	851.9430350412194	6.2
850.5218004064046	850.5218004064046	6.24
852.0581136938051	852.0581136938051	6.28
851.1872260618698	851.1872260618698	6.32
856.1551235901189	856.1551235901189	6.36
854.9827394217683	854.9827394217683	6.4
858.5243406883068	858.5243406883068	6.44
858.3902902147903	858.3902902147903	6.48
857.0317542119753	857.0317542119753	6.52
856.9895651833723	856.9895651833723	6.56
857.5646594792257	857.5646594792257	6.6
857.8677598621168	857.8677598621168	6.64
856.0698374895944	856.0698374895944	6.68
855.9585026113554	855.9585026113554	6.72
853.8858407777498	853.8858407777498	6.76
855.9515214368098	855.9515214368098	6.8
854.0085561828065	854.0085561828065	6.84
852.474005203142	852.474005203142	6.88
857.1068352388452	857.1068352388452	6.92
856.9693011158134	856.9693011158134	6.96
857.3382371739337	857.3382371739337	7.0
851.8092283081864	851.8092283081864	7.04
848.9857779665956	848.9857779665956	7.08
845.3824226961568	845.3824226961568	7.12
843.159989847152	843.159989847152	7.16
840.779857878402	840.779857878402	7.2
840.9009163075258	840.9009163075258	7.24
844.0903462648063	844.0903462648063	7.28
846.3835777070426	846.3835777070426	7.32
846.8023234936351	846.8023234936351	7.36
844.2209109764646	844.2209109764646	7.4
841.3367072536462	841.3367072536462	7.44
842.6226114558563	842.6226114558563	7.48
841.6567026964146	841.6567026964146	7.52
841.3651661451223	841.3651661451223	7.56
844.7196826808396	844.7196826808396	7.6
845.8596713968915	845.8596713968915	7.64
847.5662957209307	847.5662957209307	7.68
847.3083132673373	847.3083132673373	7.72
846.2583647525119	846.2583647525119	7.76
849.2070692696876	849.2070692696876	7.8
854.9972554605789	854.9972554605789	7.84
856.873838141934	856.873838141934	7.88
854.4798624768762	854.4798624768762	7.92
854.3651881311453	854.3651881311453	7.96
852.2138384496509	852.2138384496509	8.0
858.2580184636779	858.2580184636779	8.04
867.0285745441661	867.0285745441661	8.08
878.2159507876523	878.2159507876523	8.12
875.535367699342	875.535367699342	8.16
880.0816887931377	880.0816887931377	8.2
881.7060381554469	881.7060381554469	8.24
872.1737550373758	872.1737550373758	8.28
866.830226525335	866.830226525335	8.32
865.2347670104696	865.2347670104696	8.36
860.6564554230597	860.6564554230597	8.4
858.6188147558087	858.6188147558087	8.44
854.4878360069272	854.4878360069272	8.48
849.9929709654756	849.9929709654756	8.52
851.7210209121042	851.7210209121042	8.56
851.8864345330933	851.8864345330933	8.6
852.564192345408	852.564192345408	8.64
848.1432701295896	848.1432701295896	8.68
845.7193370119688	845.7193370119688	8.72
847.3348832041427	847.3348832041427	8.76
847.5840806671914	847.5840806671914	8.8
847.4613268959706	847.4613268959706	8.84
851.0809103047505	851.0809103047505	8.88
854.8907093254339	854.8907093254339	8.92
852.1069627735274	852.1069627735274	8.96
848.2527872997927	848.2527872997927	9.0
842.5936936570637	842.5936936570637	9.04
841.7943735562271	841.7943735562271	9.08
837.9317419783503	837.9317419783503	9.12
837.7148398050246	837.7148398050246	9.16
836.4467078486258	836.4467078486258	9.2
838.6132227410471	838.6132227410471	9.24
840.4945551984563	840.4945551984563	9.28
841.8790872106927	841.8790872106927	9.32
840.5071295873306	840.5071295873306	9.36
837.8308937460442	837.8308937460442	9.4
838.188922553355	838.188922553355	9.44
843.5994846305607	843.5994846305607	9.48
847.650496659406	847.650496659406	9.52
854.9895563586725	854.9895563586725	9.56
854.7580798995405	854.7580798995405	9.6
858.1561221561841	858.1561221561841	9.64
859.3765110889633	859.3765110889633	9.68
855.3168454775204	855.3168454775204	9.72
853.4295014123433	853.4295014123433	9.76
850.5749008761805	850.5749008761805	9.8
848.1964478773575	848.1964478773575	9.84
844.5802368186519	844.5802368186519	9.88
847.2247759520181	847.2247759520181	9.92
846.8891555039701	846.8891555039701	9.96
849.8049448057568	849.8049448057568	10.0
853.0728228745896	853.0728228745896	10.04
860.5061764766729	860.5061764766729	10.08
862.2835410874441	862.2835410874441	10.12
866.0011757867122	866.0011757867122	10.16
870.9581046649246	870.9581046649246	10.2
863.4658756496658	863.4658756496658	10.24
852.7127110853334	852.7127110853334	10.28
843.8851299745534	843.8851299745534	10.32
841.8868914791359	841.8868914791359	10.36
848.0534906574441	848.0534906574441	10.4
846.8063538351589	846.8063538351589	10.44
847.6657493465934	847.6657493465934	10.48
848.1095342165125	848.1095342165125	10.52
850.1946505827814	850.1946505827814	10.56
854.19105471018	854.19105471018	10.6
852.8244198166393	852.8244198166393	10.64
841.1934376728288	841.1934376728288	10.68
834.4622976383604	834.4622976383604	10.72
830.4096238598089	830.4096238598089	10.76
826.7586205748155	826.7586205748155	10.8
828.1622973304069	828.1622973304069	10.84
832.4768995429203	832.4768995429203	10.88
833.0339778509643	833.0339778509643	10.92
834.965354701605	834.965354701605	10.96
829.5030985706604	829.5030985706604	11.0
832.143809728045	832.143809728045	11.04
831.4704355903725	831.4704355903725	11.08
832.4045148376027	832.4045148376027	11.12
829.5217898327747	829.5217898327747	11.16
823.0754773186418	823.0754773186418	11.2
820.6770103602842	820.6770103602842	11.24
820.7679634821353	820.7679634821353	11.28
818.0710476153687	818.0710476153687	11.32
821.2378871792948	821.2378871792948	11.36
817.9707169206149	817.9707169206149	11.4
815.2854743836584	815.2854743836584	11.44
817.6971958688524	817.6971958688524	11.48
814.0982102753372	814.0982102753372	11.52
815.8407556398137	815.8407556398137	11.56
809.6064613482624	809.6064613482624	11.6
806.8019706052595	806.8019706052595	11.64
785.3045960148572	785.3045960148572	11.68
745.6969293574823	745.6969293574823	11.72
717.3547350776221	717.3547350776221	11.76
717.3712741236437	717.3712741236437	11.8
734.7508358718032	734.7508358718032	11.84
753.3377767002625	753.3377767002625	11.88
753.7907919311735	753.7907919311735	11.92
748.9209695124393	748.9209695124393	11.96
744.1430023722403	744.1430023722403	12.0
740.2896582502276	740.2896582502276	12.04
739.3421277569247	739.3421277569247	12.08
738.6702112739031	738.6702112739031	12.12
742.0013465530023	742.0013465530023	12.16
745.3089599098261	745.3089599098261	12.2
746.2785501046081	746.2785501046081	12.24
751.2260513281143	751.2260513281143	12.28
753.1140565746199	753.1140565746199	12.32
757.0416358793534	757.0416358793534	12.36
766.5475265819032	766.5475265819032	12.4
776.7009111710723	776.7009111710723	12.44
791.2784007038698	791.2784007038698	12.48
804.4157784657547	804.4157784657547	12.52
813.0461306702989	813.0461306702989	12.56
823.0629129150606	823.0629129150606	12.6
836.7922080088862	836.7922080088862	12.64
848.0384371157471	848.0384371157471	12.68
870.000623576239	870.000623576239	12.72
895.7495829144813	895.7495829144813	12.76
922.9736842610533	922.9736842610533	12.8
945.397097521932	945.397097521932	12.84
960.7289979017207	960.7289979017207	12.88
973.1696871355344	973.1696871355344	12.92
984.3619530541429	984.3619530541429	12.96
998.624258861167	998.624258861167	13.0
1014.0973077123807	1014.0973077123807	13.04
1029.4471472641349	1029.4471472641349	13.08
1039.9542976271516	1039.9542976271516	13.12
1047.8778037776394	1047.8778037776394	13.16
1056.0671615180875	1056.0671615180875	13.2
1061.0511056802627	1061.0511056802627	13.24
1063.4211095327637	1063.4211095327637	13.28
1069.5496598583636	1069.5496598583636	13.32
1088.1733204644565	1088.1733204644565	13.36
1109.5222058408435	1109.5222058408435	13.4
1128.631605823167	1128.631605823167	13.44
1144.7127544880111	1144.7127544880111	13.48
1130.994961697288	1130.994961697288	13.52
1089.276035701471	1089.276035701471	13.56
1065.4176299984895	1065.4176299984895	13.6
1051.138471638987	1051.138471638987	13.64
1039.0685133517372	1039.0685133517372	13.68
1023.6458978823397	1023.6458978823397	13.72
1008.7213680800711	1008.7213680800711	13.76
989.5045647381448	989.5045647381448	13.8
982.1324721225989	982.1324721225989	13.84
967.8932945959518	967.8932945959518	13.88
970.6302998244838	970.6302998244838	13.92
972.3944209609381	972.3944209609381	13.96
985.2779497919945	985.2779497919945	14.0
988.4646520523609	988.4646520523609	14.04
1001.7735680632403	1001.7735680632403	14.08
1001.0583774923925	1001.0583774923925	14.12
1016.6910703355304	1016.6910703355304	14.16
1019.1433207708196	1019.1433207708196	14.2
1031.2578852083725	1031.2578852083725	14.24
1010.5306318747165	1010.5306318747165	14.28
1010.1595169543361	1010.1595169543361	14.32
991.6544658330605	991.6544658330605	14.36
990.6914391047068	990.6914391047068	14.4
985.5130549361658	985.5130549361658	14.44
977.3959156735388	977.3959156735388	14.48
971.0817460754714	971.0817460754714	14.52
962.1395678782523	962.1395678782523	14.56
959.8121317368241	959.8121317368241	14.6
948.478247659385	948.478247659385	14.64
934.8044961684307	934.8044961684307	14.68
921.7527886720953	921.7527886720953	14.72
916.6298969792778	916.6298969792778	14.76
910.903452453224	910.903452453224	14.8
912.4756651768427	912.4756651768427	14.84
909.4564920233832	909.4564920233832	14.88
915.2671669149959	915.2671669149959	14.92
906.8725133369173	906.8725133369173	14.96
902.0067077227317	902.0067077227317	15.0
905.500990434519	905.500990434519	15.04
906.9102500468026	906.9102500468026	15.08
908.5669446736193	908.5669446736193	15.12
904.0040234135233	904.0040234135233	15.16
903.1723244286056	903.1723244286056	15.2
904.4490405324897	904.4490405324897	15.24
904.4908648244245	904.4908648244245	15.28
907.184906429311	907.184906429311	15.32
911.3068457657822	911.3068457657822	15.36
910.0508787365317	910.0508787365317	15.4
906.6508183121467	906.6508183121467	15.44
904.381894824657	904.381894824657	15.48
903.5115550987899	903.5115550987899	15.52
905.7668779056145	905.7668779056145	15.56
910.4741914406399	910.4741914406399	15.6
904.757029203557	904.757029203557	15.64
903.3869479080141	903.3869479080141	15.68
907.786873750924	907.786873750924	15.72
923.899277185342	923.899277185342	15.76
945.849443221759	945.849443221759	15.8
955.4837293394386	955.4837293394386	15.84
960.7988547711551	960.7988547711551	15.88
980.6763513504345	980.6763513504345	15.92
987.5684576018084	987.5684576018084	15.96
989.8036410703149	989.8036410703149	16.0
1008.3301136533897	1008.3301136533897	16.04
1018.8491534180085	1018.8491534180085	16.08
1036.5592458844035	1036.5592458844035	16.12
1045.2315761189984	1045.2315761189984	16.16
1055.451427716265	1055.451427716265	16.2
1063.617640461852	1063.617640461852	16.24
1067.9125877128245	1067.9125877128245	16.28
1062.8596930355532	1062.8596930355532	16.32
1059.7132311114797	1059.7132311114797	16.36
1049.0951407541522	1049.0951407541522	16.4
1042.4981765187435	1042.4981765187435	16.44
0.0	0.0	16.48
1023.5354964577501	1023.5354964577501	16.52
1009.7409406903199	1009.7409406903199	16.56
1005.181224445763	1005.181224445763	16.6
992.0203392459015	992.0203392459015	16.64
983.5207001810919	983.5207001810919	16.68
976.8626018291216	976.8626018291216	16.72
968.879143758238	968.879143758238	16.76
962.0819957998593	962.0819957998593	16.8
962.775878320786	962.775878320786	16.84
956.2079561257292	956.2079561257292	16.88
954.8853768478098	954.8853768478098	16.92
958.9734943736878	958.9734943736878	16.96
950.3467941341926	950.3467941341926	17.0
955.2889138707839	955.2889138707839	17.04
954.9039564750484	954.9039564750484	17.08
950.3399715968997	950.3399715968997	17.12
946.7523501452299	946.7523501452299	17.16
941.9579533250981	941.9579533250981	17.2
942.0189993825136	942.0189993825136	17.24
942.5418601289143	942.5418601289143	17.28
937.3817901233766	937.3817901233766	17.32
937.9555130818061	937.9555130818061	17.36
936.1424288506818	936.1424288506818	17.4
933.4008734948883	933.4008734948883	17.44
935.4133121036465	935.4133121036465	17.48
936.2369714923074	936.2369714923074	17.52
936.9551725107482	936.9551725107482	17.56
939.0510988412937	939.0510988412937	17.6
935.2452522354232	935.2452522354232	17.64
938.0619645721586	938.0619645721586	17.68
935.6137318551631	935.6137318551631	17.72
937.6043951250261	937.6043951250261	17.76
939.6077534629911	939.6077534629911	17.8
939.155886202515	939.155886202515	17.84
938.9292781504328	938.9292781504328	17.88
939.2804874279758	939.2804874279758	17.92
939.147738463025	939.147738463025	17.96
940.206749913323	940.206749913323	18.0
942.1584376941453	942.1584376941453	18.04
938.2466675521209	938.2466675521209	18.08
941.3103105820221	941.3103105820221	18.12
941.7675752586438	941.7675752586438	18.16
941.464266244361	941.464266244361	18.2
940.12873516199	940.12873516199	18.24
944.6848896904241	944.6848896904241	18.28
943.817968937216	943.817968937216	18.32
942.4091237368503	942.4091237368503	18.36
943.5455830150619	943.5455830150619	18.4
937.8234428639712	937.8234428639712	18.44
944.427875057732	944.427875057732	18.48
943.5556559399078	943.5556559399078	18.52
942.7865622682792	942.7865622682792	18.56
943.428897122177	943.428897122177	18.6
943.7111553413782	943.7111553413782	18.64
943.7238243400881	943.7238243400881	18.68
944.4012037144208	944.4012037144208	18.72
944.3373218241026	944.3373218241026	18.76
944.9455394228629	944.9455394228629	18.8
943.470967976417	943.470967976417	18.84
946.0247010745462	946.0247010745462	18.88
945.6171672600407	945.6171672600407	18.92
944.7596628975914	944.7596628975914	18.96
944.2737116219845	944.2737116219845	19.0
943.9254059183637	943.9254059183637	19.04
943.8659601900865	943.8659601900865	19.08
946.757203068914	946.757203068914	19.12
951.1826954928531	951.1826954928531	19.16
961.9582565494244	961.9582565494244	19.2
1010.124941796524	1010.124941796524	19.24
1079.0799481336503	1079.0799481336503	19.28
1180.0198880155158	1180.0198880155158	19.32
1306.374873327418	1306.374873327418	19.36
1431.3939480399495	1431.3939480399495	19.4
1558.0275406081287	1558.0275406081287	19.44
1716.449281977957	1716.449281977957	19.48
1770.4182335439596	1770.4182335439596	19.52
1836.6471157772705	1836.6471157772705	19.56
1888.2606131278	1888.2606131278	19.6
1929.3845958183288	1929.3845958183288	19.64
1962.117465902137	1962.117465902137	19.68
1993.02285807039	1993.02285807039	19.72
2019.6452576073016	2019.6452576073016	19.76
2057.9663715713696	2057.9663715713696	19.8
2085.4775052254195	2085.4775052254195	19.84
2105.729571908391	2105.729571908391	19.88
2110.29962350302	2110.29962350302	19.92
2121.993010861235	2121.993010861235	19.96
2121.6045613770925	2121.6045613770925	20.0
2120.478686594785	2120.478686594785	20.04
2114.726640912416	2114.726640912416	20.08
2125.383392747845	2125.383392747845	20.12
0.0	0.0	20.16
0.0	0.0	20.2
0.0	0.0	20.24
0.0	0.0	20.28
2118.8118441401134	2118.8118441401134	20.32
2107.954764966704	2107.954764966704	20.36
2122.1977545230657	2122.1977545230657	20.4
2128.2104302567977	2128.2104302567977	20.44
2129.524166182138	2129.524166182138	20.48
2129.730285290042	2129.730285290042	20.52
2125.3582401412964	2125.3582401412964	20.56
2121.3165347275913	2121.3165347275913	20.6
2128.8266721872433	2128.8266721872433	20.64
2126.7671272131583	2126.7671272131583	20.68
2127.2822803898466	2127.2822803898466	20.72
2124.1245231473686	2124.1245231473686	20.76
2126.0879627547815	2126.0879627547815	20.8
2127.1749949021532	2127.1749949021532	20.84
2130.092525821296	2130.092525821296	20.88
2128.6899830473562	2128.6899830473562	20.92
2129.4677484132976	2129.4677484132976	20.96
2126.318988616571	2126.318988616571	21.0
2124.5915786217774	2124.5915786217774	21.04
2120.6690351780067	2120.6690351780067	21.08
2119.5602324314436	2119.5602324314436	21.12
2119.406840447727	2119.406840447727	21.16
2120.509487557698	2120.509487557698	21.2
2125.236184018966	2125.236184018966	21.24
2127.3796307924795	2127.3796307924795	21.28
2124.0829817637837	2124.0829817637837	21.32
2124.8770590891622	2124.8770590891622	21.36
2122.329539373241	2122.329539373241	21.4
2123.1234448555056	2123.1234448555056	21.44
2126.0160718868988	2126.0160718868988	21.48
2127.2791605244142	2127.2791605244142	21.52
2124.9392727816476	2124.9392727816476	21.56
2124.407224806976	2124.407224806976	21.6
2128.9421730561444	2128.9421730561444	21.64
2125.680002160616	2125.680002160616	21.68
2121.5086476499287	2121.5086476499287	21.72
2119.892083357981	2119.892083357981	21.76
2126.352108176463	2126.352108176463	21.8
2120.0216911367515	2120.0216911367515	21.84
2122.1607060095075	2122.1607060095075	21.88
2130.9549032245595	2130.9549032245595	21.92
2127.00985852389	2127.00985852389	21.96
2125.715623690393	2125.715623690393	22.0
2118.902033217793	2118.902033217793	22.04
2123.039726691347	2123.039726691347	22.08
2125.7098276896368	2125.7098276896368	22.12
2124.468469112801	2124.468469112801	22.16
2123.763214228932	2123.763214228932	22.2
2122.6325022189653	2122.6325022189653	22.24
2126.8400942035373	2126.8400942035373	22.28
2126.703946934915	2126.703946934915	22.32
2122.242516149345	2122.242516149345	22.36
2126.2004721827384	2126.2004721827384	22.4
2130.0234205317906	2130.0234205317906	22.44
2130.0585295287888	2130.0585295287888	22.48
2129.0191937249688	2129.0191937249688	22.52
2128.5026637540295	2128.5026637540295	22.56
2125.8100948554593	2125.8100948554593	22.6
2126.6031096572774	2126.6031096572774	22.64
2122.2348923432714	2122.2348923432714	22.68
2126.2982877109703	2126.2982877109703	22.72
2129.3973726668605	2129.3973726668605	22.76
2127.2118032284675	2127.2118032284675	22.8
2131.8477703816607	2131.8477703816607	22.84
2130.834518752376	2130.834518752376	22.88
2128.2430617335413	2128.2430617335413	22.92
2129.3098727847378	2129.3098727847378	22.96
2134.370637997935	2134.370637997935	23.0
2136.133146233368	2136.133146233368	23.04
2134.032506590406	2134.032506590406	23.08
2136.1267523360857	2136.1267523360857	23.12
2134.710948875153	2134.710948875153	23.16
2134.843279133641	2134.843279133641	23.2
2136.866445478914	2136.866445478914	23.24
2132.9729658794886	2132.9729658794886	23.28
2138.7728019653887	2138.7728019653887	23.32
2136.496176924306	2136.496176924306	23.36
2131.9859375539313	2131.9859375539313	23.4
2132.2849607531875	2132.2849607531875	23.44
2136.8509560675425	2136.8509560675425	23.48
2136.2082845113805	2136.2082845113805	23.52
2131.2808388615804	2131.2808388615804	23.56
2137.645238713692	2137.645238713692	23.6
2137.8826469394135	2137.8826469394135	23.64
2138.176660723011	2138.176660723011	23.68
2140.0004044246252	2140.0004044246252	23.72
2138.364489448394	2138.364489448394	23.76
2140.0497374705187	2140.0497374705187	23.8
2140.173417178831	2140.173417178831	23.84
2137.1434427776776	2137.1434427776776	23.88
2137.7192744336708	2137.7192744336708	23.92
2137.7166299973887	2137.7166299973887	23.96
2137.061235569229	2137.061235569229	24.0
2134.5312838561576	2134.5312838561576	24.04
2134.909938816014	2134.909938816014	24.08
2133.089485741357	2133.089485741357	24.12
2134.837448588472	2134.837448588472	24.16
2133.4878052319827	2133.4878052319827	24.2
2136.8426959137005	2136.8426959137005	24.24
2135.426911680233	2135.426911680233	24.28
2131.223865089913	2131.223865089913	24.32
2138.767310115439	2138.767310115439	24.36
2132.290331782054	2132.290331782054	24.4
2135.6707644317034	2135.6707644317034	24.44
2135.3604736057187	2135.3604736057187	24.48
2138.685390047189	2138.685390047189	24.52
2135.407723073865	2135.407723073865	24.56
2138.7141709867055	2138.7141709867055	24.6
2132.2633098622387	2132.2633098622387	24.64
2135.26414423995	2135.26414423995	24.68
0.0	0.0	24.72
0.0	0.0	24.76
0.0	0.0	24.8
0.0	0.0	24.84
0.0	0.0	24.88
0.0	0.0	24.92
0.0	0.0	24.96
0.0	0.0	25.0
2120.6885721505214	2120.6885721505214	25.04
2107.3042878753245	2107.3042878753245	25.08
0.0	0.0	25.12
0.0	0.0	25.16
0.0	0.0	25.2
2122.3010872789946	2122.3010872789946	25.24
2119.0647511796838	2119.0647511796838	25.28
2128.1921526119663	2128.1921526119663	25.32
2132.125245022535	2132.125245022535	25.36
2134.462667265395	2134.462667265395	25.4
2134.662025010511	2134.662025010511	25.44
2135.3852311601863	2135.3852311601863	25.48
2137.3571825956637	2137.3571825956637	25.52
2136.0048145465685	2136.0048145465685	25.56
2135.4194177458116	2135.4194177458116	25.6
2141.544176366669	2141.544176366669	25.64
0.0	0.0	25.68
2119.3614682849607	2119.3614682849607	25.72
2098.2359831251665	2098.2359831251665	25.76
0.0	0.0	25.8
2122.6935086998706	2122.6935086998706	25.84
2122.319852316461	2122.319852316461	25.88
2128.895244321652	2128.895244321652	25.92
2134.976904230159	2134.976904230159	25.96
2136.0139341195586	2136.0139341195586	26.0
2135.3201889886323	2135.3201889886323	26.04
2132.9619420217878	2132.9619420217878	26.08
2136.499466697691	2136.499466697691	26.12
2135.097032143505	2135.097032143505	26.16
2135.4578386840385	2135.4578386840385	26.2
0.0	0.0	26.24
0.0	0.0	26.28
0.0	0.0	26.32
2120.807062800207	2120.807062800207	26.36
2116.9531580116063	2116.9531580116063	26.4
2133.828118987684	2133.828118987684	26.44
2132.5212406551004	2132.5212406551004	26.48
2131.8167311988036	2131.8167311988036	26.52
2133.107640515154	2133.107640515154	26.56
2133.8172472585284	2133.8172472585284	26.6
2136.5493986622178	2136.5493986622178	26.64
2136.7296512279145	2136.7296512279145	26.68
0.0	0.0	26.72
0.0	0.0	26.76
0.0	0.0	26.8
0.0	0.0	26.84
0.0	0.0	26.88
0.0	0.0	26.92
0.0	0.0	26.96
0.0	0.0	27.0
0.0	0.0	27.04
0.0	0.0	27.08
0.0	0.0	27.12
0.0	0.0	27.16
0.0	0.0	27.2
0.0	0.0	27.24
0.0	0.0	27.28
0.0	0.0	27.32
0.0	0.0	27.36
0.0	0.0	27.4
0.0	0.0	27.44
2117.5441115135122	2117.5441115135122	27.48
2096.207344212922	2096.207344212922	27.52
0.0	0.0	27.56
2119.683625291253	2119.683625291253	27.6
2117.058491168894	2117.058491168894	27.64
0.0	0.0	27.68
2109.671103841782	2109.671103841782	27.72
2129.463442201304	2129.463442201304	27.76
2129.425219606888	2129.425219606888	27.8
2131.1839166937507	2131.1839166937507	27.84
2130.043842399469	2130.043842399469	27.88
2134.0374339792547	2134.0374339792547	27.92
2128.2747718598034	2128.2747718598034	27.96
2135.5754143421873	2135.5754143421873	28.0
2131.4478168823307	2131.4478168823307	28.04
2134.0947268786645	2134.0947268786645	28.08
2136.4440345390412	2136.4440345390412	28.12
2133.3916071803524	2133.3916071803524	28.16
0.0	0.0	28.2
0.0	0.0	28.24
0.0	0.0	28.28
0.0	0.0	28.32
0.0	0.0	28.36
0.0	0.0	28.4
0.0	0.0	28.44
0.0	0.0	28.48
0.0	0.0	28.52
0.0	0.0	28.56
0.0	0.0	28.6
0.0	0.0	28.64
0.0	0.0	28.68
0.0	0.0	28.72
0.0	0.0	28.76
0.0	0.0	28.8
2104.1370499711566	2104.1370499711566	28.84
2122.45368142899	2122.45368142899	28.88
2125.0452420012643	2125.0452420012643	28.92
2127.5032102679547	2127.5032102679547	28.96
2125.4175225408703	2125.4175225408703	29.0
2126.7606494989245	2126.7606494989245	29.04
2123.3897034554616	2123.3897034554616	29.08
2117.8048611892073	2117.8048611892073	29.12
2112.764939860005	2112.764939860005	29.16
2105.997474919238	2105.997474919238	29.2
2096.546637026328	2096.546637026328	29.24
2090.246522728115	2090.246522728115	29.28
2076.4364839505292	2076.4364839505292	29.32
2066.931619351819	2066.931619351819	29.36
2059.945110557901	2059.945110557901	29.4
2053.907700126345	2053.907700126345	29.44
2044.1973013599172	2044.1973013599172	29.48
2043.9230971666495	2043.9230971666495	29.52
2036.186875457854	2036.186875457854	29.56
2038.4392908989134	2038.4392908989134	29.6
2044.4693310521645	2044.4693310521645	29.64
2062.9409336385806	2062.9409336385806	29.68
2070.4395292578615	2070.4395292578615	29.72
0.0	0.0	29.76
2082.5232805280707	2082.5232805280707	29.8
2101.6146102789694	2101.6146102789694	29.84
2100.6525399364805	2056.3910130676763	29.88
2114.815187040883	2078.279779541608	29.92
2085.0488386363013	2085.0488386363013	29.96
2030.7360081636677	2030.7360081636677	30.0
2051.394576013246	2051.394576013246	30.04
0.0	0.0	30.08
2076.7238908483155	2076.7238908483155	30.12
2107.220818087702	2107.220818087702	30.16
2107.9004950749	2107.9004950749	30.2
2096.791726495742	2096.791726495742	30.24
2068.7470030209424	2068.7470030209424	30.28
2035.2115847384566	2035.2115847384566	30.32
1962.1738137207433	1962.1738137207433	30.36
1878.6143657529865	1878.6143657529865	30.4
1774.8173089276154	1774.8173089276154	30.44
1649.0852685970463	1649.0852685970463	30.48
1532.9332673450292	1532.9332673450292	30.52
1427.6084151432221	1474.676241791997	30.56
1333.8952678176743	1404.0742399525257	30.6
1271.209571418189	1317.2764472907618	30.64
1210.3960170834773	1258.516332064431	30.68
1156.0436355156844	1187.7323774411427	30.72
1109.4125622587242	1136.3274168534704	30.76
1063.5654385845312	1040.537591347847	30.8
1027.2724355484768	1002.0709125285455	30.84
999.1174610439799	943.9909555888663	30.88
971.9448514586696	931.4977373338851	30.92
960.8805362240088	938.6921011507981	30.96
962.4383042673114	908.819035592227	31.0
962.3104020526448	914.1508692174835	31.04
964.9367346454978	897.3533179265628	31.08
967.7075740837981	890.9294616916468	31.12
980.0405092708676	887.4526818279468	31.16
985.9287974866127	900.0247673987263	31.2
993.2705709614746	924.7755364078376	31.24
995.6449305952839	925.9065499106667	31.28
985.4485320365521	920.666221603826	31.32
974.5033246679849	910.2068167775212	31.36
962.562207909259	907.4480591480661	31.4
948.1150570105466	897.4692483621983	31.44
939.4496654602676	883.3730418378517	31.48
931.2356793400268	909.949485397702	31.52
921.7286486780342	892.2873862127946	31.56
917.5930762761411	865.3083385410456	31.6
900.050178279382	874.0018608795982	31.64
896.9578725132461	839.475970254392	31.68
892.2226202766748	842.2309288113842	31.72
896.8967461938397	865.3773919362765	31.76
886.1114823511516	863.2371957054808	31.8
888.9354671596064	856.2917944202113	31.84
888.754524523961	847.3318847092224	31.88
883.7128859856495	849.4902966179385	31.92
886.6981557845437	831.5327035629795	31.96
884.0491734199231	827.411497523265	32.0
882.1967869426842	836.5229083737349	32.04
889.4446544848031	855.9360419472166	32.08
883.6096111401071	834.0328708833529	32.12
890.5787000474576	855.1479672781459	32.16
883.728356153317	838.4598706531344	32.2
883.0808784108129	826.4479316038365	32.24
887.1534179633531	796.4752274516366	32.28
888.8999761185057	846.3951235240507	32.32
890.3025442816713	850.9993792463857	32.36
887.3157339776428	856.5950087443041	32.4
885.6365451909764	845.6013524913802	32.44
883.8627312839246	825.5695950156683	32.48
888.9084209053713	850.5372469353116	32.52
890.7574345300443	844.6199114435441	32.56
893.0183567423024	851.4299976893252	32.6
886.7380688415477	846.2900559191315	32.64
893.3405028080974	819.0104796150415	32.68
885.955010051371	856.774659237032	32.72
891.922622468017	840.6775133281278	32.76
891.1095840639447	847.2469632455034	32.8
891.9271357631164	858.2257071163986	32.84
891.6416104932282	850.3267244201489	32.88
892.030985262033	853.265914604809	32.92
891.3134993989382	872.3447108164103	32.96
889.7553411084033	869.6016387135362	33.0
888.2048392099149	833.7049880055808	33.04
889.4907625166801	840.3096303896	33.08
889.2818574197204	854.9743312317624	33.12
890.8778893112935	846.4058632717591	33.16
889.8661491997323	862.91916084571	33.2
889.9433999844631	839.9707781515528	33.24
894.6853102732604	833.5715002505489	33.28
888.6651916190699	860.6720578775346	33.32
893.1524931411248	863.9623979573142	33.36
893.2572019552457	858.3794799311601	33.4
890.2250958857551	850.5883141243119	33.44
891.3384190253172	858.7932447644617	33.48
892.3225179743685	846.8701026421468	33.52
890.4554786364756	871.4671337219695	33.56
889.5896170021954	866.5499676394853	33.6
890.2399399883275	852.4576433819373	33.64
894.2713957723946	861.6491943983501	33.68
888.8050646185368	844.6257461338262	33.72
889.6885932387593	847.2868301472408	33.76
892.8313037752662	841.1394035895644	33.8
892.1562242474587	861.5977205345603	33.84
885.9515819933707	836.4988134179216	33.88
889.1682873653733	828.2888196130216	33.92
885.8530933666489	853.0550121557782	33.96
892.5937440812155	834.3070488278637	34.0
895.0613598016686	859.59859552504	34.04
900.0815039355945	849.649421064678	34.08
909.6363486276445	858.0769572919882	34.12
913.6526492579418	849.178914917141	34.16
930.2697795639334	865.0044335467717	34.2
948.1887173121214	912.6244434515837	34.24
959.9535431129381	941.2890238853277	34.28
974.8024400485525	926.8652050226194	34.32
988.0200097340245	934.7398609101778	34.36
1004.4774907157116	959.5857604889679	34.4
1016.5815245646083	975.5271791146126	34.44
1029.2404556978265	984.2191055805403	34.48
1036.7786974219518	1025.422415719585	34.52
1051.7780875465728	1065.9855894619088	34.56
1080.1821568272633	1098.1643368205637	34.6
1103.3728312226337	1123.9310304505825	34.64
1126.462633252564	1150.7467976365792	34.68
1152.10442116149	1174.9667671195664	34.72
1179.4316097100639	1202.0836842816673	34.76
1215.3401449098737	1276.3775929913925	34.8
1253.5810278173183	1295.2100363278523	34.84
1264.9564584754	1264.9564584754	34.88
1307.573650011768	1290.3564360878793	34.92
1335.530540688632	1264.7473379584428	34.96
1402.2354498265015	1348.9523226975334	35.0
1516.7914338301987	1455.763403473058	35.04
0.0	0.0	35.08
0.0	0.0	35.12
0.0	0.0	35.16
0.0	0.0	35.2
0.0	0.0	35.24
0.0	0.0	35.28
0.0	0.0	35.32
0.0	0.0	35.36
0.0	0.0	35.4
0.0	0.0	35.44
0.0	0.0	35.48
0.0	0.0	35.52
0.0	0.0	35.56
0.0	0.0	35.6
0.0	0.0	35.64
0.0	0.0	35.68
0.0	0.0	35.72
0.0	0.0	35.76
0.0	0.0	35.8
0.0	0.0	35.84
0.0	0.0	35.88
0.0	0.0	35.92
1250.421098923948	1250.421098923948	35.96
1494.9656066737393	1494.9656066737393	36.0
1488.9551138666852	1488.9551138666852	36.04
1475.0695566826312	1475.0695566826312	36.08
1464.2196651972044	1464.2196651972044	36.12
1457.5342216166996	1457.5342216166996	36.16
1449.6836950646398	1449.6836950646398	36.2
1452.4159734569598	1452.4159734569598	36.24
1441.1643353899049	1441.1643353899049	36.28
1435.4493736112966	1435.4493736112966	36.32
1431.0302599677777	1431.0302599677777	36.36
1431.9693704467984	1431.9693704467984	36.4
1432.9579798372295	1432.9579798372295	36.44
1434.7346702680125	1434.7346702680125	36.48
1435.0436376728767	1435.0436376728767	36.52
1435.1009620914444	1435.1009620914444	36.56
1435.231672971509	1435.231672971509	36.6
1433.3055358381835	1433.3055358381835	36.64
1431.2476607958422	1431.2476607958422	36.68
1428.3317200553952	1428.3317200553952	36.72
1428.4456852468925	1428.4456852468925	36.76
1428.7670002951984	1428.7670002951984	36.8
1431.9125664586163	1431.9125664586163	36.84
1434.613264962905	1434.613264962905	36.88
1436.7697576969795	1436.7697576969795	36.92
1437.0589364938673	1437.0589364938673	36.96
1439.56886919505	1439.56886919505	37.0
1439.7171607967575	1439.7171607967575	37.04
1438.0432202617524	1438.0432202617524	37.08
1438.7834481187283	1438.7834481187283	37.12
1436.468662393825	1436.468662393825	37.16
1438.7805729309948	1438.7805729309948	37.2
1438.26083975075	1438.26083975075	37.24
1438.9079910977712	1438.9079910977712	37.28
1435.4249988658237	1435.4249988658237	37.32
1437.4671953310085	1437.4671953310085	37.36
1434.0004141422182	1434.0004141422182	37.4
1435.4790784653878	1435.4790784653878	37.44
1435.4390275632493	1435.4390275632493	37.48
1438.4135699003073	1438.4135699003073	37.52
1442.0310906321981	1442.0310906321981	37.56
1443.0774454176544	1443.0774454176544	37.6
1443.5237295143213	1443.5237295143213	37.64
1447.5045541601191	1447.5045541601191	37.68
1450.3514581341017	1450.3514581341017	37.72
1451.6418546302646	1451.6418546302646	37.76
1453.990034975683	1453.990034975683	37.8
1463.092619368961	1463.092619368961	37.84
1470.2342861812454	1470.2342861812454	37.88
1478.167316862977	1478.167316862977	37.92
1482.8215680061976	1482.8215680061976	37.96
1484.8240422310585	1484.8240422310585	38.0
1490.1343403506958	1490.1343403506958	38.04
1493.8554997578797	1493.8554997578797	38.08
1493.155605447882	1493.155605447882	38.12
1494.1950498288786	1494.1950498288786	38.16
1495.4194369705478	1132.0540392349449	38.2
1501.393500521027	1136.550531008251	38.24
1501.728587595825	1140.7656376445907	38.28
1462.4667018555895	1148.067720266999	38.32
1354.672714336065	1148.2367065515218	38.36
1235.5587327010667	1150.4134622284266	38.4
1265.4642684140442	1148.8800744214793	38.44
1255.1162055914765	1148.4791182799452	38.48
1223.7431845083868	1145.7577787697185	38.52
1221.980379398958	1137.5060890870795	38.56
1250.0225742957061	1130.8064662919785	38.6
1453.304722573129	1131.1450308321548	38.64
1454.7332019881646	1125.2298705009366	38.68
1442.1443812892426	1117.6663822888468	38.72
1432.7778939294576	1111.4941106702538	38.76
1427.4528854360124	1105.6950038138607	38.8
1420.7921806538807	1099.3479018371327	38.84
1415.2255777294658	1093.920238739703	38.88
1409.3667976437375	1091.0593609008486	38.92
1407.2733453230876	1087.162225609559	38.96
1405.922305867979	1084.678315050701	39.0
1402.4692745966283	1084.608982111404	39.04
1398.8645737612062	1083.4276374863623	39.08
1396.3647137855567	1079.2670204026406	39.12
1392.2490246827344	1076.6283307080043	39.16
1390.5381103963305	1076.4145319461002	39.2
1391.5333370664023	1076.025083046952	39.24
1389.0899669977846	1074.6426613020742	39.28
1391.9547632811812	1075.006775108494	39.32
1393.8687186549741	1076.5443801814724	39.36
1394.9784243430558	1078.6566246480181	39.4
1395.0645738769783	1079.0597785891089	39.44
1394.888242338362	1078.482359664797	39.48
1392.8508014817942	1078.7802978188251	39.52
1393.411208502741	1076.9064746042447	39.56
1395.0316399650585	1077.8836538671032	39.6
1394.5278194225793	1079.9179268190655	39.64
1394.6030236520683	1078.822597298172	39.68
1395.1595186600819	1079.3268237770903	39.72
1395.7669601512016	1078.4435933370291	39.76
1396.3166273706577	1079.3290725118084	39.8
1397.784852931494	1081.7162898859192	39.84
1396.1769623515747	1081.5049890547446	39.88
1395.3854442655413	1078.4478890788748	39.92
1395.7564665079312	1080.2515658661168	39.96
1398.8716578842739	1080.046580639708	40.0
1400.815057162105	1081.8220906532108	40.04
1403.0949858575218	1083.505902719518	40.08
1402.5503815052684	1086.043709013327	40.12
1402.6439058315282	1085.363916329776	40.16
1404.680262382596	1086.1402275167734	40.2
1405.5079007855372	1085.861676061328	40.24
1406.285281973523	1088.0990505856857	40.28
1405.922007601104	1085.720174353741	40.32
1403.8278219156987	1085.2840785139438	40.36
1406.3034121942912	1084.5410145786288	40.4
1408.0278537042543	1086.5338635988344	40.44
1408.9927007989138	1088.9545031749597	40.48
1410.8549627522796	1088.5979940986008	40.52
1411.7869411969193	1092.4855800404198	40.56
1411.30333968786	1090.287617270177	40.6
1411.940655361379	1091.9758751662318	40.64
1413.0528532309102	1094.1687402795671	40.68
1415.0324500052307	1095.1958452412853	40.72
1415.0714780597184	1094.7925252419109	40.76
1415.2528396765301	1096.629718431414	40.8
1414.6604501393297	1098.1103605231685	40.84
1414.3742131090949	1095.6742610606648	40.88
1411.4613869434402	1094.5797488436	40.92
1411.5728768159922	1094.7351675679051	40.96
1412.5050030027091	1095.8876103155872	41.0
1411.8887367313569	1094.9255981574156	41.04
1413.1840931285826	1096.2922120103972	41.08
1412.5341405889303	1097.5519871756762	41.12
1410.80504794003	1095.7735178841863	41.16
1410.1049604927384	1096.1347299707097	41.2
1408.179307496551	1095.1117833654355	41.24
1407.2704487007682	1093.7115521864584	41.28
1407.4571072952235	1094.513154060871	41.32
1404.7283833474514	1091.4578779662252	41.36
1404.280610542038	1087.8643776976423	41.4
1404.1495195389782	1089.2585232735178	41.44
1406.0468868288938	1091.8838956072466	41.48
1401.4790490952946	1093.879902636641	41.52
1401.5273010896124	1094.4767632756812	41.56
1403.1582240565792	1093.5308965395927	41.6
1405.186435426541	1095.0868623708693	41.64
1405.2316603519105	1096.6330338540622	41.68
1405.8525652710473	1096.4611572997142	41.72
1405.9120155711905	1096.4971522696053	41.76
1405.5610776265228	1096.0711625545998	41.8
1406.5199061602748	1095.852796300393	41.84
1405.4825641267723	1096.093230736743	41.88
1405.7246947462666	1096.5987021505707	41.92
1404.6836864000686	1096.0195308038842	41.96
1403.9720055302537	1095.486893553339	42.0
1404.5522817673661	1095.3512916238176	42.04
1403.4052560524356	1094.8701313591603	42.08
1403.418190486354	1094.7524492173818	42.12
1404.1587878549342	1095.987741390361	42.16
1403.8440642942523	1095.8832265343124	42.2
1404.7602075347709	1095.5714686324948	42.24
1406.475591400734	1096.750958325281	42.28
1414.4298270798754	1102.0996845932539	42.32
1425.4288493710403	1113.469709915619	42.36
1443.578679669177	1130.104761062212	42.4
1463.181955127961	1149.9175619075406	42.44
1487.0527085493313	1175.3230055577972	42.48
1510.7413749904931	1199.6465162931604	42.52
1534.775723954847	1226.6955281388923	42.56
1559.2469605793428	1250.7672466975657	42.6
1585.1846562210717	1276.4198312058847	42.64
1610.0832173909484	1302.089326912134	42.68
1629.3514838313274	1322.2557166430574	42.72
1643.9466338639393	1335.9402972867983	42.76
1651.4922401521721	1347.9250574998266	42.8
1659.9572215532396	1355.6905282063406	42.84
1664.162174745972	1358.5319091292936	42.88
1675.8386577591905	1363.549751259669	42.92
1694.395795440627	1375.7380015690237	42.96
1744.2828603961066	1406.831429353466	43.0
1565.4901145007232	1488.7981023125528	43.04
1542.6695661472136	1574.5827554592693	43.08
0.0	0.0	43.12
0.0	0.0	43.16
0.0	0.0	43.2
0.0	0.0	43.24
0.0	0.0	43.28
0.0	0.0	43.32
0.0	0.0	43.36
0.0	0.0	43.4
0.0	0.0	43.44
0.0	0.0	43.48
0.0	0.0	43.52
0.0	0.0	43.56
0.0	0.0	43.6
0.0	0.0	43.64
0.0	0.0	43.68
0.0	0.0	43.72
0.0	0.0	43.76
0.0	0.0	43.8
0.0	0.0	43.84
0.0	0.0	43.88
0.0	0.0	43.92
0.0	0.0	43.96
0.0	0.0	44.0
0.0	0.0	44.04
0.0	0.0	44.08
0.0	0.0	44.12
0.0	0.0	44.16
0.0	0.0	44.2
0.0	0.0	44.24
0.0	0.0	44.28
0.0	0.0	44.32
0.0	0.0	44.36
0.0	0.0	44.4
0.0	0.0	44.44
0.0	0.0	44.48
0.0	0.0	44.52
0.0	0.0	44.56
0.0	0.0	44.6
0.0	0.0	44.64
0.0	0.0	44.68
0.0	0.0	44.72
0.0	0.0	44.76
0.0	0.0	44.8
0.0	0.0	44.84
0.0	0.0	44.88
0.0	0.0	44.92
0.0	0.0	44.96
0.0	0.0	45.0
0.0	0.0	45.04
0.0	0.0	45.08
0.0	0.0	45.12
0.0	0.0	45.16
0.0	0.0	45.2
0.0	0.0	45.24
0.0	0.0	45.28
0.0	0.0	45.32
0.0	0.0	45.36
0.0	0.0	45.4
0.0	0.0	45.44
0.0	0.0	45.48
0.0	0.0	45.52
0.0	0.0	45.56
0.0	0.0	45.6
0.0	0.0	45.64
0.0	0.0	45.68
0.0	0.0	45.72
0.0	0.0	45.76
0.0	0.0	45.8
0.0	0.0	45.84
0.0	0.0	45.88
0.0	0.0	45.92
0.0	0.0	45.96
0.0	0.0	46.0
0.0	0.0	46.04
0.0	0.0	46.08
0.0	0.0	46.12
0.0	0.0	46.16
0.0	0.0	46.2
0.0	0.0	46.24
0.0	0.0	46.28
0.0	0.0	46.32
0.0	0.0	46.36
0.0	0.0	46.4
0.0	0.0	46.44
0.0	0.0	46.48
0.0	0.0	46.52
0.0	0.0	46.56
0.0	0.0	46.6
0.0	0.0	46.64
0.0	0.0	46.68
0.0	0.0	46.72
0.0	0.0	46.76
0.0	0.0	46.8
0.0	0.0	46.84
0.0	0.0	46.88
0.0	0.0	46.92
0.0	0.0	46.96
0.0	0.0	47.0
0.0	0.0	47.04
0.0	0.0	47.08
0.0	0.0	47.12
0.0	0.0	47.16
0.0	0.0	47.2
0.0	0.0	47.24
0.0	0.0	47.28
0.0	0.0	47.32
0.0	0.0	47.36
0.0	0.0	47.4
0.0	0.0	47.44
0.0	0.0	47.48
0.0	0.0	47.52
0.0	0.0	47.56
0.0	0.0	47.6
0.0	0.0	47.64
0.0	0.0	47.68
0.0	0.0	47.72
0.0	0.0	47.76
0.0	0.0	47.8
0.0	0.0	47.84
0.0	0.0	47.88
0.0	0.0	47.92
0.0	0.0	47.96
0.0	0.0	48.0
0.0	0.0	48.04
0.0	0.0	48.08
0.0	0.0	48.12
0.0	0.0	48.16
0.0	0.0	48.2
0.0	0.0	48.24
0.0	0.0	48.28
0.0	0.0	48.32
0.0	0.0	48.36
0.0	0.0	48.4
0.0	0.0	48.44
0.0	0.0	48.48
0.0	0.0	48.52
0.0	0.0	48.56
0.0	0.0	48.6
0.0	0.0	48.64
0.0	0.0	48.68
0.0	0.0	48.72
0.0	0.0	48.76
0.0	0.0	48.8
0.0	0.0	48.84
0.0	0.0	48.88
0.0	0.0	48.92
0.0	0.0	48.96
0.0	0.0	49.0
0.0	0.0	49.04
0.0	0.0	49.08
0.0	0.0	49.12
0.0	0.0	49.16
0.0	0.0	49.2
0.0	0.0	49.24
0.0	0.0	49.28
0.0	0.0	49.32
0.0	0.0	49.36
0.0	0.0	49.4
0.0	0.0	49.44
0.0	0.0	49.48
0.0	0.0	49.52
0.0	0.0	49.56
0.0	0.0	49.6
0.0	0.0	49.64
0.0	0.0	49.68
0.0	0.0	49.72
0.0	0.0	49.76
0.0	0.0	49.8
0.0	0.0	49.84
0.0	0.0	49.88
0.0	0.0	49.92
0.0	0.0	49.96
0.0	0.0	50.0
0.0	0.0	50.04
0.0	0.0	50.08
0.0	0.0	50.12
0.0	0.0	50.16
0.0	0.0	50.2
0.0	0.0	50.24
0.0	0.0	50.28
0.0	0.0	50.32
0.0	0.0	50.36
0.0	0.0	50.4
0.0	0.0	50.44
0.0	0.0	50.48
0.0	0.0	50.52
0.0	0.0	50.56
0.0	0.0	50.6
0.0	0.0	50.64
0.0	0.0	50.68
0.0	0.0	50.72
0.0	0.0	50.76
0.0	0.0	50.8
0.0	0.0	50.84
0.0	0.0	50.88
0.0	0.0	50.92
1714.0748294029477	1714.0748294029477	50.96
1701.1823002325966	1701.1823002325966	51.0
1695.8840202672582	1695.8840202672582	51.04
1699.2934781041536	1699.2934781041536	51.08
1703.2112828604959	1703.2112828604959	51.12
1706.6235383835133	1706.6235383835133	51.16
1715.4036425094152	1715.4036425094152	51.2
1724.3166174685443	1724.3166174685443	51.24
1721.0600410983868	1721.0600410983868	51.28
1714.0841449940253	1714.0841449940253	51.32
1692.442884763161	1692.442884763161	51.36
1680.9494414342073	1680.9494414342073	51.4
1675.3488082115089	1675.3488082115089	51.44
1672.7193531154455	1672.7193531154455	51.48
1669.6377023571727	1669.6377023571727	51.52
1661.1407488452724	1661.1407488452724	51.56
1647.2266700130715	1647.2266700130715	51.6
1628.0017064271067	1628.0017064271067	51.64
1606.9834952379063	1606.9834952379063	51.68
1586.5094330890797	1586.5094330890797	51.72
1565.417139535566	1565.417139535566	51.76
1518.1182510730155	1518.1182510730155	51.8
1206.5449407248939	1206.5449407248939	51.84
1102.5607745749653	1102.5607745749653	51.88
1080.291533139647	1080.291533139647	51.92
1144.107712158497	1144.107712158497	51.96
1139.1020568062759	1139.1020568062759	52.0
1153.4200207048627	1153.4200207048627	52.04
1186.7866922072826	1186.7866922072826	52.08
1155.1884670965605	1155.1884670965605	52.12
1147.9797360583145	1147.9797360583145	52.16
1405.3557833054388	1405.3557833054388	52.2
1401.8781324396007	1401.8781324396007	52.24
1399.114111925269	1399.114111925269	52.28
1398.7371103101673	1398.7371103101673	52.32
1397.844670527817	1397.844670527817	52.36
1399.940138695355	1399.940138695355	52.4
1406.241312166709	1406.241312166709	52.44
1408.481313746004	1408.481313746004	52.48
1408.637852619874	1408.637852619874	52.52
1409.4068308132369	1409.4068308132369	52.56
1408.895584442301	1408.895584442301	52.6
1410.9899596068135	1410.9899596068135	52.64
1410.982095342339	1410.982095342339	52.68
1411.3758148556226	1411.3758148556226	52.72
1411.8180091681536	1411.8180091681536	52.76
1411.2809263065287	1411.2809263065287	52.8
1411.6367745959276	1411.6367745959276	52.84
1412.8711031599582	1412.8711031599582	52.88
1412.9685461790218	1412.9685461790218	52.92
1411.4664742916113	1411.4664742916113	52.96
1412.0338755467762	1412.0338755467762	53.0
1410.2982637007094	1410.2982637007094	53.04
1412.677406813592	1412.677406813592	53.08
1413.3974581192356	1413.3974581192356	53.12
1413.9385689362155	1413.9385689362155	53.16
1416.4005018416467	1416.4005018416467	53.2
1420.6536077676524	1420.6536077676524	53.24
1422.9186219991573	1422.9186219991573	53.28
1423.8669813276413	1423.8669813276413	53.32
1427.714564297978	1143.7904516864635	53.36
1429.5015673598496	1140.1347181938597	53.4
1431.055018020097	1137.002013925608	53.44
1431.869824581711	1136.3853813029757	53.48
1430.2120429442632	1138.0938646567067	53.52
1436.767631464287	1143.9605857899144	53.56
1444.9424527877484	1152.9262844556547	53.6
1450.975133211212	1161.2909666463524	53.64
1457.5545978493647	1169.572200949229	53.68
1451.271753313943	1177.5507716134864	53.72
1275.1412880366227	1182.446916410346	53.76
1245.1110622094056	1183.2341187978757	53.8
1227.9573457864053	1183.1408591287466	53.84
1219.8018119516873	1177.4139618725058	53.88
1218.4800167022734	1168.9177963677787	53.92
1236.5583458279523	1156.348921146104	53.96
1321.0218601747224	1148.4316244760446	54.0
1306.3097161037285	1160.029357551025	54.04
1286.0519992872241	1196.8599132441655	54.08
1270.2961417735314	1220.4609526250945	54.12
1261.2649931985907	1233.701205639729	54.16
1222.0508995223533	1250.3942901020828	54.2
1201.3160167855792	1253.464395249182	54.24
1151.2237036401316	1257.3156929917013	54.28
1107.1238912361962	1209.8794505329672	54.32
1089.5959550507266	1204.3231215180413	54.36
1057.3494717148037	1224.0563181990785	54.4
1089.4819265029807	1218.333621418401	54.44
1107.7243829943584	1186.3141319761019	54.48
1120.1432440300196	1189.4301268789973	54.52
1126.2450530950032	1206.6693140789885	54.56
1135.5339479556867	1179.0902762135258	54.6
1138.052296228914	1138.052296228914	54.64
1124.6720831045247	1158.5380058351345	54.68
1109.8564041895108	1109.8564041895108	54.72
1104.5766970781208	1106.1511846878623	54.76
1090.1302242668683	1063.4045793778196	54.8
1070.6548016764705	1043.981944061603	54.84
1042.4328282311042	1008.176232001662	54.88
1012.3823052096953	981.218033668237	54.92
978.7442395055575	952.7026062924479	54.96
946.7943262809117	923.1704493472596	55.0
928.5022646720519	890.168107438975	55.04
908.7208989528858	871.4804535031418	55.08
911.4674610000793	862.8431918906512	55.12
902.4083133388492	847.7002102385288	55.16
887.4319091923338	825.2995846088695	55.2
871.5917673233125	804.0956592991946	55.24
852.5116190557061	782.3449517988239	55.28
846.1550412686119	769.5347919546597	55.32
841.2859871991438	764.6343477497819	55.36
830.78915138588	760.4851554563414	55.4
832.6517273365913	760.317035495196	55.44
834.3961040981965	763.016381317069	55.48
841.1828622111161	766.4167665441269	55.52
840.3329442204878	764.7027702988591	55.56
840.5230157774303	765.7233542487091	55.6
840.4462926375103	763.0650169994722	55.64
841.6766910698362	761.2262668913958	55.68
845.5505375798843	765.1142967219021	55.72
852.3933159630085	773.3555144192356	55.76
855.3529697819148	791.0261837882373	55.8
865.3785711192021	808.3997750010075	55.84
871.1104060520372	823.6851443194196	55.88
877.4994124383816	827.9363582681618	55.92
881.7068186412317	843.2487071893214	55.96
883.6727695651143	852.3178302682718	56.0
882.3000165158229	861.8227201586712	56.04
877.065247215002	869.9979576091449	56.08
874.8797537206068	863.6233634417608	56.12
867.9646163423758	855.5740570894233	56.16
868.1507594174973	849.1345906296514	56.2
866.9997487954209	850.4293476700027	56.24
862.5178438376597	841.5653267104216	56.28
860.3675442082643	840.7446499281195	56.32
855.9327649395431	836.844232520331	56.36
850.6934209343134	825.3676473776851	56.4
836.7003793303605	819.5626808312736	56.44
825.3623208362266	809.5861893890572	56.48
813.5942548828059	794.7369659442928	56.52
807.0309140907688	788.8391353390643	56.56
804.999936738469	794.5078697631374	56.6
799.1149394600283	776.4175890846625	56.64
801.9932990200354	779.9464950570436	56.68
797.1767022297287	773.3850192879727	56.72
793.719976410401	769.027188883435	56.76
796.0492228253341	777.0530969881869	56.8
795.3704853835455	775.7341578507052	56.84
794.5066643493061	776.8006763830006	56.88
795.0562464309544	773.7986078645098	56.92
799.4998317839277	782.3266285682276	56.96
799.2862107268905	775.8510344532295	57.0
801.2726753827566	781.9222926779754	57.04
799.1795894038573	775.7821491521263	57.08
801.2083893491292	778.6146146934717	57.12
800.3115711667106	780.1286131505017	57.16
804.7201193609551	785.842596669251	57.2
809.4155324139538	789.0595060105536	57.24
812.1733450020912	786.7144500082632	57.28
814.4860109878039	791.8357293665632	57.32
818.3287004032619	797.2507334386788	57.36
823.833542213638	809.3981866927645	57.4
827.8041070791287	807.4086347344418	57.44
830.067325684478	816.4030744808738	57.48
830.9619853953238	805.2421534341064	57.52
837.3536315804992	820.8583448166061	57.56
836.6808022793698	820.2024497572894	57.6
839.5368843063702	820.2064386752954	57.64
837.763830151016	825.2314378593397	57.68
838.4742537508038	820.313235103228	57.72
838.3587614697966	827.6272701235845	57.76
835.3715639662563	824.5456715364755	57.8
833.9736605086443	821.8663606826752	57.84
835.9430120981585	828.8804572952288	57.88
833.5800835562208	828.2920608984996	57.92
834.356359600599	823.7631919293731	57.96
833.963591688204	830.6804048116087	58.0
832.3175011109948	822.6537927891899	58.04
827.8710542606499	821.9474889161719	58.08
826.0249246398095	816.6283486369998	58.12
824.3508566527904	809.2633406377095	58.16
823.3306024854845	814.5123186674182	58.2
824.1629731805576	816.0717825419378	58.24
823.4858968026197	812.2795077798496	58.28
825.9526738989999	819.1570609790136	58.32
827.2115647476197	821.1208071534826	58.36
825.5670229033839	820.4310812326125	58.4
826.9229967862098	825.158363873121	58.44
828.08870678393	814.534892154104	58.48
826.9302454847676	827.1500076785869	58.52
829.9810358853624	824.6130593664979	58.56
833.2957151985376	828.3115913358012	58.6
841.159656559992	825.653187506969	58.64
846.9609824444783	837.9241558564217	58.68
847.9209852162386	834.9878585174209	58.72
849.5790108379501	837.042188407632	58.76
849.9637203451625	822.6747590579456	58.8
851.8734503329578	833.0737260142598	58.84
854.338995641327	834.5978623432451	58.88
857.0693181266192	838.8092963018581	58.92
857.9359077508113	835.3539462799371	58.96
848.3618839091554	835.2615839982911	59.0
845.4588277265638	833.6768633669133	59.04
831.8343569971981	828.2028481259122	59.08
825.4723921381631	819.7921143335309	59.12
820.3433609403131	815.1311643021997	59.16
817.7350380377293	815.3388879949141	59.2
809.3939201846985	803.81671414604	59.24
801.1029056625895	789.7496763188147	59.28
797.9688764768858	788.1419080213079	59.32
796.7452385170803	782.3234979387271	59.36
800.895550723765	789.0706657025745	59.4
801.9169115745115	788.7161514955305	59.44
800.702122577864	788.239312473836	59.48
798.4236656771704	785.9030567767386	59.52
798.7585618529389	780.5978337207054	59.56
803.4022548712719	780.4352437889022	59.6
804.4255657763664	779.7433985816972	59.64
801.1878045620024	785.4021575293987	59.68
799.5315987079548	776.3786354352557	59.72
803.1633389396872	786.7371272174975	59.76
801.5418820726122	785.6993863791442	59.8
794.6510574677077	776.6814870185622	59.84
790.6427074264394	769.3305991848177	59.88
789.8366655372473	774.7214893941963	59.92
786.2786974180212	772.6574275914334	59.96
783.3749037981888	765.5573556366871	60.0
777.9635432572993	761.0778391283789	60.04
780.5456012199153	760.4405834735641	60.08
781.1912098369162	757.8674990955765	60.12
786.5552488026606	764.3044229768119	60.16
789.3591967842469	770.568324325012	60.2
791.2561015872825	771.0249697678898	60.24
790.8395981408519	770.6121481481567	60.28
789.3497856106226	764.028554596817	60.32
787.8152190032181	768.5489476640815	60.36
792.032925469923	777.8381522989171	60.4
791.5072783976165	769.9380224728948	60.44
792.7095713084425	772.0940843367755	60.48
796.4343996850844	781.4938494366985	60.52
793.593142071422	779.7279135310611	60.56
797.0539718700197	775.2938161482452	60.6
805.5185425527635	791.0201065337337	60.64
809.4167609588927	787.9456031307411	60.68
817.1129824544022	791.7315735674458	60.72
820.8853231886344	802.4569610973041	60.76
817.0298871173746	796.5616718801286	60.8
816.6115779120626	796.374215818395	60.84
813.9385538416303	796.5977699081843	60.88
812.1587694631357	792.0439503079149	60.92
813.6313621865323	788.256741480875	60.96
814.8549519667956	797.0203414355472	61.0
812.3727431623751	796.8057133532677	61.04
810.0749103033872	796.9493946442761	61.08
809.5244646006413	789.5150894739114	61.12
807.0168537300267	782.9227466342184	61.16
813.8747287286071	792.291939564002	61.2
815.0631708224372	793.9408226919213	61.24
815.6372191930757	797.5503597284534	61.28
815.3062817397799	798.7688602946075	61.32
815.6391055532105	795.9063288911083	61.36
807.4089965383421	786.6809109850738	61.4
808.5601165926403	785.4287758486496	61.44
803.5363588452398	788.2061028887699	61.48
803.411177483623	784.3798426291227	61.52
806.0323430013342	784.9021465346973	61.56
805.9815221446512	786.0653037750556	61.6
807.928007135227	786.9623764998198	61.64
806.225332487366	781.8583621726671	61.68
805.3091849819017	785.0334261402043	61.72
806.3007299437716	788.1604172646149	61.76
805.4743608831221	780.2813569516659	61.8
802.5424804887011	778.8968760308791	61.84
805.7572334585383	790.0778344771927	61.88
805.6757115389338	787.4003144404292	61.92
805.8506074434955	794.5861886287836	61.96
798.3445358098221	780.846109122804	62.0
786.6299726978272	769.0153386630859	62.04
778.4334751898263	750.0837058421982	62.08
775.0342010950366	750.3406390964444	62.12
775.3811713992078	754.9011595842329	62.16
774.8636570029652	747.2563325171503	62.2
776.6964979854795	757.6185771788057	62.24
776.5407331204026	745.5829422778226	62.28
779.0645753433254	756.4917544160143	62.32
781.4000201026205	751.1251856039947	62.36
782.727697530558	752.1404044694532	62.4
782.7295402202689	751.1758676998762	62.44
779.133547591369	747.1868113113409	62.48
770.1068166856144	743.6539067243942	62.52
756.867424473792	714.585276218633	62.56
741.4131728176434	701.1554632170852	62.6
735.9013889835969	687.7112042093099	62.64
727.3652151719258	662.2839830936458	62.68
711.3431092518792	645.3706121127773	62.72
684.829852801174	658.1425694434274	62.76
674.1647007127674	659.8214873879409	62.8
672.8591828141089	680.1261074033155	62.84
681.042625363574	702.9105893960768	62.88
685.9899709843978	703.6055109808431	62.92
693.6473857940698	704.0850874487485	62.96
696.9902917543343	686.4213237069966	63.0
0.0	0.0	63.04
0.0	0.0	63.08
0.0	0.0	63.12
0.0	0.0	63.16
0.0	0.0	63.2
0.0	0.0	63.24
0.0	0.0	63.28
0.0	0.0	63.32
0.0	0.0	63.36
0.0	0.0	63.4
0.0	0.0	63.44
0.0	0.0	63.48
0.0	0.0	63.52
0.0	0.0	63.56
0.0	0.0	63.6
0.0	0.0	63.64
0.0	0.0	63.68
0.0	0.0	63.72
0.0	0.0	63.76
0.0	0.0	63.8
0.0	0.0	63.84
934.8130587345487	934.8130587345487	63.88
933.3041458066989	933.3041458066989	63.92
927.8419272914441	927.8419272914441	63.96
918.7322063943285	918.7322063943285	64.0
912.8446901451148	912.8446901451148	64.04
903.5783414712146	903.5783414712146	64.08
895.3119772268243	895.3119772268243	64.12
892.9005835433671	892.9005835433671	64.16
891.2543838128094	891.2543838128094	64.2
890.0397411580127	890.0397411580127	64.24
889.4107292866394	889.4107292866394	64.28
896.3446035261069	896.3446035261069	64.32
905.2991681157191	905.2991681157191	64.36
913.2864685835538	913.2864685835538	64.4
918.0863938483619	918.0863938483619	64.44
915.7890725148062	915.7890725148062	64.48
914.5035490754734	914.5035490754734	64.52
910.1319925482773	910.1319925482773	64.56
904.7674776748656	904.7674776748656	64.6
896.9017637717968	896.9017637717968	64.64
888.2604768833321	888.2604768833321	64.68
888.3551674823178	888.3551674823178	64.72
883.8858330724361	883.8858330724361	64.76
878.865615181743	878.865615181743	64.8
878.1118823226109	878.1118823226109	64.84
880.5052739003615	880.5052739003615	64.88
887.0588281021207	887.0588281021207	64.92
889.6421471734433	889.6421471734433	64.96
901.9320536113502	901.9320536113502	65.0
903.6294746042178	903.6294746042178	65.04
897.4262109459272	897.4262109459272	65.08
892.218421777705	892.218421777705	65.12
889.2878707057532	889.2878707057532	65.16
890.8129383314454	890.8129383314454	65.2
895.5562239528978	895.5562239528978	65.24
892.5037311977621	892.5037311977621	65.28
896.3857078298272	896.3857078298272	65.32
908.4740734995398	908.4740734995398	65.36
900.2095552110887	900.2095552110887	65.4
904.6180070721537	904.6180070721537	65.44
907.368070074217	907.368070074217	65.48
909.8454201186795	909.8454201186795	65.52
909.3236718423999	909.3236718423999	65.56
919.2427914301026	919.2427914301026	65.6
916.8106081371204	916.8106081371204	65.64
921.8028380172852	921.8028380172852	65.68
930.5148669958035	930.5148669958035	65.72
941.7181073299	941.7181073299	65.76
949.3225367855802	949.3225367855802	65.8
958.6308552187777	958.6308552187777	65.84
966.1228776183791	966.1228776183791	65.88
967.2954355439299	967.2954355439299	65.92
976.9431104714672	976.9431104714672	65.96
985.4843117934972	985.4843117934972	66.0
987.7425510121898	987.7425510121898	66.04
993.5248611954735	993.5248611954735	66.08
1006.0941149643854	1006.0941149643854	66.12
996.1291034676506	996.1291034676506	66.16
989.4221226238103	989.4221226238103	66.2
978.9751651103674	978.9751651103674	66.24
961.9241007588548	961.9241007588548	66.28
949.3124791176461	949.3124791176461	66.32
938.3535139894318	938.3535139894318	66.36
933.6702683459455	933.6702683459455	66.4
932.9256994070047	932.9256994070047	66.44
931.324793804754	931.324793804754	66.48
925.6239120872302	925.6239120872302	66.52
923.7978989107514	923.7978989107514	66.56
915.7304855464482	915.7304855464482	66.6
912.7663834604282	912.7663834604282	66.64
908.0953198636344	908.0953198636344	66.68
904.8076763535241	904.8076763535241	66.72
899.727224805264	899.727224805264	66.76
903.5928581390784	903.5928581390784	66.8
909.4677743056067	909.4677743056067	66.84
917.8565529829647	917.8565529829647	66.88
921.6129556986572	921.6129556986572	66.92
923.8795199233281	923.8795199233281	66.96
926.7713671892105	926.7713671892105	67.0
933.7611002459471	933.7611002459471	67.04
938.8497800481824	938.8497800481824	67.08
941.5321176669021	941.5321176669021	67.12
939.2611883428456	939.2611883428456	67.16
928.0067655398053	928.0067655398053	67.2
908.765712563082	908.765712563082	67.24
0.0	0.0	67.28
895.5835685439004	895.5835685439004	67.32
935.7198393217685	935.7198393217685	67.36
1027.7714600505058	1027.7714600505058	67.4
1129.1440489251952	1129.1440489251952	67.44
1201.5600832863913	1201.5600832863913	67.48
0.0	0.0	67.52
1903.255500148177	1903.255500148177	67.56
1984.9099530377102	1984.9099530377102	67.6
0.0	0.0	67.64
0.0	0.0	67.68
0.0	0.0	67.72
0.0	0.0	67.76
0.0	0.0	67.8
0.0	0.0	67.84
0.0	0.0	67.88
0.0	0.0	67.92
0.0	0.0	67.96
0.0	0.0	68.0
0.0	0.0	68.04
0.0	0.0	68.08
0.0	0.0	68.12
0.0	0.0	68.16
0.0	0.0	68.2
0.0	0.0	68.24
0.0	0.0	68.28
0.0	0.0	68.32
0.0	0.0	68.36
0.0	0.0	68.4
0.0	0.0	68.44
0.0	0.0	68.48
0.0	0.0	68.52
0.0	0.0	68.56
0.0	0.0	68.6
0.0	0.0	68.64
0.0	0.0	68.68
0.0	0.0	68.72
0.0	0.0	68.76
0.0	0.0	68.8
0.0	0.0	68.84
0.0	0.0	68.88
0.0	0.0	68.92
0.0	0.0	68.96
0.0	0.0	69.0
0.0	0.0	69.04
0.0	0.0	69.08
0.0	0.0	69.12
0.0	0.0	69.16
0.0	0.0	69.2
0.0	0.0	69.24
0.0	0.0	69.28
0.0	0.0	69.32
0.0	0.0	69.36
0.0	0.0	69.4
0.0	0.0	69.44
0.0	0.0	69.48
0.0	0.0	69.52
0.0	0.0	69.56
0.0	0.0	69.6
0.0	0.0	69.64
0.0	0.0	69.68
0.0	0.0	69.72
0.0	0.0	69.76
0.0	0.0	69.8
0.0	0.0	69.84
0.0	0.0	69.88
0.0	0.0	69.92
0.0	0.0	69.96
0.0	0.0	70.0
0.0	0.0	70.04
0.0	0.0	70.08
0.0	0.0	70.12
0.0	0.0	70.16
0.0	0.0	70.2
0.0	0.0	70.24
0.0	0.0	70.28
0.0	0.0	70.32
0.0	0.0	70.36
0.0	0.0	70.4
0.0	0.0	70.44
0.0	0.0	70.48
0.0	0.0	70.52
0.0	0.0	70.56
0.0	0.0	70.6
0.0	0.0	70.64
0.0	0.0	70.68
0.0	0.0	70.72
0.0	0.0	70.76
0.0	0.0	70.8
0.0	0.0	70.84
0.0	0.0	70.88
0.0	0.0	70.92
0.0	0.0	70.96
0.0	0.0	71.0
