Thumb_RX	Index_RX	Thumb_RY	Index_RY	Thumb_LX	Index_LX	Thumb_LY	Index_LY	Time
0.0	0.0	0.0	0.0	0.0	0.0	0.0	0.0	0.04
0.0	0.0	0.0	0.0	0.0	0.0	0.0	0.0	0.08
0.0	0.0	0.0	0.0	0.0	0.0	0.0	0.0	0.12
0.0	0.0	0.0	0.0	0.0	0.0	0.0	0.0	0.16
0.0	0.0	0.0	0.0	0.0	0.0	0.0	0.0	0.2
0.0	0.0	0.0	0.0	0.0	0.0	0.0	0.0	0.24
0.0	0.0	0.0	0.0	0.0	0.0	0.0	0.0	0.28
0.0	0.0	0.0	0.0	0.0	0.0	0.0	0.0	0.32
0.0	0.0	0.0	0.0	0.0	0.0	0.0	0.0	0.36
0.0	0.0	0.0	0.0	0.0	0.0	0.0	0.0	0.4
0.0	0.0	0.0	0.0	0.0	0.0	0.0	0.0	0.44
0.0	0.0	0.0	0.0	0.0	0.0	0.0	0.0	0.48
0.0	0.0	0.0	0.0	0.0	0.0	0.0	0.0	0.52
0.0	0.0	0.0	0.0	0.0	0.0	0.0	0.0	0.56
0.0	0.0	0.0	0.0	0.0	0.0	0.0	0.0	0.6
0.0	0.0	0.0	0.0	0.0	0.0	0.0	0.0	0.64
0.0	0.0	0.0	0.0	0.0	0.0	0.0	0.0	0.68
0.0	0.0	0.0	0.0	0.0	0.0	0.0	0.0	0.72
0.0	0.0	0.0	0.0	0.0	0.0	0.0	0.0	0.76
0.0	0.0	0.0	0.0	0.0	0.0	0.0	0.0	0.8
0.0	0.0	0.0	0.0	0.0	0.0	0.0	0.0	0.84
0.0	0.0	0.0	0.0	0.0	0.0	0.0	0.0	0.88
0.0	0.0	0.0	0.0	0.0	0.0	0.0	0.0	0.92
0.0	0.0	0.0	0.0	0.0	0.0	0.0	0.0	0.96
0.0	0.0	0.0	0.0	0.0	0.0	0.0	0.0	1.0
0.0	0.0	0.0	0.0	0.0	0.0	0.0	0.0	1.04
1080.4846572875977	1095.4713821411133	765.3586649894714	767.2972583770752	0.0	0.0	0.0	0.0	1.08
1072.1126174926758	1082.8800201416016	741.822988986969	744.6241807937622	0.0	0.0	0.0	0.0	1.12
1012.6519775390625	1026.2155151367188	767.1267986297607	761.0690402984619	0.0	0.0	0.0	0.0	1.16
1000.8738327026367	1028.4280014038086	781.6510891914368	738.8521099090576	0.0	0.0	0.0	0.0	1.2
1030.5006408691406	1035.582046508789	756.3265514373779	733.6627435684204	0.0	0.0	0.0	0.0	1.24
1041.375961303711	1041.3299560546875	744.9549293518066	729.9820232391357	0.0	0.0	0.0	0.0	1.28
1041.522331237793	1046.3027572631836	746.6894602775574	725.9275531768799	0.0	0.0	0.0	0.0	1.32
1056.7730712890625	1053.1441497802734	730.7125282287598	725.2686309814453	0.0	0.0	0.0	0.0	1.36
1052.6454162597656	1059.7029876708984	738.046932220459	718.5614132881165	0.0	0.0	0.0	0.0	1.4
1066.823501586914	1067.413444519043	725.4033637046814	722.1991324424744	0.0	0.0	0.0	0.0	1.44
1069.9882507324219	1071.9380950927734	722.5822806358337	715.0848841667175	0.0	0.0	0.0	0.0	1.48
1065.3568267822266	1072.463035583496	727.7556824684143	707.8489708900452	0.0	0.0	0.0	0.0	1.52
1068.277931213379	1074.9446868896484	720.5399179458618	703.3964824676514	0.0	0.0	0.0	0.0	1.56
1058.8890838623047	1074.29443359375	725.127911567688	691.0219287872314	0.0	0.0	0.0	0.0	1.6
1062.0918273925781	1072.5382232666016	714.1118216514587	687.0042157173157	0.0	0.0	0.0	0.0	1.64
1054.4431686401367	1070.830078125	720.5735850334167	683.4952425956726	0.0	0.0	0.0	0.0	1.68
1061.3646697998047	1070.6364440917969	708.2420969009399	684.6550512313843	0.0	0.0	0.0	0.0	1.72
1061.1708068847656	1071.006202697754	708.3371114730835	682.7004289627075	0.0	0.0	0.0	0.0	1.76
1057.6405334472656	1071.7872619628906	711.2208294868469	679.721245765686	0.0	0.0	0.0	0.0	1.8
1057.3884201049805	1071.6205215454102	710.8990287780762	677.6719951629639	0.0	0.0	0.0	0.0	1.84
1054.793930053711	1070.5784225463867	712.4846005439758	679.7280049324036	0.0	0.0	0.0	0.0	1.88
1058.3723831176758	1068.1430053710938	705.6112360954285	683.4735488891602	0.0	0.0	0.0	0.0	1.92
1049.428596496582	1069.603271484375	715.4530334472656	683.4541082382202	0.0	0.0	0.0	0.0	1.96
1046.87255859375	1071.4613342285156	722.3628973960876	686.6472673416138	0.0	0.0	0.0	0.0	2.0
1051.5173721313477	1070.8021545410156	723.7176275253296	693.7146520614624	0.0	0.0	0.0	0.0	2.04
1046.5166473388672	1071.217918395996	736.1129093170166	702.4026918411255	0.0	0.0	0.0	0.0	2.08
1036.626091003418	1078.8395690917969	738.4693479537964	718.5091423988342	0.0	0.0	0.0	0.0	2.12
1092.0653915405273	1055.1960754394531	720.093297958374	737.1227931976318	994.2676162719727	998.0952072143555	561.4156794548035	494.5007336139679	2.16
1105.0880813598633	1003.2236480712891	717.738983631134	712.7538728713989	985.601921081543	997.5648880004883	553.5274744033813	489.43509221076965	2.2
1108.0106735229492	969.3375778198242	710.2315449714661	665.4986071586609	980.92529296875	993.43505859375	553.7284469604492	488.43425273895264	2.24
1104.64599609375	934.3994522094727	700.8532333374023	622.4301624298096	978.9357376098633	1000.231819152832	561.8299841880798	501.93816661834717	2.28
1100.7119750976562	905.4500770568848	701.125659942627	596.7886519432068	971.5588760375977	995.7281112670898	574.0107750892639	534.4041180610657	2.32
1099.094123840332	910.4101753234863	689.849374294281	580.0612592697144	971.8772506713867	973.6398696899414	593.2089972496033	565.7262897491455	2.36
1096.8827819824219	929.9720191955566	693.0948042869568	573.4645056724548	968.7249755859375	979.1553497314453	610.24010181427	594.4323420524597	2.4
1086.1223602294922	948.006420135498	699.0177011489868	575.4708194732666	964.4226837158203	981.6665267944336	628.5737943649292	617.5392937660217	2.44
1062.3100662231445	994.3185424804688	694.148268699646	589.6419596672058	971.6220474243164	1005.7014083862305	643.532280921936	627.8021550178528	2.48
1033.8325881958008	998.3026885986328	682.5765109062195	607.1230959892273	975.5323791503906	1012.272834777832	657.9929709434509	633.2875728607178	2.52
1022.6200103759766	994.8319244384766	680.8029699325562	622.3241400718689	979.4575881958008	994.2529678344727	663.2134938240051	654.7819805145264	2.56
1014.5933532714844	998.4863662719727	674.4187760353088	618.3608222007751	982.0819473266602	1010.3829574584961	660.4889059066772	637.5982475280762	2.6
1027.4035263061523	985.0257110595703	664.5586323738098	615.981080532074	993.5932159423828	1018.5639953613281	629.9903225898743	627.2750687599182	2.64
1039.9559783935547	985.8604431152344	661.6330718994141	607.971339225769	1021.292839050293	1024.4582748413086	581.9187426567078	586.5192890167236	2.68
1032.345314025879	982.6384735107422	654.7636342048645	603.8803052902222	1061.4430618286133	1062.3639678955078	531.8696880340576	529.6283161640167	2.72
1030.2989959716797	980.0225830078125	654.8346376419067	603.3007550239563	1079.296531677246	1088.4219360351562	490.9774696826935	476.0504937171936	2.76
1031.9318389892578	978.3293151855469	665.1296210289001	603.0778312683105	1091.733627319336	1097.0573043823242	476.0904049873352	468.80547165870667	2.8
1039.921646118164	983.3085250854492	668.6322855949402	601.7317914962769	1076.7345428466797	1091.5295791625977	477.16376066207886	478.8372015953064	2.84
1045.6864929199219	990.4292678833008	667.347400188446	602.606041431427	1068.2217407226562	1091.110496520996	487.3961091041565	481.05713725090027	2.88
1052.4101257324219	992.5649642944336	671.7340993881226	603.7013483047485	1065.245132446289	1086.2267303466797	496.8922233581543	490.77749490737915	2.92
1053.0963134765625	991.2171936035156	670.6411099433899	603.5221338272095	1071.763916015625	1089.0401458740234	493.38653326034546	491.61460161209106	2.96
1059.4968795776367	998.8005065917969	667.9495453834534	596.6060256958008	1082.0304107666016	1111.9974517822266	483.2887887954712	509.4878017902374	3.0
1061.5934371948242	1004.1633224487305	664.1758060455322	588.7082934379578	1094.2268371582031	1117.917137145996	471.41048669815063	502.60024309158325	3.04
1066.655158996582	1008.1363677978516	647.5054478645325	577.584764957428	1099.999008178711	1135.0474548339844	457.0070242881775	504.5347809791565	3.08
1068.662109375	1013.4576416015625	635.6901025772095	561.3046360015869	1098.837890625	1123.7572860717773	439.9698042869568	476.0718011856079	3.12
1072.3822402954102	1008.0619812011719	621.9836068153381	549.9675822257996	1098.446388244629	1118.8874816894531	410.51979303359985	447.43630170822144	3.16
1073.0407333374023	1008.8059616088867	608.3042764663696	538.0383610725403	1094.0196990966797	1117.7422714233398	396.8506336212158	433.10017347335815	3.2
1073.6567687988281	1010.8797454833984	591.78377866745	527.77707695961	1102.4879837036133	1129.5275115966797	380.3450381755829	409.6202766895294	3.24
1071.0693740844727	1011.1508560180664	595.2043676376343	525.4929614067078	1144.0633392333984	1184.2318725585938	327.7528953552246	395.0902247428894	3.28
1076.4978790283203	1029.246826171875	582.7570080757141	539.8023104667664	1234.3611145019531	1256.5776443481445	249.93639528751373	330.508736371994	3.32
1071.1005020141602	1045.3741836547852	596.6801834106445	534.686940908432	1335.8159637451172	1359.9958419799805	167.73363053798676	235.94998955726624	3.36
1054.7173690795898	1019.7037124633789	583.1480741500854	532.3884701728821	1399.6199798583984	1419.795799255371	115.87049603462219	204.89514291286469	3.4
1036.3270568847656	1007.2397232055664	576.2707185745239	517.3475217819214	1399.855613708496	1406.6558074951172	118.442342877388	191.42748713493347	3.44
1019.0269088745117	961.7958068847656	576.5658688545227	539.2136836051941	1313.2570266723633	1325.1434326171875	165.91906785964966	218.42681765556335	3.48
1006.5815734863281	962.830810546875	582.9608774185181	531.8310642242432	1213.6588668823242	1200.5514907836914	234.47917878627777	256.6306096315384	3.52
996.8635940551758	953.851490020752	587.157096862793	534.6829497814178	1131.6423797607422	1136.231346130371	327.8268277645111	319.190833568573	3.56
987.9765701293945	940.8992958068848	586.9425415992737	543.4032726287842	1086.3444900512695	1103.766860961914	380.903023481369	357.1270430088043	3.6
979.8354721069336	921.2454986572266	592.4462413787842	550.3527903556824	1066.4424133300781	1073.5038757324219	425.64674377441406	388.13079357147217	3.64
972.7512359619141	933.9788246154785	590.0106239318848	546.3533592224121	1050.4658889770508	1040.8802032470703	457.9878759384155	414.25658226013184	3.68
974.9514770507812	936.1819267272949	597.5067329406738	551.209466457367	1042.4400329589844	1031.9950103759766	480.6726372241974	430.97975850105286	3.72
980.5096435546875	937.3399543762207	597.7575945854187	564.556245803833	1044.1827392578125	1025.1581954956055	498.54586958885193	450.0786852836609	3.76
988.3218383789062	943.4646606445312	602.6897263526917	565.6685471534729	1049.5477294921875	1017.2071838378906	512.5670206546783	457.93914556503296	3.8
996.3514709472656	955.3778457641602	606.1547327041626	566.6824865341187	1053.706283569336	1019.3180465698242	519.6848094463348	465.3294575214386	3.84
1000.9852981567383	953.4284019470215	606.6600608825684	573.6359310150146	1055.009994506836	1020.6916809082031	518.9915764331818	466.1569404602051	3.88
1000.9741973876953	953.2648658752441	604.9182558059692	571.7960214614868	1055.0541687011719	1025.3512573242188	513.5998857021332	461.8937408924103	3.92
1003.8681793212891	948.662223815918	602.8424835205078	567.0282983779907	1052.5584411621094	1025.331802368164	512.6075434684753	463.2293200492859	3.96
1004.1225814819336	950.5825424194336	602.478711605072	564.2325139045715	1051.6718673706055	1027.4274444580078	510.1532256603241	464.9197554588318	4.0
1004.6367645263672	949.0050888061523	601.0161566734314	563.6273431777954	1048.718376159668	1027.3052215576172	508.5338258743286	463.866548538208	4.04
1005.3345108032227	957.8678512573242	598.5697889328003	561.0249352455139	1047.5604629516602	1031.3135147094727	511.82650566101074	450.9425389766693	4.08
1007.8098678588867	963.087158203125	599.349217414856	559.4311881065369	1043.734130859375	1015.3975296020508	496.18486046791077	423.10967445373535	4.12
1011.6756820678711	966.6233825683594	596.6456151008606	560.0167894363403	1062.9874420166016	1024.8003387451172	463.92290711402893	377.54432916641235	4.16
1019.0572357177734	978.0021286010742	595.6126856803894	553.9941143989563	1101.4473724365234	1068.1876373291016	422.64657497406006	335.19216299057007	4.2
1037.7694702148438	994.5368957519531	589.2205739021301	538.4636092185974	1173.8140869140625	1154.2374801635742	382.97831296920776	303.53660345077515	4.24
1070.8843231201172	1047.8751754760742	583.6530160903931	516.7840003967285	1286.6791534423828	1273.8404846191406	351.8360638618469	286.06956481933594	4.28
0.0	0.0	0.0	0.0	1105.0399017333984	1066.329116821289	576.2835931777954	516.7213654518127	4.32
1547.7456665039062	1563.0986022949219	324.0519618988037	259.43296015262604	0.0	0.0	0.0	0.0	4.36
1640.255012512207	1696.5607452392578	355.14840960502625	263.98234605789185	0.0	0.0	0.0	0.0	4.4
1697.4192810058594	1789.1215896606445	396.05050921440125	285.3590798377991	0.0	0.0	0.0	0.0	4.44
1727.3571395874023	1831.7920303344727	444.9376630783081	320.60298442840576	0.0	0.0	0.0	0.0	4.48
1736.3721084594727	1835.2891159057617	469.64502453804016	350.8026194572449	0.0	0.0	0.0	0.0	4.52
1741.2990188598633	1828.762321472168	482.57463455200195	369.1904819011688	0.0	0.0	0.0	0.0	4.56
1737.3656845092773	1819.0118408203125	487.0287001132965	380.13720989227295	0.0	0.0	0.0	0.0	4.6
1728.9323043823242	1802.0111846923828	489.6490681171417	390.2614438533783	0.0	0.0	0.0	0.0	4.64
1733.0281448364258	1801.4199829101562	499.8112177848816	395.87557554244995	0.0	0.0	0.0	0.0	4.68
1746.7246627807617	1820.654182434082	505.49306988716125	398.9752006530762	0.0	0.0	0.0	0.0	4.72
1766.3725662231445	1841.9977569580078	511.21676445007324	412.0456266403198	0.0	0.0	0.0	0.0	4.76
1791.3812255859375	1866.9377517700195	510.622923374176	418.8156723976135	0.0	0.0	0.0	0.0	4.8
0.0	0.0	0.0	0.0	1268.0940628051758	1235.3154373168945	556.047420501709	481.00757002830505	4.84
0.0	0.0	0.0	0.0	1278.592300415039	1242.4419021606445	560.7812190055847	487.89689898490906	4.88
0.0	0.0	0.0	0.0	1287.4481964111328	1254.916648864746	557.8262400627136	483.7731635570526	4.92
0.0	0.0	0.0	0.0	1294.013671875	1262.1957778930664	563.1133890151978	487.4470925331116	4.96
0.0	0.0	0.0	0.0	1295.431137084961	1263.2863998413086	559.9109601974487	484.47705030441284	5.0
0.0	0.0	0.0	0.0	1297.8687286376953	1264.7613143920898	554.9773478507996	480.0172233581543	5.04
0.0	0.0	0.0	0.0	1298.0543518066406	1265.8283615112305	551.5468454360962	476.94366931915283	5.08
0.0	0.0	0.0	0.0	1298.4947204589844	1265.511360168457	549.4639277458191	476.35098695755005	5.12
0.0	0.0	0.0	0.0	1298.605728149414	1265.6410217285156	545.6543326377869	470.28972029685974	5.16
0.0	0.0	0.0	0.0	1300.5792617797852	1266.1436462402344	541.1601305007935	467.22875118255615	5.2
0.0	0.0	0.0	0.0	1302.2904968261719	1270.7508087158203	539.8690974712372	464.0431559085846	5.24
0.0	0.0	0.0	0.0	1302.7484893798828	1270.8348083496094	537.5571727752686	462.32539415359497	5.28
0.0	0.0	0.0	0.0	1301.806526184082	1271.0325622558594	536.0747909545898	467.7014744281769	5.32
0.0	0.0	0.0	0.0	1301.6223907470703	1267.8927612304688	536.7620694637299	464.258451461792	5.36
0.0	0.0	0.0	0.0	1300.6425476074219	1267.2457122802734	536.2147700786591	472.95724153518677	5.4
0.0	0.0	0.0	0.0	1301.824951171875	1274.2145919799805	540.3480648994446	470.2929711341858	5.44
0.0	0.0	0.0	0.0	1302.7456283569336	1276.8682479858398	542.9998469352722	461.92087411880493	5.48
0.0	0.0	0.0	0.0	1302.678108215332	1275.4708099365234	543.207836151123	476.9410300254822	5.52
0.0	0.0	0.0	0.0	1300.5709075927734	1274.9426651000977	543.7109112739563	467.4763298034668	5.56
0.0	0.0	0.0	0.0	1292.494239807129	1275.4931259155273	549.9432492256165	469.76900696754456	5.6
0.0	0.0	0.0	0.0	1272.5175476074219	1247.9871368408203	556.2444019317627	474.26459312438965	5.64
0.0	0.0	0.0	0.0	1221.5618133544922	1202.0960998535156	557.8680181503296	484.5443844795227	5.68
0.0	0.0	0.0	0.0	1163.811378479004	1157.1319198608398	564.434323310852	481.6068506240845	5.72
1490.4250717163086	1473.5164260864258	417.4086391925812	354.272164106369	0.0	0.0	0.0	0.0	5.76
1431.0995864868164	1409.593849182129	427.40525364875793	371.8471884727478	0.0	0.0	0.0	0.0	5.8
1399.1703414916992	1378.898048400879	438.0307924747467	389.9151813983917	0.0	0.0	0.0	0.0	5.84
1375.524673461914	1356.1386108398438	440.1849389076233	389.3441927433014	0.0	0.0	0.0	0.0	5.88
1359.6319198608398	1340.5832290649414	442.25475668907166	391.9976806640625	0.0	0.0	0.0	0.0	5.92
1352.3810577392578	1323.0773162841797	443.15929412841797	392.448388338089	0.0	0.0	0.0	0.0	5.96
1358.4182739257812	1334.458236694336	441.4482593536377	394.8447382450104	0.0	0.0	0.0	0.0	6.0
1395.5728912353516	1367.5185012817383	447.9620039463043	398.7887763977051	0.0	0.0	0.0	0.0	6.04
1454.9543380737305	1433.5455322265625	463.9866364002228	405.9459936618805	0.0	0.0	0.0	0.0	6.08
1510.5693054199219	1482.7362442016602	472.508465051651	402.12915658950806	0.0	0.0	0.0	0.0	6.12
1548.230209350586	1527.2798538208008	473.3357870578766	401.23330950737	0.0	0.0	0.0	0.0	6.16
1575.344352722168	1552.1106719970703	478.47384810447693	407.50784397125244	0.0	0.0	0.0	0.0	6.2
1577.896728515625	1550.0896453857422	482.022088766098	421.79932951927185	0.0	0.0	0.0	0.0	6.24
1569.1641998291016	1549.8365020751953	480.46966910362244	427.89992809295654	0.0	0.0	0.0	0.0	6.28
1552.8157424926758	1531.8260192871094	478.91889095306396	423.2758855819702	0.0	0.0	0.0	0.0	6.32
1500.0431442260742	1472.6419830322266	480.1885521411896	416.5778410434723	0.0	0.0	0.0	0.0	6.36
1436.1059188842773	1412.9796981811523	491.3814425468445	444.0075373649597	0.0	0.0	0.0	0.0	6.4
1376.0581970214844	1345.9689331054688	521.2446641921997	470.5956208705902	0.0	0.0	0.0	0.0	6.44
1321.6324996948242	1293.9944458007812	552.934148311615	512.5355744361877	0.0	0.0	0.0	0.0	6.48
1281.870231628418	1254.272232055664	575.3718781471252	534.4029915332794	0.0	0.0	0.0	0.0	6.52
1257.9241561889648	1223.2154846191406	589.359941482544	549.0110635757446	0.0	0.0	0.0	0.0	6.56
1239.0483856201172	1206.5391540527344	592.4071669578552	551.9572877883911	0.0	0.0	0.0	0.0	6.6
1229.5154571533203	1196.3645553588867	584.1709613800049	548.4806299209595	0.0	0.0	0.0	0.0	6.64
1216.871109008789	1182.026023864746	575.3391122817993	533.4760522842407	0.0	0.0	0.0	0.0	6.68
1210.0663375854492	1176.3164520263672	562.5899720191956	525.970287322998	0.0	0.0	0.0	0.0	6.72
1203.4992599487305	1167.524642944336	549.2147397994995	513.8051068782806	0.0	0.0	0.0	0.0	6.76
1198.6837005615234	1162.9640579223633	540.5827689170837	501.971640586853	0.0	0.0	0.0	0.0	6.8
1194.8945617675781	1158.3516311645508	535.9585011005402	498.0978012084961	0.0	0.0	0.0	0.0	6.84
1186.3169860839844	1150.543327331543	536.9785559177399	495.16042828559875	0.0	0.0	0.0	0.0	6.88
1184.666404724121	1144.7378540039062	532.9304909706116	491.74389481544495	0.0	0.0	0.0	0.0	6.92
1182.209815979004	1144.8749542236328	525.9989655017853	484.46192264556885	0.0	0.0	0.0	0.0	6.96
1183.5617065429688	1144.4303512573242	520.8568811416626	480.6065583229065	0.0	0.0	0.0	0.0	7.0
1180.613021850586	1138.2689666748047	518.777664899826	476.1378800868988	0.0	0.0	0.0	0.0	7.04
1177.2461700439453	1136.0248947143555	515.7415437698364	476.2851011753082	0.0	0.0	0.0	0.0	7.08
1175.317611694336	1135.3073501586914	515.9375596046448	472.505407333374	0.0	0.0	0.0	0.0	7.12
1179.3834686279297	1133.620948791504	514.6921670436859	475.11199951171875	0.0	0.0	0.0	0.0	7.16
1181.3204956054688	1133.5425567626953	513.5506725311279	471.40926361083984	0.0	0.0	0.0	0.0	7.2
1182.3898315429688	1135.6471252441406	514.0905046463013	473.4182810783386	0.0	0.0	0.0	0.0	7.24
1184.9356842041016	1136.9618225097656	511.85824155807495	470.96206426620483	0.0	0.0	0.0	0.0	7.28
1185.8942413330078	1138.930778503418	509.1324305534363	468.61000299453735	0.0	0.0	0.0	0.0	7.32
1182.4975204467773	1142.1299743652344	511.60924673080444	465.45727014541626	0.0	0.0	0.0	0.0	7.36
1183.4020614624023	1135.517921447754	508.35792660713196	459.96535062789917	0.0	0.0	0.0	0.0	7.4
1179.5378494262695	1133.2930755615234	498.85440945625305	455.8121967315674	0.0	0.0	0.0	0.0	7.44
1177.7752304077148	1136.6487121582031	492.2832119464874	455.0595474243164	0.0	0.0	0.0	0.0	7.48
1169.8337173461914	1137.0548629760742	482.13934421539307	451.59016370773315	0.0	0.0	0.0	0.0	7.52
1168.7963104248047	1135.506591796875	480.1378905773163	456.7492747306824	0.0	0.0	0.0	0.0	7.56
1163.9963150024414	1136.3539123535156	472.2567343711853	461.09699606895447	0.0	0.0	0.0	0.0	7.6
1158.5564804077148	1132.0947647094727	472.069376707077	460.66038608551025	0.0	0.0	0.0	0.0	7.64
1153.9850234985352	1124.9717330932617	473.5306763648987	456.999009847641	0.0	0.0	0.0	0.0	7.68
1154.637680053711	1121.8886947631836	491.60977363586426	443.9289057254791	0.0	0.0	0.0	0.0	7.72
1160.0481033325195	1125.3706741333008	493.77074360847473	447.2546088695526	0.0	0.0	0.0	0.0	7.76
1156.768569946289	1133.9105987548828	484.4117760658264	457.0077967643738	0.0	0.0	0.0	0.0	7.8
1155.1327514648438	1132.0281600952148	466.61025524139404	465.71083545684814	0.0	0.0	0.0	0.0	7.84
1141.3191604614258	1127.9315185546875	452.4931561946869	491.0093021392822	0.0	0.0	0.0	0.0	7.88
1137.0760345458984	1140.2168655395508	448.48265290260315	492.4088680744171	0.0	0.0	0.0	0.0	7.92
1137.5332260131836	1110.9552383422852	449.61822509765625	448.3125150203705	0.0	0.0	0.0	0.0	7.96
1132.0588302612305	1092.4552917480469	473.40344309806824	377.37637996673584	0.0	0.0	0.0	0.0	8.0
1145.734748840332	1104.0919876098633	483.37575674057007	393.5667085647583	0.0	0.0	0.0	0.0	8.04
1154.2292404174805	1106.2129211425781	481.8874526023865	428.3138144016266	0.0	0.0	0.0	0.0	8.08
1149.030876159668	1114.397964477539	475.19697189331055	442.8073024749756	0.0	0.0	0.0	0.0	8.12
1144.127426147461	1119.3644714355469	467.7344334125519	445.7504689693451	0.0	0.0	0.0	0.0	8.16
1141.9727325439453	1118.4797286987305	444.7420656681061	448.1425380706787	0.0	0.0	0.0	0.0	8.2
1135.2691268920898	1123.838882446289	427.2017705440521	453.0583190917969	0.0	0.0	0.0	0.0	8.24
1131.5520858764648	1136.9691467285156	418.9069855213165	435.2560579776764	0.0	0.0	0.0	0.0	8.28
1130.2056884765625	1085.3875350952148	444.32544350624084	428.4582030773163	0.0	0.0	0.0	0.0	8.32
1130.6914901733398	1077.4209594726562	475.98689317703247	427.38133907318115	0.0	0.0	0.0	0.0	8.36
1136.707992553711	1089.1870880126953	481.85075998306274	453.29543709754944	0.0	0.0	0.0	0.0	8.4
1136.1064910888672	1092.3035430908203	478.1361472606659	456.23676896095276	0.0	0.0	0.0	0.0	8.44
1127.958641052246	1083.6056900024414	483.2461738586426	458.9723324775696	0.0	0.0	0.0	0.0	8.48
1131.448974609375	1088.9088821411133	472.4524927139282	457.8673052787781	0.0	0.0	0.0	0.0	8.52
1122.4087142944336	1087.763900756836	478.7499761581421	465.08339166641235	0.0	0.0	0.0	0.0	8.56
1125.1885986328125	1090.751838684082	482.7124893665314	466.2787663936615	0.0	0.0	0.0	0.0	8.6
1118.2205200195312	1067.640609741211	513.4695947170258	419.2821514606476	0.0	0.0	0.0	0.0	8.64
1127.8795623779297	1077.6800537109375	515.1328003406525	424.3283200263977	0.0	0.0	0.0	0.0	8.68
1132.9512405395508	1104.6867370605469	512.2229468822479	456.25746488571167	0.0	0.0	0.0	0.0	8.72
1138.348159790039	1104.3450164794922	509.8147201538086	464.74305152893066	0.0	0.0	0.0	0.0	8.76
1133.8018798828125	1103.7982177734375	500.71340560913086	473.9557635784149	0.0	0.0	0.0	0.0	8.8
1131.295166015625	1106.081428527832	489.5463287830353	475.6977939605713	0.0	0.0	0.0	0.0	8.84
1133.9450454711914	1111.4192962646484	472.54364490509033	483.982150554657	0.0	0.0	0.0	0.0	8.88
1129.3122482299805	1121.8492126464844	462.4789559841156	484.8390197753906	0.0	0.0	0.0	0.0	8.92
1129.0727233886719	1110.3321075439453	471.39851331710815	479.59319829940796	0.0	0.0	0.0	0.0	8.96
1117.4078750610352	1084.8187637329102	524.2254889011383	456.52435541152954	0.0	0.0	0.0	0.0	9.0
1120.3849411010742	1093.377914428711	524.6533119678497	472.5438058376312	0.0	0.0	0.0	0.0	9.04
1128.8980865478516	1099.9237060546875	514.5899105072021	477.3200261592865	0.0	0.0	0.0	0.0	9.08
1127.2975158691406	1100.8642959594727	506.5204632282257	468.6759853363037	0.0	0.0	0.0	0.0	9.12
1133.1454467773438	1104.3399810791016	483.7791180610657	469.2603635787964	0.0	0.0	0.0	0.0	9.16
1130.1099014282227	1104.851303100586	482.4371337890625	474.96593713760376	0.0	0.0	0.0	0.0	9.2
1128.786735534668	1104.8415756225586	476.0523283481598	481.2280476093292	0.0	0.0	0.0	0.0	9.24
1118.7467193603516	1106.2418746948242	492.29238510131836	476.6450107097626	0.0	0.0	0.0	0.0	9.28
1116.0815048217773	1083.4270477294922	541.8834257125854	468.7261962890625	0.0	0.0	0.0	0.0	9.32
1127.2057342529297	1108.9696884155273	529.8501133918762	483.54434967041016	0.0	0.0	0.0	0.0	9.36
1136.0286712646484	1115.3588104248047	524.5809245109558	485.8583986759186	0.0	0.0	0.0	0.0	9.4
1129.6206665039062	1108.106803894043	513.3967888355255	470.76698184013367	0.0	0.0	0.0	0.0	9.44
1130.1845169067383	1106.1589050292969	502.98883080482483	479.55405950546265	0.0	0.0	0.0	0.0	9.48
1121.4997100830078	1108.7230682373047	505.76778173446655	480.5983829498291	0.0	0.0	0.0	0.0	9.52
1119.2523193359375	1116.5968322753906	498.5735821723938	480.7347249984741	0.0	0.0	0.0	0.0	9.56
1115.9192276000977	1107.2945022583008	511.12117052078247	476.7272472381592	0.0	0.0	0.0	0.0	9.6
1115.9557342529297	1087.0773696899414	531.4050757884979	464.5749092102051	0.0	0.0	0.0	0.0	9.64
1121.0833740234375	1102.4839782714844	518.9630270004272	484.7811484336853	0.0	0.0	0.0	0.0	9.68
1129.6307373046875	1104.7144317626953	519.7310614585876	489.6905243396759	0.0	0.0	0.0	0.0	9.72
1133.1784057617188	1108.8031768798828	514.0666222572327	487.4381446838379	0.0	0.0	0.0	0.0	9.76
1131.958236694336	1111.7755508422852	509.9273407459259	490.1002585887909	0.0	0.0	0.0	0.0	9.8
1130.0468444824219	1111.7184448242188	508.628454208374	489.05094623565674	0.0	0.0	0.0	0.0	9.84
1132.8741073608398	1113.4359741210938	510.2288317680359	489.6360969543457	0.0	0.0	0.0	0.0	9.88
1133.543586730957	1121.971435546875	515.7816481590271	493.78657937049866	0.0	0.0	0.0	0.0	9.92
1130.1330184936523	1120.2685546875	525.916600227356	479.1454517841339	0.0	0.0	0.0	0.0	9.96
1134.089584350586	1115.371971130371	532.7552032470703	477.3009395599365	0.0	0.0	0.0	0.0	10.0
1142.2951126098633	1120.6581115722656	519.8333501815796	479.4380593299866	0.0	0.0	0.0	0.0	10.04
1140.2080535888672	1118.0035400390625	521.9822824001312	472.86866426467896	0.0	0.0	0.0	0.0	10.08
1136.6738891601562	1114.3084716796875	520.8710432052612	478.64845991134644	0.0	0.0	0.0	0.0	10.12
1132.0043563842773	1118.2883834838867	527.5986671447754	487.61674761772156	0.0	0.0	0.0	0.0	10.16
1131.2501907348633	1128.7506866455078	537.3739671707153	505.31588315963745	0.0	0.0	0.0	0.0	10.2
1131.606101989746	1127.8551864624023	543.7525606155396	520.8206069469452	0.0	0.0	0.0	0.0	10.24
1130.7820129394531	1137.4408721923828	548.1343674659729	523.5260438919067	0.0	0.0	0.0	0.0	10.28
1131.7413711547852	1134.8668670654297	542.8608012199402	516.8163156509399	0.0	0.0	0.0	0.0	10.32
1135.2598571777344	1130.848274230957	542.6307320594788	505.81528902053833	0.0	0.0	0.0	0.0	10.36
1130.4246139526367	1126.0011291503906	538.1650149822235	501.4496719837189	0.0	0.0	0.0	0.0	10.4
1123.9112091064453	1118.3115005493164	534.4269704818726	500.3696858882904	0.0	0.0	0.0	0.0	10.44
1122.7711486816406	1118.2444381713867	538.2219529151917	514.4151377677917	0.0	0.0	0.0	0.0	10.48
1122.3097229003906	1131.6676712036133	543.9371180534363	521.4492738246918	0.0	0.0	0.0	0.0	10.52
1122.428970336914	1150.3071212768555	549.9449872970581	525.2886414527893	0.0	0.0	0.0	0.0	10.56
1120.0812149047852	1165.0346374511719	553.868522644043	531.281898021698	0.0	0.0	0.0	0.0	10.6
1127.0669174194336	1161.6440963745117	558.1886601448059	541.0010647773743	0.0	0.0	0.0	0.0	10.64
1129.4149017333984	1161.302604675293	559.8018479347229	552.5390267372131	0.0	0.0	0.0	0.0	10.68
1133.041763305664	1161.7279815673828	559.2309236526489	560.767765045166	0.0	0.0	0.0	0.0	10.72
1134.473533630371	1159.9980926513672	556.2283086776733	561.6940927505493	0.0	0.0	0.0	0.0	10.76
1134.5154190063477	1166.7023849487305	549.0563821792603	562.1353697776794	0.0	0.0	0.0	0.0	10.8
1136.334457397461	1165.3174209594727	547.3198556900024	564.1391086578369	0.0	0.0	0.0	0.0	10.84
1135.8636474609375	1173.5142517089844	544.45396900177	558.7069272994995	0.0	0.0	0.0	0.0	10.88
1139.3123245239258	1170.549545288086	543.9788961410522	558.0816078186035	0.0	0.0	0.0	0.0	10.92
1139.6012878417969	1169.828109741211	543.2420825958252	560.2466011047363	0.0	0.0	0.0	0.0	10.96
1137.4782943725586	1173.5857772827148	540.5845069885254	562.2139692306519	0.0	0.0	0.0	0.0	11.0
1140.0885772705078	1175.936508178711	539.01123046875	562.5765180587769	0.0	0.0	0.0	0.0	11.04
1139.5339965820312	1168.1679153442383	533.4960722923279	554.9346685409546	0.0	0.0	0.0	0.0	11.08
1135.957260131836	1151.1671447753906	524.613561630249	541.3809299468994	0.0	0.0	0.0	0.0	11.12
1130.2899169921875	1143.614730834961	506.211279630661	520.0143027305603	0.0	0.0	0.0	0.0	11.16
1130.8513641357422	1113.0455017089844	494.25016164779663	476.11209869384766	0.0	0.0	0.0	0.0	11.2
1127.9100036621094	1097.0370483398438	480.38540482521057	423.43627095222473	0.0	0.0	0.0	0.0	11.24
1137.6983642578125	1114.8200225830078	459.06956791877747	418.46924901008606	0.0	0.0	0.0	0.0	11.28
1140.985107421875	1120.466079711914	441.7205250263214	414.1136419773102	0.0	0.0	0.0	0.0	11.32
1143.0305099487305	1119.557876586914	443.28482151031494	420.51920771598816	0.0	0.0	0.0	0.0	11.36
1140.4000854492188	1109.1838073730469	446.8460977077484	422.44038820266724	0.0	0.0	0.0	0.0	11.4
1138.465690612793	1102.8964233398438	446.78269028663635	426.32031083106995	0.0	0.0	0.0	0.0	11.44
1131.5671920776367	1107.6592254638672	436.02537989616394	416.60407304763794	0.0	0.0	0.0	0.0	11.48
1134.2895126342773	1111.1415481567383	427.10389137268066	417.5413763523102	0.0	0.0	0.0	0.0	11.52
1134.3852996826172	1118.503532409668	419.1079902648926	418.58914375305176	0.0	0.0	0.0	0.0	11.56
1136.3114547729492	1118.639144897461	410.1331686973572	409.3848645687103	0.0	0.0	0.0	0.0	11.6
1163.1168365478516	1141.2175369262695	376.5656340122223	374.2128324508667	0.0	0.0	0.0	0.0	11.64
1227.9187774658203	1195.1911926269531	308.0931830406189	313.4136772155762	0.0	0.0	0.0	0.0	11.68
1283.0387878417969	1277.6340866088867	250.28709948062897	245.85368156433105	0.0	0.0	0.0	0.0	11.72
1321.6505813598633	1302.5961685180664	220.09538233280182	233.3736526966095	0.0	0.0	0.0	0.0	11.76
1317.9920196533203	1299.2671966552734	224.78120684623718	221.47994935512543	0.0	0.0	0.0	0.0	11.8
1284.7810363769531	1268.437271118164	245.4094433784485	239.48838114738464	0.0	0.0	0.0	0.0	11.84
1237.3028182983398	1229.8984909057617	272.5875699520111	253.4299349784851	0.0	0.0	0.0	0.0	11.88
1191.4134979248047	1195.381736755371	285.90003848075867	280.3713619709015	0.0	0.0	0.0	0.0	11.92
1175.2573013305664	1175.6097793579102	309.5055592060089	300.156569480896	0.0	0.0	0.0	0.0	11.96
1162.8089904785156	1164.1969299316406	326.6290068626404	317.1769881248474	0.0	0.0	0.0	0.0	12.0
1165.1486206054688	1168.864517211914	343.65692496299744	332.01149225234985	0.0	0.0	0.0	0.0	12.04
1169.3930053710938	1172.8574752807617	359.34009075164795	347.60971784591675	0.0	0.0	0.0	0.0	12.08
1171.9426345825195	1178.572883605957	370.5105149745941	356.1381769180298	0.0	0.0	0.0	0.0	12.12
1175.5352783203125	1180.7979583740234	375.3291893005371	362.3079442977905	0.0	0.0	0.0	0.0	12.16
1176.7318725585938	1182.326431274414	372.2416019439697	354.54014897346497	0.0	0.0	0.0	0.0	12.2
1177.1973037719727	1183.5820770263672	371.4751446247101	352.83600211143494	0.0	0.0	0.0	0.0	12.24
1177.664909362793	1184.3950653076172	371.48499369621277	343.418390750885	0.0	0.0	0.0	0.0	12.28
1174.2778015136719	1177.9452896118164	373.14871430397034	298.5775315761566	0.0	0.0	0.0	0.0	12.32
1170.948600769043	1199.0436172485352	377.04704761505127	249.05905544757843	0.0	0.0	0.0	0.0	12.36
1168.4739303588867	1217.7398300170898	383.34437012672424	233.43870162963867	0.0	0.0	0.0	0.0	12.4
1158.2616806030273	1216.5793991088867	407.56001830101013	262.48873114585876	0.0	0.0	0.0	0.0	12.44
1133.924217224121	1185.9381866455078	469.62522983551025	332.85349130630493	0.0	0.0	0.0	0.0	12.48
1091.1908340454102	1139.5035552978516	582.5855183601379	447.57869482040405	0.0	0.0	0.0	0.0	12.52
1028.4711456298828	1083.7817001342773	698.938136100769	542.1639633178711	0.0	0.0	0.0	0.0	12.56
977.6442718505859	1026.339111328125	768.4960126876831	589.7036933898926	0.0	0.0	0.0	0.0	12.6
944.3841361999512	1012.9257202148438	780.2484011650085	591.4684152603149	0.0	0.0	0.0	0.0	12.64
938.7764167785645	1023.4902191162109	765.8151984214783	584.3347263336182	0.0	0.0	0.0	0.0	12.68
955.3516960144043	1037.816276550293	731.8778729438782	584.6755170822144	0.0	0.0	0.0	0.0	12.72
968.2240676879883	1059.7800064086914	710.1411008834839	572.8293371200562	0.0	0.0	0.0	0.0	12.76
990.5841064453125	1059.95361328125	692.8837251663208	578.1830477714539	0.0	0.0	0.0	0.0	12.8
1000.6768798828125	1070.09033203125	690.9878754615784	573.2863211631775	0.0	0.0	0.0	0.0	12.84
1006.3150405883789	1063.8533020019531	682.6974678039551	569.3685150146484	0.0	0.0	0.0	0.0	12.88
1012.3662185668945	1059.5330429077148	676.8227219581604	577.7033400535583	0.0	0.0	0.0	0.0	12.92
1025.4158020019531	1062.7087783813477	672.1988081932068	572.4179935455322	0.0	0.0	0.0	0.0	12.96
1029.3072509765625	1062.425193786621	677.2629046440125	566.3313961029053	0.0	0.0	0.0	0.0	13.0
1035.5022811889648	1065.948486328125	669.7911286354065	563.0204343795776	0.0	0.0	0.0	0.0	13.04
1043.070945739746	1062.213134765625	648.792200088501	563.8673257827759	0.0	0.0	0.0	0.0	13.08
1034.520492553711	1047.8820419311523	647.7606225013733	569.848415851593	0.0	0.0	0.0	0.0	13.12
1038.7231063842773	1031.1712646484375	645.3518486022949	575.1964616775513	0.0	0.0	0.0	0.0	13.16
1042.4753952026367	1032.2286987304688	643.0022978782654	568.9904522895813	0.0	0.0	0.0	0.0	13.2
1036.7744064331055	1010.0319671630859	645.5642795562744	565.4695701599121	0.0	0.0	0.0	0.0	13.24
1027.4537658691406	971.0188293457031	666.8583583831787	546.611430644989	0.0	0.0	0.0	0.0	13.28
1003.5948944091797	997.4668121337891	710.7617211341858	550.5403733253479	0.0	0.0	0.0	0.0	13.32
1011.7103576660156	1017.9518508911133	719.4372725486755	546.5973329544067	0.0	0.0	0.0	0.0	13.36
1024.0964126586914	1016.8814849853516	706.4680409431458	552.6926851272583	0.0	0.0	0.0	0.0	13.4
1034.4055938720703	1024.306869506836	684.9814867973328	557.1954488754272	0.0	0.0	0.0	0.0	13.44
1041.001968383789	1017.7548980712891	673.0285120010376	555.6931114196777	0.0	0.0	0.0	0.0	13.48
1044.202537536621	1014.7194671630859	659.5923829078674	558.9227056503296	0.0	0.0	0.0	0.0	13.52
1033.0176544189453	1012.4051284790039	655.2748847007751	571.1538362503052	0.0	0.0	0.0	0.0	13.56
1028.0175018310547	1008.1593704223633	654.8772525787354	571.7548227310181	0.0	0.0	0.0	0.0	13.6
1025.3845596313477	1001.4010620117188	653.0076026916504	577.997395992279	0.0	0.0	0.0	0.0	13.64
1024.5758056640625	1001.3656997680664	648.9703845977783	571.7131090164185	0.0	0.0	0.0	0.0	13.68
1021.3274002075195	1001.7990875244141	650.6433749198914	574.4120764732361	0.0	0.0	0.0	0.0	13.72
1019.549446105957	998.4027099609375	649.865620136261	577.8953647613525	0.0	0.0	0.0	0.0	13.76
1022.0924377441406	1000.7908630371094	650.466799736023	577.458336353302	0.0	0.0	0.0	0.0	13.8
1019.5022964477539	999.0110778808594	649.2039942741394	580.2757501602173	0.0	0.0	0.0	0.0	13.84
1021.1291885375977	997.4123382568359	651.8781781196594	583.8492250442505	0.0	0.0	0.0	0.0	13.88
1022.1164703369141	999.0280151367188	650.6035923957825	575.6106376647949	0.0	0.0	0.0	0.0	13.92
1025.4661560058594	1000.7267761230469	651.6137981414795	577.4110221862793	0.0	0.0	0.0	0.0	13.96
1027.4737930297852	1001.1753845214844	653.428795337677	577.2536945343018	0.0	0.0	0.0	0.0	14.0
1029.788589477539	1007.9360961914062	654.6727395057678	579.6876382827759	0.0	0.0	0.0	0.0	14.04
1028.5335159301758	1010.1834869384766	656.3227486610413	577.7650094032288	0.0	0.0	0.0	0.0	14.08
1025.9137344360352	1006.0660171508789	661.7376780509949	588.5032653808594	0.0	0.0	0.0	0.0	14.12
1022.1966934204102	1015.0069427490234	698.4929323196411	593.3603382110596	0.0	0.0	0.0	0.0	14.16
1009.4490051269531	1001.5727233886719	727.8754162788391	588.5563731193542	0.0	0.0	0.0	0.0	14.2
1017.3445129394531	998.0072021484375	752.0864939689636	582.0507717132568	0.0	0.0	0.0	0.0	14.24
1030.5205535888672	1017.1474456787109	795.4777693748474	618.4905982017517	0.0	0.0	0.0	0.0	14.28
1048.5550689697266	1030.6480407714844	863.381838798523	683.6792206764221	0.0	0.0	0.0	0.0	14.32
1069.5144653320312	1033.3712768554688	954.3948554992676	773.1864237785339	0.0	0.0	0.0	0.0	14.36
1082.0195388793945	1040.745964050293	1013.2538723945618	837.9935717582703	0.0	0.0	0.0	0.0	14.4
1075.8009338378906	1023.9428329467773	1047.1617150306702	873.8537836074829	0.0	0.0	0.0	0.0	14.44
1079.3029403686523	1025.2873992919922	1059.1826677322388	903.7401795387268	0.0	0.0	0.0	0.0	14.48
0.0	0.0	0.0	0.0	976.4297103881836	1024.7163391113281	742.9981827735901	702.4928140640259	14.52
0.0	0.0	0.0	0.0	982.7845001220703	1037.3567962646484	764.7368216514587	702.4360370635986	14.56
0.0	0.0	0.0	0.0	986.0160827636719	1029.4313049316406	780.7422065734863	737.0273923873901	14.6
0.0	0.0	0.0	0.0	1000.0605010986328	1054.3256378173828	796.428108215332	741.632444858551	14.64
0.0	0.0	0.0	0.0	1010.3189849853516	1055.9101867675781	806.0719585418701	745.2867722511292	14.68
0.0	0.0	0.0	0.0	1019.3016815185547	1063.6150360107422	807.5568509101868	757.6841139793396	14.72
0.0	0.0	0.0	0.0	1026.800537109375	1063.465576171875	812.4358105659485	766.2291812896729	14.76
0.0	0.0	0.0	0.0	1035.1858520507812	1062.7898025512695	808.8942646980286	772.9651093482971	14.8
0.0	0.0	0.0	0.0	1038.5918426513672	1078.9760971069336	808.2253003120422	772.6045560836792	14.84
0.0	0.0	0.0	0.0	1047.238883972168	1092.6443481445312	810.3628063201904	773.185715675354	14.88
0.0	0.0	0.0	0.0	1045.4170989990234	1089.4157409667969	807.0595693588257	772.3583292961121	14.92
0.0	0.0	0.0	0.0	1048.2160949707031	1089.9015426635742	805.4154181480408	773.8913726806641	14.96
1120.2927017211914	1069.0053176879883	1047.6174759864807	971.0955333709717	0.0	0.0	0.0	0.0	15.0
1114.0038299560547	1070.7710266113281	1040.25217294693	977.2548079490662	0.0	0.0	0.0	0.0	15.04
0.0	0.0	0.0	0.0	1054.0691757202148	1091.4673233032227	797.8583478927612	766.981315612793	15.08
0.0	0.0	0.0	0.0	1058.4246826171875	1097.7002334594727	802.8279447555542	768.9339423179626	15.12
0.0	0.0	0.0	0.0	1060.4347229003906	1095.7500457763672	803.2155990600586	773.7115144729614	15.16
0.0	0.0	0.0	0.0	1056.5673065185547	1092.8327178955078	802.9153633117676	761.0245585441589	15.2
0.0	0.0	0.0	0.0	1060.9069061279297	1102.0111083984375	801.3127970695496	761.1189293861389	15.24
0.0	0.0	0.0	0.0	1060.2888107299805	1090.0099182128906	790.5069494247437	766.3913369178772	15.28
0.0	0.0	0.0	0.0	1056.0215377807617	1093.1634521484375	793.0904316902161	744.8483920097351	15.32
0.0	0.0	0.0	0.0	1061.824607849121	1089.6415328979492	792.2078132629395	751.2282085418701	15.36
1118.6176300048828	1089.2216491699219	982.9204702377319	952.7879762649536	0.0	0.0	0.0	0.0	15.4
1124.7599029541016	1092.0564651489258	983.0856513977051	942.1089434623718	0.0	0.0	0.0	0.0	15.44
0.0	0.0	0.0	0.0	1058.3720397949219	1071.6064453125	792.2347855567932	746.3641834259033	15.48
0.0	0.0	0.0	0.0	1059.6876525878906	1093.2699966430664	779.6684646606445	740.8586812019348	15.52
0.0	0.0	0.0	0.0	1056.4647674560547	1082.2142028808594	786.165246963501	744.3878030776978	15.56
0.0	0.0	0.0	0.0	1052.9249954223633	1073.54736328125	785.3582668304443	749.0881276130676	15.6
0.0	0.0	0.0	0.0	1053.896484375	1072.7339172363281	783.5565304756165	744.07301902771	15.64
0.0	0.0	0.0	0.0	1054.2140579223633	1085.1879501342773	775.4843473434448	739.1626453399658	15.68
1115.650863647461	1089.0409469604492	1000.4029583930969	936.2837648391724	0.0	0.0	0.0	0.0	15.72
0.0	0.0	0.0	0.0	1058.7359619140625	1085.0919342041016	773.5946130752563	735.687403678894	15.76
1132.2774124145508	1093.9217376708984	1014.4817876815796	937.9931259155273	0.0	0.0	0.0	0.0	15.8
0.0	0.0	0.0	0.0	1057.0028686523438	1087.8904724121094	773.112587928772	733.3511781692505	15.84
1121.008071899414	1085.855712890625	979.2953681945801	928.5100793838501	0.0	0.0	0.0	0.0	15.88
0.0	0.0	0.0	0.0	1049.5756530761719	1065.9040832519531	758.327522277832	718.5730004310608	15.92
1101.2828063964844	1063.7853240966797	1059.6666240692139	913.3202362060547	0.0	0.0	0.0	0.0	15.96
0.0	0.0	0.0	0.0	999.6909713745117	1022.3714447021484	702.1170687675476	670.4188942909241	16.0
1111.9511032104492	1075.293960571289	1025.1218748092651	839.2449831962585	0.0	0.0	0.0	0.0	16.04
1111.263313293457	1092.205581665039	978.7528324127197	778.5261654853821	0.0	0.0	0.0	0.0	16.08
1104.4398880004883	1106.7901611328125	947.7216267585754	723.140652179718	0.0	0.0	0.0	0.0	16.12
1096.6857147216797	1112.6388931274414	900.6332802772522	682.8267288208008	0.0	0.0	0.0	0.0	16.16
1081.7499160766602	1116.2337112426758	863.9528918266296	656.5513372421265	0.0	0.0	0.0	0.0	16.2
1065.4892349243164	1098.7435913085938	834.4012999534607	639.5280861854553	0.0	0.0	0.0	0.0	16.24
1059.924545288086	1083.4346008300781	799.1263675689697	638.5039114952087	0.0	0.0	0.0	0.0	16.28
1052.0922088623047	1062.2912979125977	782.1844840049744	629.0107583999634	0.0	0.0	0.0	0.0	16.32
1041.5608978271484	1050.1654815673828	760.0856137275696	626.0332489013672	0.0	0.0	0.0	0.0	16.36
1041.8530654907227	1039.734992980957	751.2184882164001	627.081048488617	0.0	0.0	0.0	0.0	16.4
1034.0666198730469	1028.7167358398438	741.7879056930542	626.7302799224854	0.0	0.0	0.0	0.0	16.44
1029.4643783569336	1021.3811874389648	729.7148752212524	616.9386291503906	0.0	0.0	0.0	0.0	16.48
1026.5431594848633	1015.7695770263672	726.259138584137	613.1342482566833	0.0	0.0	0.0	0.0	16.52
1025.262451171875	1014.9666595458984	717.0086073875427	609.5431351661682	0.0	0.0	0.0	0.0	16.56
1024.2288208007812	1013.2376861572266	711.9157361984253	610.5293941497803	0.0	0.0	0.0	0.0	16.6
1021.827278137207	1010.3551483154297	711.1160945892334	607.0753312110901	0.0	0.0	0.0	0.0	16.64
1021.8549728393555	1009.1828155517578	710.5904245376587	606.7402696609497	0.0	0.0	0.0	0.0	16.68
1023.4804916381836	1006.1963653564453	712.6853156089783	611.3234996795654	0.0	0.0	0.0	0.0	16.72
1032.9327392578125	1028.352928161621	725.9753179550171	616.7461538314819	0.0	0.0	0.0	0.0	16.76
1102.0271301269531	1091.8339920043945	730.1220345497131	620.3142213821411	0.0	0.0	0.0	0.0	16.8
1182.981948852539	1173.622169494629	748.692684173584	629.6357560157776	0.0	0.0	0.0	0.0	16.84
1265.1580810546875	1256.3756561279297	765.3955507278442	643.9057087898254	0.0	0.0	0.0	0.0	16.88
1329.246711730957	1318.8784790039062	773.2321929931641	665.3548622131348	0.0	0.0	0.0	0.0	16.92
1372.5997924804688	1374.3598937988281	781.6992402076721	670.6667947769165	0.0	0.0	0.0	0.0	16.96
1395.4270935058594	1398.4808349609375	777.0609068870544	674.5463633537292	0.0	0.0	0.0	0.0	17.0
1408.1348419189453	1408.4037780761719	780.3560328483582	680.9808325767517	0.0	0.0	0.0	0.0	17.04
1403.3105850219727	1398.6170196533203	775.3373193740845	674.4810891151428	0.0	0.0	0.0	0.0	17.08
1397.3626327514648	1393.9178466796875	773.3346104621887	670.4270696640015	0.0	0.0	0.0	0.0	17.12
1389.2092895507812	1380.384750366211	771.5886855125427	675.6101274490356	0.0	0.0	0.0	0.0	17.16
1379.36279296875	1378.062744140625	771.1801743507385	683.4786987304688	0.0	0.0	0.0	0.0	17.2
1377.8525161743164	1377.1243286132812	771.3008737564087	685.525438785553	0.0	0.0	0.0	0.0	17.24
1380.413818359375	1379.2373657226562	772.8025674819946	686.4766788482666	0.0	0.0	0.0	0.0	17.28
1383.6738967895508	1383.4554290771484	773.6468839645386	686.2213754653931	0.0	0.0	0.0	0.0	17.32
1383.6720657348633	1388.7059783935547	772.4632573127747	687.7045297622681	0.0	0.0	0.0	0.0	17.36
1386.4933776855469	1388.0916595458984	770.8689951896667	686.317548751831	0.0	0.0	0.0	0.0	17.4
1385.467300415039	1384.5948028564453	772.7334952354431	688.7721562385559	0.0	0.0	0.0	0.0	17.44
1385.617904663086	1383.9832305908203	771.0670065879822	685.0138664245605	0.0	0.0	0.0	0.0	17.48
1388.5359191894531	1390.9577178955078	774.9868083000183	689.7978115081787	0.0	0.0	0.0	0.0	17.52
1389.2255401611328	1393.0541610717773	778.9679574966431	693.1045246124268	0.0	0.0	0.0	0.0	17.56
1392.615737915039	1397.863998413086	783.8704133033752	697.6020097732544	0.0	0.0	0.0	0.0	17.6
1396.2407684326172	1397.5861358642578	787.2136902809143	696.570303440094	0.0	0.0	0.0	0.0	17.64
1395.996437072754	1395.9807586669922	791.1954832077026	691.9127225875854	0.0	0.0	0.0	0.0	17.68
1389.697265625	1387.5068664550781	800.1105666160583	682.6058650016785	0.0	0.0	0.0	0.0	17.72
1386.1974334716797	1381.5331649780273	799.2682456970215	685.2906703948975	0.0	0.0	0.0	0.0	17.76
1386.4537811279297	1387.0509338378906	800.8039927482605	695.197548866272	0.0	0.0	0.0	0.0	17.8
1388.0598449707031	1388.6082458496094	804.5183157920837	701.6145086288452	0.0	0.0	0.0	0.0	17.84
1392.3152160644531	1393.689193725586	800.0935077667236	704.9628067016602	0.0	0.0	0.0	0.0	17.88
1394.754409790039	1388.7943267822266	797.3308753967285	704.2671275138855	0.0	0.0	0.0	0.0	17.92
1394.633903503418	1393.5978698730469	793.026123046875	707.1689343452454	0.0	0.0	0.0	0.0	17.96
1393.5667419433594	1391.2514877319336	792.9544758796692	708.1839680671692	0.0	0.0	0.0	0.0	18.0
1395.5859375	1391.0761642456055	791.9359660148621	708.1412887573242	0.0	0.0	0.0	0.0	18.04
1395.9130096435547	1392.4736022949219	792.2366523742676	710.3497982025146	0.0	0.0	0.0	0.0	18.08
1396.2921524047852	1393.8110733032227	793.4317374229431	709.0177273750305	0.0	0.0	0.0	0.0	18.12
1396.1850357055664	1393.4627151489258	794.4470286369324	712.3749732971191	0.0	0.0	0.0	0.0	18.16
1397.7227783203125	1393.9355850219727	795.3435516357422	710.9828424453735	0.0	0.0	0.0	0.0	18.2
1398.8472747802734	1393.9461135864258	795.2820754051208	712.5377082824707	0.0	0.0	0.0	0.0	18.24
1397.8904342651367	1398.5806274414062	797.1854567527771	713.944194316864	0.0	0.0	0.0	0.0	18.28
1398.584976196289	1399.877700805664	799.3156242370605	714.2739129066467	0.0	0.0	0.0	0.0	18.32
1397.9940032958984	1397.7240371704102	800.4920411109924	715.1800274848938	0.0	0.0	0.0	0.0	18.36
1399.1194152832031	1394.6899795532227	799.9526596069336	719.2020535469055	0.0	0.0	0.0	0.0	18.4
1399.2530822753906	1397.5111770629883	800.9962105751038	718.9260220527649	0.0	0.0	0.0	0.0	18.44
1399.3011474609375	1398.6387634277344	800.0210237503052	717.4541330337524	0.0	0.0	0.0	0.0	18.48
1401.2009811401367	1401.77490234375	802.788097858429	719.8477149009705	0.0	0.0	0.0	0.0	18.52
1401.8472290039062	1399.464340209961	802.7960801124573	720.7132744789124	0.0	0.0	0.0	0.0	18.56
1400.9770202636719	1398.4905624389648	802.9572701454163	723.7388062477112	0.0	0.0	0.0	0.0	18.6
1403.02734375	1404.938735961914	807.3093366622925	721.9472408294678	0.0	0.0	0.0	0.0	18.64
1403.5854721069336	1400.4922485351562	804.2005062103271	724.1039299964905	0.0	0.0	0.0	0.0	18.68
1402.7210998535156	1408.2245635986328	808.5306215286255	721.9667458534241	0.0	0.0	0.0	0.0	18.72
1403.316993713379	1407.1455001831055	810.5046844482422	721.3993620872498	0.0	0.0	0.0	0.0	18.76
1401.9564056396484	1401.6624069213867	805.684175491333	727.3832201957703	0.0	0.0	0.0	0.0	18.8
1402.0856094360352	1403.0802154541016	806.971378326416	723.9928221702576	0.0	0.0	0.0	0.0	18.84
1403.0630493164062	1400.4136276245117	803.5954642295837	726.7344045639038	0.0	0.0	0.0	0.0	18.88
1400.6011962890625	1400.3784942626953	803.318338394165	728.4828400611877	0.0	0.0	0.0	0.0	18.92
1402.566032409668	1404.96826171875	809.3664407730103	723.9207243919373	0.0	0.0	0.0	0.0	18.96
1401.0271453857422	1402.68310546875	807.0006036758423	729.752082824707	0.0	0.0	0.0	0.0	19.0
1404.7060775756836	1408.3863830566406	811.9581627845764	721.9936537742615	0.0	0.0	0.0	0.0	19.04
1404.8004913330078	1411.3191604614258	816.8496108055115	722.844729423523	0.0	0.0	0.0	0.0	19.08
1406.077880859375	1407.740249633789	816.6391754150391	726.6415143013	0.0	0.0	0.0	0.0	19.12
1406.7613220214844	1411.5117645263672	821.0704851150513	729.800169467926	0.0	0.0	0.0	0.0	19.16
1407.509422302246	1412.622299194336	824.8319292068481	732.8781652450562	0.0	0.0	0.0	0.0	19.2
1404.4976806640625	1413.6226272583008	826.7799854278564	746.7177844047546	0.0	0.0	0.0	0.0	19.24
1405.3848266601562	1410.941162109375	833.6201333999634	730.4553580284119	0.0	0.0	0.0	0.0	19.28
1403.4465408325195	1402.0079040527344	838.0344486236572	722.4460029602051	0.0	0.0	0.0	0.0	19.32
1397.6375198364258	1401.005859375	847.1452903747559	704.3907237052917	0.0	0.0	0.0	0.0	19.36
1393.8585662841797	1403.7385940551758	839.3053650856018	698.6866307258606	0.0	0.0	0.0	0.0	19.4
1389.0657806396484	1399.7998809814453	834.5671248435974	693.4252309799194	0.0	0.0	0.0	0.0	19.44
1383.145866394043	1392.1537399291992	840.7469344139099	687.2062182426453	0.0	0.0	0.0	0.0	19.48
1374.1033172607422	1392.7132415771484	840.9979891777039	689.573085308075	0.0	0.0	0.0	0.0	19.52
1371.7770767211914	1386.321029663086	847.8246831893921	692.3547077178955	0.0	0.0	0.0	0.0	19.56
1364.3092346191406	1382.200813293457	846.5716624259949	688.5865044593811	0.0	0.0	0.0	0.0	19.6
1364.3829345703125	1376.2297439575195	845.4962468147278	686.6193294525146	0.0	0.0	0.0	0.0	19.64
1361.9577026367188	1372.2504043579102	842.3225283622742	681.466076374054	0.0	0.0	0.0	0.0	19.68
1365.8319854736328	1370.5098724365234	841.6946339607239	681.1033987998962	0.0	0.0	0.0	0.0	19.72
1372.7505111694336	1379.4921112060547	838.0737805366516	680.1746892929077	0.0	0.0	0.0	0.0	19.76
1376.3065338134766	1381.538200378418	834.0419697761536	678.3299517631531	0.0	0.0	0.0	0.0	19.8
1375.429916381836	1383.0181503295898	833.1805300712585	679.5018625259399	0.0	0.0	0.0	0.0	19.84
1378.6152648925781	1387.7426147460938	834.8089098930359	682.0218729972839	0.0	0.0	0.0	0.0	19.88
1378.5599899291992	1385.5249786376953	829.4842958450317	681.1383533477783	0.0	0.0	0.0	0.0	19.92
1380.5205917358398	1384.8918914794922	826.9867515563965	682.5423288345337	0.0	0.0	0.0	0.0	19.96
1380.4893493652344	1385.8402633666992	822.9673647880554	681.5545892715454	0.0	0.0	0.0	0.0	20.0
1384.3212890625	1388.2269287109375	820.4176139831543	682.4169301986694	0.0	0.0	0.0	0.0	20.04
1387.8755950927734	1387.6108932495117	817.5798583030701	686.5888810157776	0.0	0.0	0.0	0.0	20.08
1387.2198486328125	1381.9274139404297	816.8903589248657	694.0819001197815	0.0	0.0	0.0	0.0	20.12
1387.4972534179688	1384.1872787475586	817.6236319541931	698.1567764282227	0.0	0.0	0.0	0.0	20.16
1387.4309921264648	1385.1132202148438	817.3827481269836	698.586208820343	0.0	0.0	0.0	0.0	20.2
1386.665382385254	1383.3969497680664	816.5771842002869	701.7975211143494	0.0	0.0	0.0	0.0	20.24
1385.654525756836	1380.5004501342773	817.8029751777649	702.3891091346741	0.0	0.0	0.0	0.0	20.28
1384.390640258789	1378.4523010253906	819.0517473220825	708.1500434875488	0.0	0.0	0.0	0.0	20.32
1385.962142944336	1378.744010925293	818.2515907287598	710.9059166908264	0.0	0.0	0.0	0.0	20.36
1386.9598388671875	1379.2612838745117	815.7051873207092	712.4015593528748	0.0	0.0	0.0	0.0	20.4
1387.5785064697266	1379.5536804199219	815.6341195106506	710.3680157661438	0.0	0.0	0.0	0.0	20.44
1388.1864166259766	1378.8748168945312	815.5009961128235	712.300751209259	0.0	0.0	0.0	0.0	20.48
1384.5671081542969	1379.5378875732422	813.4595990180969	716.0598134994507	0.0	0.0	0.0	0.0	20.52
1385.9242630004883	1378.4111022949219	816.0966396331787	717.1529316902161	0.0	0.0	0.0	0.0	20.56
1385.6563568115234	1377.7277755737305	817.5233387947083	719.6865892410278	0.0	0.0	0.0	0.0	20.6
1384.5655059814453	1377.6107025146484	820.0569319725037	719.4308996200562	0.0	0.0	0.0	0.0	20.64
1383.9097595214844	1376.3422393798828	822.0472168922424	723.005211353302	0.0	0.0	0.0	0.0	20.68
1381.3062286376953	1374.0119934082031	822.7728295326233	722.3410105705261	0.0	0.0	0.0	0.0	20.72
1380.2538299560547	1377.3283767700195	821.5687966346741	720.0975465774536	0.0	0.0	0.0	0.0	20.76
1380.5591583251953	1375.7176208496094	819.5397591590881	727.6144480705261	0.0	0.0	0.0	0.0	20.8
1382.8791046142578	1375.4529190063477	818.6407899856567	720.8871459960938	0.0	0.0	0.0	0.0	20.84
1380.6615829467773	1375.301284790039	818.2799792289734	727.6188254356384	0.0	0.0	0.0	0.0	20.88
1382.9819869995117	1374.4683837890625	818.4387230873108	726.2704038619995	0.0	0.0	0.0	0.0	20.92
1382.6648712158203	1374.4775390625	817.8895568847656	727.7560043334961	0.0	0.0	0.0	0.0	20.96
1382.6778030395508	1374.4390869140625	819.3447089195251	728.4377145767212	0.0	0.0	0.0	0.0	21.0
1382.9558944702148	1375.1137161254883	820.250244140625	729.1965436935425	0.0	0.0	0.0	0.0	21.04
1379.494743347168	1371.723518371582	820.3362464904785	730.8686971664429	0.0	0.0	0.0	0.0	21.08
1378.6649322509766	1374.4801712036133	820.6883025169373	724.5561504364014	0.0	0.0	0.0	0.0	21.12
1377.9225540161133	1373.6034393310547	821.0303163528442	727.3438239097595	0.0	0.0	0.0	0.0	21.16
1378.3248138427734	1372.4868392944336	820.7881450653076	728.1901359558105	0.0	0.0	0.0	0.0	21.2
1378.6679077148438	1369.3714141845703	820.8021783828735	731.6797971725464	0.0	0.0	0.0	0.0	21.24
1379.1032409667969	1368.2820510864258	820.6053256988525	733.5285258293152	0.0	0.0	0.0	0.0	21.28
1377.6532745361328	1368.354721069336	821.4019417762756	734.2117166519165	0.0	0.0	0.0	0.0	21.32
1377.0368957519531	1368.0496215820312	821.230001449585	732.1286702156067	0.0	0.0	0.0	0.0	21.36
1374.3259048461914	1366.1260986328125	821.7323684692383	732.0367455482483	0.0	0.0	0.0	0.0	21.4
1373.686294555664	1364.9288177490234	819.6414041519165	730.9642910957336	0.0	0.0	0.0	0.0	21.44
1373.8713455200195	1363.8922119140625	816.8281102180481	734.0297341346741	0.0	0.0	0.0	0.0	21.48
1374.0117645263672	1363.8803100585938	813.8758993148804	735.4874610900879	0.0	0.0	0.0	0.0	21.52
1372.192039489746	1363.0309295654297	813.4476256370544	732.2116470336914	0.0	0.0	0.0	0.0	21.56
1374.1143035888672	1363.93798828125	812.6855134963989	733.7309789657593	0.0	0.0	0.0	0.0	21.6
1376.8363952636719	1363.0231475830078	809.2062163352966	742.0662546157837	0.0	0.0	0.0	0.0	21.64
1376.4907836914062	1366.0441589355469	810.6673550605774	742.7621269226074	0.0	0.0	0.0	0.0	21.68
1375.3168487548828	1364.5088195800781	813.5476613044739	731.540687084198	0.0	0.0	0.0	0.0	21.72
1374.1019439697266	1365.402488708496	812.4456596374512	734.2271018028259	0.0	0.0	0.0	0.0	21.76
1375.6291580200195	1368.7107467651367	815.6586456298828	731.1948108673096	0.0	0.0	0.0	0.0	21.8
1373.653793334961	1363.6861038208008	811.4616537094116	732.477765083313	0.0	0.0	0.0	0.0	21.84
1372.8398895263672	1364.9736785888672	816.1706042289734	731.0055541992188	0.0	0.0	0.0	0.0	21.88
1374.3360900878906	1364.7347259521484	814.7806620597839	730.7859778404236	0.0	0.0	0.0	0.0	21.92
1374.2459106445312	1364.864616394043	815.5724501609802	732.0927500724792	0.0	0.0	0.0	0.0	21.96
1373.8680267333984	1364.6878051757812	814.4442486763	731.3863849639893	0.0	0.0	0.0	0.0	22.0
1375.3685760498047	1363.9375305175781	811.2600374221802	734.9545168876648	0.0	0.0	0.0	0.0	22.04
1373.180923461914	1365.0984191894531	814.2341351509094	729.6138739585876	0.0	0.0	0.0	0.0	22.08
1375.422134399414	1365.2914810180664	811.1961793899536	737.5726962089539	0.0	0.0	0.0	0.0	22.12
1374.5166778564453	1366.0787200927734	815.8610987663269	731.7595553398132	0.0	0.0	0.0	0.0	22.16
1374.7998046875	1361.4032363891602	809.2113661766052	733.4909963607788	0.0	0.0	0.0	0.0	22.2
1372.3229598999023	1362.8705978393555	812.1208333969116	729.9691486358643	0.0	0.0	0.0	0.0	22.24
1371.5398406982422	1361.9831085205078	810.7008934020996	733.1507849693298	0.0	0.0	0.0	0.0	22.28
1374.411392211914	1362.4188995361328	809.1540098190308	736.308925151825	0.0	0.0	0.0	0.0	22.32
1373.693618774414	1361.008644104004	808.0748605728149	733.0892443656921	0.0	0.0	0.0	0.0	22.36
1372.3073959350586	1360.5000686645508	808.882098197937	732.2363662719727	0.0	0.0	0.0	0.0	22.4
1374.1557312011719	1361.7535400390625	805.0938105583191	737.0242381095886	0.0	0.0	0.0	0.0	22.44
1370.9846878051758	1358.5707092285156	805.3209829330444	727.5206565856934	0.0	0.0	0.0	0.0	22.48
1371.5311431884766	1359.1747283935547	805.6749701499939	728.3969020843506	0.0	0.0	0.0	0.0	22.52
1373.5718536376953	1358.8078308105469	805.654628276825	730.2162766456604	0.0	0.0	0.0	0.0	22.56
1375.411148071289	1361.1576461791992	803.3203983306885	737.2631907463074	0.0	0.0	0.0	0.0	22.6
1373.210220336914	1361.8363952636719	806.3615083694458	734.171290397644	0.0	0.0	0.0	0.0	22.64
1369.4135284423828	1363.703384399414	808.4493184089661	725.2162957191467	0.0	0.0	0.0	0.0	22.68
1370.1139068603516	1359.997901916504	805.9005975723267	730.0756859779358	0.0	0.0	0.0	0.0	22.72
1371.7298126220703	1362.5422668457031	806.7402148246765	731.6513442993164	0.0	0.0	0.0	0.0	22.76
1369.4256591796875	1360.733985900879	805.8941602706909	730.208101272583	0.0	0.0	0.0	0.0	22.8
1369.1166687011719	1359.8311614990234	803.8846921920776	730.3754711151123	0.0	0.0	0.0	0.0	22.84
1369.595947265625	1359.7947692871094	803.8920950889587	731.1800694465637	0.0	0.0	0.0	0.0	22.88
1369.3672943115234	1360.510368347168	804.2422842979431	730.38081407547	0.0	0.0	0.0	0.0	22.92
1369.3311309814453	1358.744773864746	802.7785062789917	732.3152232170105	0.0	0.0	0.0	0.0	22.96
1369.0516662597656	1358.1788635253906	801.857328414917	729.7050905227661	0.0	0.0	0.0	0.0	23.0
1369.2704772949219	1357.4468994140625	802.0414996147156	736.3327431678772	0.0	0.0	0.0	0.0	23.04
1368.296127319336	1358.9149475097656	804.3564176559448	727.5064945220947	0.0	0.0	0.0	0.0	23.08
1369.4659423828125	1358.8911437988281	803.9386367797852	727.6402616500854	0.0	0.0	0.0	0.0	23.12
1369.0802764892578	1357.782325744629	804.4483423233032	727.6810097694397	0.0	0.0	0.0	0.0	23.16
1370.3837585449219	1358.7507247924805	802.1404409408569	734.7041702270508	0.0	0.0	0.0	0.0	23.2
1369.3365097045898	1358.243408203125	802.2769117355347	731.4443206787109	0.0	0.0	0.0	0.0	23.24
1369.380111694336	1358.5613250732422	802.857620716095	728.3823537826538	0.0	0.0	0.0	0.0	23.28
1370.0982284545898	1357.7614974975586	803.2174015045166	732.7854681015015	0.0	0.0	0.0	0.0	23.32
1370.6331253051758	1357.130355834961	802.2231602668762	735.8104848861694	0.0	0.0	0.0	0.0	23.36
1368.559455871582	1358.221549987793	804.4090747833252	731.5739679336548	0.0	0.0	0.0	0.0	23.4
1368.3796691894531	1358.2497024536133	803.4753441810608	733.5748744010925	0.0	0.0	0.0	0.0	23.44
1369.7808837890625	1358.3729553222656	803.2897567749023	735.3922533988953	0.0	0.0	0.0	0.0	23.48
1371.8426513671875	1359.854621887207	800.4268312454224	736.5448522567749	0.0	0.0	0.0	0.0	23.52
1372.1708679199219	1358.6345672607422	800.7603478431702	728.0261778831482	0.0	0.0	0.0	0.0	23.56
1374.1929244995117	1359.8274993896484	798.487594127655	733.0715417861938	0.0	0.0	0.0	0.0	23.6
1373.4214782714844	1359.5475769042969	798.197078704834	732.4020624160767	0.0	0.0	0.0	0.0	23.64
1372.6382446289062	1358.5430145263672	799.0272974967957	732.928569316864	0.0	0.0	0.0	0.0	23.68
1372.7074813842773	1357.815055847168	798.31378698349	734.4964385032654	0.0	0.0	0.0	0.0	23.72
1373.2225799560547	1358.4132385253906	798.025975227356	734.1051149368286	0.0	0.0	0.0	0.0	23.76
1372.5711822509766	1359.4023513793945	798.844735622406	731.2438631057739	0.0	0.0	0.0	0.0	23.8
1372.6139831542969	1358.111343383789	797.347161769867	733.6800599098206	0.0	0.0	0.0	0.0	23.84
1372.599220275879	1359.9729537963867	797.944929599762	731.3826513290405	0.0	0.0	0.0	0.0	23.88
1374.5700073242188	1360.8527755737305	797.3983383178711	735.1319932937622	0.0	0.0	0.0	0.0	23.92
1373.8142395019531	1362.1592330932617	798.7935590744019	730.6748700141907	0.0	0.0	0.0	0.0	23.96
1374.0757369995117	1363.3316802978516	798.4351944923401	727.1754240989685	0.0	0.0	0.0	0.0	24.0
1375.7964706420898	1363.297119140625	798.6310172080994	732.1298933029175	0.0	0.0	0.0	0.0	24.04
1376.5672302246094	1362.652359008789	798.657796382904	731.4315748214722	0.0	0.0	0.0	0.0	24.08
1375.982551574707	1361.2512588500977	799.0503430366516	732.7020406723022	0.0	0.0	0.0	0.0	24.12
1377.510108947754	1360.9684753417969	798.7633681297302	732.4820780754089	0.0	0.0	0.0	0.0	24.16
1376.8217468261719	1361.7205810546875	799.0535616874695	733.6252784729004	0.0	0.0	0.0	0.0	24.2
1377.0425033569336	1364.6532440185547	800.3737878799438	732.3569369316101	0.0	0.0	0.0	0.0	24.24
1376.6871643066406	1364.842529296875	799.3444633483887	738.5155034065247	0.0	0.0	0.0	0.0	24.28
1375.1599502563477	1369.749755859375	803.8520550727844	723.4154605865479	0.0	0.0	0.0	0.0	24.32
1379.2220306396484	1366.1327362060547	798.3913564682007	737.4079656600952	0.0	0.0	0.0	0.0	24.36
1378.9373016357422	1369.156265258789	800.3661274909973	728.7823677062988	0.0	0.0	0.0	0.0	24.4
1379.103126525879	1367.654914855957	799.0861344337463	726.870424747467	0.0	0.0	0.0	0.0	24.44
1378.3879852294922	1371.64306640625	800.8730006217957	728.390142917633	0.0	0.0	0.0	0.0	24.48
1379.4602966308594	1368.5129928588867	800.8337330818176	730.1557660102844	0.0	0.0	0.0	0.0	24.52
1379.5564270019531	1368.8201522827148	799.8320889472961	729.9439144134521	0.0	0.0	0.0	0.0	24.56
1380.3135681152344	1370.5011749267578	800.0984644889832	728.7805652618408	0.0	0.0	0.0	0.0	24.6
1379.4646453857422	1369.3309020996094	800.7215309143066	727.1833419799805	0.0	0.0	0.0	0.0	24.64
1378.699951171875	1367.2440719604492	799.515438079834	726.2051939964294	0.0	0.0	0.0	0.0	24.68
1378.9473724365234	1366.3508605957031	798.3583974838257	727.2391533851624	0.0	0.0	0.0	0.0	24.72
1375.8124923706055	1363.0234909057617	799.1913843154907	724.7211384773254	0.0	0.0	0.0	0.0	24.76
1378.1973266601562	1364.5596313476562	797.1370482444763	729.5215630531311	0.0	0.0	0.0	0.0	24.8
1377.9698181152344	1364.8029327392578	797.7423477172852	727.1179389953613	0.0	0.0	0.0	0.0	24.84
1378.9202499389648	1365.9366989135742	795.9413838386536	726.7532014846802	0.0	0.0	0.0	0.0	24.88
1378.150291442871	1365.5981826782227	797.0518827438354	723.4574961662292	0.0	0.0	0.0	0.0	24.92
1376.9002532958984	1363.5802459716797	797.0627617835999	725.4847955703735	0.0	0.0	0.0	0.0	24.96
1376.630744934082	1361.3859558105469	797.7913355827332	729.951639175415	0.0	0.0	0.0	0.0	25.0
1378.165626525879	1362.513084411621	796.8886971473694	733.6575937271118	0.0	0.0	0.0	0.0	25.04
1377.5545120239258	1364.3383026123047	797.5400876998901	728.22425365448	0.0	0.0	0.0	0.0	25.08
1377.9652404785156	1364.3744659423828	798.2769012451172	727.5200128555298	0.0	0.0	0.0	0.0	25.12
1376.8019485473633	1362.5770568847656	798.833019733429	726.3025259971619	0.0	0.0	0.0	0.0	25.16
1377.5329971313477	1364.4277954101562	799.3225121498108	728.8097262382507	0.0	0.0	0.0	0.0	25.2
1377.5676727294922	1364.9769973754883	797.6364541053772	731.1447286605835	0.0	0.0	0.0	0.0	25.24
1376.744613647461	1365.0194549560547	797.8858351707458	728.0203199386597	0.0	0.0	0.0	0.0	25.28
1375.9942245483398	1364.706802368164	797.3402094841003	728.6470556259155	0.0	0.0	0.0	0.0	25.32
1375.246353149414	1362.579460144043	796.7642641067505	725.731987953186	0.0	0.0	0.0	0.0	25.36
1374.2773818969727	1361.6116333007812	797.9296088218689	724.3524098396301	0.0	0.0	0.0	0.0	25.4
1374.0045547485352	1361.4488983154297	798.5462379455566	723.8995456695557	0.0	0.0	0.0	0.0	25.44
1373.7718963623047	1361.2101745605469	796.2534642219543	735.1514983177185	0.0	0.0	0.0	0.0	25.48
1372.309684753418	1358.6444091796875	798.8477611541748	723.0942392349243	0.0	0.0	0.0	0.0	25.52
1372.2260284423828	1359.9678039550781	798.6741471290588	729.0157198905945	0.0	0.0	0.0	0.0	25.56
1371.3844299316406	1358.2096481323242	799.8780512809753	725.8120679855347	0.0	0.0	0.0	0.0	25.6
1373.73046875	1358.6164855957031	796.8037247657776	730.601806640625	0.0	0.0	0.0	0.0	25.64
1370.504150390625	1359.2641067504883	796.4472270011902	729.7335433959961	0.0	0.0	0.0	0.0	25.68
1371.192398071289	1358.9298248291016	796.5329718589783	728.659029006958	0.0	0.0	0.0	0.0	25.72
1371.1505126953125	1358.660659790039	796.0371708869934	727.7066946029663	0.0	0.0	0.0	0.0	25.76
1371.405372619629	1358.4766387939453	795.7814812660217	729.7104978561401	0.0	0.0	0.0	0.0	25.8
1371.445541381836	1356.4169311523438	792.3765993118286	729.26020860672	0.0	0.0	0.0	0.0	25.84
1371.4141845703125	1355.96923828125	789.5353031158447	725.8829426765442	0.0	0.0	0.0	0.0	25.88
1364.3868255615234	1351.7528915405273	788.0819535255432	718.9535093307495	0.0	0.0	0.0	0.0	25.92
1348.9281463623047	1328.616943359375	782.1200466156006	706.4013504981995	0.0	0.0	0.0	0.0	25.96
1326.6638946533203	1301.4802551269531	769.2214322090149	693.7120771408081	0.0	0.0	0.0	0.0	26.0
1292.8590774536133	1272.6477813720703	758.2531070709229	682.4938559532166	0.0	0.0	0.0	0.0	26.04
1260.882797241211	1238.7215423583984	745.6915497779846	668.8234090805054	0.0	0.0	0.0	0.0	26.08
1226.092872619629	1210.3587341308594	748.1169962882996	646.7038750648499	0.0	0.0	0.0	0.0	26.12
1190.3885650634766	1181.806526184082	743.9954495429993	630.1923251152039	0.0	0.0	0.0	0.0	26.16
1155.4331588745117	1139.508934020996	732.7719497680664	620.1285696029663	0.0	0.0	0.0	0.0	26.2
1121.528205871582	1102.87353515625	721.841025352478	613.6541891098022	0.0	0.0	0.0	0.0	26.24
1090.2252960205078	1071.7266082763672	713.9204406738281	607.6718759536743	0.0	0.0	0.0	0.0	26.28
1064.3633651733398	1045.275650024414	707.3005127906799	610.6688261032104	0.0	0.0	0.0	0.0	26.32
1047.5765991210938	1023.149299621582	700.3137874603271	602.9888677597046	0.0	0.0	0.0	0.0	26.36
1032.5595474243164	1011.1663055419922	690.7149338722229	586.5349960327148	0.0	0.0	0.0	0.0	26.4
1028.0946350097656	1001.9194793701172	678.7535262107849	579.8332500457764	0.0	0.0	0.0	0.0	26.44
1024.7978210449219	1003.5154724121094	675.8015727996826	587.1892833709717	0.0	0.0	0.0	0.0	26.48
1023.9094161987305	1007.651481628418	681.9538307189941	592.4671626091003	0.0	0.0	0.0	0.0	26.52
1027.2930908203125	1004.8562622070312	678.5898900032043	590.6180477142334	0.0	0.0	0.0	0.0	26.56
1028.499984741211	1015.0975799560547	680.9901666641235	588.7629461288452	0.0	0.0	0.0	0.0	26.6
1032.2417449951172	1015.6571960449219	675.8705806732178	590.0122332572937	0.0	0.0	0.0	0.0	26.64
1034.9718475341797	1020.4076385498047	672.1430611610413	593.5635638237	0.0	0.0	0.0	0.0	26.68
1039.299430847168	1026.514778137207	675.1862955093384	590.6934285163879	0.0	0.0	0.0	0.0	26.72
1039.7919845581055	1028.6159133911133	673.6800312995911	598.3156442642212	0.0	0.0	0.0	0.0	26.76
1044.246711730957	1036.7138671875	670.6452298164368	593.1722402572632	0.0	0.0	0.0	0.0	26.8
1043.4379577636719	1034.1476440429688	672.1050810813904	596.2060117721558	0.0	0.0	0.0	0.0	26.84
1046.121826171875	1039.4554138183594	671.4114618301392	596.587164402008	0.0	0.0	0.0	0.0	26.88
1047.92724609375	1040.2136993408203	667.5261640548706	601.4370918273926	0.0	0.0	0.0	0.0	26.92
1048.985824584961	1042.2992706298828	667.6728057861328	602.8003835678101	0.0	0.0	0.0	0.0	26.96
1052.669334411621	1039.9225616455078	665.1179695129395	605.5551624298096	0.0	0.0	0.0	0.0	27.0
1052.14599609375	1039.0805053710938	663.6967420578003	606.0896515846252	0.0	0.0	0.0	0.0	27.04
1054.284324645996	1039.3635177612305	663.8976502418518	600.2583575248718	0.0	0.0	0.0	0.0	27.08
1051.4030456542969	1043.2380294799805	657.4871277809143	602.0557165145874	0.0	0.0	0.0	0.0	27.12
1054.4572448730469	1042.595443725586	658.3372378349304	603.2895541191101	0.0	0.0	0.0	0.0	27.16
1059.7145462036133	1041.9099426269531	656.6575527191162	606.8272376060486	0.0	0.0	0.0	0.0	27.2
1061.139907836914	1045.0399017333984	655.5070781707764	609.8483276367188	0.0	0.0	0.0	0.0	27.24
1061.9255447387695	1048.2810974121094	655.5036664009094	608.1830620765686	0.0	0.0	0.0	0.0	27.28
1061.2543487548828	1048.2664489746094	652.7826189994812	607.8396964073181	0.0	0.0	0.0	0.0	27.32
1064.615821838379	1049.8924255371094	650.2129125595093	607.2693514823914	0.0	0.0	0.0	0.0	27.36
1063.663673400879	1048.3840942382812	648.5660576820374	609.0850567817688	0.0	0.0	0.0	0.0	27.4
1065.017967224121	1052.1244812011719	646.8835401535034	607.1957087516785	0.0	0.0	0.0	0.0	27.44
1067.6568603515625	1054.2984008789062	644.5655965805054	606.8240189552307	0.0	0.0	0.0	0.0	27.48
1067.1104049682617	1055.4426956176758	644.2965173721313	606.8739080429077	0.0	0.0	0.0	0.0	27.52
1068.0813217163086	1057.0465850830078	643.6800169944763	606.8462920188904	0.0	0.0	0.0	0.0	27.56
1070.35400390625	1059.620590209961	641.6930150985718	604.924693107605	0.0	0.0	0.0	0.0	27.6
1068.2831954956055	1057.5169372558594	639.3175220489502	609.1317915916443	0.0	0.0	0.0	0.0	27.64
1070.4960250854492	1059.0694427490234	637.6138257980347	605.3624939918518	0.0	0.0	0.0	0.0	27.68
1071.5034484863281	1063.8228607177734	634.8500347137451	605.7801461219788	0.0	0.0	0.0	0.0	27.72
1073.2353973388672	1062.7048873901367	638.297016620636	603.4882736206055	0.0	0.0	0.0	0.0	27.76
1073.3253479003906	1061.9150161743164	638.7438297271729	606.3140559196472	0.0	0.0	0.0	0.0	27.8
1074.3938827514648	1063.348274230957	636.7689943313599	605.2734661102295	0.0	0.0	0.0	0.0	27.84
1077.1500778198242	1064.977798461914	636.2058591842651	606.7987847328186	0.0	0.0	0.0	0.0	27.88
1077.0547485351562	1066.1293029785156	635.1820063591003	606.2515497207642	0.0	0.0	0.0	0.0	27.92
1076.6038513183594	1068.0528259277344	632.5636982917786	604.4565725326538	0.0	0.0	0.0	0.0	27.96
1076.693344116211	1068.8483047485352	631.0751366615295	604.0298438072205	0.0	0.0	0.0	0.0	28.0
1077.7116394042969	1068.0054473876953	630.5967807769775	606.5393614768982	0.0	0.0	0.0	0.0	28.04
1079.6233749389648	1070.1499557495117	628.831672668457	605.546600818634	0.0	0.0	0.0	0.0	28.08
1079.5573425292969	1072.4071884155273	629.6263575553894	606.7738080024719	0.0	0.0	0.0	0.0	28.12
1080.7150268554688	1074.6585845947266	629.8173522949219	604.9604845046997	0.0	0.0	0.0	0.0	28.16
1080.648536682129	1076.0053253173828	628.9019680023193	604.1052889823914	0.0	0.0	0.0	0.0	28.2
1080.088119506836	1070.6171035766602	627.3216104507446	608.2306981086731	0.0	0.0	0.0	0.0	28.24
1082.6742553710938	1071.964988708496	627.1897745132446	606.3844156265259	0.0	0.0	0.0	0.0	28.28
1083.6355590820312	1072.9674911499023	626.5597558021545	606.6612195968628	0.0	0.0	0.0	0.0	28.32
1085.244255065918	1073.4788131713867	626.3199663162231	609.9287939071655	0.0	0.0	0.0	0.0	28.36
1086.540641784668	1075.8338928222656	626.6581177711487	607.0899438858032	0.0	0.0	0.0	0.0	28.4
1088.5469055175781	1075.7910919189453	625.4076719284058	608.6475777626038	0.0	0.0	0.0	0.0	28.44
1093.8304138183594	1074.3901062011719	624.8032736778259	613.5383176803589	0.0	0.0	0.0	0.0	28.48
1095.395164489746	1078.864517211914	624.988796710968	615.7517194747925	0.0	0.0	0.0	0.0	28.52
1094.9656677246094	1078.9843368530273	623.5483860969543	617.0156836509705	0.0	0.0	0.0	0.0	28.56
1095.1643371582031	1078.4811401367188	625.4405665397644	617.1873664855957	0.0	0.0	0.0	0.0	28.6
1101.8024826049805	1082.2773742675781	619.3495273590088	617.344114780426	0.0	0.0	0.0	0.0	28.64
1098.0963134765625	1088.5019302368164	613.4555339813232	607.4709033966064	0.0	0.0	0.0	0.0	28.68
1104.1889190673828	1091.8463516235352	611.1664295196533	604.0507006645203	0.0	0.0	0.0	0.0	28.72
1104.228515625	1075.0737762451172	611.2980723381042	604.8525309562683	0.0	0.0	0.0	0.0	28.76
1101.3713836669922	1070.4317092895508	617.8889036178589	588.4569811820984	0.0	0.0	0.0	0.0	28.8
1099.6881866455078	1071.167106628418	626.933376789093	574.0698051452637	0.0	0.0	0.0	0.0	28.84
1099.2339706420898	1064.253044128418	645.2304410934448	565.3150749206543	0.0	0.0	0.0	0.0	28.88
1094.0782928466797	1051.0009002685547	648.6710500717163	576.4372515678406	0.0	0.0	0.0	0.0	28.92
1092.5849533081055	1051.9189453125	651.2335467338562	580.3719234466553	0.0	0.0	0.0	0.0	28.96
1099.7150802612305	1049.2084121704102	656.8442988395691	583.5733866691589	0.0	0.0	0.0	0.0	29.0
1128.724708557129	1041.9601821899414	651.474494934082	593.773934841156	0.0	0.0	0.0	0.0	29.04
1139.5394897460938	1072.0880126953125	672.0553207397461	609.4144535064697	0.0	0.0	0.0	0.0	29.08
1183.8727569580078	1081.128158569336	655.7080507278442	621.1273169517517	0.0	0.0	0.0	0.0	29.12
1182.341079711914	1305.9141540527344	677.7144169807434	654.6791768074036	0.0	0.0	0.0	0.0	29.16
0.0	0.0	0.0	0.0	1164.9559020996094	1177.5457763671875	671.1684536933899	631.1739492416382	29.2
0.0	0.0	0.0	0.0	1198.6771774291992	1214.758529663086	675.2559471130371	626.572630405426	29.24
0.0	0.0	0.0	0.0	1243.8297271728516	1253.0683135986328	680.7163238525391	657.3839378356934	29.28
0.0	0.0	0.0	0.0	1289.385108947754	1296.8505477905273	690.2410840988159	648.150143623352	29.32
0.0	0.0	0.0	0.0	1347.7502059936523	1373.1360626220703	689.678463935852	647.0282506942749	29.36
0.0	0.0	0.0	0.0	1393.9245986938477	1388.0282592773438	714.7770524024963	655.6934380531311	29.4
0.0	0.0	0.0	0.0	1420.7655715942383	1423.7393188476562	757.4266862869263	678.8680458068848	29.44
0.0	0.0	0.0	0.0	1422.5476455688477	1343.488655090332	803.4848070144653	651.9275522232056	29.48
0.0	0.0	0.0	0.0	1407.0536041259766	1337.5098037719727	860.6272530555725	664.8109745979309	29.52
0.0	0.0	0.0	0.0	1361.9335556030273	1301.1956405639648	902.6167416572571	731.2535190582275	29.56
1536.1763763427734	1442.4339294433594	501.5715301036835	486.27164125442505	0.0	0.0	0.0	0.0	29.6
1561.1417770385742	1443.086814880371	466.6092252731323	468.81078243255615	0.0	0.0	0.0	0.0	29.64
1541.9647979736328	1428.8607788085938	429.66049790382385	423.1384813785553	0.0	0.0	0.0	0.0	29.68
1513.146858215332	1401.7358779907227	393.8339853286743	405.9128737449646	0.0	0.0	0.0	0.0	29.72
1471.6101837158203	1373.3845138549805	357.7699685096741	405.13630986213684	0.0	0.0	0.0	0.0	29.76
1425.05859375	1332.5397491455078	330.11364698410034	377.0283794403076	0.0	0.0	0.0	0.0	29.8
1369.5536041259766	1350.8245468139648	330.99916219711304	335.3290522098541	0.0	0.0	0.0	0.0	29.84
1317.5653839111328	1274.9466705322266	317.3001980781555	338.895800113678	0.0	0.0	0.0	0.0	29.88
1274.0750885009766	1246.2896347045898	321.1919975280762	333.5417675971985	0.0	0.0	0.0	0.0	29.92
1244.4744873046875	1278.548240661621	315.6847894191742	299.50656294822693	0.0	0.0	0.0	0.0	29.96
1243.2911682128906	1268.320083618164	314.88112449645996	301.1843168735504	0.0	0.0	0.0	0.0	30.0
1240.6402587890625	1302.4452209472656	308.19028973579407	258.54029953479767	0.0	0.0	0.0	0.0	30.04
1242.6799392700195	1312.5481796264648	303.62218737602234	246.53870701789856	0.0	0.0	0.0	0.0	30.08
1252.9316711425781	1360.9918212890625	284.41450238227844	222.86314845085144	0.0	0.0	0.0	0.0	30.12
1251.0404205322266	1355.4364013671875	285.9297466278076	178.24518084526062	0.0	0.0	0.0	0.0	30.16
1259.124755859375	1371.8054580688477	263.45725536346436	169.18247401714325	0.0	0.0	0.0	0.0	30.2
1255.1098251342773	1362.8443908691406	255.14479994773865	182.00369596481323	0.0	0.0	0.0	0.0	30.24
1255.048713684082	1367.2357177734375	254.78862404823303	165.30408024787903	0.0	0.0	0.0	0.0	30.28
1249.8857116699219	1365.945167541504	245.7674217224121	151.18984580039978	0.0	0.0	0.0	0.0	30.32
1252.342300415039	1370.7401275634766	235.62674045562744	123.86903643608093	0.0	0.0	0.0	0.0	30.36
1251.093406677246	1387.4242401123047	220.8829700946808	110.36417305469513	0.0	0.0	0.0	0.0	30.4
1262.6703643798828	1408.2550048828125	214.28591072559357	75.05745649337769	0.0	0.0	0.0	0.0	30.44
1271.2860488891602	1415.6272888183594	200.75251400470734	74.47230577468872	0.0	0.0	0.0	0.0	30.48
1287.652702331543	1429.3490982055664	191.87608659267426	71.7713588476181	0.0	0.0	0.0	0.0	30.52
1303.0762481689453	1464.342041015625	176.40997052192688	47.071802616119385	0.0	0.0	0.0	0.0	30.56
1319.333381652832	1563.0940246582031	160.9424865245819	7.130470275878906	0.0	0.0	0.0	0.0	30.6
1326.0444259643555	1582.199363708496	144.07562971115112	-16.31917119026184	0.0	0.0	0.0	0.0	30.64
1333.8258361816406	1604.0803527832031	130.94292283058167	-38.94808888435364	0.0	0.0	0.0	0.0	30.68
1337.812843322754	1599.5058059692383	127.80786037445068	-33.52759122848511	0.0	0.0	0.0	0.0	30.72
1338.5277557373047	1620.6706237792969	131.2184715270996	-42.282257080078125	0.0	0.0	0.0	0.0	30.76
1335.2366638183594	1583.4639358520508	136.27176940441132	-29.325127601623535	0.0	0.0	0.0	0.0	30.8
1336.871109008789	1535.082893371582	134.0322643518448	36.720959544181824	0.0	0.0	0.0	0.0	30.84
1347.187271118164	1585.0288009643555	116.46377384662628	-7.713818550109863	0.0	0.0	0.0	0.0	30.88
1354.4993591308594	1639.0472030639648	113.69002103805542	-76.9350403547287	0.0	0.0	0.0	0.0	30.92
1353.8109970092773	1610.0593185424805	101.74432039260864	-43.931477665901184	0.0	0.0	0.0	0.0	30.96
1359.8405456542969	1671.2848663330078	94.92486834526062	-82.14106321334839	0.0	0.0	0.0	0.0	31.0
1358.796043395996	1663.6285400390625	89.62890028953552	-89.83265697956085	0.0	0.0	0.0	0.0	31.04
1361.5919494628906	1673.6877822875977	88.94054353237152	-99.25052583217621	0.0	0.0	0.0	0.0	31.08
1360.2376556396484	1631.9134140014648	85.98459899425507	-78.63476157188416	0.0	0.0	0.0	0.0	31.12
1362.2760772705078	1615.531997680664	86.6547703742981	-72.84989655017853	0.0	0.0	0.0	0.0	31.16
1359.7135162353516	1578.3376693725586	83.67489516735077	-21.598514914512634	0.0	0.0	0.0	0.0	31.2
1360.7757568359375	1576.6029739379883	80.51662623882294	-12.687937617301941	0.0	0.0	0.0	0.0	31.24
1363.0464935302734	1554.90234375	81.9163852930069	29.01484966278076	0.0	0.0	0.0	0.0	31.28
1367.6863861083984	1575.0310134887695	79.99494731426239	-9.066022038459778	0.0	0.0	0.0	0.0	31.32
1369.5838165283203	1549.3925857543945	78.14314484596252	41.5816855430603	0.0	0.0	0.0	0.0	31.36
1370.614356994629	1563.3665084838867	81.27527832984924	24.427274465560913	0.0	0.0	0.0	0.0	31.4
1374.993553161621	1572.506446838379	79.34832036495209	-1.0569405555725098	0.0	0.0	0.0	0.0	31.44
1370.6462860107422	1562.1843338012695	83.79590034484863	16.582054495811462	0.0	0.0	0.0	0.0	31.48
1376.418342590332	1595.4535675048828	75.44786274433136	-19.872432947158813	0.0	0.0	0.0	0.0	31.52
1383.197250366211	1566.851806640625	86.1803412437439	19.005972146987915	0.0	0.0	0.0	0.0	31.56
1390.7014846801758	1585.7085800170898	75.98280251026154	5.219364166259766	0.0	0.0	0.0	0.0	31.6
1395.0096130371094	1598.327522277832	71.85068249702454	-4.967601299285889	0.0	0.0	0.0	0.0	31.64
1389.0591430664062	1565.6053161621094	76.78603291511536	46.13179564476013	0.0	0.0	0.0	0.0	31.68
1382.694969177246	1603.6292266845703	71.36809408664703	-2.1245670318603516	0.0	0.0	0.0	0.0	31.72
1378.1204223632812	1588.5397338867188	74.36050593852997	7.786479592323303	0.0	0.0	0.0	0.0	31.76
1384.405517578125	1577.0185089111328	66.59489929676056	16.165078282356262	0.0	0.0	0.0	0.0	31.8
1382.120590209961	1558.729591369629	61.260918974876404	27.382269501686096	0.0	0.0	0.0	0.0	31.84
1387.0956802368164	1559.4963455200195	65.43737590312958	37.54651129245758	0.0	0.0	0.0	0.0	31.88
1385.3315734863281	1552.108039855957	65.69169759750366	49.487560987472534	0.0	0.0	0.0	0.0	31.92
1388.0232238769531	1571.5561294555664	58.88520061969757	-15.598370432853699	0.0	0.0	0.0	0.0	31.96
1389.1797637939453	1561.8695068359375	61.48147702217102	12.398934960365295	0.0	0.0	0.0	0.0	32.0
1393.7394332885742	1559.6125030517578	55.58486044406891	24.441726207733154	0.0	0.0	0.0	0.0	32.04
1392.1650695800781	1562.5740051269531	52.785471081733704	27.843968868255615	0.0	0.0	0.0	0.0	32.08
1389.2150115966797	1577.047348022461	52.6500141620636	-12.35239326953888	0.0	0.0	0.0	0.0	32.12
1384.6881866455078	1573.575553894043	51.58279001712799	-10.786632299423218	0.0	0.0	0.0	0.0	32.16
1379.9528503417969	1585.2716445922852	51.66766583919525	-28.083710074424744	0.0	0.0	0.0	0.0	32.2
1381.9324493408203	1590.5984115600586	49.05917465686798	-29.49008345603943	0.0	0.0	0.0	0.0	32.24
1375.9487915039062	1598.0620193481445	50.930224657058716	-51.020137667655945	0.0	0.0	0.0	0.0	32.28
1376.4833450317383	1583.445053100586	48.4965705871582	-41.68107748031616	0.0	0.0	0.0	0.0	32.32
1368.5969924926758	1536.2315368652344	61.23410761356354	14.09471333026886	0.0	0.0	0.0	0.0	32.36
1357.5498962402344	1526.9907760620117	55.59387266635895	26.04781687259674	0.0	0.0	0.0	0.0	32.4
1351.607780456543	1525.5459594726562	60.10370135307312	35.962629318237305	0.0	0.0	0.0	0.0	32.44
1345.6475830078125	1529.9949645996094	60.1394122838974	27.952855825424194	0.0	0.0	0.0	0.0	32.48
1342.9833984375	1549.1464233398438	58.81664335727692	-6.755384802818298	0.0	0.0	0.0	0.0	32.52
1342.9426574707031	1596.9140625	50.07493257522583	-102.58828282356262	0.0	0.0	0.0	0.0	32.56
1340.0383758544922	1532.0649719238281	57.66943573951721	-44.57879662513733	0.0	0.0	0.0	0.0	32.6
1340.284538269043	1614.8480987548828	67.73521900177002	-124.88571166992188	0.0	0.0	0.0	0.0	32.64
1349.1951370239258	1511.4387130737305	82.88040339946747	-31.18891954421997	0.0	0.0	0.0	0.0	32.68
1361.06689453125	1559.846420288086	100.80038666725159	-93.2400494813919	0.0	0.0	0.0	0.0	32.72
1356.9039916992188	1571.2250518798828	103.44088733196259	-125.062415599823	0.0	0.0	0.0	0.0	32.76
1344.6706008911133	1550.2507781982422	97.88552016019821	-131.08187198638916	0.0	0.0	0.0	0.0	32.8
1316.9540405273438	1521.8428802490234	112.46439099311829	-108.09129059314728	0.0	0.0	0.0	0.0	32.84
1307.3570251464844	1503.2732391357422	124.79561358690262	-85.87421536445618	0.0	0.0	0.0	0.0	32.88
1288.4454345703125	1479.3687057495117	145.60001492500305	-51.60395264625549	0.0	0.0	0.0	0.0	32.92
1256.4640045166016	1478.0156707763672	157.24123120307922	-46.60133242607117	0.0	0.0	0.0	0.0	32.96
1265.7048797607422	1529.0089416503906	157.28804647922516	-12.498487830162048	0.0	0.0	0.0	0.0	33.0
1303.608283996582	1487.1272277832031	101.66045844554901	7.188486456871033	0.0	0.0	0.0	0.0	33.04
1361.7539978027344	1463.2379150390625	70.00446438789368	32.8217089176178	0.0	0.0	0.0	0.0	33.08
0.0	0.0	0.0	0.0	998.3586502075195	968.6818313598633	490.3911602497101	285.0578463077545	33.12
0.0	0.0	0.0	0.0	999.3903350830078	970.418586730957	492.5709593296051	288.2688045501709	33.16
