start_time	end_time	App	Cap	Gauge	Pad	Pen	Safety	Tip	Action	sequence	Dict_value
0.58	0.82	328.1	49.0	164.6	596.1	6.0	819.0	1600.0	Cap Off	DBDDADD	1926
0.86	1.26	316.7	26.5	188.3	581.6	0.0	850.0	1600.0	Cap Off	DBDDADD	1926
1.289	1.449	457.3	190.0	18.4	725.7	0.0	652.7	1600.0	Cap Off	DDADADD	2007
1.509	1.779	347.2	84.7	130.6	623.4	10.0	795.1	1600.0	Cap Off	DBBDADD	1845
1.799	1.879	354.4	93.0	135.8	653.3	0.0	844.0	1600.0	Cap Off	DBBDADD	1845
1.929	2.339	576.6	277.1	0.0	891.6	19.0	734.3	1600.0	Cap Off	DDADADD	2007
2.409	2.659	345.1	71.7	215.0	642.0	25.0	919.9	597.0	Cap Off	DBDDADD	1926
2.758	2.928	302.7	267.5	329.8	641.1	6.0	963.2	721.1	Cap Off	DDDDADD	2169
2.938	3.288	227.2	242.9	383.6	547.9	15.0	1048.7	778.2	Cap Off	DDDDADD	2169
3.308	3.738	263.3	292.5	338.6	598.4	7.0	978.6	731.3	Cap Off	DDDDADD	2169
3.758	3.938	287.5	1600.0	286.3	621.4	0.0	910.3	1600.0	Cap Off	DDDDADD	2169
3.958	4.028	240.1	360.0	277.3	585.9	1.0	934.3	1600.0	Apply Tip	DDDDADD	2169
4.048	4.268	227.0	369.3	309.6	591.9	7.8	916.6	1600.0	Apply Tip	DDDDADD	2169
4.307	4.587	257.0	455.8	353.0	650.8	29.7	893.0	1600.0	Apply Tip	DDDDBDD	2178
4.897	4.977	1246.0	1600.0	1600.0	1600.0	783.3	14.0	1600.0	Apply Tip	DDDDDAD	2181
5.017	5.117	1234.1	1600.0	1600.0	1600.0	771.3	0.0	1600.0	Apply Tip	DDDDDAD	2181
5.377	5.587	430.6	668.3	1600.0	1600.0	57.3	1600.0	1600.0	Apply Tip	DDDDBDD	2178
5.607	5.757	494.9	723.0	1600.0	1600.0	52.8	445.5	446.8	Apply Tip	DDDDBDD	2178
5.777	5.987	543.6	783.3	499.6	1600.0	54.8	100.5	101.9	Apply Tip	DDDDBBB	2174
6.026	6.156	605.4	833.9	527.7	1600.0	54.6	9.0	557.6	Apply Tip	DDDDBAD	2172
6.176	6.826	613.2	826.6	515.2	1600.0	23.6	5.0	571.8	Apply Tip	DDDDAAD	2163
6.846	7.576	603.2	788.5	487.6	1600.0	24.2	18.2	1600.0	Apply Tip	DDDDAAD	2163
7.666	8.476	598.7	767.1	471.1	1600.0	8.1	15.8	1600.0	Apply Tip	DDDDAAD	2163
8.495	9.135	628.5	816.2	503.8	1600.0	32.8	14.0	1600.0	Apply Tip	DDDDBAD	2172
9.175	9.495	615.8	850.8	498.3	1600.0	44.0	45.9	1600.0	Apply Tip	DDDDBBD	2175
9.504	9.574	530.0	1600.0	584.5	1600.0	67.0	202.0	30.0	Apply Tip	DDDDBDB	2177
9.594	9.844	498.5	1600.0	555.4	1600.0	53.9	185.9	12.0	Apply Tip	DDDDBDA	2176
9.864	10.234	483.1	1600.0	506.3	1600.0	44.2	682.0	23.1	Apply Tip	DDDDBDA	2176
10.314	10.394	326.2	1600.0	298.8	1600.0	0.0	973.7	155.9	Apply Tip	DDDDADD	2169
10.464	10.714	438.2	749.4	444.6	836.0	28.8	840.0	9.4	Apply Tip	DDDDBDA	2176
10.734	10.804	362.1	465.7	1600.0	744.5	20.0	848.6	117.5	Apply Tip	DDDDADB	2168
10.824	10.944	390.0	495.0	303.5	776.2	3.0	795.3	86.1	Apply Tip	DDDDADB	2168
10.964	11.074	415.0	535.2	279.2	805.4	0.0	752.3	95.2	Setting Units	DDDDADB	2168
11.223	11.373	544.2	607.1	80.5	918.5	8.9	648.3	311.7	Setting Units	DDBDADD	2088
11.393	11.613	569.7	618.4	38.1	939.5	44.4	637.4	417.7	Setting Units	DDBDBDD	2097
11.673	11.743	554.0	600.5	28.0	1600.0	57.2	667.8	464.3	Setting Units	DDBDBDD	2097
11.803	11.923	513.2	574.2	6.0	1600.0	49.0	696.5	461.0	Setting Units	DDADBDD	2016
11.943	12.373	521.8	568.8	22.0	1600.0	33.7	688.8	441.0	Setting Units	DDADBDD	2016
12.393	13.113	550.4	577.1	1.0	1600.0	35.0	702.4	459.0	Setting Units	DDADBDD	2016
13.132	13.252	414.7	469.2	97.7	1600.0	0.0	820.1	340.9	Priming	DDBDADD	2088
13.282	13.492	470.6	513.9	76.0	834.4	17.0	738.8	374.4	Priming	DDBDADD	2088
13.632	13.712	466.2	458.1	54.4	791.4	11.0	753.1	348.8	Priming	DDBDADD	2088
13.802	14.042	481.2	418.0	0.0	774.8	16.0	834.0	404.0	Priming	DDADADD	2007
14.112	14.242	351.0	543.7	418.0	790.9	30.0	832.1	0.0	Priming	DDDDBDA	2176
14.292	14.922	360.8	582.9	469.2	820.6	81.0	819.1	32.0	Priming	DDDDBDB	2177
14.941	16.81	381.0	592.0	472.0	844.2	70.0	815.0	23.2	Priming	DDDDBDA	2176
16.83	17.22	382.2	582.8	471.0	834.8	71.0	808.2	24.3	Priming	DDDDBDA	2176
17.28	18.01	383.8	579.4	460.7	828.5	70.0	804.5	16.8	Priming	DDDDBDA	2176
18.179	18.409	367.0	562.6	461.0	798.8	69.4	838.8	16.0	Priming	DDDDBDA	2176
18.499	18.759	377.8	483.0	306.9	761.7	8.1	836.1	95.7	Priming	DDDDADB	2168
19.039	19.109	0.0	366.7	705.8	392.2	319.2	1295.8	281.0	Priming	ADDDDDD	729
19.129	19.359	0.0	389.2	763.0	383.4	352.9	1600.0	309.2	Priming	ADDDDDD	729
19.399	19.639	0.0	379.0	733.1	391.0	353.0	1600.0	321.1	Priming	ADDDDDD	729
19.679	19.959	0.0	377.0	735.5	380.4	347.9	1600.0	314.5	Priming	ADDDDDD	729
20.008	20.308	0.0	382.6	730.4	393.8	341.9	1600.0	308.6	Priming	ADDDDDD	729
20.348	25.945	0.0	377.4	716.9	397.4	324.6	1600.0	291.0	Priming	ADDDDDD	729
26.125	26.335	636.8	694.6	23.3	1600.0	78.0	561.5	496.9	Setting Units	DDADBDD	2016
26.375	26.525	614.2	687.7	18.0	1600.0	63.4	597.5	505.4	Setting Units	DDADBDD	2016
26.545	26.625	605.1	676.9	18.0	1600.0	56.2	607.3	502.2	Setting Units	DDADBDD	2016
26.644	26.874	594.0	659.3	15.0	1600.0	43.4	622.9	492.9	Setting Units	DDADBDD	2016
26.914	27.324	587.0	649.9	20.0	1600.0	30.4	633.3	482.7	Setting Units	DDADBDD	2016
27.344	28.893	604.1	666.6	25.0	1600.0	44.0	616.6	498.7	Setting Units	DDADBDD	2016
28.913	29.283	488.1	555.0	115.9	1600.0	13.2	729.6	344.0	Injection	DDBDADD	2088
29.403	29.573	71.0	433.4	594.8	564.2	213.6	1101.2	191.4	Injection	BDDDDDD	1458
29.663	29.853	0.0	419.3	754.6	398.8	332.3	1262.1	291.6	Injection	ADDDDDD	729
29.893	30.113	265.3	1600.0	1015.1	80.0	577.6	1600.0	543.0	Injection	DDDBDDD	2160
30.192	30.272	306.0	1600.0	1600.0	6.3	455.8	1600.0	419.8	Injection	DDDADDD	2133
30.332	30.592	313.4	1600.0	1600.0	18.2	363.4	1600.0	362.2	Injection	DDDADDD	2133
30.612	30.862	1600.0	1600.0	534.6	0.0	214.5	1600.0	150.7	Injection	DDDADDD	2133
30.882	31.142	445.7	1600.0	408.8	0.0	32.6	1600.0	25.0	Injection	DDDABDA	2122
31.182	31.552	381.2	1600.0	359.9	19.0	0.0	1600.0	10.4	Injection	DDDAADA	2113
31.632	32.122	374.2	1600.0	330.5	15.0	0.0	1600.0	21.5	Injection	DDDAADA	2113
32.141	32.751	353.4	1600.0	309.3	16.0	0.0	1600.0	26.4	Injection	DDDAADB	2114
32.841	33.101	358.0	1600.0	0.0	281.9	25.3	1600.0	329.7	Injection	DDADBDD	2016
33.141	33.341	363.6	1600.0	0.0	317.9	29.0	1600.0	361.8	Injection	DDADBDD	2016
33.381	33.641	366.0	1600.0	3.0	343.1	47.4	1600.0	391.4	Injection	DDADBDD	2016
33.68	34.739	366.2	1600.0	3.0	342.8	49.6	1600.0	390.4	Injection	DDADBDD	2016
34.78	35.31	369.6	1600.0	0.0	322.0	51.9	1600.0	372.5	Injection	DDADBDD	2016
35.349	35.429	371.6	1600.0	0.0	302.9	36.1	1600.0	352.4	Injection	DDADBDD	2016
35.579	35.709	0.0	1600.0	476.2	480.9	453.9	1600.0	524.6	Injection	ADDDDDD	729
35.779	35.879	0.0	1600.0	458.9	428.3	426.2	1600.0	476.3	Injection	ADDDDDD	729
35.899	35.969	0.0	1600.0	471.9	433.5	437.1	1600.0	480.4	Injection	ADDDDDD	729
36.029	36.139	0.0	1600.0	477.5	435.8	443.6	1600.0	485.1	Injection	ADDDDDD	729
36.179	37.588	0.0	1600.0	471.2	435.4	441.2	1600.0	482.0	Injection	ADDDDDD	729
37.698	40.496	0.0	1600.0	491.5	443.5	460.8	1600.0	491.8	Injection	ADDDDDD	729
40.576	40.806	0.0	1600.0	497.4	442.6	464.5	1600.0	491.5	Injection	ADDDDDD	729
40.966	41.076	0.0	1600.0	508.2	443.5	469.1	1600.0	496.6	Injection	ADDDDDD	729
41.096	44.794	0.0	1600.0	525.0	453.4	485.9	1600.0	507.8	Injection	ADDDDDD	729
44.814	45.114	0.0	1600.0	504.5	438.6	466.9	1600.0	488.2	Injection	ADDDDDD	729
45.264	45.344	305.6	1600.0	334.6	0.0	51.3	1600.0	44.6	Injection	DDDABDB	2123
45.364	45.474	343.1	1600.0	303.0	4.0	3.6	1600.0	1.0	Injection	DDDAADA	2113
45.513	45.603	336.0	1600.0	272.0	1.4	0.0	1600.0	24.3	Injection	DDDAADA	2113
45.663	45.903	334.0	1600.0	296.2	13.2	0.0	1600.0	20.6	Injection	DDDAADA	2113
45.923	46.193	326.0	1600.0	309.3	15.1	0.0	1600.0	16.5	Injection	DDDAADA	2113
46.233	46.353	325.4	1600.0	327.3	48.0	0.0	1600.0	32.4	Injection	DDDBADB	2141
46.453	46.623	298.7	1600.0	270.4	362.9	0.0	1600.0	271.0	Injection	DDDDADD	2169
46.663	46.773	244.1	1600.0	152.5	466.2	0.0	1600.0	273.8	Injection	DDDDADD	2169
46.793	46.893	261.1	1600.0	76.4	705.0	0.0	1600.0	1600.0	Injection	DDBDADD	2088
46.913	47.023	344.8	1600.0	65.3	840.5	0.0	961.6	342.6	Remove Tip	DDBDADD	2088
47.073	47.343	405.3	1600.0	165.3	873.4	0.0	719.6	127.9	Remove Tip	DDDDADB	2168
47.362	47.462	476.4	1600.0	1600.0	1600.0	83.0	654.4	1600.0	Remove Tip	DDDDBDD	2178
47.482	47.572	501.9	1600.0	1600.0	1600.0	72.6	642.0	55.8	Remove Tip	DDDDBDB	2177
47.592	48.022	551.7	1600.0	499.0	1600.0	43.7	620.0	7.0	Remove Tip	DDDDBDA	2176
48.042	48.142	560.3	1600.0	492.3	1600.0	58.0	653.8	18.8	Remove Tip	DDDDBDA	2176
48.272	48.372	1294.1	1600.0	1136.6	1600.0	701.5	0.0	665.0	Remove Tip	DDDDDAD	2181
48.542	48.692	660.1	1600.0	1600.0	1600.0	61.5	636.1	26.9	Remove Tip	DDDDBDB	2177
48.712	48.872	653.6	1600.0	1600.0	1600.0	58.8	489.0	25.6	Remove Tip	DDDDBDB	2177
48.892	49.142	717.2	1600.0	575.4	1600.0	77.6	82.5	38.9	Remove Tip	DDDDBBB	2174
49.161	50.27	749.7	1600.0	548.4	1600.0	41.4	12.2	24.7	Remove Tip	DDDDBAA	2170
50.381	51.111	763.0	1600.0	532.2	1600.0	44.6	17.0	1600.0	Remove Tip	DDDDBAD	2172
51.19	51.42	750.9	1600.0	535.4	1600.0	39.4	12.0	1600.0	Remove Tip	DDDDBAD	2172
51.46	51.97	758.8	1600.0	530.3	1600.0	46.8	39.1	1600.0	Remove Tip	DDDDBBD	2175
52.01	52.59	742.3	1600.0	570.1	1600.0	61.0	77.8	23.3	Remove Tip	DDDDBBA	2173
52.609	53.239	744.7	1600.0	552.5	1600.0	63.0	38.0	1600.0	Remove Tip	DDDDBBD	2175
53.259	54.188	747.7	1600.0	538.1	1600.0	43.1	31.0	1600.0	Remove Tip	DDDDBBD	2175
54.228	54.358	741.9	1600.0	564.0	1600.0	67.4	45.1	1600.0	Remove Tip	DDDDBBD	2175
54.378	54.608	668.7	1600.0	536.0	1600.0	51.0	232.0	1600.0	Remove Tip	DDDDBDD	2178
54.648	55.158	650.8	1600.0	527.0	1600.0	45.3	775.0	1600.0	Remove Tip	DDDDBDD	2178
55.178	55.288	593.5	1600.0	485.2	1600.0	27.8	737.3	1600.0	Remove Tip	DDDDBDD	2178
55.328	55.578	541.9	1600.0	467.6	1600.0	51.6	680.6	1600.0	Cap On	DDDDBDD	2178
55.668	55.758	455.0	1600.0	507.6	826.2	47.9	684.8	1600.0	Cap On	DDDDBDD	2178
55.877	56.227	366.0	1600.0	516.5	726.2	69.4	755.2	1600.0	Cap On	DDDDBDD	2178
56.297	56.427	545.7	42.0	581.9	921.4	156.0	675.1	1600.0	Cap On	DBDDDDD	1944
56.447	56.537	574.4	22.1	613.3	1600.0	150.0	694.0	1600.0	Cap On	DADDBDD	1692
56.577	56.667	577.0	7.0	590.4	1600.0	116.3	777.3	1600.0	Cap On	DADDBDD	1692
56.807	57.087	509.8	284.0	475.5	1600.0	12.5	898.4	1600.0	Cap On	DDDDADD	2169
57.127	57.357	568.5	59.7	500.9	1600.0	45.7	842.4	1600.0	Cap On	DBDDBDD	1935
57.397	57.487	584.0	31.0	476.6	1600.0	60.9	837.9	1600.0	Cap On	DBDDBDD	1935
57.526	57.646	524.6	40.4	364.1	1600.0	38.6	925.0	1600.0	Cap On	DBDDBDD	1935
57.666	57.976	531.9	27.3	368.2	1600.0	30.2	927.4	1600.0	Cap On	DBDDBDD	1935
57.996	58.176	530.4	41.0	308.1	1600.0	0.0	985.4	1600.0	Cap On	DBDDADD	1926
58.196	58.346	509.8	68.1	279.1	1600.0	0.0	1005.3	1600.0	Cap On	DBDDADD	1926
58.366	58.446	576.0	1.0	1600.0	1600.0	31.0	915.7	1600.0	Cap On	DADDBDD	1692
58.466	58.726	560.9	21.0	357.3	1600.0	43.8	901.9	1600.0	Cap On	DADDBDD	1692
58.756	58.856	461.3	79.9	212.3	810.2	0.0	972.1	1600.0	Cap On	DBDDADD	1926
58.896	59.286	385.3	134.0	126.1	715.6	10.0	960.2	1600.0	Cap On	DBBDADD	1845
59.315	59.455	440.2	18.0	214.4	749.8	0.0	781.4	1600.0	Cap On	DADDADD	1683
59.515	59.685	273.7	179.0	44.0	521.2	0.0	905.0	1600.0	Cap On	DDBDADD	2088
