Thumb_L	Index_L	Time
0.0	0.0	0.04
0.0	0.0	0.08
0.0	0.0	0.12
0.0	0.0	0.16
0.0	0.0	0.2
0.0	0.0	0.24
0.0	0.0	0.28
0.0	0.0	0.32
0.0	0.0	0.36
0.0	0.0	0.4
0.0	0.0	0.44
0.0	0.0	0.48
0.0	0.0	0.52
0.0	0.0	0.56
0.0	0.0	0.6
0.0	0.0	0.64
0.0	0.0	0.68
0.0	0.0	0.72
0.0	0.0	0.76
0.0	0.0	0.8
0.0	0.0	0.84
0.0	0.0	0.88
0.0	0.0	0.92
0.0	0.0	0.96
0.0	0.0	1.0
0.0	0.0	1.04
0.0	0.0	1.08
0.0	0.0	1.12
0.0	0.0	1.16
0.0	0.0	1.2
0.0	0.0	1.24
0.0	0.0	1.28
0.0	0.0	1.32
0.0	0.0	1.36
0.0	0.0	1.4
0.0	0.0	1.44
0.0	0.0	1.48
0.0	0.0	1.52
0.0	0.0	1.56
1163.7301265551957	1065.2832748043334	1.6
1154.2160271333535	1074.0620624398423	1.64
1162.709076332048	1083.3054361473453	1.68
1164.9956953560272	1090.3296719961595	1.72
1164.8419366386593	1094.0055051095985	1.76
1164.5216383151298	1097.8586687875859	1.8
1162.9051643105504	1094.4875289423887	1.84
1161.0907238091263	1089.1165204479416	1.88
1156.7529309636554	1086.055465697939	1.92
1156.4488542399472	1086.1559470195937	1.96
1158.7789917765108	1086.2854997133663	2.0
1144.3858901263056	1079.3384538742735	2.04
1123.528575730594	1070.223957610034	2.08
1099.4776366899096	1051.2168957662468	2.12
1076.2408288581657	1036.813002703424	2.16
1059.1764220146777	1032.2239720120438	2.2
1045.0357830848566	1052.8622035677429	2.24
1052.3958758925348	1076.8841359120236	2.28
1052.5197874769372	1086.7412960482613	2.32
1058.47533792777	1084.9244799056032	2.36
1050.3919579061123	1057.7189950690615	2.4
1048.0916995234445	1050.9274705818937	2.44
1039.704692594375	1058.8486807171207	2.48
1041.3535186889587	1058.7986445728075	2.52
1041.6950969756024	1044.008187842894	2.56
1043.6540369167533	1056.8977436340044	2.6
1042.9927988150882	1067.8420130466075	2.64
1054.1806807461778	1057.2698783880928	2.68
1058.5812976832376	1088.6558671416033	2.72
1068.7094361469826	1097.9486220226643	2.76
1073.247901066322	1114.9341283231631	2.8
1075.7413285994653	1094.8709107109999	2.84
1084.2244036565726	1114.173167301929	2.88
1092.7079257179266	1104.6124474262972	2.92
1095.1636376542315	1093.279602790569	2.96
1090.4888764669017	1111.2540473582928	3.0
1080.3907621382534	1096.6430525522792	3.04
1096.8280323287279	1101.1950981380464	3.08
1129.5652650216273	1160.3620405994059	3.12
1139.233024360181	1158.0407490214916	3.16
1132.9865991356999	1140.289696861224	3.2
1126.7474548209555	1129.818869458506	3.24
1107.7580517943836	1103.544661905161	3.28
1106.2192151313552	1098.5930423884784	3.32
1112.8776530864411	1101.3574891337175	3.36
1119.8158187741176	1119.496770967767	3.4
1127.9767339578627	1134.896458275203	3.44
1110.5702739420421	1127.6133628330608	3.48
1096.3297270152666	1109.2199563213826	3.52
1084.6949091377192	1123.3302159156492	3.56
1062.5132073947623	1113.4949821999323	3.6
1056.7210659831394	1099.2696665064102	3.64
1053.373111269189	1071.6427764685031	3.68
1046.5020199223234	1076.8572309182439	3.72
1040.652343117939	1067.1642798524442	3.76
1032.6592786176832	1065.1172782092558	3.8
1019.1168223223486	1050.1041100634516	3.84
1010.3832364319459	1019.4322676545802	3.88
1004.8665613537833	1040.9876205323048	3.92
995.3025789516976	996.7375603899748	3.96
991.8696165586939	997.3196889878689	4.0
983.1868042719564	1018.544272657974	4.04
985.4637257604041	1001.5405725815848	4.08
993.5384408485136	999.1131031706203	4.12
1003.0188168236657	997.394199269863	4.16
1017.0883006181319	977.3285294423273	4.2
0.0	0.0	4.24
0.0	0.0	4.28
0.0	0.0	4.32
0.0	0.0	4.36
0.0	0.0	4.4
0.0	0.0	4.44
0.0	0.0	4.48
0.0	0.0	4.52
0.0	0.0	4.56
1014.6516618878779	972.7588676558134	4.6
0.0	0.0	4.64
1007.7898780141368	998.4816600516888	4.68
998.0959898904641	1001.5851889915328	4.72
987.0906815400241	961.5184940942588	4.76
972.3003959934028	958.7894552283561	4.8
950.5205696309258	891.1063266610538	4.84
926.9844295019664	862.5514097133836	4.88
902.8080737262261	832.8772398950271	4.92
879.0035403771344	784.0378495050572	4.96
853.6779509047389	753.6916340676423	5.0
819.3612407762542	719.6724474545974	5.04
796.378017258578	690.3396152160335	5.08
768.0420561456978	662.0608129593217	5.12
706.5539946942654	633.339272334947	5.16
717.7076765145277	623.0738356521305	5.2
715.326129090308	593.231573019135	5.24
689.7693312765482	588.3020662555788	5.28
681.6765194935869	572.4051808714861	5.32
649.6232045694242	557.3823897461899	5.36
681.5004746452988	542.1536000340957	5.4
638.8787462232677	529.9821237362546	5.44
631.1051647001265	577.3434317075531	5.48
594.3062304460402	565.4751761257602	5.52
621.4461577969051	561.3354511461143	5.56
598.1592971210155	555.4432718419998	5.6
608.510040265528	560.2612865685028	5.64
615.6841849138323	554.0818104608876	5.68
609.726701523502	554.5275297817451	5.72
617.9893561989612	557.4999199453836	5.76
633.2587448260964	560.3103071357029	5.8
615.4703291760623	557.0464108044545	5.84
606.6622391197255	551.9689364013783	5.88
613.9053403804409	540.2988731284848	5.92
614.3998456591121	554.0711590560398	5.96
613.76079687145	546.3758361881838	6.0
663.4427619484522	505.3904413434774	6.04
619.6924693450222	513.1217788263868	6.08
590.1820823052683	522.4341287103407	6.12
639.491008338588	508.86425670555144	6.16
656.0928140495904	548.2281829654556	6.2
704.9719511127465	594.0908436936909	6.24
748.3704001005581	653.2585533514451	6.28
807.3245443146545	747.6118994998682	6.32
867.4409505737291	853.3430537787888	6.36
924.0168343529391	921.1052716984443	6.4
976.2296233720633	989.830547498901	6.44
1019.1320587707748	1033.275143437421	6.48
1051.9790107762155	1076.16342217133	6.52
1074.1681271193845	1096.1818950744118	6.56
1087.9447341967507	1136.2498700161987	6.6
1095.290060743029	1119.0047019542437	6.64
1109.7777582568435	1158.4454408410804	6.68
1110.2394429529465	1136.175301820661	6.72
1116.22576516908	1150.9995348487616	6.76
1119.3877712520577	1165.0245744084687	6.8
1121.9126268589343	1153.8405361849168	6.84
1131.631297489794	1166.8614841639408	6.88
1131.5430323543565	1164.1373907097818	6.92
1128.6512872420126	1163.7894517298053	6.96
1128.3545220102014	1148.291718696105	7.0
1131.0479624267111	1156.961477141585	7.04
1130.985264188027	1154.710149413839	7.08
1131.4338436664775	1155.2032190826565	7.12
1127.0327330774726	1151.585588945225	7.16
1124.175224171237	1136.3661672543008	7.2
1125.9535997484081	1141.6443366717258	7.24
1124.3561564463441	1151.3415599961868	7.28
1126.0976685139913	1139.9256761228612	7.32
1121.7630234204005	1147.196881704173	7.36
1121.258581287799	1151.7251773780374	7.4
1125.3189794103444	1156.2325482737951	7.44
1125.6579930953949	1166.4757491848013	7.48
1127.4745285909257	1155.4902205864992	7.52
1131.082562974272	1163.8415683299268	7.56
1138.1099256979578	1177.473445441751	7.6
1138.447946234312	1185.3338760347306	7.64
1138.1691377405543	1179.5516754553187	7.68
1135.4615020203687	1175.9028410119913	7.72
0.0	0.0	7.76
0.0	0.0	7.8
0.0	0.0	7.84
0.0	0.0	7.88
0.0	0.0	7.92
0.0	0.0	7.96
0.0	0.0	8.0
0.0	0.0	8.04
0.0	0.0	8.08
0.0	0.0	8.12
0.0	0.0	8.16
0.0	0.0	8.2
0.0	0.0	8.24
0.0	0.0	8.28
0.0	0.0	8.32
0.0	0.0	8.36
0.0	0.0	8.4
0.0	0.0	8.44
0.0	0.0	8.48
0.0	0.0	8.52
0.0	0.0	8.56
0.0	0.0	8.6
0.0	0.0	8.64
0.0	0.0	8.68
0.0	0.0	8.72
0.0	0.0	8.76
0.0	0.0	8.8
0.0	0.0	8.84
0.0	0.0	8.88
0.0	0.0	8.92
0.0	0.0	8.96
0.0	0.0	9.0
0.0	0.0	9.04
0.0	0.0	9.08
0.0	0.0	9.12
0.0	0.0	9.16
0.0	0.0	9.2
0.0	0.0	9.24
0.0	0.0	9.28
0.0	0.0	9.32
0.0	0.0	9.36
0.0	0.0	9.4
0.0	0.0	9.44
0.0	0.0	9.48
0.0	0.0	9.52
0.0	0.0	9.56
0.0	0.0	9.6
0.0	0.0	9.64
0.0	0.0	9.68
0.0	0.0	9.72
0.0	0.0	9.76
0.0	0.0	9.8
0.0	0.0	9.84
0.0	0.0	9.88
0.0	0.0	9.92
0.0	0.0	9.96
0.0	0.0	10.0
0.0	0.0	10.04
0.0	0.0	10.08
0.0	0.0	10.12
0.0	0.0	10.16
0.0	0.0	10.2
0.0	0.0	10.24
0.0	0.0	10.28
0.0	0.0	10.32
0.0	0.0	10.36
0.0	0.0	10.4
0.0	0.0	10.44
0.0	0.0	10.48
0.0	0.0	10.52
0.0	0.0	10.56
0.0	0.0	10.6
0.0	0.0	10.64
0.0	0.0	10.68
0.0	0.0	10.72
0.0	0.0	10.76
0.0	0.0	10.8
0.0	0.0	10.84
0.0	0.0	10.88
0.0	0.0	10.92
0.0	0.0	10.96
0.0	0.0	11.0
0.0	0.0	11.04
0.0	0.0	11.08
0.0	0.0	11.12
0.0	0.0	11.16
0.0	0.0	11.2
0.0	0.0	11.24
0.0	0.0	11.28
0.0	0.0	11.32
0.0	0.0	11.36
0.0	0.0	11.4
0.0	0.0	11.44
0.0	0.0	11.48
0.0	0.0	11.52
0.0	0.0	11.56
0.0	0.0	11.6
0.0	0.0	11.64
0.0	0.0	11.68
0.0	0.0	11.72
0.0	0.0	11.76
0.0	0.0	11.8
0.0	0.0	11.84
941.4092156467296	948.0334615954486	11.88
938.3558388008083	929.1309245644525	11.92
933.1744604232523	926.8336266182681	11.96
935.7366728859342	927.9047642659158	12.0
935.0827135873066	937.3901712369546	12.04
934.7314984685318	934.8591449574121	12.08
929.765162890659	930.611286583485	12.12
922.6236532819375	912.9985884499489	12.16
918.9106849547975	907.84093676419	12.2
921.7812190204871	912.0511871303349	12.24
921.5403325617281	911.2819557051004	12.28
922.5430890460055	915.2445100731574	12.32
918.7356370148292	927.9820200988173	12.36
919.8140081165618	909.2265965929556	12.4
918.0883848293212	915.7607410226851	12.44
918.3694453967244	917.1814028973237	12.48
909.9237725449467	883.7304570506942	12.52
908.3749000378555	865.4621467921116	12.56
901.5830719016997	914.5137742592931	12.6
903.1198332081477	924.9577315964283	12.64
926.0415082086884	972.3009884006915	12.68
923.3929744073695	963.0097013392464	12.72
943.6463478676118	984.2013853435795	12.76
943.217992162488	980.2042182587686	12.8
954.6261935737518	976.8831558277572	12.84
959.8253412572072	966.7337676451031	12.88
971.5137831482514	958.9343224864723	12.92
975.750991178823	925.3498780455941	12.96
982.0118683865752	956.0413054265076	13.0
985.1333474056215	957.4445675884701	13.04
985.5868629429929	957.3688365064189	13.08
982.071621344484	962.8906144404124	13.12
985.6430023935242	958.2217282202491	13.16
989.1841305580934	958.9002217452925	13.2
987.5411087642624	957.3646139929383	13.24
987.5479685837939	969.5144137283539	13.28
989.8709190450996	972.6501985262227	13.32
992.5794752379034	981.2973057855273	13.36
999.195788852321	1006.2875725886403	13.4
993.1880856668715	998.6044879155725	13.44
995.7519113187212	993.2708579304934	13.48
992.0509795579678	1000.7892370234514	13.52
995.274175054205	997.63925707261	13.56
988.4591067297353	994.1379055829763	13.6
982.7580811259202	987.0884117876217	13.64
986.4422899440018	989.1534364665326	13.68
984.9791234880433	996.8726210153486	13.72
988.5967361240897	981.7305626889633	13.76
985.1096911908035	990.660932919782	13.8
985.0756099631456	974.2066343052173	13.84
978.6930916492076	975.1220546817232	13.88
982.0137589656455	976.1642547928936	13.92
977.5968114375715	972.0858814881817	13.96
977.9577719276048	977.2737318841954	14.0
980.5224448095579	975.7678640370231	14.04
979.5374034744988	979.2679150874263	14.08
984.6332845146406	979.1374892639576	14.12
984.441388833198	979.1216547212734	14.16
978.443819904423	981.0723724223069	14.2
981.8371623772852	971.4946436349114	14.24
980.7133046308643	974.5774607554785	14.28
978.7974594549765	969.5805526327537	14.32
979.409312074659	971.1021083061256	14.36
981.6074549911516	981.0841382997343	14.4
987.9857375175523	985.5505716106601	14.44
987.3059359899572	1012.1377677070224	14.48
977.1733086687946	1012.3116358204883	14.52
968.843231354554	1011.5088783304598	14.56
984.9590314634402	1016.607609866523	14.6
975.1524451598661	1038.1320122880313	14.64
991.6333929480821	1055.0404131228481	14.68
1006.6910215165581	1074.292415251237	14.72
1022.303729822448	1093.6662143054186	14.76
1045.1349776930967	1101.4990576737728	14.8
1058.139169579537	1100.0038756223425	14.84
1070.6269147817757	1129.2508021479605	14.88
1083.6266148501418	1134.758403969115	14.92
1092.504656881247	1148.7408606518911	14.96
1105.0740451958284	1177.419302439065	15.0
1115.160037767236	1183.5399983015184	15.04
1136.4912585776767	1206.7565642070895	15.08
1149.3130496380813	1202.5160030526508	15.12
1167.256927137122	1191.9872546345377	15.16
1183.3634151167103	1219.2659014316062	15.2
1191.485574014421	1216.6730232107795	15.24
1200.2702100435188	1222.6543032266804	15.28
1204.4958059089386	1217.8791686698685	15.32
1201.475492063136	1221.7924486998886	15.36
1209.1054562165737	1222.2674496204759	15.4
1212.9214472034994	1215.0375511874984	15.44
1220.879620778678	1239.4020794699347	15.48
1219.3642868894838	1250.1783775952183	15.52
1221.0511628045988	1258.003816722625	15.56
1216.0902045745795	1265.2180188005166	15.6
1206.3785962816435	1252.966656871783	15.64
1203.700441234778	1260.532658590626	15.68
1196.9590446986733	1255.7119092241944	15.72
1194.5503551377988	1253.0650115925341	15.76
1190.9194310819248	1244.0796282037413	15.8
1192.147302273623	1251.3436826655584	15.84
1190.7560621615357	1247.8414888802636	15.88
1191.268172588645	1252.3957212562682	15.92
1188.033915632727	1245.6191774712297	15.96
1188.157152116676	1256.1554234307985	16.0
1188.4340374756919	1250.4625855565778	16.04
1187.2066973920828	1250.7359707341661	16.08
1187.718796820374	1253.8073208286335	16.12
1189.5227256511037	1263.1561599192942	16.16
1189.2414652006698	1260.0684501425626	16.2
1186.7417541259829	1252.479688191331	16.24
1184.7642041227512	1264.7975528170268	16.28
1183.144846922472	1267.250141570629	16.32
1183.2556911088034	1260.7401243228326	16.36
1179.8091451818557	1244.7076761207331	16.4
1178.384832257905	1263.6308595014812	16.44
1181.9867638679214	1257.7954554118785	16.48
1179.1477366817462	1257.7483372212064	16.52
1181.1449720896	1255.5846435251028	16.56
1181.0046445733626	1254.0496749666827	16.6
1181.304014262279	1257.06891552859	16.64
1183.7012132358143	1258.4812342022612	16.68
1176.5787490215937	1252.9221189833186	16.72
1179.353280388122	1255.9071928287494	16.76
1185.104492421539	1261.0855306079604	16.8
1173.2932928046405	1250.3564321930626	16.84
1172.701442444168	1259.7158015620612	16.88
1174.9952311580905	1261.1464484652736	16.92
1179.0364215972934	1248.9862678627665	16.96
1181.0176542143681	1252.3334457892054	17.0
1186.5315103769117	1254.7620409291037	17.04
1185.316474544796	1263.8807161701873	17.08
1186.6941119804312	1265.8740956978788	17.12
1196.1146095064332	1267.2863147966823	17.16
1205.582934365578	1276.8767412225013	17.2
1215.3566814080448	1286.7552649082409	17.24
1226.339317730644	1302.3468568899275	17.28
1240.4693091827726	1323.7130636663967	17.32
1256.4453951881906	1348.5498309997768	17.36
1270.8653028722129	1362.5673361582199	17.4
1283.8677923689838	1383.760966844416	17.44
1298.3925770529845	1384.582703466074	17.48
1309.2869943314586	1409.7181130533336	17.52
1320.3866299034953	1415.6101620806528	17.56
1331.829392906654	1413.5051973313825	17.6
1338.6705423659337	1430.335237153711	17.64
1347.1491600710115	1428.9962835854449	17.68
1355.5589302823687	1449.8836964331472	17.72
1361.53642915315	1453.7639458525261	17.76
1365.8573212548772	1454.4818707510913	17.8
1366.6837522369133	1458.202608767689	17.84
1368.1207292402441	1460.7454479306282	17.88
1370.6761393277407	1457.1017766339394	17.92
1371.0670960394734	1462.077260489351	17.96
1369.9741747910928	1451.977738082034	18.0
1369.783387918651	1452.9027900273188	18.04
1374.0146331278536	1463.0287681535299	18.08
1373.739399966478	1458.1878124751963	18.12
1376.8145337668336	1465.181886274948	18.16
1378.1036242510797	1462.9811616845122	18.2
1380.3706432112222	1469.2618363341626	18.24
1383.778911278392	1478.994057207416	18.28
1376.4779754043307	1453.3539360452387	18.32
1373.8210513598856	1471.3185812628262	18.36
1373.6871508161287	1459.5888037465834	18.4
1370.986612323196	1459.235409223968	18.44
1364.5820514109205	1447.6763798445113	18.48
1363.584615007444	1450.5125614087042	18.52
1367.342855029679	1454.1279714468424	18.56
1365.8370384295727	1441.1949126807538	18.6
1366.1372334782195	1459.5365471115067	18.64
1364.4290810194059	1438.4590284108708	18.68
1363.4982049499133	1447.4618203149855	18.72
1364.720440484255	1455.5204751180934	18.76
1365.761643094715	1450.1784516417342	18.8
1363.8075172066815	1458.0381200489558	18.84
1366.4977878626114	1450.2737361680631	18.88
1368.2172598814625	1455.3863254635655	18.92
1368.1283839252083	1449.2594714714337	18.96
1369.1225669634523	1448.3939450722544	19.0
1369.1952996127259	1459.4738899622585	19.04
1371.8327074022568	1455.7201699594752	19.08
1373.607345817181	1460.8238656436179	19.12
1373.0408201143764	1458.5599820629666	19.16
1368.6532785101886	1453.99608746716	19.2
1371.390342368307	1446.2497229878484	19.24
1371.2199559724975	1460.2622359573245	19.28
1369.1753781065893	1449.383858176214	19.32
1370.6213760715739	1454.4330338493871	19.36
1370.9308013501875	1458.3788253874625	19.4
1371.4988326604011	1452.9002501600737	19.44
1370.8643120059517	1447.03405252613	19.48
1372.0871392735905	1455.2223703538552	19.52
1371.6368086763316	1453.0211930693042	19.56
1370.2649267653371	1450.6171416496934	19.6
1372.0261415953726	1458.463774374076	19.64
1370.6309251037521	1458.9328968892144	19.68
1369.862744774505	1452.7092767552133	19.72
1370.620580707193	1450.394397908904	19.76
1372.1431789492447	1451.9216934726267	19.8
1370.8420450455462	1452.283435558879	19.84
1370.7546925342108	1458.4649817555614	19.88
1368.7063511961435	1448.9907322271742	19.92
1371.1044398349613	1453.2566904596256	19.96
1371.49014625531	1448.9033263047056	20.0
1369.6289205775527	1446.070136712039	20.04
1369.320870077082	1451.6953963352694	20.08
1368.8846959978694	1449.109639035087	20.12
1368.3203990260213	1452.5582012550772	20.16
1368.7314914655894	1454.4933101163583	20.2
1368.7729747245526	1455.3826178070217	20.24
1370.7350439971779	1458.990269130928	20.28
1370.2622046793238	1460.80100554048	20.32
1370.2037010313989	1463.1418982162716	20.36
1372.8232772746633	1462.2965380223368	20.4
1369.513416424213	1447.9647245254705	20.44
1369.473332070028	1455.7054407992875	20.48
1369.6444515471728	1439.4131525600424	20.52
1369.8131289646076	1449.1975319557491	20.56
1371.183618371695	1442.0406706513636	20.6
1369.811085805745	1450.655607092849	20.64
1370.8776048660181	1455.3469636071472	20.68
1371.1455905480516	1455.2232760446707	20.72
1370.250523910491	1451.2277647596038	20.76
1371.9695023206646	1438.1171109341203	20.8
1374.7641742529686	1458.7746975813768	20.84
1375.2200331313547	1453.7945482072098	20.88
1375.4368836263748	1457.0385373979777	20.92
1373.6407209120925	1454.3401749341456	20.96
1374.6799171271725	1457.1476659779837	21.0
1374.7519794975808	1455.2771360838603	21.04
1375.368521741254	1450.506878921634	21.08
1378.852646314468	1460.6699010417562	21.12
1377.575459849031	1463.2925241129708	21.16
1379.6120759275705	1455.2648341321076	21.2
1379.0904910916188	1462.5908749520947	21.24
1377.3881626182488	1461.0244492649645	21.28
1377.0560293131857	1452.5678320540976	21.32
1375.1392480807215	1457.6161823029927	21.36
1375.5878408004426	1450.3089774741684	21.4
1376.638358254727	1450.9842859155683	21.44
1378.9951590577632	1443.3818709657728	21.48
1375.5047259736268	1452.110845280355	21.52
1374.7803401224635	1449.8152277919369	21.56
1375.6081052134014	1455.1539076284294	21.6
1376.1975303172126	1453.0220407852648	21.64
1375.6903008125637	1453.569745898727	21.68
1376.8643044830458	1459.9768179582331	21.72
1376.823812530166	1444.2908484343122	21.76
1374.4564668602877	1452.9871492998302	21.8
1374.8331568948824	1456.5603884555617	21.84
1375.3674770847538	1449.216655996646	21.88
1375.0165563200078	1454.9157917955724	21.92
1374.8896074468555	1452.1374911364278	21.96
1375.590648098718	1448.6489687750147	22.0
1372.5620492224903	1451.57611263068	22.04
1373.5507863060393	1454.630099865545	22.08
1372.904129529563	1461.1304472307402	22.12
1373.4402470945615	1450.943773405238	22.16
1374.872819946934	1455.133229183502	22.2
1375.536201548557	1460.5639498479295	22.24
1373.7469310645138	1451.2876438749047	22.28
1375.6212846704327	1454.820264987542	22.32
1375.9205294210878	1465.7802362157022	22.36
1383.6564681977343	1459.8645515651622	22.4
1381.0090017240816	1463.4599314060238	22.44
1383.672164841241	1475.3021904424481	22.48
1385.743940341623	1472.5468490275666	22.52
1387.5597782847433	1486.0842023536466	22.56
1385.0029354151523	1475.090518899701	22.6
1387.6397920860086	1475.4186176254927	22.64
1392.0251869557999	1473.1359493275222	22.68
1390.3717724768312	1471.240500940548	22.72
1391.1838478491331	1477.4520425542075	22.76
1391.1613131527727	1470.8763989912484	22.8
1390.8621703229505	1468.38794570808	22.84
1390.2347539588286	1469.0586267077965	22.88
1390.9960085288205	1469.4701524487914	22.92
1390.5826904369076	1476.4291801564225	22.96
1394.3735265966784	1475.6823218870009	23.0
1394.780107463262	1485.8180433459613	23.04
1391.6790983024905	1474.5685605754597	23.08
1392.5630554810393	1480.1171770977412	23.12
1398.3665515286132	1486.0561816014304	23.16
1398.6618827221564	1496.6435358150968	23.2
1404.4521771264813	1489.0855525593186	23.24
1399.0308835578853	1477.3716142537053	23.28
1398.0351560007628	1486.4169469428218	23.32
1400.8143312047816	1479.1947196332962	23.36
1397.5556054760436	1481.4057278653331	23.4
1397.3121881265938	1484.4134778401985	23.44
1398.894710748054	1484.6562913866783	23.48
1397.7217190647912	1490.3103424932135	23.52
1398.2419805417157	1487.0736936880617	23.56
1396.9066017272403	1487.5719804342896	23.6
1397.8237084225946	1483.0837761584635	23.64
1396.8217976030019	1490.9229971882407	23.68
1399.422580580082	1491.4714471432308	23.72
1396.731003179187	1480.7759159539646	23.76
1399.309778251627	1481.0884409080431	23.8
1397.2569740273143	1473.3734330116863	23.84
1398.3305418125408	1481.8812188559573	23.88
1398.8403720633064	1486.3087942905374	23.92
1400.174342344875	1480.4145455816702	23.96
1397.9265896957822	1491.23696145612	24.0
1396.957338603262	1497.3342805923703	24.04
1398.9077105933106	1488.5804677173426	24.08
1396.3993889691992	1487.509972018985	24.12
1397.8242503291956	1490.0427161584012	24.16
1401.3080006433427	1493.422165540875	24.2
1400.2711782805075	1480.5865128232595	24.24
1398.1989405177521	1481.0991581312114	24.28
1396.3153548369748	1486.5214939754292	24.32
1393.685829781414	1472.1122891902803	24.36
1392.7659694591111	1474.3567844871686	24.4
1391.5146244312834	1477.7046542572357	24.44
1394.0341785683154	1481.1139786515732	24.48
1391.6594439844105	1474.143017983796	24.52
1395.3952863366087	1480.8846762116018	24.56
1391.1733940115387	1476.250527935797	24.6
1391.008040071147	1479.9260218349552	24.64
1391.0522812431502	1482.2972335433785	24.68
1389.808607418034	1474.8364518760513	24.72
1391.3452416097707	1472.2589023205762	24.76
1388.632529605214	1475.104849617504	24.8
1390.440172418559	1474.8309942891692	24.84
1389.2763714156404	1468.173389347178	24.88
1391.490713245906	1478.1794022796273	24.92
1389.7871423573645	1482.9744848493126	24.96
1392.0618950969754	1480.9970138567346	25.0
1389.7417299558713	1478.0085754453416	25.04
1391.0870896114554	1479.4927460541521	25.08
1387.751678158957	1484.976875833248	25.12
1390.6712311069293	1479.3010934448669	25.16
1385.9340379797666	1473.832978963872	25.2
1388.10717058939	1469.9705763485701	25.24
1387.7129857555478	1474.6233448165397	25.28
1386.7851421350254	1474.530096844295	25.32
1388.756439740454	1461.4368901295757	25.36
1388.9336406833718	1463.7616476159437	25.4
1389.7987858523502	1477.8719462253912	25.44
1383.8346276293967	1475.0921546137845	25.48
1386.0529078297034	1483.5097512386767	25.52
1386.0351465180124	1475.5534286679065	25.56
1381.9602664426413	1468.1343889499062	25.6
1383.9976213264372	1478.2557411782514	25.64
1381.7588427829278	1453.5350087922964	25.68
1386.8092664118205	1477.4034301362478	25.72
1380.9599695531879	1461.4736203860382	25.76
1384.9739950940705	1467.183503273154	25.8
1382.5765837007846	1467.6547899771344	25.84
1384.5599100127233	1475.3302126925855	25.88
1384.0476852685	1481.109691567715	25.92
1385.6299647193919	1472.4877369348294	25.96
1386.8173340094347	1478.2028823427481	26.0
1385.3044793436711	1484.2705703690458	26.04
1387.6288310269063	1477.0434926259463	26.08
1384.7893507947665	1477.3314802504326	26.12
1386.1298176122489	1477.84112779339	26.16
1383.3558235021865	1476.562692166285	26.2
1384.2610337684291	1480.0986322080669	26.24
1387.479003315281	1477.2955233032187	26.28
1382.3615923450657	1470.8587174306965	26.32
1383.3867472248548	1476.0944782283088	26.36
1383.429256750658	1477.6196799857403	26.4
1384.3011926467213	1475.403569069812	26.44
1379.158760772413	1468.1872321787819	26.48
1383.003676935189	1472.5278963808007	26.52
1377.6054393867255	1472.715610693171	26.56
1381.5558188929494	1479.4036017571984	26.6
1383.1232441187292	1469.40239278011	26.64
1379.91067593865	1474.9361883825195	26.68
1379.723873078121	1473.934776016152	26.72
1376.1262475666454	1471.1171441781626	26.76
1369.4830644717529	1435.5271084942858	26.8
1353.787451555528	1428.2543464925352	26.84
1330.6630744542592	1393.3538273664994	26.88
1301.4843265171253	1371.5022092390245	26.92
1261.8464562018967	1323.924351976703	26.96
1220.5447655344467	1281.1509628996268	27.0
1168.7441009322938	1174.7428368657766	27.04
1127.2595465585066	1177.5905541030834	27.08
1092.5427869735645	1159.7732366991067	27.12
1061.5267978828438	1124.6528498857554	27.16
1025.5410184108387	1083.163878841727	27.2
991.9967741291969	1063.236428342092	27.24
975.145503487141	1046.4443660484278	27.28
962.6761606253884	1026.6630049163905	27.32
962.6505606035581	1026.293586761476	27.36
957.0232874158368	1010.1580323232134	27.4
956.0131241294426	994.7826259591905	27.44
963.5646976042981	993.0659355314779	27.48
966.2238394396229	984.1320323626829	27.52
979.9385189007252	976.7062686491682	27.56
980.3466244892388	965.1856381115321	27.6
992.2645386959947	964.5384578343018	27.64
990.6089933200917	927.5319866036956	27.68
992.408129184011	956.2515843940874	27.72
986.7662626303279	946.5266307616638	27.76
986.0379444583839	952.7499215870209	27.8
987.0740425190606	963.16390464267	27.84
986.6240844072252	975.8523926060535	27.88
988.2198946883148	973.7939498923519	27.92
989.4422449454485	979.0006956314694	27.96
985.0793903675011	971.4528671088785	28.0
983.7654957570362	962.9348467082456	28.04
985.7460861591671	966.7943112677594	28.08
984.8210001778596	962.4549968482372	28.12
984.9792756683089	967.6998571236608	28.16
981.5095262290744	962.941848411547	28.2
980.9674069782038	971.2522246857181	28.24
981.1617040043121	969.7895608997624	28.28
982.4438563431096	959.4111420139945	28.32
982.1782105226466	970.8444259564188	28.36
982.1461147838472	956.7862264915474	28.4
982.1623712317717	963.8370661598096	28.44
983.2581061403394	969.1736468104527	28.48
981.7416006953529	970.0403857215866	28.52
981.1964401760503	963.2717093722925	28.56
979.2948693961365	967.3477011675288	28.6
978.5590169716705	969.1779754413915	28.64
979.2751979014678	968.0930848376777	28.68
980.0735389324556	971.0322642213627	28.72
978.078129579222	963.880338243757	28.76
978.5222320513768	962.0001978687441	28.8
979.5204090977344	954.0575982900159	28.84
978.4930331074861	958.5560241757711	28.88
977.9716145211904	962.0933659561477	28.92
974.4125638454412	959.1299042104843	28.96
972.9612202936294	961.9403557645546	29.0
974.0633542246321	963.9772415314584	29.04
971.2648492306068	958.5049089711753	29.08
970.6034851193801	956.4743929975848	29.12
972.8676359729294	948.2404736557747	29.16
971.5811866619981	943.9792315637521	29.2
972.2438657200938	946.5198662318656	29.24
966.6228357439359	948.7556509248946	29.28
968.7779067620818	947.5710984837698	29.32
967.2336815919814	946.9033458219062	29.36
967.9085799131051	947.7263015291085	29.4
968.1031841731792	945.2637712772436	29.44
969.7037321784418	945.4897525093404	29.48
969.0143920635412	948.4977476491296	29.52
968.4853879982506	942.8185291891635	29.56
970.2451996401313	945.1788627666593	29.6
969.6561801602252	948.5857822627115	29.64
968.7670302470642	951.1727275463071	29.68
968.2307349935446	945.0824794416773	29.72
971.5519763197249	956.4230212758578	29.76
973.6571286645232	959.602676522403	29.8
972.9756070713047	953.2556627237603	29.84
972.3709033645054	957.7669000312301	29.88
973.3750009868395	954.5566944964949	29.92
974.1474054187743	953.673531630159	29.96
972.7553073136286	949.2257849190476	30.0
974.6406612727786	951.8341903264751	30.04
973.9541377215115	954.8270957273335	30.08
975.2699199784729	953.6060892817706	30.12
973.3898406482019	952.5360857092984	30.16
977.7553816928903	951.8464370740747	30.2
980.1118242011952	984.7547564621547	30.24
975.1248847373984	980.2783132912118	30.28
984.8827303294091	1004.937660247404	30.32
992.5084896455188	1022.5446338283654	30.36
996.6394512894013	1024.8663036582184	30.4
1002.7935035248729	1028.239642005969	30.44
1024.2419696240468	1060.6596492991428	30.48
1034.7416070362021	1097.1479091787453	30.52
1071.7857648077108	1132.7010563734675	30.56
1126.1526725519036	1193.8221829476663	30.6
1194.0466893545579	1255.5048243123035	30.64
1253.0583632578011	1316.6443704380822	30.68
1318.5510946107215	1378.0507891633779	30.72
1383.5061413429946	1440.1658028010452	30.76
1441.1284103671476	1506.901790437506	30.8
1468.9249794801317	1566.3933651752059	30.84
1499.6748310393687	1583.2325644134123	30.88
1523.2093729721632	1592.2317917846751	30.92
1547.6910420715067	1634.2937239239827	30.96
1553.9461237231565	1665.4953217812495	31.0
1564.0114570375056	1668.6187988478098	31.04
0.0	0.0	31.08
1569.5207139609147	1724.817899744565	31.12
0.0	0.0	31.16
1535.2516275797802	1632.843963864336	31.2
1534.8527106958848	1598.9195028126055	31.24
1549.8266226784474	1585.808555378785	31.28
1576.68031564242	1554.2637351442652	31.32
1572.359774115789	1523.6867743498085	31.36
1601.604202864256	1543.5274767561605	31.4
1626.7653820992919	1569.8548579598935	31.44
1653.1851342474638	1635.689473717642	31.48
1684.4226259377338	1677.021990219869	31.52
1694.5174358839704	1719.1268110677984	31.56
0.0	0.0	31.6
0.0	0.0	31.64
0.0	0.0	31.68
0.0	0.0	31.72
0.0	0.0	31.76
0.0	0.0	31.8
0.0	0.0	31.84
0.0	0.0	31.88
0.0	0.0	31.92
0.0	0.0	31.96
0.0	0.0	32.0
0.0	0.0	32.04
0.0	0.0	32.08
0.0	0.0	32.12
0.0	0.0	32.16
0.0	0.0	32.2
0.0	0.0	32.24
0.0	0.0	32.28
0.0	0.0	32.32
0.0	0.0	32.36
0.0	0.0	32.4
0.0	0.0	32.44
0.0	0.0	32.48
0.0	0.0	32.52
0.0	0.0	32.56
0.0	0.0	32.6
0.0	0.0	32.64
0.0	0.0	32.68
0.0	0.0	32.72
0.0	0.0	32.76
0.0	0.0	32.8
0.0	0.0	32.84
0.0	0.0	32.88
0.0	0.0	32.92
0.0	0.0	32.96
0.0	0.0	33.0
0.0	0.0	33.04
0.0	0.0	33.08
0.0	0.0	33.12
0.0	0.0	33.16
0.0	0.0	33.2
0.0	0.0	33.24
0.0	0.0	33.28
0.0	0.0	33.32
0.0	0.0	33.36
0.0	0.0	33.4
0.0	0.0	33.44
0.0	0.0	33.48
0.0	0.0	33.52
0.0	0.0	33.56
0.0	0.0	33.6
0.0	0.0	33.64
0.0	0.0	33.68
0.0	0.0	33.72
0.0	0.0	33.76
0.0	0.0	33.8
0.0	0.0	33.84
0.0	0.0	33.88
0.0	0.0	33.92
0.0	0.0	33.96
0.0	0.0	34.0
0.0	0.0	34.04
0.0	0.0	34.08
0.0	0.0	34.12
0.0	0.0	34.16
0.0	0.0	34.2
0.0	0.0	34.24
0.0	0.0	34.28
0.0	0.0	34.32
0.0	0.0	34.36
0.0	0.0	34.4
0.0	0.0	34.44
0.0	0.0	34.48
0.0	0.0	34.52
0.0	0.0	34.56
0.0	0.0	34.6
0.0	0.0	34.64
0.0	0.0	34.68
0.0	0.0	34.72
0.0	0.0	34.76
0.0	0.0	34.8
0.0	0.0	34.84
0.0	0.0	34.88
0.0	0.0	34.92
0.0	0.0	34.96
0.0	0.0	35.0
0.0	0.0	35.04
0.0	0.0	35.08
0.0	0.0	35.12
0.0	0.0	35.16
0.0	0.0	35.2
0.0	0.0	35.24
0.0	0.0	35.28
0.0	0.0	35.32
0.0	0.0	35.36
0.0	0.0	35.4
0.0	0.0	35.44
0.0	0.0	35.48
0.0	0.0	35.52
0.0	0.0	35.56
0.0	0.0	35.6
0.0	0.0	35.64
0.0	0.0	35.68
0.0	0.0	35.72
0.0	0.0	35.76
0.0	0.0	35.8
0.0	0.0	35.84
0.0	0.0	35.88
0.0	0.0	35.92
0.0	0.0	35.96
0.0	0.0	36.0
0.0	0.0	36.04
0.0	0.0	36.08
0.0	0.0	36.12
0.0	0.0	36.16
0.0	0.0	36.2
0.0	0.0	36.24
0.0	0.0	36.28
0.0	0.0	36.32
0.0	0.0	36.36
0.0	0.0	36.4
0.0	0.0	36.44
0.0	0.0	36.48
0.0	0.0	36.52
0.0	0.0	36.56
0.0	0.0	36.6
0.0	0.0	36.64
0.0	0.0	36.68
0.0	0.0	36.72
0.0	0.0	36.76
0.0	0.0	36.8
0.0	0.0	36.84
0.0	0.0	36.88
0.0	0.0	36.92
0.0	0.0	36.96
0.0	0.0	37.0
0.0	0.0	37.04
0.0	0.0	37.08
0.0	0.0	37.12
0.0	0.0	37.16
0.0	0.0	37.2
0.0	0.0	37.24
0.0	0.0	37.28
0.0	0.0	37.32
0.0	0.0	37.36
0.0	0.0	37.4
0.0	0.0	37.44
0.0	0.0	37.48
0.0	0.0	37.52
0.0	0.0	37.56
0.0	0.0	37.6
0.0	0.0	37.64
0.0	0.0	37.68
0.0	0.0	37.72
0.0	0.0	37.76
0.0	0.0	37.8
0.0	0.0	37.84
0.0	0.0	37.88
0.0	0.0	37.92
0.0	0.0	37.96
0.0	0.0	38.0
0.0	0.0	38.04
0.0	0.0	38.08
0.0	0.0	38.12
0.0	0.0	38.16
0.0	0.0	38.2
0.0	0.0	38.24
0.0	0.0	38.28
0.0	0.0	38.32
0.0	0.0	38.36
0.0	0.0	38.4
0.0	0.0	38.44
0.0	0.0	38.48
0.0	0.0	38.52
0.0	0.0	38.56
0.0	0.0	38.6
0.0	0.0	38.64
0.0	0.0	38.68
0.0	0.0	38.72
0.0	0.0	38.76
0.0	0.0	38.8
0.0	0.0	38.84
0.0	0.0	38.88
0.0	0.0	38.92
0.0	0.0	38.96
0.0	0.0	39.0
0.0	0.0	39.04
0.0	0.0	39.08
0.0	0.0	39.12
0.0	0.0	39.16
0.0	0.0	39.2
0.0	0.0	39.24
0.0	0.0	39.28
0.0	0.0	39.32
0.0	0.0	39.36
0.0	0.0	39.4
0.0	0.0	39.44
0.0	0.0	39.48
0.0	0.0	39.52
0.0	0.0	39.56
0.0	0.0	39.6
0.0	0.0	39.64
0.0	0.0	39.68
0.0	0.0	39.72
0.0	0.0	39.76
0.0	0.0	39.8
0.0	0.0	39.84
0.0	0.0	39.88
0.0	0.0	39.92
0.0	0.0	39.96
0.0	0.0	40.0
0.0	0.0	40.04
0.0	0.0	40.08
0.0	0.0	40.12
0.0	0.0	40.16
0.0	0.0	40.2
0.0	0.0	40.24
0.0	0.0	40.28
0.0	0.0	40.32
0.0	0.0	40.36
0.0	0.0	40.4
0.0	0.0	40.44
0.0	0.0	40.48
0.0	0.0	40.52
0.0	0.0	40.56
0.0	0.0	40.6
0.0	0.0	40.64
0.0	0.0	40.68
0.0	0.0	40.72
0.0	0.0	40.76
0.0	0.0	40.8
0.0	0.0	40.84
0.0	0.0	40.88
0.0	0.0	40.92
0.0	0.0	40.96
0.0	0.0	41.0
0.0	0.0	41.04
0.0	0.0	41.08
0.0	0.0	41.12
0.0	0.0	41.16
0.0	0.0	41.2
0.0	0.0	41.24
0.0	0.0	41.28
0.0	0.0	41.32
0.0	0.0	41.36
0.0	0.0	41.4
0.0	0.0	41.44
0.0	0.0	41.48
0.0	0.0	41.52
0.0	0.0	41.56
0.0	0.0	41.6
0.0	0.0	41.64
0.0	0.0	41.68
0.0	0.0	41.72
0.0	0.0	41.76
0.0	0.0	41.8
0.0	0.0	41.84
0.0	0.0	41.88
0.0	0.0	41.92
0.0	0.0	41.96
0.0	0.0	42.0
0.0	0.0	42.04
0.0	0.0	42.08
0.0	0.0	42.12
0.0	0.0	42.16
0.0	0.0	42.2
0.0	0.0	42.24
0.0	0.0	42.28
0.0	0.0	42.32
0.0	0.0	42.36
0.0	0.0	42.4
0.0	0.0	42.44
0.0	0.0	42.48
0.0	0.0	42.52
0.0	0.0	42.56
0.0	0.0	42.6
0.0	0.0	42.64
0.0	0.0	42.68
0.0	0.0	42.72
0.0	0.0	42.76
0.0	0.0	42.8
0.0	0.0	42.84
0.0	0.0	42.88
0.0	0.0	42.92
0.0	0.0	42.96
0.0	0.0	43.0
0.0	0.0	43.04
0.0	0.0	43.08
0.0	0.0	43.12
0.0	0.0	43.16
0.0	0.0	43.2
0.0	0.0	43.24
0.0	0.0	43.28
0.0	0.0	43.32
0.0	0.0	43.36
0.0	0.0	43.4
0.0	0.0	43.44
0.0	0.0	43.48
0.0	0.0	43.52
0.0	0.0	43.56
0.0	0.0	43.6
0.0	0.0	43.64
0.0	0.0	43.68
0.0	0.0	43.72
0.0	0.0	43.76
0.0	0.0	43.8
0.0	0.0	43.84
0.0	0.0	43.88
0.0	0.0	43.92
0.0	0.0	43.96
0.0	0.0	44.0
0.0	0.0	44.04
0.0	0.0	44.08
0.0	0.0	44.12
0.0	0.0	44.16
0.0	0.0	44.2
0.0	0.0	44.24
0.0	0.0	44.28
0.0	0.0	44.32
0.0	0.0	44.36
0.0	0.0	44.4
0.0	0.0	44.44
0.0	0.0	44.48
0.0	0.0	44.52
0.0	0.0	44.56
0.0	0.0	44.6
0.0	0.0	44.64
0.0	0.0	44.68
0.0	0.0	44.72
0.0	0.0	44.76
0.0	0.0	44.8
0.0	0.0	44.84
0.0	0.0	44.88
0.0	0.0	44.92
0.0	0.0	44.96
0.0	0.0	45.0
0.0	0.0	45.04
0.0	0.0	45.08
0.0	0.0	45.12
0.0	0.0	45.16
0.0	0.0	45.2
0.0	0.0	45.24
0.0	0.0	45.28
0.0	0.0	45.32
0.0	0.0	45.36
0.0	0.0	45.4
0.0	0.0	45.44
0.0	0.0	45.48
0.0	0.0	45.52
0.0	0.0	45.56
0.0	0.0	45.6
0.0	0.0	45.64
0.0	0.0	45.68
0.0	0.0	45.72
0.0	0.0	45.76
0.0	0.0	45.8
1434.7543659001287	1295.0088353854637	45.84
1375.41890072626	1211.4822991032675	45.88
1343.2995918617453	1158.5352530298258	45.92
1330.3805406886695	1148.8282184358204	45.96
1324.7138241678706	1148.2369323443513	46.0
1328.9251359722184	1143.0015358904866	46.04
1334.2684952164855	1150.0262220058423	46.08
1337.1766719056823	1144.4330503934943	46.12
1339.396978586551	1148.1151691426955	46.16
1340.485571634635	1148.7923845391156	46.2
1343.295363177763	1150.973682976334	46.24
1343.4521506275412	1153.148300805357	46.28
1342.2145772056083	1150.355568346115	46.32
1342.7419296283863	1151.4258602031612	46.36
1342.9009521855905	1153.958172478113	46.4
1344.8781413004008	1158.5694836824687	46.44
1346.3514142100153	1164.1998468018685	46.48
1344.2661297095558	1168.8455080429048	46.52
1337.690266077397	1172.0026409927937	46.56
1337.0696478525595	1182.6074778661248	46.6
1338.593447069806	1221.3474461695155	46.64
1332.0734009138914	1258.986199722619	46.68
1316.7198106660544	1263.2582292194372	46.72
1279.4926505003455	1244.372452255037	46.76
1228.148290187735	1222.805714498292	46.8
1178.650409642129	1224.94950748734	46.84
1157.13162991622	1195.5720859102805	46.88
1126.804228511172	1160.4928856465153	46.92
1110.4054639113047	1135.2523341923875	46.96
1106.4718381294729	1153.1281811488393	47.0
1106.7827045283848	1142.9904534130114	47.04
1121.079146608936	1158.547154936107	47.08
1133.8816978820398	1154.0683147518844	47.12
1137.56670636488	1159.7877156207146	47.16
0.0	0.0	47.2
1127.7330622354243	1139.2939039846253	47.24
1120.1514900216864	1166.4617747479379	47.28
0.0	0.0	47.32
0.0	0.0	47.36
0.0	0.0	47.4
965.6786831064394	986.0014278674992	47.44
919.9836091707189	1010.8544698689457	47.48
0.0	0.0	47.52
845.3983291366487	897.2034252932553	47.56
0.0	0.0	47.6
0.0	0.0	47.64
0.0	0.0	47.68
722.8964118847331	732.0727712328057	47.72
715.8481577856622	710.1107173451302	47.76
707.7571886370663	677.2295173871698	47.8
693.0417244472833	659.6053625888306	47.84
665.8208171668718	625.9571986161883	47.88
633.4172423242146	597.8571712541205	47.92
611.2145628993145	578.9492098339513	47.96
596.0475403561312	563.4561908898916	48.0
590.3421450980723	561.786395792161	48.04
583.7615352796729	577.2766243298795	48.08
585.3782305723705	573.3787570250062	48.12
591.9601701321156	576.0510718164085	48.16
591.5014879898488	572.0846877728242	48.2
591.4785204962185	570.841520453593	48.24
593.1606795257909	574.6674222871441	48.28
589.872241102889	576.5396954289264	48.32
591.5890160379768	571.3245547666215	48.36
592.9003856369724	572.2506056167437	48.4
598.1059065748391	584.510129919677	48.44
602.8675027280635	582.1116171061519	48.48
603.845020373774	580.06288415868	48.52
622.6977592775995	547.5633450318915	48.56
652.089019972665	643.5586303672482	48.6
700.6910682027868	632.1874951242845	48.64
757.1496469572419	705.4487638699399	48.68
815.3179601906494	740.7556198929469	48.72
872.2141722957435	839.9387382485347	48.76
903.4314608875471	901.5329925813777	48.8
953.8436716126985	929.5126997076231	48.84
984.655227893789	1014.7848449492948	48.88
1012.9191472317038	1028.1271542830298	48.92
1042.8841387660943	1114.4922277401222	48.96
1073.211091637007	1068.9812402700577	49.0
1091.7106497925774	1089.994606192308	49.04
1111.984610926128	1145.2873348471105	49.08
1125.5651548754963	1151.009056708738	49.12
1138.10650819049	1192.7019530598943	49.16
1137.7517388589372	1195.543844095146	49.2
1143.4417405082822	1174.5784251348214	49.24
1148.1245249492872	1190.129177675137	49.28
1149.9559736017534	1209.3467956433979	49.32
1149.3590665912534	1224.1751216813159	49.36
1147.847199427849	1218.084850786491	49.4
1146.0156082828366	1209.921921766587	49.44
1147.9245000059464	1220.7296214540659	49.48
1149.6491758548098	1221.9313960712018	49.52
1140.5962484833753	1208.590145946202	49.56
1146.0275936078478	1191.213878892215	49.6
1148.129893394573	1198.4527501315113	49.64
1145.7815196926015	1203.1377129024977	49.68
1143.0488872863189	1199.0849784059935	49.72
1138.2356342665234	1163.7742054553896	49.76
1140.2536184614262	1147.701146658394	49.8
1129.9269508106745	1177.0150960855863	49.84
1130.8563357925239	1167.3524867743488	49.88
1134.6942097205429	1168.4562398908647	49.92
0.0	0.0	49.96
0.0	0.0	50.0
0.0	0.0	50.04
0.0	0.0	50.08
0.0	0.0	50.12
0.0	0.0	50.16
0.0	0.0	50.2
0.0	0.0	50.24
0.0	0.0	50.28
0.0	0.0	50.32
0.0	0.0	50.36
0.0	0.0	50.4
0.0	0.0	50.44
0.0	0.0	50.48
0.0	0.0	50.52
0.0	0.0	50.56
0.0	0.0	50.6
0.0	0.0	50.64
0.0	0.0	50.68
0.0	0.0	50.72
0.0	0.0	50.76
0.0	0.0	50.8
0.0	0.0	50.84
0.0	0.0	50.88
0.0	0.0	50.92
0.0	0.0	50.96
0.0	0.0	51.0
0.0	0.0	51.04
0.0	0.0	51.08
0.0	0.0	51.12
0.0	0.0	51.16
0.0	0.0	51.2
0.0	0.0	51.24
0.0	0.0	51.28
0.0	0.0	51.32
0.0	0.0	51.36
0.0	0.0	51.4
0.0	0.0	51.44
0.0	0.0	51.48
0.0	0.0	51.52
0.0	0.0	51.56
0.0	0.0	51.6
0.0	0.0	51.64
0.0	0.0	51.68
0.0	0.0	51.72
0.0	0.0	51.76
0.0	0.0	51.8
0.0	0.0	51.84
0.0	0.0	51.88
0.0	0.0	51.92
0.0	0.0	51.96
0.0	0.0	52.0
0.0	0.0	52.04
0.0	0.0	52.08
0.0	0.0	52.12
0.0	0.0	52.16
0.0	0.0	52.2
0.0	0.0	52.24
0.0	0.0	52.28
0.0	0.0	52.32
0.0	0.0	52.36
0.0	0.0	52.4
0.0	0.0	52.44
0.0	0.0	52.48
0.0	0.0	52.52
0.0	0.0	52.56
0.0	0.0	52.6
0.0	0.0	52.64
0.0	0.0	52.68
0.0	0.0	52.72
0.0	0.0	52.76
0.0	0.0	52.8
0.0	0.0	52.84
0.0	0.0	52.88
0.0	0.0	52.92
0.0	0.0	52.96
0.0	0.0	53.0
0.0	0.0	53.04
0.0	0.0	53.08
0.0	0.0	53.12
0.0	0.0	53.16
0.0	0.0	53.2
0.0	0.0	53.24
0.0	0.0	53.28
0.0	0.0	53.32
0.0	0.0	53.36
0.0	0.0	53.4
0.0	0.0	53.44
0.0	0.0	53.48
0.0	0.0	53.52
0.0	0.0	53.56
0.0	0.0	53.6
0.0	0.0	53.64
0.0	0.0	53.68
0.0	0.0	53.72
0.0	0.0	53.76
0.0	0.0	53.8
0.0	0.0	53.84
1055.0271011123862	1043.6805888023423	53.88
1005.9459682576111	982.5314889281815	53.92
945.6202027779018	918.1018708317068	53.96
878.4732784328615	819.3857539129671	54.0
813.4820487277398	733.7185526457969	54.04
757.8467973672748	650.4291652652273	54.08
703.4504219593433	582.075091296693	54.12
662.655427918408	510.0044452542927	54.16
640.6687254067342	463.809195601357	54.2
629.8296059507979	483.74727179360605	54.24
634.9093671206984	419.7632106038199	54.28
653.710371569506	543.2181090979067	54.32
648.9614424433648	530.7840278647533	54.36
0.0	0.0	54.4
0.0	0.0	54.44
0.0	0.0	54.48
0.0	0.0	54.52
0.0	0.0	54.56
0.0	0.0	54.6
0.0	0.0	54.64
0.0	0.0	54.68
0.0	0.0	54.72
0.0	0.0	54.76
0.0	0.0	54.8
0.0	0.0	54.84
0.0	0.0	54.88
0.0	0.0	54.92
0.0	0.0	54.96
0.0	0.0	55.0
0.0	0.0	55.04
0.0	0.0	55.08
0.0	0.0	55.12
0.0	0.0	55.16
0.0	0.0	55.2
0.0	0.0	55.24
0.0	0.0	55.28
0.0	0.0	55.32
0.0	0.0	55.36
0.0	0.0	55.4
0.0	0.0	55.44
0.0	0.0	55.48
0.0	0.0	55.52
0.0	0.0	55.56
0.0	0.0	55.6
0.0	0.0	55.64
0.0	0.0	55.68
0.0	0.0	55.72
0.0	0.0	55.76
0.0	0.0	55.8
0.0	0.0	55.84
0.0	0.0	55.88
1101.6373383989026	1068.249697040124	55.92
1121.185888039644	1074.9241005608505	55.96
1128.6452780697164	1080.5323553968396	56.0
1122.7528692315873	1121.5824841496544	56.04
1134.788648160337	1155.4091080844544	56.08
0.0	0.0	56.12
1159.2387902195135	1111.8418220436101	56.16
1156.9199660664995	1088.8225781896272	56.2
0.0	0.0	56.24
0.0	0.0	56.28
0.0	0.0	56.32
0.0	0.0	56.36
0.0	0.0	56.4
0.0	0.0	56.44
0.0	0.0	56.48
0.0	0.0	56.52
0.0	0.0	56.56
0.0	0.0	56.6
0.0	0.0	56.64
0.0	0.0	56.68
0.0	0.0	56.72
0.0	0.0	56.76
0.0	0.0	56.8
0.0	0.0	56.84
0.0	0.0	56.88
0.0	0.0	56.92
0.0	0.0	56.96
0.0	0.0	57.0
0.0	0.0	57.04
0.0	0.0	57.08
0.0	0.0	57.12
0.0	0.0	57.16
0.0	0.0	57.2
0.0	0.0	57.24
0.0	0.0	57.28
0.0	0.0	57.32
0.0	0.0	57.36
0.0	0.0	57.4
0.0	0.0	57.44
0.0	0.0	57.48
1045.571125568864	1088.8406150167018	57.52
1037.8351585409773	1088.9026446945416	57.56
1037.129706033407	1096.4419306398956	57.6
1037.4560945465591	1089.8474767162459	57.64
1039.5134660372044	1098.4363629254651	57.68
1035.9739906519455	1088.4624591591771	57.72
1033.7654043335388	1085.129199403237	57.76
1029.992860228959	1084.806291516384	57.8
1026.7688549371783	1079.9043416839145	57.84
1030.6898612925586	1068.3987390093748	57.88
1031.7187159662733	1069.5254687412203	57.92
1031.9277882341266	1075.3378105479867	57.96
1035.1240820915693	1068.8104774253313	58.0
1033.7328715834135	1062.5340447282806	58.04
1034.6362229056265	1059.7436033714923	58.08
1037.0757490475405	1066.2202847868723	58.12
1040.718199699978	1081.4528804910747	58.16
1040.1183901610443	1093.2136118418105	58.2
1032.4272320718508	1090.2581114003028	58.24
1017.4006309000604	1081.103245817539	58.28
1012.9296426694307	1063.9627748397804	58.32
1011.4250088775966	1074.8922712538824	58.36
1009.9649918273363	1060.2458458682993	58.4
1006.860816577993	1052.805333362838	58.44
1001.7515539549504	1048.528982448578	58.48
993.0821531538219	1076.8649910898728	58.52
989.4295261090268	1102.4709162353126	58.56
982.5049618670693	1077.9481420045115	58.6
982.4470883603534	1056.9005735124858	58.64
978.0788923053497	1052.688708038097	58.68
0.0	0.0	58.72
0.0	0.0	58.76
980.1814153781047	982.9197646185906	58.8
978.2228152540074	969.2645600306347	58.84
961.2563503774526	929.2432715993356	58.88
948.3944215406465	903.6937933531995	58.92
926.9520112820476	892.2306877342122	58.96
913.5653410818102	879.2965537832152	59.0
907.0078492951642	868.1592706287803	59.04
897.6146745762339	868.7583621647875	59.08
897.4112058762676	873.9842438974428	59.12
911.3002137837252	879.2496261870905	59.16
929.4962596507343	893.1115629754804	59.2
936.2154500517936	904.6924317074959	59.24
941.6738267116541	912.5256107498556	59.28
946.6409389600881	913.0129773126017	59.32
954.6774570108398	919.6563020481644	59.36
959.1536137821241	926.2571881761777	59.4
969.2835896377101	932.7069995615279	59.44
977.1409433815799	941.0380968195408	59.48
977.6661857345936	939.2522652309648	59.52
969.6911171436878	937.3506901679254	59.56
966.7015888698965	936.2049023023809	59.6
948.0472725796244	938.4090568044777	59.64
945.761190704526	959.6640545243193	59.68
967.8928901024758	980.193450602274	59.72
1017.3221998681634	1037.852909152087	59.76
1070.9789412554228	1122.7171325678644	59.8
1163.8330591569704	1182.9689720728556	59.84
1472.7780691435887	1451.2505343312043	59.88
1454.4711058077726	1424.6278968239362	59.92
0.0	0.0	59.96
0.0	0.0	60.0
0.0	0.0	60.04
0.0	0.0	60.08
0.0	0.0	60.12
0.0	0.0	60.16
0.0	0.0	60.2
0.0	0.0	60.24
0.0	0.0	60.28
0.0	0.0	60.32
0.0	0.0	60.36
0.0	0.0	60.4
0.0	0.0	60.44
0.0	0.0	60.48
0.0	0.0	60.52
0.0	0.0	60.56
0.0	0.0	60.6
0.0	0.0	60.64
0.0	0.0	60.68
0.0	0.0	60.72
0.0	0.0	60.76
0.0	0.0	60.8
0.0	0.0	60.84
0.0	0.0	60.88
0.0	0.0	60.92
0.0	0.0	60.96
0.0	0.0	61.0
0.0	0.0	61.04
0.0	0.0	61.08
0.0	0.0	61.12
0.0	0.0	61.16
0.0	0.0	61.2
0.0	0.0	61.24
0.0	0.0	61.28
0.0	0.0	61.32
0.0	0.0	61.36
0.0	0.0	61.4
0.0	0.0	61.44
0.0	0.0	61.48
0.0	0.0	61.52
0.0	0.0	61.56
0.0	0.0	61.6
0.0	0.0	61.64
0.0	0.0	61.68
0.0	0.0	61.72
0.0	0.0	61.76
0.0	0.0	61.8
0.0	0.0	61.84
0.0	0.0	61.88
0.0	0.0	61.92
0.0	0.0	61.96
0.0	0.0	62.0
0.0	0.0	62.04
0.0	0.0	62.08
0.0	0.0	62.12
0.0	0.0	62.16
0.0	0.0	62.2
0.0	0.0	62.24
0.0	0.0	62.28
0.0	0.0	62.32
0.0	0.0	62.36
0.0	0.0	62.4
0.0	0.0	62.44
0.0	0.0	62.48
0.0	0.0	62.52
0.0	0.0	62.56
0.0	0.0	62.6
0.0	0.0	62.64
0.0	0.0	62.68
0.0	0.0	62.72
0.0	0.0	62.76
0.0	0.0	62.8
0.0	0.0	62.84
0.0	0.0	62.88
0.0	0.0	62.92
0.0	0.0	62.96
0.0	0.0	63.0
0.0	0.0	63.04
0.0	0.0	63.08
0.0	0.0	63.12
