Thumb_L	Index_L	Time
0.0	0.0	0.04
0.0	0.0	0.08
0.0	0.0	0.12
0.0	0.0	0.16
0.0	0.0	0.2
0.0	0.0	0.24
0.0	0.0	0.28
0.0	0.0	0.32
0.0	0.0	0.36
0.0	0.0	0.4
0.0	0.0	0.44
0.0	0.0	0.48
0.0	0.0	0.52
0.0	0.0	0.56
0.0	0.0	0.6
0.0	0.0	0.64
0.0	0.0	0.68
0.0	0.0	0.72
0.0	0.0	0.76
0.0	0.0	0.8
0.0	0.0	0.84
0.0	0.0	0.88
0.0	0.0	0.92
0.0	0.0	0.96
0.0	0.0	1.0
0.0	0.0	1.04
0.0	0.0	1.08
0.0	0.0	1.12
0.0	0.0	1.16
0.0	0.0	1.2
0.0	0.0	1.24
0.0	0.0	1.28
0.0	0.0	1.32
0.0	0.0	1.36
0.0	0.0	1.4
1395.1971362269142	1365.0229169687623	1.44
1258.3362306748224	1244.8449427597145	1.48
1199.4455672084687	1166.517954558612	1.52
1129.2684898895654	1140.4141540967787	1.56
1173.1915226083995	1135.8078627629843	1.6
1184.9382927215493	1153.6183470001342	1.64
1210.7322558296105	1172.9166109907103	1.68
1244.6126221742338	1202.6847018070332	1.72
1253.5588845016316	1224.61649817167	1.76
1262.3700480617235	1239.2551874085727	1.8
1241.9866689452185	1236.0149058116017	1.84
1148.4309255238027	1144.9880113520196	1.88
1113.7083048409118	1115.7232552165601	1.92
1097.3213070045704	1088.5194157799467	1.96
1087.5282038398882	1087.4342908267354	2.0
1070.7655950150947	1090.392662022454	2.04
1064.7213773934634	1099.8679839549347	2.08
1076.1938679313876	1176.1333919004846	2.12
1071.107278028843	1217.0337548006864	2.16
1065.4807174605814	1223.0771164329578	2.2
1066.540445297974	1195.655262530784	2.24
1058.459681548347	1181.9389501569226	2.28
1040.9969953175462	1099.4666804876722	2.32
1027.5193622391666	1060.554087739596	2.36
1031.259951151245	1089.5506440096274	2.4
1034.716996780631	1100.5204182904245	2.44
1039.0815806885641	1101.2060090654961	2.48
1047.7818467281793	1117.9708843286455	2.52
1045.0186850216942	1114.9096924092012	2.56
1037.6976630673125	1119.0493323370317	2.6
1022.4823983467079	1106.2876507237618	2.64
1017.0156876007826	1088.9837392225515	2.68
1020.6262940508798	1099.5401813734982	2.72
1024.947843115862	1094.5946912973877	2.76
990.6162954110476	1038.6131014214761	2.8
925.8730469700665	972.2897132554483	2.84
859.3952869686473	869.6071895325827	2.88
785.9318314621403	756.6854562856222	2.92
712.382409722906	639.7424104749119	2.96
651.3010226053605	574.464980097076	3.0
577.5453314974333	490.5957732780592	3.04
501.6624489303594	397.70492871107626	3.08
420.20540415939115	348.7292762302204	3.12
358.0166793767177	251.46997427006087	3.16
287.13355171209594	275.27703700975246	3.2
1116.137925331096	1123.4240846340924	3.24
1109.9050786378045	1117.018106425358	3.28
1104.9548161744528	1113.2654279606415	3.32
1101.81440091465	1113.8094210049055	3.36
1099.5642636582957	1119.6472533300505	3.4
1101.6589166296435	1132.2178291090506	3.44
1117.563895820207	1145.2819339523453	3.48
1117.027335132352	1155.36800473867	3.52
1132.0526373349167	1156.138859548909	3.56
1152.7960717650017	1168.7559781793839	3.6
1166.9919621048816	1185.3434190437983	3.64
1175.996822059108	1183.468772721619	3.68
562.0562327438608	474.6029900447088	3.72
601.663364211225	584.7031502370867	3.76
634.1395110162134	615.3182894901769	3.8
665.3082254513617	663.8010528031226	3.84
696.6243258081806	703.2657095088753	3.88
731.078746185901	756.7342662716646	3.92
765.6164989337808	783.045557871138	3.96
808.7194558659075	839.1602235675932	4.0
853.8308393844953	876.3197664145362	4.04
903.5261531151351	902.8492967475247	4.08
949.8215514064232	955.4204816093021	4.12
984.8463574982787	975.5375806166362	4.16
1000.2700286676139	998.1299475803061	4.2
996.8585408854588	1004.7820853102403	4.24
989.1925515108478	1001.8491762271266	4.28
974.6419720778592	986.2389390143087	4.32
955.14920993085	962.5362967507365	4.36
941.039855246715	950.761423131518	4.4
928.0387343687482	931.2629461732536	4.44
923.4069370588235	937.2621364979432	4.48
917.8038187235306	939.3124712104471	4.52
915.7718646909507	939.5610804590559	4.56
913.2442392756393	935.6531546978406	4.6
908.0969418647228	930.9302234008188	4.64
907.1707744755095	930.7979528117019	4.68
903.9510007576488	927.6050320532023	4.72
903.1746007224106	931.2475545706719	4.76
904.6791546127483	925.3727286253046	4.8
905.4912987087055	927.271751026801	4.84
909.3039207228471	924.7653033359451	4.88
913.2770244004256	928.7298580783078	4.92
919.2100028112851	931.593759367444	4.96
921.5407570220138	933.4894496237678	5.0
919.9862810177734	932.3352076731874	5.04
922.0199349359407	931.9582656256405	5.08
920.6493491021404	928.2230321892221	5.12
923.1237211272764	929.3566170604934	5.16
922.5646415413403	934.7755200454517	5.2
921.1367172830157	930.731330468	5.24
924.6141958599488	940.036874258643	5.28
924.4434781311146	937.3636718416988	5.32
922.702280243103	936.4475429067978	5.36
912.5227889633408	927.2473871764304	5.4
911.3452758960307	903.3318491629125	5.44
908.4552065734913	895.3328391678898	5.48
908.8922298149978	912.5329405018539	5.52
924.7102206761383	949.4690542060247	5.56
940.9468278503082	951.0117301628949	5.6
973.3913759891637	963.121904025616	5.64
1005.3681228167592	994.0314211728416	5.68
1035.326485771776	1014.8329242806968	5.72
1060.1154536595463	1048.027957879012	5.76
1085.5788839086995	1084.9692662558184	5.8
1103.769177159671	1115.4029396194026	5.84
1121.3976862433872	1120.469612373582	5.88
1138.5523374501702	1140.0131194601636	5.92
1149.2149934057816	1145.7478346745877	5.96
1157.5286035189574	1151.1183986521469	6.0
1163.0914845320513	1156.4282692815032	6.04
1170.727346776384	1160.832845625795	6.08
1173.9017962674718	1165.3174733785977	6.12
1175.562762835105	1161.2769703919996	6.16
1177.6249767410004	1160.553172608108	6.2
1175.7680480760125	1159.5330454894427	6.24
1172.2831424658482	1155.2621559399388	6.28
1172.9917595021377	1157.9550382434713	6.32
1175.746927411103	1160.6996938455686	6.36
1174.4155918843564	1163.5735118673638	6.4
1170.1181660404452	1157.813394069191	6.44
1171.0144131497377	1161.5079085518855	6.48
1172.2176212373984	1163.5688154391812	6.52
1173.275637742972	1165.2006525396614	6.56
1170.6705340865512	1164.0197521879172	6.6
1170.7358976551097	1169.1353506675407	6.64
1168.9129279036129	1170.352647338936	6.68
1168.1961663553145	1166.3111824741281	6.72
1166.5579361527118	1175.6936166794922	6.76
1167.9335727922714	1176.2637187772543	6.8
1167.3359182658448	1173.121138467561	6.84
1166.6086184143924	1173.8442176518854	6.88
1167.677030114681	1176.2102133297956	6.92
1165.037840567938	1175.145163404743	6.96
1161.2024596778506	1167.7259207040618	7.0
1147.2085885540646	1151.5607984211147	7.04
1132.1857116276608	1141.6228626285415	7.08
1114.187102614091	1124.6971817137673	7.12
1096.46951587817	1111.4113532350805	7.16
1079.7549778141215	1096.5089054967852	7.2
1068.0886634492417	1079.280583847683	7.24
1050.2578783607482	1051.204931672255	7.28
1038.2582153527076	1052.5219493612262	7.32
1020.9719662170153	1012.5817839916416	7.36
1000.7828362131527	996.9046578983597	7.4
969.8603035988103	964.4760637161568	7.44
940.556366559884	923.41473134112	7.48
907.9320629751131	904.1780486733044	7.52
874.7826590155624	872.5985006354346	7.56
854.5925982261659	827.2978911177457	7.6
835.1558795997631	821.5675769194107	7.64
829.8651470158559	818.2562740129848	7.68
827.9950021016413	802.1851413364766	7.72
821.4285264803201	805.7239379252158	7.76
816.7132744901135	796.101972077158	7.8
818.9139280201892	798.5621943850177	7.84
816.3936856446779	798.3345599864044	7.88
817.1219225566721	802.58090736497	7.92
821.3992527697716	799.17606571207	7.96
821.5203807590884	805.9121434038938	8.0
827.3965670703355	800.2763307103346	8.04
828.466191910425	813.9380326890645	8.08
833.4751572644661	814.2115240161731	8.12
839.4989263406271	825.1968769186728	8.16
849.775509425239	842.0199462666823	8.2
862.4139989701926	858.0940346740481	8.24
867.5650078196716	860.9413744230415	8.28
881.7061776140648	859.9415745959644	8.32
886.8170171268243	886.409383716778	8.36
888.6098033454618	877.5326732437219	8.4
893.5378886717288	883.3263103792087	8.44
903.7528236397316	887.8418094753298	8.48
903.5586351043994	895.4824286615849	8.52
915.3740329689097	908.1333810969095	8.56
923.4373842149653	905.9803398215045	8.6
938.8498922612185	920.9499996749071	8.64
960.1101234339831	932.9327693008959	8.68
979.2114516404855	953.2809079614126	8.72
1013.0840706204849	980.5960028717961	8.76
1044.2165376966002	1000.2974503639194	8.8
1067.2710438723689	1048.149513733123	8.84
1095.3638997556352	1097.098313530141	8.88
1115.362134920737	1125.0697808196771	8.92
1133.3840268318943	1177.8871939803053	8.96
1151.2560600896652	1194.3457654363406	9.0
1168.818702956784	1231.2638581029694	9.04
1175.1536411577624	1234.9227707891137	9.08
1184.8482497395084	1234.8493371948764	9.12
1191.665631684442	1236.1163796765215	9.16
1188.6982755864938	1235.8270311673753	9.2
1190.9889590037121	1223.9679992754347	9.24
1193.8069141373426	1214.389657643382	9.28
1197.6058202692473	1236.8053327986588	9.32
1202.0857330865797	1235.07532383875	9.36
1203.2901083822237	1246.6063795415	9.4
1203.129973301141	1251.5510606429016	9.44
1207.2057401475652	1246.973733035499	9.48
1208.4286715966894	1244.2075558535182	9.52
1210.402110084643	1252.7785495204585	9.56
1212.070374909894	1251.6776372035183	9.6
1210.8137934901486	1258.7888362321532	9.64
1211.7729817821253	1256.484557830581	9.68
1208.932152754342	1251.0013734816496	9.72
1209.4519105929592	1257.67517694014	9.76
1206.73311100427	1256.8681889500713	9.8
1202.7826208967415	1243.712725371391	9.84
1199.9491868658465	1250.3522955393905	9.88
1198.524312282899	1241.1787460979813	9.92
1198.2755687478245	1243.1957611590785	9.96
1197.0201898424252	1237.5083949926368	10.0
1197.3445057723864	1252.8704816701393	10.04
1198.4887064096156	1250.7993538062155	10.08
1195.9993293514822	1249.4331580492478	10.12
1196.9050242722128	1251.2382132917774	10.16
1199.9875974540955	1250.8211500467858	10.2
1196.8038040414444	1241.6393952523315	10.24
1190.8511736252858	1249.5281833076633	10.28
1184.783126163875	1224.9772357991208	10.32
1186.413267432033	1239.9777328277276	10.36
1189.6210175551403	1241.3451023915238	10.4
1189.622922137223	1217.1894652383696	10.44
1192.408154417139	1238.61133153401	10.48
1188.1682894111234	1219.7979576749115	10.52
1191.017871607756	1222.561437733148	10.56
1186.8798323720735	1223.8052873860709	10.6
1185.2456293298433	1217.534758386243	10.64
1176.9560490630397	1221.7015128662476	10.68
1173.1935774313988	1222.762647612619	10.72
1160.5358845932085	1204.8262491206788	10.76
1152.3498989604564	1189.0487078855754	10.8
1154.3588512178176	1188.050759929663	10.84
1157.760276433168	1196.691983729084	10.88
1165.6731391469973	1211.1143005279657	10.92
1167.841738243122	1219.776894656941	10.96
1170.692459950244	1218.0564945644142	11.0
1171.6990742162775	1220.2761210529404	11.04
1171.0542964496976	1214.9631055278937	11.08
1172.7726135911357	1208.7256950350272	11.12
1171.6025905483316	1219.5392284018526	11.16
1174.0440516842402	1219.0016815738823	11.2
1172.2798582984449	1219.5031924890145	11.24
1174.0242076154182	1220.2860943610367	11.28
1168.619244378312	1200.125762582871	11.32
1163.7353607823784	1214.8507128009	11.36
1163.4425914754058	1223.156045794571	11.4
1164.975671432541	1222.4857107854682	11.44
1167.8026439454557	1216.8352965777894	11.48
1167.393902569784	1222.123316522333	11.52
1171.9301835601834	1225.058558587738	11.56
1175.3064054429221	1223.9978903078788	11.6
1176.8341396039418	1228.7459320199505	11.64
1173.8224543792069	1227.3163739711063	11.68
1173.3520336098222	1223.8419080559113	11.72
1171.5574162237995	1224.67560320943	11.76
1170.4490505361603	1224.4121316414398	11.8
1169.322638441828	1226.223045223949	11.84
1171.1139855773292	1231.5292078348066	11.88
1170.5237845554132	1227.8608244158654	11.92
1170.2517984764672	1221.1082684337555	11.96
1162.495809702379	1211.2548008344265	12.0
1156.9240659855584	1180.0768397564095	12.04
1154.1636116363577	1202.0585240443218	12.08
1157.2837575621397	1202.563783444882	12.12
1157.9424213645789	1197.9475017844504	12.16
1161.429369536725	1191.8238060183346	12.2
1164.0831341398505	1191.2138852781836	12.24
1162.606532477388	1193.9676677919135	12.28
1160.1547938945023	1200.412454871255	12.32
1162.3047482885734	1204.5966985122031	12.36
1159.0045488389144	1203.9559383794578	12.4
1150.6417573632182	1203.8018645733398	12.44
1146.146128283244	1195.6587729925006	12.48
1145.8154516574073	1192.6818510213232	12.52
1146.8846490722326	1183.558405354296	12.56
1144.5073332655786	1186.618430083253	12.6
1141.8318476734175	1191.198040071451	12.64
1137.2696263836747	1175.0292909547627	12.68
1132.2870234182944	1172.196162186837	12.72
1121.1817480434017	1158.6774348381475	12.76
1111.5441240716566	1139.9619263415561	12.8
1106.910303987982	1132.045165920802	12.84
1104.819593194893	1130.104206913048	12.88
1101.8284578389814	1123.9990215978887	12.92
1100.3849888905918	1123.8799949805023	12.96
1099.9460953662617	1123.1720414866834	13.0
1103.2790864385724	1142.3845151149526	13.04
1143.1419368765976	1205.160224586337	13.08
1186.2714045550185	1231.9334516329518	13.12
1192.2139712502765	1234.9231169103823	13.16
1189.0231779646267	1237.498153726731	13.2
1180.1908287929969	1231.9312587900326	13.24
1177.2371749515196	1213.8636403352632	13.28
1183.666125275482	1218.8891475990624	13.32
1185.8405572773759	1227.2704388336167	13.36
1191.9348802106813	1220.3161815097105	13.4
1194.3126270936227	1220.933566361178	13.44
1192.7738967310866	1217.975340981509	13.48
1191.6649497096148	1214.403706634106	13.52
1190.6230638385696	1215.9192888761424	13.56
1188.6098773438425	1225.2493789422635	13.6
1189.914697721908	1226.2872195134935	13.64
1188.5971010625053	1213.8661393522398	13.68
1188.9754311026238	1225.515070805287	13.72
1192.070443325989	1232.2082959295888	13.76
1191.0845635188807	1229.746954431952	13.8
1189.2741318187727	1229.8671450791405	13.84
1187.4400618462582	1218.9413125855085	13.88
1181.4136832455483	1215.390105612767	13.92
1169.9634302861753	1194.9345911757646	13.96
1144.513748095503	1165.0997537576675	14.0
1135.5258456034314	1162.3579668389837	14.04
1122.764443027336	1158.100465674955	14.08
1101.6390040260487	1137.982057120624	14.12
1085.410037573049	1104.2824118407927	14.16
1061.4458429644228	1085.1896639015924	14.2
1038.846625226647	1060.4677680709833	14.24
1021.7410199230059	1066.6000636150836	14.28
1014.8779887168095	1056.1372228430123	14.32
1009.552604247315	1045.8094789756701	14.36
998.1308524355004	1035.4342876594221	14.4
986.2288241029917	1003.6669954436245	14.44
974.4462757941762	983.1744295447735	14.48
971.363854512836	979.4508158391917	14.52
976.8092403516946	993.1023003146227	14.56
978.1684212658114	1010.4091421158035	14.6
981.7247502872748	1023.3546032211099	14.64
991.9194822443269	1018.9435682766962	14.68
984.7747765457453	1008.3815820094468	14.72
980.5502866686782	993.9738652765836	14.76
974.7732972194977	981.1823587978571	14.8
961.5135142120337	978.634372311236	14.84
954.0665146554015	973.5620047122693	14.88
956.1068397709763	966.0549283897984	14.92
952.7403673040044	962.232489593518	14.96
954.1079373210727	953.1078416887574	15.0
959.5401144116116	956.266741398442	15.04
958.4586555264533	951.050997495858	15.08
958.1225633518416	969.3156437555167	15.12
955.2372269315722	961.5658149624854	15.16
955.7438313910272	950.1491116618746	15.2
953.0492234193367	957.5888439695542	15.24
952.9854261700805	954.5068210418082	15.28
955.9744822186104	958.571096434731	15.32
950.496595819825	951.7579850925467	15.36
951.4397271281356	952.8321640025631	15.4
951.717584681544	944.1037475852863	15.44
951.0204840652726	950.833074066089	15.48
950.7133800959056	942.0056229771026	15.52
951.5176187543123	950.6696193652434	15.56
945.486773165234	935.8332914093806	15.6
945.3311744389416	949.8034724147948	15.64
947.6510170662664	947.3592847202322	15.68
947.478259756851	959.1004933250342	15.72
944.2846882853305	947.1461502234754	15.76
946.5369139219023	957.0782333675927	15.8
939.3014480708683	946.6863449266904	15.84
930.5031057375047	958.912258746466	15.88
926.1244022444376	948.829514161966	15.92
920.4750112125869	941.4568044073819	15.96
918.2265674985954	942.51574289818	16.0
910.0545394700964	937.3297406139126	16.04
919.4872134554163	895.987373883361	16.08
938.39129406388	926.8341972508022	16.12
965.5151222203855	968.2340007677277	16.16
996.6620916211643	1008.4448527288811	16.2
1022.4248110442967	1051.5712989174363	16.24
1047.8301331322327	1058.8486296002936	16.28
1074.0756858418836	1061.4795039528487	16.32
1098.6200570214824	1100.018905060783	16.36
1121.8261021640676	1122.8240357686107	16.4
1145.3810765640042	1154.5671482582711	16.44
1259.6916522346598	1080.350099609664	16.48
1187.5609939000267	1159.3576927981992	16.52
1206.5789587603576	1193.5333281045453	16.56
1213.538668539851	1209.3882799485789	16.6
1212.8319559504753	1213.7421909286918	16.64
1212.8537641487626	1205.328138642768	16.68
1215.3443041371534	1209.1554943657452	16.72
1306.9506289708163	1148.8282274453748	16.76
1220.807480919745	1188.9027030329719	16.8
1231.0000898847404	1220.9020483646616	16.84
1243.3661427421973	1247.3468275780683	16.88
1273.87628386353	1284.0222316202542	16.92
1303.9501717545193	1314.0127033257613	16.96
1333.8263279072885	1345.939878295553	17.0
1357.5105833307584	1377.7013823491852	17.04
1379.0822521380433	1409.0403426757364	17.08
1388.2229588388097	1406.2186648785876	17.12
1394.897342544762	1404.6020209554758	17.16
1394.7557515041494	1409.6444300531653	17.2
1381.6368302834687	1390.657486215769	17.24
1367.3085987543143	1380.2573380272945	17.28
1346.4832712211767	1358.0985543198058	17.32
1328.007530499551	1335.3461422510547	17.36
1311.1798821712696	1323.4426483292725	17.4
1297.3066781699615	1311.824313929306	17.44
1280.8749487240148	1295.1752884714756	17.48
1263.2627460803417	1277.795006667421	17.52
1249.04603588318	1272.0073592834945	17.56
1235.5150797378112	1246.802907238342	17.6
1224.9391018789233	1234.9076319314065	17.64
1214.0825191589734	1229.2504051346568	17.68
1208.2619383574097	1224.5149683146406	17.72
1200.4076636374018	1218.7991373834382	17.76
1194.335278222934	1211.356678993496	17.8
1188.3315481348534	1207.260297367487	17.84
1181.6662470903398	1196.9617198584547	17.88
1173.4806258808317	1186.9622164268667	17.92
1166.4764608650614	1184.5621036252128	17.96
1162.713937113986	1173.6956833509419	18.0
1159.8584472862128	1175.0562635570939	18.04
1156.4494917913382	1171.586590345455	18.08
1151.9022964453611	1167.1708447564283	18.12
1150.235847679108	1164.1716334532866	18.16
1149.189399748795	1165.249816361211	18.2
1144.9662968873458	1165.6289882329813	18.24
1143.7944757031712	1161.639453065296	18.28
1142.8662600022642	1163.2144167676404	18.32
1142.3431456757955	1158.7067603759479	18.36
1141.478903057067	1160.419045856366	18.4
1140.4664863400817	1156.7998539828002	18.44
1139.8733581428164	1151.4131841234284	18.48
1141.6626691198448	1152.8152952874036	18.52
1143.250794266599	1153.6369617789883	18.56
1140.7898495298416	1152.1560879039182	18.6
1139.0869780297537	1156.729039561079	18.64
1140.1493576916585	1154.3184774886922	18.68
1141.0900995284264	1152.7517999392876	18.72
1141.9222621955025	1161.1124616952607	18.76
1143.9901434156143	1152.8484739088813	18.8
1150.191060092412	1167.4368648890752	18.84
1175.6833732381726	1194.6924325429952	18.88
1201.2378870691036	1226.9448321650289	18.92
1226.7812916499017	1238.1438352461244	18.96
1245.4307563025286	1253.2427270944547	19.0
1258.0653691259597	1273.0807537804592	19.04
1267.3927012714446	1289.3154500063129	19.08
1281.2693941067407	1291.1882141537715	19.12
1293.0665398002689	1306.8519896884582	19.16
1307.5301434599073	1321.179843562297	19.2
1325.5175070162343	1335.3887873122728	19.24
1342.9770881050472	1351.0451844962342	19.28
1363.9232639514746	1358.6244632001383	19.32
1382.8523514213007	1390.088529349967	19.36
1401.892657722683	1408.9831217545131	19.4
1420.7262485601254	1435.9858946209536	19.44
1440.645433180718	1452.0489283835745	19.48
1456.8311139663049	1464.9583936774275	19.52
1477.6964749572192	1478.76107547774	19.56
1486.9791373462285	1493.4186392925494	19.6
1495.703125655759	1505.801928982156	19.64
1502.5112988422575	1514.2370630626488	19.68
1507.6889176120471	1520.294675901877	19.72
1509.0827751066904	1520.885031736674	19.76
1512.6324988050937	1512.7263165028814	19.8
1515.8835054018994	1517.9030753383279	19.84
1516.3317220450333	1518.6355722431927	19.88
1519.4118961382394	1525.6294144961134	19.92
1521.7223685091085	1522.9507801347659	19.96
1521.8611114268813	1515.7654018618307	20.0
1517.1108089610987	1522.4729270067662	20.04
1514.378039039357	1515.33537512301	20.08
1509.9094775312665	1504.9491148600978	20.12
1509.9830875729847	1512.727637388854	20.16
1505.406993199225	1509.2045915499255	20.2
1506.4362547330334	1505.5426462695532	20.24
1504.923556780932	1496.5170873542922	20.28
1503.5023541318292	1496.4815276546408	20.32
1503.3608089407146	1503.299645492529	20.36
1502.5137128226502	1499.9040146940783	20.4
1499.6555455764649	1498.3241104645126	20.44
1498.3250621839522	1500.6104219407116	20.48
1498.0724474074652	1497.8560821959068	20.52
1495.947633493965	1494.5750897185605	20.56
1497.404601738938	1495.4673009611697	20.6
1496.490013285122	1498.0273845020988	20.64
1495.7584976223038	1496.2709095966081	20.68
1495.403384041683	1497.8448393877115	20.72
1495.7219909998819	1498.3994914790683	20.76
1497.6703422630585	1497.1669534758385	20.8
1497.8357788886426	1497.5688465491671	20.84
1497.6405636981365	1487.7204667483202	20.88
1496.949144833196	1494.671851833239	20.92
1496.2551208934956	1489.4135227530624	20.96
1496.9702701915548	1491.8271751417403	21.0
1497.2803820054994	1491.1983753947354	21.04
1497.5153313059568	1492.3494172084959	21.08
1496.7788652669062	1493.5387230543554	21.12
1495.1840461077368	1489.5706913224578	21.16
1494.6214437884817	1485.6385420418878	21.2
1494.0649981764004	1487.0137564668712	21.24
1495.2067141035025	1490.140844168941	21.28
1492.2765675018488	1487.1736833473392	21.32
1494.5605804187587	1486.8153108709432	21.36
1494.4649665385052	1488.7220945450886	21.4
1493.3807966793622	1493.592911737654	21.44
1492.0990035960187	1495.4788154633925	21.48
1493.8035175854543	1494.349820050537	21.52
1492.6175872699127	1492.7385236672658	21.56
1491.4715844150069	1491.754538805056	21.6
1492.0581128088209	1487.3613625717949	21.64
1490.6517871051028	1494.3791851798612	21.68
1491.6458482584844	1495.9414040352617	21.72
1492.0911838384188	1496.2371591455744	21.76
1489.5582051054573	1490.5342308905283	21.8
1489.6556672438944	1486.6936147931253	21.84
1487.9201758178435	1487.6812672083322	21.88
1488.9574782532181	1489.5221553659699	21.92
1487.3631915078663	1484.0650275157843	21.96
1487.6157100445557	1487.470002384382	22.0
1486.6292748675264	1486.067792770607	22.04
1486.2835737375094	1489.0196921362844	22.08
1484.7638419967648	1488.013827833975	22.12
1487.128345366909	1483.7408124093306	22.16
1486.5575877417932	1482.8955146010367	22.2
1487.2451227075014	1483.3372814769577	22.24
1485.9406487920364	1486.570524714342	22.28
1487.2547484867614	1491.4761594921667	22.32
1489.2648825372469	1492.3669631993744	22.36
1489.643587620808	1495.433650572	22.4
1488.7428973065157	1491.8550968983193	22.44
1488.480282587723	1491.877843928014	22.48
1488.852547673696	1497.9532235113775	22.52
1488.68305423367	1495.6209577511959	22.56
1487.8649795063968	1497.4156905460002	22.6
1487.5018542492908	1494.9125641200128	22.64
1488.5950426492602	1491.9698054584292	22.68
1486.6567319967185	1492.4342207027016	22.72
1485.6941664464139	1485.9953160746957	22.76
1485.3398658060994	1491.7481847794547	22.8
1486.6754818074699	1500.9327820854612	22.84
1486.5217194461243	1495.1985651346909	22.88
1487.958280911503	1494.550380859906	22.92
1488.8507804876633	1495.8733592996819	22.96
1487.9089054906306	1487.854498487466	23.0
1488.4486554808225	1491.5537009248483	23.04
1487.6982598412471	1495.4292866632436	23.08
1488.469517086987	1493.3942598859699	23.12
1488.5530297050109	1496.9253935012273	23.16
1487.4217351719394	1499.5103947323876	23.2
1488.078704019553	1493.8730143466626	23.24
1482.4755647755267	1500.117611889998	23.28
1472.8705823053622	1488.1966879493887	23.32
1460.7258384379406	1484.1336759296835	23.36
1443.208369895979	1456.3847051237433	23.4
1429.4140855080366	1441.958623075958	23.44
1414.9006572952658	1427.563967274523	23.48
1400.5818056576888	1407.6481915720487	23.52
1389.3786049958328	1395.2304100508472	23.56
1379.338261011705	1393.6484123477856	23.6
1367.5183061517378	1377.8232126354242	23.64
1360.3460282853384	1373.4686203195806	23.68
1351.6181002720552	1360.1846880631895	23.72
1348.3870587933582	1360.6049740640724	23.76
1343.0442676443547	1360.0574329800838	23.8
1339.533580786184	1348.8334506219135	23.84
1337.5317919957895	1349.9271389879593	23.88
1334.2688394276504	1348.1203963338019	23.92
1331.9936082651489	1337.378520055988	23.96
1332.8463871331774	1339.7458917788585	24.0
1328.9883123176573	1343.473367387746	24.04
1327.5577019346858	1337.6134220413603	24.08
1327.8207360562192	1339.62843766014	24.12
1323.0170310063397	1327.3495274837728	24.16
1325.4431572619058	1331.2481649770477	24.2
1322.323281927933	1335.2841046748897	24.24
1317.1872107223094	1329.2949649109228	24.28
1323.0755964479192	1330.8612749579472	24.32
1316.0511566390633	1322.3823456493683	24.36
1319.748294849722	1327.1065417277007	24.4
1315.4761686061856	1327.4564147683918	24.44
1314.6796962854155	1327.9058987612052	24.48
1318.8320470774906	1334.1444195605504	24.52
1314.4502836926947	1321.9850499380714	24.56
1319.0559982854636	1322.440227163848	24.6
1319.145796438409	1335.0654924135613	24.64
1318.9575033812478	1334.1175705811752	24.68
1321.2634289073314	1332.9402801177453	24.72
1326.8384784835855	1338.4102983353362	24.76
1322.5536599799293	1331.0137206806223	24.8
1327.3462119854669	1332.538111424961	24.84
1323.7891527128802	1338.2474048524628	24.88
1328.6732896639537	1341.573751434306	24.92
1325.6551712254263	1337.8952071781557	24.96
1329.259911723566	1337.7223767264861	25.0
1325.1080720109717	1326.6677179693395	25.04
1329.1138279516597	1332.6540430878922	25.08
1334.0404161383403	1348.4612082681156	25.12
1327.9966962408687	1340.516302818066	25.16
1332.6883821553467	1347.8550363643742	25.2
1326.585940663066	1332.3413301882888	25.24
1329.7042030184507	1329.708710642564	25.28
1329.8701893045265	1335.7984976230337	25.32
1331.6339752579524	1351.0893249495668	25.36
1329.3182715366154	1341.5100403804715	25.4
1332.6911470192504	1349.9454707749699	25.44
1327.6258347948688	1336.4804389549702	25.48
1332.8771268505632	1347.9882938430912	25.52
1328.6554774733468	1335.793596199133	25.56
1334.6170129543063	1350.2614237835044	25.6
1331.9855295864004	1345.0965751477875	25.64
1331.2895381519888	1344.4437705116545	25.68
1331.2589164662024	1342.9060731660938	25.72
1332.0435657949133	1343.7905634039125	25.76
1332.1655829531992	1344.8581944857654	25.8
1333.884459546809	1349.5456047136172	25.84
1332.9815748991898	1345.0204957759915	25.88
1337.6048638004559	1349.9334065260691	25.92
1335.7472077012583	1350.376540045983	25.96
1338.253227931483	1355.5045335858836	26.0
1336.9600128016991	1343.3216542873363	26.04
1339.3551244077644	1345.9644513594217	26.08
1339.7301182292506	1356.6622101266787	26.12
1339.237445620031	1350.7848466434216	26.16
1341.2209009046792	1358.0862353784637	26.2
1338.0371493253288	1348.1222996555123	26.24
1341.7737950089895	1349.8167865512141	26.28
1338.338806488254	1349.5214706605059	26.32
1340.0962304552552	1353.3169032898713	26.36
1339.1864011775647	1351.735439141517	26.4
1343.2030554499463	1351.1355626587176	26.44
1342.1004810029885	1357.0367228845232	26.48
1339.4253631446695	1353.4197891743893	26.52
1339.6368366727036	1353.6846437189417	26.56
1343.1797671760394	1360.1001350257218	26.6
1340.4207000884885	1350.483896223135	26.64
1343.5473280819056	1354.7966240480207	26.68
1340.0849808331368	1356.1439295526143	26.72
1343.9864773094123	1357.8501084210284	26.76
1340.5401954511624	1351.3669110558008	26.8
1345.287706679627	1359.6498574183006	26.84
1341.9482188352495	1353.5890319716395	26.88
1347.6045483676846	1361.5253782783973	26.92
1342.62784057046	1349.7344311981722	26.96
1345.7171454254237	1351.3510394808873	27.0
1345.0802467734663	1357.7936158854056	27.04
1348.0342586509046	1360.9574385601309	27.08
1343.8618294579635	1353.4999667251818	27.12
1345.3706290225746	1359.5793933500752	27.16
1344.474526925402	1355.3010791544623	27.2
1346.119120359024	1356.2412366679837	27.24
1346.791976832707	1359.2020389687664	27.28
1351.206619617276	1368.956509802186	27.32
1346.1493589991098	1352.3898353747204	27.36
1347.2904690413416	1354.7406870711297	27.4
1352.3262893506096	1372.9053905536423	27.44
1350.1623466103215	1360.8868865849538	27.48
1349.4291311524778	1368.469326584871	27.52
1348.1430427117887	1353.5663247082603	27.56
1351.9446465323465	1366.6025587531158	27.6
1347.084272580449	1357.9825821998368	27.64
1349.354244243937	1358.9625351752004	27.68
1351.7030790145252	1369.8868318062296	27.72
1347.6252908788604	1360.9223952137938	27.76
1351.6092247099605	1370.4864104245414	27.8
1349.52937898485	1356.0430236875693	27.84
1350.2478494498894	1358.5193083406468	27.88
1353.0985105793773	1371.2562776764055	27.92
1347.7504550474519	1362.6153506973017	27.96
1350.9387325411938	1369.6006835745761	28.0
1347.1324576157594	1359.1773868199905	28.04
1353.9584254673969	1372.7399794019934	28.08
1350.586464863129	1363.0416333536969	28.12
1354.179650935442	1373.8651120365066	28.16
1350.3116746666103	1353.076541654766	28.2
1352.5091578298582	1365.0096377553846	28.24
1354.0665529079029	1368.092492300176	28.28
1350.2515056217449	1360.4342386187482	28.32
1356.163550307758	1373.7647005345102	28.36
1350.7802330756697	1363.892589284226	28.4
1354.6350658180304	1376.7059162484347	28.44
1352.9615319456364	1364.215697512006	28.48
1353.697996834177	1373.7478650499431	28.52
1352.8887217832098	1364.3824621804574	28.56
1352.2850362114725	1367.3568529683444	28.6
1349.8988931719018	1364.3579703397595	28.64
1353.728423182774	1370.5251551013	28.68
1348.8467625605128	1358.5815385381306	28.72
1345.3948572983238	1358.018325157559	28.76
1339.2530992452787	1349.4090902893158	28.8
1326.434990457429	1337.9192809415315	28.84
1313.3473943205336	1319.4467849270613	28.88
1285.1461705100035	1290.1381861846996	28.92
1247.425331063549	1247.4618362778956	28.96
1210.443025474086	1206.2629039638596	29.0
1173.263905882155	1162.589337170217	29.04
1142.4472508213755	1122.9844358287874	29.08
1113.5609233778648	1097.0630716654568	29.12
1086.7111201265052	1071.0721565219355	29.16
1064.3747681938846	1044.057310798352	29.2
1053.3122214366308	1051.7099231389525	29.24
1045.4073051259531	1048.517499408913	29.28
1037.2941787692544	1026.0478513109338	29.32
1031.4534272577987	1038.7760793329333	29.36
1020.8173546901023	1033.1420171494838	29.4
1024.0922277196528	1035.8394435753016	29.44
1015.447428810051	1033.8017177350503	29.48
1012.8657094808934	1035.1252645265174	29.52
1010.2150434339906	1020.9846297953827	29.56
1006.1849096630565	1020.4542304941828	29.6
999.3234249173559	1008.7093565019204	29.64
996.8830775783746	995.4673696354686	29.68
990.8673355087462	982.4991488799574	29.72
992.7245762267307	1001.8147307792249	29.76
988.9671363913205	989.443109824886	29.8
986.8543701007288	996.0284669872474	29.84
985.598341554549	988.8606284935007	29.88
984.7455100459144	990.7901082847967	29.92
982.6526258774181	990.3426910371718	29.96
980.9621801458501	996.184592256186	30.0
979.2765853704907	979.5658613101708	30.04
980.5394099230483	984.1588679266147	30.08
980.5633304167173	996.0604005913582	30.12
981.1892422438974	980.0506259847423	30.16
980.0273562186248	983.1320654820242	30.2
977.8696423202649	983.9051451520078	30.24
976.9287106611581	980.0125437254501	30.28
978.001989898043	982.1787415106699	30.32
979.7323522550568	980.5505380441426	30.36
978.0238348509164	987.4541552694277	30.4
976.8079933996288	983.3447664276623	30.44
975.1562502702851	993.7734236813769	30.48
975.8374079312713	969.0981995360884	30.52
977.2014957849862	980.0598754755866	30.56
975.1403243592831	979.225158080086	30.6
976.3476689885665	983.9228847612441	30.64
976.5641030896439	980.0697461944302	30.68
975.532221455579	983.3297887116398	30.72
976.4608150626788	981.9750772869297	30.76
976.275645309743	980.9656233553261	30.8
974.0207879305445	976.8694919649807	30.84
975.0447063523662	978.3452255700175	30.88
974.1494723284201	986.3890791746411	30.92
974.9225542191591	971.4142539708495	30.96
973.7381381728296	990.9285124392644	31.0
977.5364326946244	984.3989314470227	31.04
975.475049902886	993.5401960546202	31.08
981.3804972323911	993.3997723080009	31.12
983.729890132413	995.6988178222597	31.16
983.8522106542287	1004.0321435557205	31.2
986.837811906295	996.6667583454444	31.24
985.6565490920592	994.639989438802	31.28
995.246185551188	1016.7011042561551	31.32
1022.4931202481749	1029.29621943971	31.36
1081.35094569092	1107.7711938562563	31.4
1146.6875152158448	1236.6856591590672	31.44
1222.871715062353	1294.1906390964775	31.48
1306.0400446009771	1389.0294103831948	31.52
1377.4814407835881	1441.0896606335336	31.56
1446.0449978147165	1496.1497366318315	31.6
1500.2292669310514	1472.6454259183847	31.64
1540.6514055522935	1539.8746234528621	31.68
1556.3011457746704	1574.1705568527284	31.72
1567.1029584869	1577.3235462598964	31.76
1581.8261413923497	1591.0329593577167	31.8
1625.8298167198368	1637.4397879614078	31.84
1669.973872912235	1701.4219478033021	31.88
1755.793074244424	1753.9834570485827	31.92
1792.5799110910466	1799.4962135023563	31.96
1784.367872227085	1800.4420584496622	32.0
1730.3223242267243	1748.2702855602174	32.04
1629.0013169089564	1618.423402209889	32.08
1491.9590855067936	1467.6341614991925	32.12
1363.203585437426	1337.7658802659862	32.16
1229.6332697194632	1209.1323176296241	32.2
1113.6541699587308	1095.4482825314474	32.24
1052.7404319043446	1014.1954848911665	32.28
1009.8089984911787	946.6193911216069	32.32
997.9175555841051	911.400883389807	32.36
995.3845010149109	905.310601380786	32.4
1016.0801074674007	921.8944130223049	32.44
1046.280032757409	943.5896066666418	32.48
1072.691668687762	963.5302677720478	32.52
1085.2213028602016	984.5616857540047	32.56
1083.5828989052	995.1513404308241	32.6
1082.8441650213474	996.8593912759605	32.64
1077.7927267703085	994.2261411033405	32.68
1080.363493804226	992.8901937975336	32.72
1082.5509379346445	997.2388545280671	32.76
1074.3287327376786	989.0769996433542	32.8
1061.8180552719427	981.5080899124926	32.84
1052.5517437496917	976.7122640242302	32.88
1048.4326721943933	968.8524419359155	32.92
1048.5882460151754	968.1964943539879	32.96
1047.7567983541755	961.1471261680985	33.0
1045.285716213209	960.057282327675	33.04
1042.6259822563727	958.7389993646248	33.08
1040.661835977128	959.4311081083794	33.12
0.0	0.0	33.16
0.0	0.0	33.2
0.0	0.0	33.24
0.0	0.0	33.28
0.0	0.0	33.32
0.0	0.0	33.36
0.0	0.0	33.4
0.0	0.0	33.44
0.0	0.0	33.48
0.0	0.0	33.52
0.0	0.0	33.56
0.0	0.0	33.6
0.0	0.0	33.64
0.0	0.0	33.68
0.0	0.0	33.72
0.0	0.0	33.76
0.0	0.0	33.8
0.0	0.0	33.84
1063.1993598414795	1001.1286661069207	33.88
0.0	0.0	33.92
0.0	0.0	33.96
0.0	0.0	34.0
0.0	0.0	34.04
0.0	0.0	34.08
0.0	0.0	34.12
0.0	0.0	34.16
1070.0010838641547	977.9878886122974	34.2
1081.161273502125	1012.840218178774	34.24
1169.692415331652	1017.77277979651	34.28
1173.6072281843958	1015.2127933657932	34.32
1155.1264719852938	980.2912023208139	34.36
1130.3946209694582	971.4058157926005	34.4
0.0	0.0	34.44
1068.2649686996442	941.941795325216	34.48
1103.2093639218485	983.3109034754006	34.52
1090.2514230638712	982.4990187997823	34.56
1066.9984168337578	996.1891787247654	34.6
1012.5849811130188	972.0465277803304	34.64
1054.5757091847622	986.3392059396513	34.68
1066.8691090490972	984.7484569770048	34.72
1043.9971105812283	980.9796008207038	34.76
1039.252941492162	963.3583221022706	34.8
1029.0687201549306	966.7480695847325	34.84
1009.0890401418204	965.5714133768124	34.88
1031.227243887337	987.8320177358028	34.92
1078.743867258799	976.7481456209532	34.96
1060.5955054212893	974.8017204180288	35.0
1071.4430518962135	970.903117866063	35.04
1062.636335625927	962.2347741011009	35.08
1069.8696538289773	959.2159897321117	35.12
1055.9797813053747	953.391423720857	35.16
1060.4418367376118	940.5204442387509	35.2
1046.479508223512	938.491452152441	35.24
1044.9549479399325	940.9939990021231	35.28
1029.9252558397359	937.4646292898783	35.32
1023.7401718837864	935.1844383564314	35.36
1023.5389666713603	940.9027984888208	35.4
1007.9611717910108	942.5532834799924	35.44
1006.7435169598089	936.5999214255223	35.48
1002.4249148874616	939.3947214523314	35.52
987.544975684527	922.9893785061764	35.56
972.6255349415537	905.1165107724346	35.6
945.1419774776698	901.6975718162474	35.64
911.7473622051701	873.2847262677222	35.68
886.7552433556174	849.4053644276113	35.72
847.0830135699254	814.1756436045225	35.76
809.9599790801984	791.5407935039434	35.8
772.9309537815229	760.7090570737662	35.84
730.8485587374504	740.7830239273759	35.88
694.9908211849811	718.4317865610433	35.92
666.3311419213445	691.0935762180155	35.96
640.2798943615267	674.843799230171	36.0
611.0974662246821	658.9786271493599	36.04
596.173650218542	646.0612047961947	36.08
566.3456605680732	633.0503407506715	36.12
540.7748998263311	624.0331823742704	36.16
517.3632745134862	618.4636687537062	36.2
503.56490571639085	598.5428353659038	36.24
495.72413356511686	592.0100678734113	36.28
491.0834220959986	577.5165914273364	36.32
478.20801422056616	578.3440401450666	36.36
474.72766837656684	565.8729691075191	36.4
469.51167510653596	568.732386527195	36.44
473.52758643091425	561.9642143005199	36.48
461.7864936590433	556.4238571197263	36.52
461.0208566618496	556.9672565115474	36.56
460.141830183289	559.5957843725116	36.6
458.9456201856741	571.7082178113067	36.64
457.0683823845279	570.7307436391397	36.68
455.77121639396074	568.5447251431023	36.72
449.55488057584284	567.0388951481248	36.76
454.11223750112083	562.0417121047506	36.8
456.5485555974393	556.9880995372399	36.84
459.5770840383563	555.6759213284334	36.88
460.1625611839381	552.5478545286102	36.92
456.1130982497065	552.8726844421535	36.96
454.72953431012365	554.5675479079631	37.0
446.55228146313414	555.6618119301828	37.04
446.0371979350931	545.9524451872113	37.08
447.81362405179436	549.6360006203429	37.12
453.9088129732293	547.2997817938441	37.16
450.37743822446384	550.8184709764455	37.2
445.1022017731843	554.2336404227156	37.24
446.17333146304554	539.1434416719901	37.28
447.30338573123976	547.881513245139	37.32
450.2804461256761	551.5279068611659	37.36
453.2475194027043	545.1890737917076	37.4
450.99251916924953	546.0521335480104	37.44
448.64877821131034	551.08236415009	37.48
446.23025023596836	549.4130346886341	37.52
448.0156505610497	544.0847571568842	37.56
443.26564520057815	546.2164897933384	37.6
438.33115282873547	545.6302276164483	37.64
439.43866844093077	550.0745513935865	37.68
447.86133041934613	547.3114226333156	37.72
449.9606025121055	544.4797549879796	37.76
452.3939042970826	556.6843963267071	37.8
460.2177238189297	560.5270125320982	37.84
456.34734733192744	556.498841212402	37.88
460.84899611048826	553.2617087971121	37.92
454.4587505618759	552.4563991180418	37.96
452.43106520396293	550.3997520896822	38.0
452.934640268955	549.7788671174742	38.04
453.8958275223837	547.6614852161246	38.08
454.10304297991865	552.139313504792	38.12
451.5025609056577	547.4979207172375	38.16
451.81500882323576	555.6937861605899	38.2
452.6696979174185	554.2439975231006	38.24
453.5552137472556	557.7885838540352	38.28
449.1427382973274	548.8820581837978	38.32
453.02736712331483	543.8947558648774	38.36
449.3806881808736	541.0894942459839	38.4
449.0814453942345	547.019696129456	38.44
445.40870334152225	541.6581875680915	38.48
453.39663993058014	551.8524646466215	38.52
446.7908343321234	543.3086439684706	38.56
449.5586965869462	552.5530289702981	38.6
447.153762897602	555.5268610931855	38.64
450.70427694876025	541.8043885868865	38.68
452.53173030148855	556.0021136333272	38.72
451.52391709940116	551.4065700645258	38.76
448.9200465994309	556.3046217425648	38.8
451.2694733885135	553.1194071890683	38.84
448.9406682595802	549.0604185383282	38.88
444.21323780744217	546.6715364416856	38.92
444.9066945852464	544.6277251283678	38.96
448.5979028699244	542.2411521038891	39.0
446.4347251897228	539.1839812089556	39.04
442.4882370136942	538.0344428241438	39.08
440.77140885227993	540.0304905412452	39.12
438.17167180669406	533.9411988654863	39.16
437.6628207640852	541.8672754563582	39.2
437.24834038231097	536.3417477359496	39.24
436.7574411899082	538.9278283296162	39.28
433.6475718729963	539.8104983454384	39.32
436.3079087963735	538.1215317754575	39.36
432.18649733608265	539.7031373998907	39.4
434.1204914010455	544.5837789763425	39.44
437.46031925061584	539.3516810048841	39.48
435.38034885104037	536.9205947557379	39.52
437.6658745209213	538.4532834362745	39.56
436.1503714464752	547.6157247212211	39.6
435.5649768277928	545.457752208621	39.64
438.34940455994956	542.6990941226484	39.68
437.21345907783086	541.9866823598154	39.72
430.8843989413465	541.9988303113697	39.76
432.12769608010296	541.7974923832905	39.8
435.0565290388179	540.128759128831	39.84
438.49931697046395	544.3398637216391	39.88
436.4909160739355	540.7861038116358	39.92
436.4811212132797	545.4825203580651	39.96
437.7327164682616	540.119754030244	40.0
438.01640750499985	540.2228205667649	40.04
436.6896413627251	535.2942842305184	40.08
435.80666764957914	535.3660182915307	40.12
436.9744388632936	539.4879131405637	40.16
436.87568085215423	539.2394159889789	40.2
434.7308201701719	539.0499430746262	40.24
430.23276530649696	542.3185157635527	40.28
434.6583307663028	545.5302034174697	40.32
438.2015424677313	543.2088924511869	40.36
435.89304804284495	551.3945635060517	40.4
435.0964092580827	536.6522127530342	40.44
437.5436701643846	548.6148200351735	40.48
438.3033527183395	546.1092061037353	40.52
435.3231373684445	548.5677370084799	40.56
435.3932116279893	545.7795412846726	40.6
439.62035305119144	543.0841364960404	40.64
434.3115003581038	543.4631117859936	40.68
433.59524424344556	539.1849379878546	40.72
429.884053627314	543.581743359438	40.76
433.8677514092778	532.6049351357022	40.8
432.0934051764917	534.4076226304273	40.84
434.34248917268013	531.2225153407879	40.88
432.17775541321214	531.2038427718699	40.92
433.88805398738646	538.5986841663224	40.96
433.9661885451702	535.869895417487	41.0
434.1608693020985	541.2321362211026	41.04
435.9602740858323	534.781229787244	41.08
438.3443389592829	536.5260698627706	41.12
438.31863798767466	532.3032157374537	41.16
434.6180264216941	543.6020089511954	41.2
438.7224183053097	534.3819632342008	41.24
434.10407498402657	539.2313275222938	41.28
434.1146512370863	539.8359802596012	41.32
436.1696684640586	534.9090723951344	41.36
437.12752015710737	538.5718989732972	41.4
438.7271400759994	544.8350383651916	41.44
440.24802556764615	544.0951445510776	41.48
440.3613101664255	549.2435214384675	41.52
443.678154070496	543.1411457612654	41.56
443.90766951400616	541.5113405853268	41.6
443.5063995674515	542.2774824237271	41.64
444.7109489336224	545.166403889271	41.68
439.8428007123107	538.0806762962476	41.72
439.9846343087591	543.210542167531	41.76
439.73282254496627	544.0668554419499	41.8
440.84854371310297	544.103911697979	41.84
441.6178447242645	541.4065084568343	41.88
443.55046351242726	545.8430628872004	41.92
443.9091537347279	547.933955038576	41.96
446.7515492909836	552.09893778573	42.0
447.64854067098094	543.638855729567	42.04
447.7808400466477	546.752113896149	42.08
451.22757589264455	543.1014940050776	42.12
449.62436813339906	546.6773280838471	42.16
450.05269773408713	552.5142798369337	42.2
456.8479786622821	556.8791191240472	42.24
456.1535000247565	562.4755221414571	42.28
454.9963331127528	560.5287434482246	42.32
457.264649436709	568.9436228043976	42.36
456.9857487977792	562.7294017247899	42.4
449.7944730844317	567.5920618942508	42.44
451.8310199866096	561.4987145537557	42.48
454.42739433635296	561.9603502879946	42.52
459.20548014342876	562.4021645344036	42.56
455.8794614195615	562.4838979357223	42.6
457.25447302270277	560.690256457673	42.64
456.7586006790435	566.0332093160108	42.68
455.4611763537931	562.1492738083383	42.72
454.2373818010318	564.6148994900616	42.76
461.0947912993532	562.130699788818	42.8
463.6700187432097	578.6450559175006	42.84
468.1760294327463	581.1510729567035	42.88
467.3167509060485	578.7777792414333	42.92
461.9807403348047	578.2040208016268	42.96
463.6321354189242	574.278470071969	43.0
456.2344094401588	566.1338984514027	43.04
451.30574719789666	564.08500589137	43.08
455.4261810751008	560.6300364866679	43.12
452.9174397314932	557.8226490458981	43.16
453.274539644622	560.9907302672893	43.2
453.60530597052815	562.6612707161772	43.24
461.30056417146136	567.0760190021848	43.28
463.2331177328666	568.1356510527102	43.32
466.5903572107906	576.7953231325034	43.36
461.5578734592968	566.4162851379425	43.4
460.3130617011971	564.58703908654	43.44
460.6110508030148	563.3657495732767	43.48
460.7827362678232	556.6046259062613	43.52
462.9169619595931	561.7086992311386	43.56
461.5319194004274	570.8449652724635	43.6
462.06233692317386	567.3630523664388	43.64
462.5194497870157	572.5995844064413	43.68
458.28127601389093	568.7884707556192	43.72
458.3763970073473	561.3607497890825	43.76
454.2481708701834	557.8996380489813	43.8
455.12680263800723	558.1398839715736	43.84
451.967925458857	559.2690837974693	43.88
451.0423416207367	564.7930790076537	43.92
451.86006579448394	563.2741266158802	43.96
451.68838091247295	558.6286520459226	44.0
448.95893503432336	563.5172837494379	44.04
450.25041346091984	563.0385023236405	44.08
451.01451242320206	560.8383131175025	44.12
452.7519234539849	554.5756528184118	44.16
454.2969367564409	560.877245283716	44.2
452.30073840727715	557.3578364063484	44.24
448.9739904701749	560.2247082678823	44.28
447.72636836332975	564.262551317851	44.32
452.8056918921273	561.8872750877302	44.36
449.2677940075099	555.3957050147432	44.4
446.02529774426205	553.4546732290631	44.44
442.6332088302992	553.3407681246688	44.48
442.02826980082284	555.2622993185337	44.52
444.0790451096259	557.7518520323098	44.56
445.80567709775727	561.9199897631097	44.6
449.08238744940144	554.4752243142109	44.64
447.4855038494839	557.7958922614854	44.68
447.03888370946623	552.9617097802386	44.72
444.9783106518827	558.3701264814496	44.76
438.4366296048261	555.6830182018439	44.8
437.02898847708104	546.7951193125436	44.84
434.47929227602947	548.0021827744536	44.88
431.98963560990063	544.6297550430518	44.92
431.92122185281994	545.8045600245728	44.96
433.34201479579536	543.4769421765321	45.0
432.72145883165103	547.2730708519604	45.04
438.6310966494633	554.4001920806252	45.08
441.15526077724485	556.6274740250556	45.12
443.3887377427397	552.4934534872646	45.16
443.069317895383	554.0610017845112	45.2
441.7842059246164	563.0536660450573	45.24
441.9244280564002	559.5922053974175	45.28
443.90348351505907	558.9800996408754	45.32
445.82887307176975	556.8844344581413	45.36
449.3723770000958	549.0634913230881	45.4
442.2505128251985	561.4498777431876	45.44
439.6087609736328	558.0613007682189	45.48
432.13007891330045	550.8400420387419	45.52
433.12927507338736	550.8769315860868	45.56
434.63950578455507	557.1144090768869	45.6
435.32651629300386	561.1201969414498	45.64
436.7330435705788	563.1287906042127	45.68
436.0031828633687	558.3342667560598	45.72
436.1625312051569	555.14394272942	45.76
447.0731501567505	561.4646400156462	45.8
455.98934169623027	559.3451337900051	45.84
468.2762991053801	563.0180022157992	45.88
479.02012060782556	567.4697223160002	45.92
494.1236954016559	598.5088713624234	45.96
524.3853121535442	608.9641325006071	46.0
541.5384739396244	623.9185046817694	46.04
565.4190191202171	633.8091183059158	46.08
584.6538452391746	629.2739497916746	46.12
619.2082348333589	619.2195913571436	46.16
648.34805387934	645.4099122418647	46.2
667.4456204153154	689.8118521440778	46.24
697.2914937719364	690.2225856029443	46.28
723.5478994306798	727.8723653521324	46.32
752.095817865326	749.4048582663759	46.36
782.3854979689477	766.5218554182006	46.4
811.7857823704858	783.7077852609162	46.44
838.1690777174834	802.9838330800571	46.48
862.9358548665836	821.7293933567329	46.52
881.3021607596758	848.0546223595053	46.56
889.3548886978936	864.9467374769958	46.6
904.0114445699962	888.6303233461116	46.64
920.2970209088483	882.0626431318849	46.68
941.8892966857744	891.035496811666	46.72
954.802142330803	910.8805824087146	46.76
969.5716417155161	933.0458859517703	46.8
953.0261672538056	961.7290128226731	46.84
975.0539379430095	986.6255321196619	46.88
975.736291669404	1032.7475896262813	46.92
994.2706332053259	1066.149409902783	46.96
975.0136278480343	1006.6182006013506	47.0
963.2138885718099	1011.2924838949231	47.04
950.4655526938956	933.7335251406437	47.08
954.8272687881605	918.9726587651709	47.12
995.4710172955998	943.2386451659829	47.16
1055.6669045060542	1024.8843373681614	47.2
1123.9062938575025	1091.6361174814494	47.24
1217.4625890893044	1135.347906238448	47.28
1202.9641880470037	1152.6906923804377	47.32
1224.2622228976156	1192.238713009339	47.36
1239.566697421556	1167.0648867398131	47.4
1351.7006155099405	1156.4185801533451	47.44
1337.61205906377	1163.3220525775596	47.48
1427.992453321994	1185.4621574053886	47.52
1419.9282759600026	1181.109327473947	47.56
1284.184022663218	1194.15121144896	47.6
1275.8425589399387	1210.0111442705818	47.64
1268.1938213985397	1218.7156583605636	47.68
1268.2856874408874	1210.5386096804143	47.72
1253.4454808252688	1209.4155364202877	47.76
1240.7061976701482	1205.6728739432199	47.8
1228.2990286944032	1208.6030578050202	47.84
1229.4002881040064	1206.9318428130791	47.88
1214.0177075990243	1194.1931782427714	47.92
1200.572451102272	1176.2947077006022	47.96
1181.134414106877	1160.067335879498	48.0
1153.6014244327152	1130.529398465971	48.04
1138.9711516888617	1101.2243902528346	48.08
1121.3473267473557	1078.4217509551397	48.12
1111.4979023131748	1067.3252708574	48.16
1114.9885144770626	1062.5410853973124	48.2
1114.5927651832626	1061.80814095875	48.24
1116.0485749270445	1069.5103751929462	48.28
1113.8290417311166	1080.2587658732332	48.32
1108.329202711024	1081.7293139246315	48.36
1113.1606246605081	1086.5675488321306	48.4
1121.3412896029186	1093.7531284276563	48.44
1111.630471328723	1088.728448200451	48.48
1091.3790657312518	1073.3955175349429	48.52
1088.208489672634	1063.5676312824764	48.56
1084.9308008715786	1066.9579886879512	48.6
1084.5358965034488	1077.7197839975538	48.64
1084.1249632986812	1089.584708761423	48.68
1085.4966931611605	1084.7777155990532	48.72
1094.272214081643	1092.200672357284	48.76
1105.308648207308	1104.6592733557104	48.8
1119.3419441291387	1116.055204431253	48.84
1132.3987364659947	1121.4920004738112	48.88
1135.046537084976	1126.293144265665	48.92
1140.516210094729	1133.0428827870996	48.96
1136.5518685166842	1129.5390446977642	49.0
1127.2560811350234	1118.453744739761	49.04
1126.8072955417772	1115.182470134811	49.08
1126.24514103569	1109.657361018553	49.12
1113.3440833585007	1101.1476350889754	49.16
1104.2281265794973	1088.8720657949918	49.2
1093.9540984293963	1079.8731592635086	49.24
1084.5458213080067	1074.4636383841932	49.28
1078.449782047015	1072.1895166747888	49.32
1076.6524305984863	1064.5882898987343	49.36
1076.3689442866525	1067.9311506456681	49.4
1076.951800730022	1067.248732369402	49.44
1075.3516416992761	1066.2510966435357	49.48
1071.071007785942	1061.0514610381335	49.52
1067.5458566399868	1060.62674995276	49.56
1067.379481863574	1061.1144043991242	49.6
1068.63793227829	1059.9752427169512	49.64
1066.6198344483555	1055.9061086663924	49.68
1068.0455162222904	1058.1812400723936	49.72
1069.088063067549	1058.4081817166514	49.76
1070.2799176488704	1060.0240797272988	49.8
1072.9142227849254	1061.8095228485417	49.84
1074.3656888373519	1061.8595536832095	49.88
1073.3074668605902	1062.5717589728965	49.92
1073.2095489156225	1062.0012723213342	49.96
1073.4794769849657	1060.5293877393708	50.0
1075.2371765482017	1061.3676987594615	50.04
1075.8801919530165	1063.2224193611517	50.08
1073.1658760331024	1061.8333061020944	50.12
1073.0834121210182	1061.0203381443364	50.16
1074.652221652514	1063.7861887183362	50.2
1072.0246014140885	1060.4902646172313	50.24
1068.165058798893	1057.990608936033	50.28
1064.9778914937299	1055.9409153301817	50.32
1061.418192818338	1045.3493065180141	50.36
1053.639101259048	1038.4274515316774	50.4
1051.9836981049568	1033.3535655067935	50.44
1051.6209876566302	1040.1725569827856	50.48
1051.173700123667	1043.5718044235382	50.52
1054.091664834894	1046.1144188371004	50.56
1054.858922314692	1050.2999027862325	50.6
1054.2252169641802	1046.4247603956608	50.64
1050.219678635213	1043.4684667484123	50.68
1046.2259216415944	1035.7240025802291	50.72
1056.4468220768633	1020.8551266685686	50.76
1062.7769084576278	1007.2090819234627	50.8
1059.4183837481892	1001.0284933909452	50.84
1059.7872599197894	996.0232374194733	50.88
1055.8008662741122	1014.7529456306673	50.92
1047.8569220307172	1020.8741229485395	50.96
1048.6435413827537	1033.424479129826	51.0
1052.0439907067473	1034.015077111757	51.04
1054.107117285325	1037.0398698025365	51.08
1053.2243320876607	1034.902550962701	51.12
1057.7980690234776	1027.426657505429	51.16
1061.265347039385	1029.834020804779	51.2
1061.104421058125	1030.712519088482	51.24
1061.9600940277544	1015.4651923081311	51.28
1056.4223518023334	1007.2062680758119	51.32
1046.9543740408992	975.5826534267977	51.36
1032.933234088968	994.352799181487	51.4
1039.7540479453928	1028.5648086789251	51.44
1041.4355732722288	1025.8316410383827	51.48
1037.6059540633153	1014.053279809238	51.52
1043.2207069105593	1004.7802695124832	51.56
1056.7644201480005	984.410421093462	51.6
1049.7361531229399	959.9250958903409	51.64
1035.9703010430958	964.5225205070972	51.68
1026.8943256145405	992.6564085316684	51.72
1028.8025501900331	1013.0573120820935	51.76
1034.8907229089557	998.2536206576661	51.8
1029.2072560370507	990.9951457127563	51.84
1033.6030128232112	976.6834993565734	51.88
1030.9432284742866	954.6498123011495	51.92
1023.8631770750134	957.9546221448576	51.96
1024.294786032908	991.3910394412263	52.0
1022.7363184161451	996.3845837955957	52.04
1022.8192610049174	985.4290719774135	52.08
1019.0394593860433	966.0949177969057	52.12
1018.0498366130621	960.4893419074094	52.16
1011.2677538683151	952.5420376983542	52.2
1005.4303415577755	945.2402711488231	52.24
1008.8214594090381	941.4033943671815	52.28
1019.7610388937131	956.680867722926	52.32
1036.22203753273	980.5973569721716	52.36
1064.3646628230306	1010.6961523070329	52.4
1082.931565773557	1054.63231376352	52.44
1106.4590894418204	1095.5649383383877	52.48
1143.7644725623127	1140.0588362115675	52.52
1180.3854377602695	1190.8691580515879	52.56
1216.5857050920663	1231.442309055329	52.6
1227.1323559667842	1245.6748957287525	52.64
1237.031081922416	1242.114496361496	52.68
1222.488147128037	1226.455115525643	52.72
1199.1659049417785	1193.4520762328134	52.76
1176.3157781135976	1174.9343216798422	52.8
1150.6269175819102	1146.62970270105	52.84
1129.651777117097	1124.0050637726051	52.88
1112.4457000312486	1107.6015090978156	52.92
1097.5072569359554	1085.0351553845771	52.96
1080.7558106637366	1072.001960045487	53.0
1058.3599360435696	1053.723748833345	53.04
1040.816924522209	1032.2702737134189	53.08
1016.4417396366322	1000.4241235698391	53.12
990.3441530154365	968.1008261443728	53.16
965.6013949663994	925.6475005278094	53.2
947.4018202749653	899.6166108618277	53.24
933.2520459409877	886.7091015118938	53.28
921.645812379516	885.4765578531667	53.32
927.985104487163	894.831840260585	53.36
949.6868066605746	928.5988220191985	53.4
979.3646780518039	969.0665705237743	53.44
1013.6324122169856	1002.5427839653688	53.48
1044.7452180328187	1025.0314870699642	53.52
1066.3511118353556	1047.4734051211547	53.56
1087.6727435870514	1066.672800589771	53.6
1096.4352370723846	1088.0416430392117	53.64
1097.2070882236508	1099.3377506868856	53.68
1100.4743204513452	1095.8718147969398	53.72
1102.2063166037626	1091.9096282884411	53.76
1096.8074190971372	1090.3233315747204	53.8
1084.8900332680164	1084.459720313722	53.84
1086.1106472061024	1077.0511238187346	53.88
1101.936537370834	1077.8206389760317	53.92
1116.1826246985756	1081.87337943815	53.96
1134.7758841054053	1095.732335970527	54.0
1150.325086432793	1105.6073860340584	54.04
1138.9656519612606	1100.6197923264751	54.08
1120.0007144373287	1102.6805116181067	54.12
1114.503063326036	1089.7731518843082	54.16
1110.397701879071	1089.602430459998	54.2
1108.6193718475897	1081.9368550210934	54.24
1110.9522323280494	1081.2975785616602	54.28
1118.2819241815218	1079.834130331191	54.32
1110.6449112303628	1069.8557300898315	54.36
1111.085332126515	1067.8109261825894	54.4
1107.591076699367	1063.4877804815624	54.44
1108.5372501621378	1066.0670341510718	54.48
1109.887381783702	1069.3761520224643	54.52
1112.3010312115232	1072.270183709633	54.56
1110.9041568734833	1073.9912943731035	54.6
1103.6298190623002	1068.8311366323662	54.64
1101.566747358279	1065.0889748932523	54.68
1101.3553558862006	1058.3336524649096	54.72
1095.237194964881	1057.1431370630369	54.76
1077.9658372445997	1053.886278929212	54.8
1080.0353668766304	1050.3428288611385	54.84
1072.8185128514845	1042.4642329299672	54.88
1061.012993130005	1026.1285826221222	54.92
1051.143286003115	1014.3115214748111	54.96
1042.998117611435	1007.4866487950237	55.0
1041.8511541243806	999.5030448485549	55.04
1045.1890873908535	1002.4387278908399	55.08
1045.198968950517	1002.6344661099356	55.12
1033.2313798995306	996.6052456315446	55.16
1037.7128996801537	996.7627959782438	55.2
1042.9566828157506	997.7460231918487	55.24
1033.3375075071824	998.2083742558709	55.28
1037.3952976040368	999.3584277952641	55.32
1045.0319271138667	1009.3515986236018	55.36
1050.3236184225264	1009.7710289829732	55.4
1047.1547174952013	1017.8332076015464	55.44
1045.5029596770553	1009.7105393660892	55.48
1032.7876547817468	1000.9495514249544	55.52
1030.3610498211724	998.2520895468691	55.56
1034.095833710646	995.0211508996548	55.6
1042.3234487723003	1006.4668932062651	55.64
1029.8331174327293	992.5837539465498	55.68
1026.5561786436228	989.7505361633022	55.72
1024.7566565604634	989.7571737132315	55.76
1026.0320425311322	992.0738770789569	55.8
1025.5862054165423	993.7558993631808	55.84
1030.8938711010944	998.0361545447573	55.88
1033.4481536994135	997.9524349148127	55.92
1033.8895972087244	996.6707358189959	55.96
1030.6569652488802	1002.4123152073902	56.0
1032.8091582160641	1007.0265028952084	56.04
1032.3882823456074	1000.852232009075	56.08
1031.053304977553	1003.3158143822558	56.12
1027.465465709131	1002.0210325060189	56.16
1022.6557665454052	992.130778195721	56.2
1015.4106756290872	990.8581182331974	56.24
1007.591619758919	981.1485850820088	56.28
1000.6305491058547	967.1095371176162	56.32
1007.5241908566045	952.7566066475171	56.36
1027.6730971339084	1195.5855525187364	56.4
1024.542785172991	1175.3354729462733	56.44
1027.8496202898993	1180.5172217275835	56.48
1032.2933511177537	1180.5210174300378	56.52
1029.575173167996	1174.6119602190922	56.56
1030.921886120774	1175.7669300551295	56.6
1030.1317207589952	1181.485920127299	56.64
1030.2117198773037	1175.852444674934	56.68
1032.5973036769199	1174.7249034444462	56.72
1032.8844407747213	1170.0057760659104	56.76
1030.9884062871406	1168.406161244207	56.8
1030.0884552050584	1158.2559843549234	56.84
1026.694757815236	1167.9026598314008	56.88
1020.2022465931392	1167.308534697619	56.92
1006.47409922179	1045.4005299340236	56.96
988.463106190203	1084.129555795563	57.0
973.6367210446774	1058.721676707083	57.04
976.6228821030709	1075.426683576639	57.08
996.3434268386195	1041.2670052821156	57.12
1026.9960184602878	1070.250373268352	57.16
1068.7637498042318	1138.8825569226526	57.2
1117.1015947345354	1144.7801596614336	57.24
1184.4082259200773	1197.8540833325085	57.28
1264.622663613905	1198.7247638580784	57.32
1377.724505520189	1312.6819128346779	57.36
1471.071144359647	1449.9600007237696	57.4
1534.3751454455698	1515.3844007821244	57.44
1563.4108277560451	1532.5511273083118	57.48
1391.6535257279857	1487.7260610280382	57.52
1386.2206287169556	1488.3302417547613	57.56
1433.6593640450858	1513.6122735853644	57.6
1407.5826875939874	1522.6433644598967	57.64
1415.3743463645233	1516.4224329080594	57.68
1440.5460750700777	1519.1843795639772	57.72
1424.0932162981971	1510.6395481923173	57.76
1403.839411945192	1495.4745885571092	57.8
1476.2320455110685	1526.0717958222706	57.84
1547.2128277927266	1543.1946415245407	57.88
1541.8872637332286	1535.3045574989612	57.92
1530.9114683566613	1493.9552477902087	57.96
1409.793558386377	1441.2210404454506	58.0
1373.5683495768853	1414.5237477873313	58.04
1409.5167176341697	1376.388421075923	58.08
0.0	0.0	58.12
0.0	0.0	58.16
0.0	0.0	58.2
0.0	0.0	58.24
0.0	0.0	58.28
0.0	0.0	58.32
0.0	0.0	58.36
0.0	0.0	58.4
0.0	0.0	58.44
0.0	0.0	58.48
0.0	0.0	58.52
0.0	0.0	58.56
0.0	0.0	58.6
1177.9370717793088	1064.0743652469264	58.64
0.0	0.0	58.68
0.0	0.0	58.72
0.0	0.0	58.76
0.0	0.0	58.8
0.0	0.0	58.84
0.0	0.0	58.88
0.0	0.0	58.92
0.0	0.0	58.96
0.0	0.0	59.0
0.0	0.0	59.04
0.0	0.0	59.08
0.0	0.0	59.12
0.0	0.0	59.16
1021.1251949249254	879.7174741523868	59.2
1002.539082549276	884.9012232178594	59.24
0.0	0.0	59.28
0.0	0.0	59.32
0.0	0.0	59.36
0.0	0.0	59.4
0.0	0.0	59.44
0.0	0.0	59.48
0.0	0.0	59.52
0.0	0.0	59.56
0.0	0.0	59.6
0.0	0.0	59.64
0.0	0.0	59.68
0.0	0.0	59.72
0.0	0.0	59.76
0.0	0.0	59.8
0.0	0.0	59.84
0.0	0.0	59.88
0.0	0.0	59.92
0.0	0.0	59.96
0.0	0.0	60.0
0.0	0.0	60.04
0.0	0.0	60.08
0.0	0.0	60.12
0.0	0.0	60.16
0.0	0.0	60.2
0.0	0.0	60.24
0.0	0.0	60.28
0.0	0.0	60.32
0.0	0.0	60.36
0.0	0.0	60.4
0.0	0.0	60.44
0.0	0.0	60.48
0.0	0.0	60.52
0.0	0.0	60.56
0.0	0.0	60.6
0.0	0.0	60.64
0.0	0.0	60.68
0.0	0.0	60.72
0.0	0.0	60.76
0.0	0.0	60.8
0.0	0.0	60.84
0.0	0.0	60.88
0.0	0.0	60.92
0.0	0.0	60.96
0.0	0.0	61.0
0.0	0.0	61.04
0.0	0.0	61.08
0.0	0.0	61.12
