Thumb_L	Index_L	Time
0.0	0.0	0.04
0.0	0.0	0.08
0.0	0.0	0.12
0.0	0.0	0.16
1139.0691777451898	1058.0063296721992	0.2
1132.6152174826682	1060.029973069184	0.24
1134.5692437692094	1060.0379386032873	0.28
1131.4617010254829	1058.394539569848	0.32
1128.1871674537022	1054.6071265202204	0.36
1123.1196423180438	1047.8714169813472	0.4
1116.813878817727	1041.0046091033182	0.44
1107.7901684320589	1027.7830471309114	0.48
1093.601406636397	1013.8742492893936	0.52
1081.546922277441	1000.1408211921384	0.56
1067.637758011734	990.0098680155505	0.6
1051.6996670180642	973.0195868070984	0.64
1039.9001489206	963.3763680972253	0.68
1029.8191292278843	960.0429322846983	0.72
1027.312377854044	956.7764450211384	0.76
1029.6246747616392	956.3887514366031	0.8
1031.6593637062615	958.5611079729181	0.84
1036.3625883145767	961.7874156961525	0.88
1039.9571595482955	965.0848463184766	0.92
1040.1919767231634	970.9180112645614	0.96
1030.901692687912	962.449230670108	1.0
1023.1304890284777	950.5835277976983	1.04
1012.2979210729537	939.5123231696766	1.08
1003.7608835031617	934.5146426742701	1.12
999.8131610753226	929.854411005953	1.16
997.6303270293139	925.7011376138013	1.2
996.9043188754852	923.1570570852743	1.24
995.0124440557123	921.774559391427	1.28
995.4982084122151	921.0390759716643	1.32
999.1194544925557	923.6356381346303	1.36
1002.2671761357241	925.7744226482678	1.4
1006.1669153637863	929.2592684805372	1.44
1011.0392818291575	933.7104841890259	1.48
1019.449617370922	940.7106862211332	1.52
1030.268006752771	949.4004050803478	1.56
1040.1602015755718	963.2569440568798	1.6
1041.9717231064706	976.4490851870961	1.64
1055.4889176113627	985.8754139958024	1.68
1071.1201236870136	988.3728232266933	1.72
1074.4570539409524	988.5097277291214	1.76
1080.5769468329383	999.3181219792285	1.8
1069.8756906622366	1003.65748559503	1.84
1054.41857609613	1009.907312032094	1.88
1034.4409142402437	1025.987843971388	1.92
1041.8160978535993	1042.0155317794297	1.96
1035.1742323066408	1041.8733709798921	2.0
1048.740867358727	1052.0853465339828	2.04
1051.1883051902887	1067.4051826579114	2.08
1035.963153973213	1118.1151825513816	2.12
1024.9713937613744	1053.754478647716	2.16
1026.0143512565933	1050.1523671501977	2.2
1022.8059666101123	1060.3467753058146	2.24
1026.603330912257	1082.5895833119596	2.28
1032.9509854564383	1092.1392642745755	2.32
1039.48730241458	1064.2902174337485	2.36
1039.6884908480563	1048.658950747901	2.4
1045.7983313966317	1047.1341982625927	2.44
0.0	0.0	2.48
1032.4790196087806	1040.1750465854952	2.52
0.0	0.0	2.56
0.0	0.0	2.6
0.0	0.0	2.64
0.0	0.0	2.68
0.0	0.0	2.72
0.0	0.0	2.76
0.0	0.0	2.8
0.0	0.0	2.84
0.0	0.0	2.88
0.0	0.0	2.92
0.0	0.0	2.96
0.0	0.0	3.0
1046.116208800578	1071.4174032849035	3.04
1043.4785018492062	1090.292942901811	3.08
1046.6145623349282	1116.9811029166765	3.12
1033.345507043664	1056.0808113031862	3.16
1022.4888509815645	1053.9871574949987	3.2
1005.8959956047395	1022.1991318239495	3.24
979.9183909146329	980.4345732673627	3.28
949.4417732389262	943.6410681325312	3.32
928.2125452713541	919.4348829817176	3.36
893.2405047399118	882.1137545121043	3.4
856.9170586999966	840.1827703551868	3.44
814.2945238759067	790.7220475308213	3.48
765.5969715941836	744.0531534501312	3.52
715.5393650315253	683.2058359244011	3.56
672.313532463175	634.9471169772623	3.6
632.9448520300632	614.8950959281806	3.64
613.6976636769322	585.8116866272762	3.68
596.1959370020757	595.5932374560638	3.72
580.3345608706776	570.9755473685742	3.76
568.042638022705	546.1814971718728	3.8
557.2831118673432	554.034032322318	3.84
552.4821802082155	546.1434868110532	3.88
557.3280236621653	543.7640097924309	3.92
561.9768016913378	540.5993624821807	3.96
569.3281155454459	548.244585616066	4.0
566.6191454288024	538.2639459259156	4.04
571.6763383249278	543.5488667949999	4.08
575.7111099779379	547.3064484408733	4.12
586.3606034103504	558.0885440856074	4.16
588.8128144508889	564.7066010025426	4.2
602.7691235048578	581.0235459742754	4.24
630.0965010385655	612.7244101093202	4.28
663.5398584399795	654.432220205681	4.32
713.5124643441758	716.6079171287485	4.36
758.1858146650726	765.5759669211712	4.4
802.5742816985788	819.4856879555691	4.44
841.5548683985785	869.0225776598961	4.48
882.4763570647752	908.7233096513532	4.52
920.7733525039848	958.7812850040954	4.56
954.6485737313839	993.9753836026538	4.6
985.3547508939137	1018.9961009120359	4.64
1008.030852013736	1035.3381326672293	4.68
1009.6494582210613	1034.2559083193166	4.72
1010.3108472898541	995.7133080681161	4.76
991.9767467821484	968.9844826176868	4.8
975.5254512762448	949.1954061876461	4.84
960.1189197306603	917.9386829572362	4.88
943.3265767848928	904.1922612252856	4.92
926.0258270409588	899.4351281355506	4.96
913.3383513456025	879.0092986396772	5.0
902.3208836939876	859.519715394239	5.04
897.1772108145595	859.4305311688493	5.08
889.0557318994768	848.2137254837146	5.12
880.7715528209482	842.5739401875421	5.16
867.63926160261	827.6299298180406	5.2
861.8496064385749	811.0013556566935	5.24
853.6105508404268	801.342945733486	5.28
847.0719221013165	796.9452824520067	5.32
841.2105060455112	784.7984576915608	5.36
837.2693121297386	778.3323162205651	5.4
832.8522469912065	785.4516951575373	5.44
832.573131536786	774.3840743973623	5.48
835.438625601432	777.1969016412743	5.52
831.1422599410937	772.9585444375274	5.56
835.1895241616144	780.721979685658	5.6
836.1555918937494	782.9034734332951	5.64
840.8327233495576	773.3401341028143	5.68
845.5031761164885	780.294528223698	5.72
853.1184253678904	782.2389394925983	5.76
862.7663920608612	796.2874749362437	5.8
874.328119621012	814.4999776482676	5.84
888.3826987582758	822.1803239770401	5.88
911.8790802155729	862.209415215705	5.92
943.3564969898022	903.4596194642646	5.96
980.1565954707671	948.0665843175184	6.0
1016.8357184319964	971.7560434650266	6.04
1038.7517165608067	999.9909690790188	6.08
1061.5880612335177	1027.9526189332328	6.12
1084.2600816171862	1056.5939021526551	6.16
1097.511517334372	1071.8438679131175	6.2
1116.5972005947801	1091.0981676481274	6.24
1127.0214549239884	1101.0411030559965	6.28
1134.318202145569	1108.7900891034942	6.32
1141.945618939797	1115.3907493865333	6.36
1139.772044473039	1116.977801738433	6.4
1130.5147451192584	1114.3925745953748	6.44
1120.8071307938544	1100.96838514128	6.48
1117.0173228062297	1120.6667462754313	6.52
1107.0929685623314	1106.0944335289873	6.56
1097.5759557753127	1119.0565586586897	6.6
1088.6053550789948	1148.9946835165053	6.64
1079.5930969336098	1142.7793375694564	6.68
1081.2645980893126	1122.2209668695764	6.72
1073.054703165496	1127.6321774406867	6.76
1076.4862867417107	1123.8651791734817	6.8
1068.9187691675515	1126.2128712940003	6.84
1069.7371887803392	1116.2951750782179	6.88
1067.1837568795543	1120.9190274470168	6.92
1065.7414950266298	1120.9484345443243	6.96
1063.8775745309786	1112.5049843875997	7.0
1060.7067036789022	1116.1013595949864	7.04
1062.246967799939	1104.8661927415435	7.08
1061.7314749730797	1107.669381917974	7.12
1062.468377795889	1109.4974396549367	7.16
1061.92271831536	1110.6161420942396	7.2
1058.1342462310763	1105.9160939818103	7.24
1062.4532377572948	1115.5914690612599	7.28
1065.3312799568137	1109.8403061222937	7.32
1061.0718035688867	1109.3656786123104	7.36
1058.3926727662604	1109.533875189005	7.4
1059.4633965188032	1113.2863855903818	7.44
1060.377225645817	1111.7834501515867	7.48
1063.245920234112	1119.9788080378037	7.52
1062.7631905432618	1114.7403535193037	7.56
1060.7272300611928	1114.1657763041137	7.6
1060.2626753688005	1107.2776813393732	7.64
1057.9519816986074	1114.5014985356993	7.68
1061.9479774267886	1115.7710569889714	7.72
1061.9048139633057	1115.899039195331	7.76
1060.3989443002183	1109.2227564910236	7.8
1057.3195322610723	1107.4137279813724	7.84
1056.6049763464061	1109.5655800363575	7.88
1050.27030160391	1105.2361730754624	7.92
1048.6656299471417	1098.5742178997411	7.96
1048.7271562510894	1098.5797171888119	8.0
1048.4599400084264	1096.940926562579	8.04
1050.3793695850386	1099.1581263239523	8.08
1052.1487438743884	1104.2091293771307	8.12
1061.2731540612365	1105.5148450273496	8.16
1058.6515175974378	1108.0127326631348	8.2
1061.371487251891	1108.7928864834448	8.24
1062.124190531394	1115.1766258926205	8.28
1060.0605944689198	1117.5715809122428	8.32
1068.191763502211	1124.1534671118036	8.36
1067.7743337994573	1121.2690215572172	8.4
1066.7389872087408	1120.6830060821324	8.44
1067.3188438610919	1118.224380160054	8.48
1053.7476523560854	1107.369537084907	8.52
1042.1693721183285	1089.5309482361292	8.56
1039.6559309570557	1073.3053537272372	8.6
1040.690866621953	1088.1966417931883	8.64
1057.443745521836	1095.9827563718002	8.68
1054.8040629262516	1099.9463690356722	8.72
1054.8423138879873	1107.4519566119332	8.76
1062.2998459318303	1113.2430518489377	8.8
1068.5777639362354	1117.1059754547737	8.84
1070.599794629237	1122.3179556315295	8.88
1071.1648248871443	1100.8970393347136	8.92
1063.57825937836	1107.816058234376	8.96
1062.440471740692	1109.2601168145038	9.0
1063.7272177042737	1107.1565150243816	9.04
1071.7865866560642	1120.4522153128862	9.08
1074.0458557313423	1127.0745452186209	9.12
1075.5301278081884	1130.6804511805112	9.16
1079.0429124739921	1135.3354222554492	9.2
1080.545581280404	1133.7472888191157	9.24
1078.5176837909287	1131.6263220309454	9.28
1078.7254853518891	1130.868938212264	9.32
1074.1514825190964	1125.0715101494538	9.36
1071.8402480629888	1130.4337223597242	9.4
1076.1842617934988	1116.7172972725775	9.44
1076.0485502523288	1118.261495140157	9.48
1073.7461890407735	1131.484541179225	9.52
1073.1135559744296	1124.6644398060912	9.56
1069.1073726017896	1124.976792273254	9.6
1067.2704153853567	1121.1686551908958	9.64
1071.154397992507	1127.0060438249525	9.68
1076.3340689104102	1133.3151596562047	9.72
1082.1608499612678	1133.4235424904703	9.76
1084.582024764902	1133.8523392254613	9.8
1088.0534868817113	1138.6287499055927	9.84
1089.54966231508	1143.7056333553141	9.88
1083.176966913528	1141.3611958828017	9.92
1079.770239158768	1129.1174683639385	9.96
1077.0388276375916	1130.33314218309	10.0
1084.3587302330973	1132.0622642393032	10.04
1078.6720086416851	1123.4109233143017	10.08
1073.257623752269	1116.8393448468257	10.12
1072.2434655639472	1118.9048615128797	10.16
1069.352038964647	1111.8047345634934	10.2
1066.8108449017184	1105.3393375947862	10.24
1062.418372599694	1106.8926223550347	10.28
1055.9783127640985	1101.3179764835666	10.32
1051.000477063324	1088.6299207744523	10.36
1043.0328916987353	1087.5930431425518	10.4
1063.104287447174	1103.6910174887703	10.44
1114.8969772701867	1164.5400198854734	10.48
1139.235614301298	1202.007411751165	10.52
1134.4188676266845	1184.5034484868863	10.56
1128.3485472512357	1189.9557485929108	10.6
1121.098060124673	1168.3986353166808	10.64
1119.9496339731147	1181.290814824364	10.68
1114.5556605627419	1154.9459310491397	10.72
1110.707677713384	1125.6173460075127	10.76
1109.8148135239862	1114.995599374125	10.8
1111.007852344934	1111.6214179001324	10.84
1107.963943681576	1108.9038800303183	10.88
1105.252840436805	1118.4534293276965	10.92
1106.8064495132928	1145.3529380890861	10.96
1104.050654444991	1156.449941707499	11.0
1106.6434131611984	1152.780330815663	11.04
1100.913187345654	1153.093711103109	11.08
1098.6564256236063	1143.8656904626055	11.12
1097.9608877938867	1116.7779168243712	11.16
1095.4730927985097	1142.3939026412722	11.2
1094.694696107154	1124.4271440055647	11.24
1094.5214748442106	1147.0174606316266	11.28
1097.0099846906353	1102.450623383133	11.32
1096.7752711780636	1155.945963786433	11.36
1095.7614781899752	1154.628260877799	11.4
1093.6949695795613	1110.5211450488173	11.44
1096.4299912989093	1148.9937637969338	11.48
1093.6450341113639	1145.9749149543302	11.52
1089.8461658728056	1114.8240714272988	11.56
1081.7765026500956	1112.6693539678968	11.6
1067.432868673351	1099.6496071326292	11.64
1051.8774791979304	1096.8107845872798	11.68
1029.4209183791993	1069.669998019639	11.72
1010.5487919706997	1053.887987171234	11.76
986.1839146003418	1010.1671127643139	11.8
976.3879788872453	1078.6070856606457	11.84
957.8415781035542	1046.4005844166318	11.88
947.6962840107517	1040.2719714593936	11.92
938.4249177007873	1002.9835186993083	11.96
926.2727314498101	975.5984677077126	12.0
913.782487033136	985.1209164730752	12.04
910.8491248367282	973.0519741032476	12.08
909.8071680668575	962.3696355071676	12.12
913.076971805642	969.7938205519478	12.16
921.0089231391454	975.0382744014905	12.2
928.0417938117064	972.9148939428921	12.24
945.9777846714645	985.7429957192261	12.28
959.0876406706986	974.227545717249	12.32
968.9118840639907	971.4114978983681	12.36
970.8748935223672	966.934537170546	12.4
974.559911542108	993.0381501397386	12.44
981.6660608971018	994.3993759310596	12.48
989.6853075762805	961.0483413368012	12.52
996.9569164898242	981.0430726099736	12.56
1001.4449313423484	983.3007021430494	12.6
1004.261329194116	1004.596797397642	12.64
1001.3995363774142	1021.4825826956471	12.68
996.4090202640554	1012.6640847089961	12.72
992.2899003477048	1010.0572580641262	12.76
991.0478732281651	1013.4962265225455	12.8
996.7063347502115	1025.3443294634062	12.84
991.1532938680417	1012.2787282997972	12.88
988.0668641216522	1014.738819826527	12.92
985.6595344708203	1009.4093698382105	12.96
982.3944461637619	1008.7835497746948	13.0
978.1894269137987	1003.7737690230084	13.04
972.6309213317205	988.0735307227907	13.08
970.9616506844213	995.8438310865191	13.12
972.3588123938546	993.1902260682725	13.16
968.5005672495	996.5726198311129	13.2
968.3113650859761	993.5290210805765	13.24
965.8606710182656	990.5004722777552	13.28
964.0744767232285	985.2703714874285	13.32
969.7474663032268	993.8233692608272	13.36
971.0890083294292	995.769038676299	13.4
970.9237508195964	983.2614917876904	13.44
968.8884855491423	983.7375847675291	13.48
970.8055484423653	985.5404795315302	13.52
967.5723625711115	981.9672464704172	13.56
967.9564105861865	993.2400744119285	13.6
966.7587227470117	986.3054248772536	13.64
964.1644868278765	983.2216201461962	13.68
964.0871624105141	985.5563037016439	13.72
965.8074465963717	983.0990934261913	13.76
966.1804439453772	985.1233367939301	13.8
964.140919740841	981.7268121817036	13.84
963.6162655339815	976.620069311644	13.88
963.9489777392384	987.2671673127012	13.92
963.3192586748863	992.3451183376163	13.96
959.7361936574486	980.6969301760024	14.0
957.3394986674967	981.6284271770544	14.04
960.2599325833266	979.5551448616859	14.08
960.5852296074933	977.3840998177466	14.12
962.4975634430386	984.5245589148197	14.16
961.8396499780391	978.598542539386	14.2
957.821464194915	984.2944883449185	14.24
956.2191482078111	986.8405559404166	14.28
955.5935223540034	984.5347771629946	14.32
961.1666360222969	984.3829617591505	14.36
960.2196839274241	985.3304499840198	14.4
960.6920864848039	981.7960519334041	14.44
960.7462739844428	989.6688832982196	14.48
960.1478562362272	990.358590078344	14.52
957.8139700819689	985.9280950761593	14.56
956.3520000956917	982.4044440656941	14.6
954.5571419685276	969.1850872285536	14.64
949.2180821195071	967.040281411254	14.68
946.2674300710336	959.1617128503954	14.72
947.9080859913423	947.4293321711185	14.76
950.3243634150305	973.8887337444309	14.8
961.141794785975	989.9262075213543	14.84
982.5114352387682	1030.0494020543906	14.88
999.1742895377115	1064.707608721067	14.92
1020.1666380002805	1088.5711297932378	14.96
1025.7970680721774	1101.6079465388793	15.0
1035.255970111702	1112.337831956592	15.04
1053.8855486640805	1107.593804330817	15.08
1069.2204991488209	1094.9869522113584	15.12
1079.282727287307	1093.2687021434565	15.16
1079.5722442179601	1083.6738416903995	15.2
1091.3536369825883	1104.6526385368734	15.24
1099.6565877119267	1123.0081895562525	15.28
1118.8759599680334	1149.9372266803855	15.32
1130.245436705244	1157.9702032206255	15.36
1121.7632365737836	1169.3129709421808	15.4
1121.827583127223	1164.062105703913	15.44
1119.2428167422627	1161.973992399024	15.48
1118.5297515420334	1152.708531620546	15.52
1123.6771874826527	1167.7144415535904	15.56
1126.4890690391685	1169.499503236026	15.6
1128.2324793879984	1174.274954241782	15.64
1130.0208402769103	1178.2390656502434	15.68
1130.501191853381	1173.091383463298	15.72
1131.1166317931825	1186.3179371529654	15.76
1133.3089831661666	1188.882596003515	15.8
1131.560185989118	1189.8823268933784	15.84
1127.3833269358456	1171.6560397812425	15.88
1127.623103904439	1190.5621147229342	15.92
1126.3454301091256	1187.109485753991	15.96
1127.2724374353888	1186.6887584351657	16.0
1128.0556707528808	1188.0053039310887	16.04
1129.1935980224964	1193.948598533747	16.08
1129.1509742660146	1191.1851291286212	16.12
1126.8949448079359	1183.8061033776348	16.16
1126.6384521130158	1189.5677279014278	16.2
1125.0547291757075	1188.811764164743	16.24
1123.3113061982897	1182.9433147000927	16.28
1120.4707913566217	1184.4302150059887	16.32
1118.3446381376389	1172.7614389527232	16.36
1116.668557325593	1171.9611175619352	16.4
1114.5801318913934	1170.3707104529715	16.44
1112.7990085463302	1174.792371060538	16.48
1111.5740712207044	1175.0638790622934	16.52
1110.5689954639847	1170.2595444468545	16.56
1105.1638360653828	1162.9329112766316	16.6
1103.0569670728632	1163.210354610304	16.64
1098.9622347936877	1160.0024616408778	16.68
1100.1842756106514	1162.6890280872544	16.72
1099.0036491462404	1162.0447215725878	16.76
1099.7385137369233	1160.7936965603176	16.8
1099.5040793264054	1158.8781140849044	16.84
1096.5291609391343	1146.039707858654	16.88
1095.5010797042628	1156.499248381141	16.92
1096.2628662643062	1148.8784891933826	16.96
1094.8399531070884	1154.0017844016497	17.0
1094.5530322964614	1142.5135578536876	17.04
1097.4274327160963	1154.7074074832365	17.08
1093.3759807001456	1143.902843752239	17.12
1093.9696760720012	1155.1077983821208	17.16
1090.3678348143574	1142.541932507643	17.2
1091.0540229754508	1141.1890303591908	17.24
1091.0734474376022	1146.953714835048	17.28
1091.7294550457764	1145.2996004472461	17.32
1090.4906534153645	1147.6292511931113	17.36
1093.4429123493455	1154.2093210217406	17.4
1090.4880342970957	1151.1786950114272	17.44
1091.9236574724164	1154.4246139930192	17.48
1088.2593722717556	1146.0853104864586	17.52
1088.3666313363665	1143.3368306861846	17.56
1089.4353423281882	1147.3886824572783	17.6
1087.586337457889	1143.404647292709	17.64
1092.5868885799255	1156.1242394872108	17.68
1088.2333784128257	1148.8304914116054	17.72
1087.9388022092612	1145.429517549601	17.76
1089.0390412785284	1149.6307963629738	17.8
1087.2137022988136	1146.0746366865026	17.84
1089.362767654046	1147.3284821903035	17.88
1088.7292123808338	1144.6839536322125	17.92
1091.7732167335369	1157.5402793669014	17.96
1088.2573101261419	1153.1642727945982	18.0
1090.2441966227166	1145.2347737899208	18.04
1089.6216281695063	1153.485239692414	18.08
1089.8754726910201	1152.3662465046423	18.12
1092.6046532796863	1163.0343725589196	18.16
1089.3979353299317	1142.9119283055115	18.2
1089.8256679414094	1157.6736543718102	18.24
1092.468805829448	1148.927467367645	18.28
1090.3272758206308	1154.3572997056515	18.32
1088.6030261966648	1140.5023273027596	18.36
1095.4611963149198	1173.476499597471	18.4
1093.5887470609239	1154.2699109290857	18.44
1096.4913056830783	1150.5951452164388	18.48
1102.3373356305513	1155.2273392783661	18.52
1109.084166104766	1177.039903395687	18.56
1116.6325041276	1185.9876217792764	18.6
1127.3010324523902	1202.4408240182274	18.64
1139.88024998261	1214.1800559879637	18.68
1151.9708672496456	1235.02766781604	18.72
1160.1085025801667	1244.1541042786514	18.76
1166.2146295993157	1251.986952934596	18.8
1165.000408649888	1242.732711981534	18.84
1166.89498030568	1262.5473184040975	18.88
1168.6621930928711	1256.6073889823665	18.92
1175.1728047134397	1267.3139944688432	18.96
1177.222741286462	1266.3948576854095	19.0
1178.7570724108962	1278.1121924108652	19.04
1183.7254768054877	1278.2209112473763	19.08
1193.929940674397	1299.8962919902165	19.12
1194.7392865052786	1285.863026956349	19.16
1198.1436494981435	1295.6598717016834	19.2
1200.6460749307314	1290.8880625412064	19.24
1206.7952836926404	1308.8173127931657	19.28
1202.2876950156547	1294.7794978110655	19.32
1208.54850321307	1300.19725700706	19.36
1204.4474054787697	1301.9301722312116	19.4
1207.8138054218691	1302.5402385988896	19.44
1205.4977335126916	1297.3724933010271	19.48
1202.4075020067644	1296.8957687435775	19.52
1207.8287915660806	1306.8149243374214	19.56
1207.9630897665977	1306.6329833519908	19.6
1208.5206584541934	1309.6538219617505	19.64
1207.5925633057068	1308.408601023839	19.68
1208.697743344244	1301.7578093521192	19.72
1208.2457785497943	1303.4251562065785	19.76
1207.2041123595993	1302.8017810984738	19.8
1206.3922895211776	1297.5635718631129	19.84
1208.035085232718	1303.2521857494608	19.88
1212.0443172570642	1305.450605420466	19.92
1215.4671902677492	1304.8131406513462	19.96
1217.8041197196726	1304.258366122292	20.0
1220.3954866275153	1310.7954537479723	20.04
1224.5609749189869	1321.9816133705335	20.08
1230.9184308688684	1317.539327015954	20.12
1231.9021140796708	1326.5730167890304	20.16
1235.0057746873222	1328.844081364777	20.2
1239.2790852422656	1330.1547517994102	20.24
1240.5154573834554	1333.2042905818237	20.28
1242.2669473815747	1337.4255660870883	20.32
1243.4507559374372	1333.2782507096797	20.36
1243.7060590892618	1339.2611557782084	20.4
1246.1800003308003	1346.9047858160238	20.44
1250.0330796753956	1344.2628800918826	20.48
1249.9299451197712	1337.4634466780956	20.52
1251.3483208378555	1339.9716169184699	20.56
1251.6501354589427	1344.9886688052106	20.6
1253.2969398860323	1348.7635294030003	20.64
1252.4115122665119	1337.9951453251197	20.68
1256.712279807628	1350.0419253359453	20.72
1254.2364799676054	1349.8555794215515	20.76
1252.8576601965653	1338.6433114190331	20.8
1254.6446997572484	1342.5281425101293	20.84
1254.0879055193443	1353.8488968145816	20.88
1253.6545969406006	1347.4653764010818	20.92
1254.2652228153054	1336.5641093184029	20.96
1253.1751624987046	1339.3016768710909	21.0
1257.598786161524	1347.3247314283637	21.04
1254.9691035250357	1358.1037267107004	21.08
1258.147352219717	1338.3814846826713	21.12
1253.073003639092	1342.2941648198207	21.16
1257.315021263641	1353.3707451372193	21.2
1257.4561374522539	1350.910650980666	21.24
1254.1598835595755	1331.2044224250822	21.28
1255.1884857533394	1339.8789412865442	21.32
1253.806102885986	1341.9444497964057	21.36
1252.7900935049117	1350.028977324132	21.4
1254.3887418847319	1342.0464640331888	21.44
1252.5658304168776	1341.153472190828	21.48
1253.6452732614694	1347.0079810207303	21.52
1254.6461487719373	1331.4849972724455	21.56
1251.5241617949423	1347.3742232604957	21.6
1254.8550808775985	1341.2907096637543	21.64
1255.1271261158734	1338.838159141434	21.68
1251.6924386537673	1339.717095667264	21.72
1254.8857393082542	1339.1361166052984	21.76
1253.8132090983731	1347.277727025202	21.8
1255.7381944960944	1343.393444750633	21.84
1254.5960247559906	1334.4092410726175	21.88
1253.235434306958	1344.33424958612	21.92
1255.3692373427255	1344.0555675991484	21.96
1258.1177770565125	1352.002264094261	22.0
1258.9774046736372	1341.4643586763684	22.04
1259.6826969074734	1356.4394869039015	22.08
1256.219285669974	1353.6779400310434	22.12
1257.9830450983752	1351.8960187865205	22.16
1258.6426356899983	1350.837312057972	22.2
1258.9077242019562	1355.4175499603089	22.24
1257.230940209235	1337.9965359383548	22.28
1256.7908675891015	1343.7606822111113	22.32
1260.8773732274824	1353.5893159485026	22.36
1259.948541109735	1345.0064012879895	22.4
1260.0812841226066	1343.800551583568	22.44
1262.2849184040306	1349.450508906879	22.48
1263.287005307282	1363.4795516516906	22.52
1263.1148967490162	1356.8167346215569	22.56
1261.6163192071779	1360.1273568482004	22.6
1263.0672331907272	1354.7663512891668	22.64
1263.1528248371742	1361.3678508606474	22.68
1261.9309852877848	1351.2568957315714	22.72
1261.5618053289709	1350.8527709249443	22.76
1261.6843069606807	1347.2073797212852	22.8
1260.5842063879288	1351.0029886133823	22.84
1260.533924998511	1349.0004648616825	22.88
1260.7494110315597	1354.4681019812817	22.92
1261.3505170829942	1356.4539809453956	22.96
1261.8557481970804	1355.7833897000817	23.0
1262.379507703709	1352.130725829266	23.04
1261.9738554640214	1357.716511301067	23.08
1263.0842133757808	1357.624648743288	23.12
1262.123269627103	1346.225817442166	23.16
1260.2303505413647	1345.9446519792368	23.2
1258.6906420128257	1339.828446527887	23.24
1260.557999071477	1355.2796477014188	23.28
1259.448887632829	1350.3769621590955	23.32
1259.6804613392685	1344.2510662405516	23.36
1256.841609356766	1343.8390080304948	23.4
1259.9577491529697	1351.3501316364045	23.44
1261.03934007758	1350.057269491945	23.48
1260.1237354181185	1357.5537431699097	23.52
1260.441039723015	1356.6934287174422	23.56
1260.4900774224116	1358.8187916438937	23.6
1261.2591733427364	1359.164167823902	23.64
1258.9810651424473	1348.3063312025724	23.68
1259.2650222229477	1350.2772715623178	23.72
1257.9258216192761	1349.8191019099063	23.76
1257.6304995367207	1346.4877571602121	23.8
1258.2554886312614	1340.1377382150597	23.84
1259.7075750848537	1350.6578002205918	23.88
1260.861902927764	1348.6569172209295	23.92
1260.6262090839466	1356.3176251309394	23.96
1261.9977732840262	1356.5876523569582	24.0
1258.9075044250585	1351.236522136098	24.04
1260.2012471118944	1356.76075498781	24.08
1262.012165463883	1357.851019174217	24.12
1260.9475002593706	1351.1841743161056	24.16
1262.1764405647373	1353.879705364435	24.2
1260.854817118718	1340.2967822362334	24.24
1261.191362641756	1349.5876312052128	24.28
1263.4673946499463	1358.681669837736	24.32
1263.3128770986127	1349.897183708937	24.36
1263.513305391851	1352.9515894331037	24.4
1262.969556136149	1351.017659044481	24.44
1262.4314519368932	1359.4763096314252	24.48
1265.2344912994868	1358.2163526602358	24.52
1264.501110286523	1354.5485093494515	24.56
1263.961780176934	1352.6897528181107	24.6
1263.7156972500654	1356.2820747629196	24.64
1264.9314134744372	1356.9810464266773	24.68
1266.9448463974265	1354.0033396309364	24.72
1263.9179400597584	1349.9967966422678	24.76
1263.6863119087254	1358.234345658022	24.8
1265.5822114891125	1360.4284803019739	24.84
1263.598153938533	1336.5843318513676	24.88
1265.8730180438674	1356.0587839058803	24.92
1264.1147883425317	1357.730185305526	24.96
1266.723416967086	1354.309690886103	25.0
1265.914617355093	1357.4463441754797	25.04
1264.0857923335143	1351.4217945367138	25.08
1263.8162407065643	1355.4993189004767	25.12
1261.9140387553691	1347.597298956762	25.16
1261.9089853761432	1346.764037698269	25.2
1260.633879140242	1342.9187956725495	25.24
1261.990144418623	1351.1947199868366	25.28
1264.5030623586279	1352.0087840573035	25.32
1262.3539705992685	1347.0248105229389	25.36
1260.9974196645942	1351.9966052446775	25.4
1260.057119742904	1347.8611530411627	25.44
1261.0271670510806	1349.5310591208308	25.48
1259.974698992203	1348.4854089108885	25.52
1259.0459224599597	1346.8886450048599	25.56
1259.162357180723	1346.0016358293071	25.6
1260.6988539225579	1347.624211798103	25.64
1260.8213433118958	1347.1175758751017	25.68
1258.8994005387065	1342.6744509697887	25.72
1258.4991592025974	1346.97665217071	25.76
1259.9769026749016	1348.8232438056864	25.8
1259.2044294505445	1352.679707158282	25.84
1259.4848994012282	1350.2606297787217	25.88
1257.403066831414	1345.2127706190909	25.92
1260.2366897368233	1350.4110719441649	25.96
1262.4548965208487	1357.4905111141088	26.0
1258.539075621212	1349.3610074923865	26.04
1255.9426804909717	1340.0974968519101	26.08
1259.246819975053	1359.7246103207583	26.12
1257.7840193531551	1331.540221037229	26.16
1263.5668018323627	1353.071056585848	26.2
1259.7853799037282	1350.63954625734	26.24
1260.5297713190942	1354.2535917123714	26.28
1261.5986102477386	1350.5812146818375	26.32
1258.6540975900482	1354.0753824630065	26.36
1262.7198532144039	1346.996822593717	26.4
1259.5911791011674	1355.248738820261	26.44
1260.755413430123	1343.6238604041848	26.48
1259.8395050298975	1351.6992711013381	26.52
1257.6167518881055	1344.888428950033	26.56
1256.2550155971564	1345.376313732341	26.6
1258.1876505251264	1348.0361575673892	26.64
1260.8290875947032	1349.9661044165562	26.68
1260.5548463862574	1345.5319482500656	26.72
1259.5821131523376	1356.1963334729437	26.76
1260.6667272543787	1354.5719095876648	26.8
1261.2386952557347	1345.6653535983585	26.84
1257.943866942575	1342.67532159828	26.88
1258.079749876216	1345.5038905597821	26.92
1254.4424796522417	1338.301563194851	26.96
1253.8593076216741	1343.2731017332537	27.0
1251.931052470432	1339.4288277057885	27.04
1248.4563094708435	1335.4823164453471	27.08
1249.707544723315	1337.0898322639327	27.12
1244.3499961139837	1327.8924736520066	27.16
1242.1779776723454	1324.4947896108126	27.2
1238.6512035967198	1325.0563419760572	27.24
1234.9955799279132	1314.050038201205	27.28
1231.6893935651321	1319.872028374931	27.32
1226.0388950942977	1300.0818598148824	27.36
1218.1223888806906	1296.6138165421416	27.4
1210.4908111020075	1284.6853727531818	27.44
1200.9966514048945	1265.783473137646	27.48
1186.5638096413797	1248.196915218633	27.52
1170.3243978406626	1241.6733124101322	27.56
1155.310589091629	1211.2489718248341	27.6
1140.8289115547573	1195.9065517193765	27.64
1120.1450302392302	1157.930768730425	27.68
1098.7219634615378	1122.6842828374345	27.72
1074.0108990979436	1109.9685093912076	27.76
1044.1509698250381	1101.5706186662949	27.8
1021.5528402902332	1101.0302855239572	27.84
1011.314924042135	1091.7258943032373	27.88
1004.9556951555867	1084.8677324504383	27.92
1005.4924748572796	1091.5210649344508	27.96
1003.0319079624848	1089.584380219	28.0
1002.2732860263018	1064.44227644153	28.04
1006.2854131137353	1061.4462470264118	28.08
1014.208046485389	1055.3946907708316	28.12
1012.0507366359013	1053.123772490659	28.16
1023.3007906074947	1020.3422281895439	28.2
1028.123709274689	1024.7657335411225	28.24
1037.5206384423211	1032.7613764285857	28.28
1049.053075752538	1044.7881604021552	28.32
1055.328093110416	994.1549883823832	28.36
1060.9830538223746	1021.2881932431249	28.4
1065.5368734065191	1033.6585406149102	28.44
1064.0053873377678	1038.4548384016773	28.48
1059.210019567985	1025.8372158609689	28.52
1055.001131215203	1029.1302979316008	28.56
1052.2367318465524	1018.2122873435752	28.6
1053.3118657447897	1032.1510699592116	28.64
1057.8879856757826	1038.0772805708343	28.68
1056.2030428744417	1041.145659287193	28.72
1057.980311815676	1041.0717285635228	28.76
1054.5872375742701	1033.8014793654638	28.8
1048.4024404087745	1035.1283493688134	28.84
1044.7655871281122	1036.534675144993	28.88
1042.1085531993697	1032.3753696423353	28.92
1042.8490087013777	1026.976055221655	28.96
1044.1294370669198	1036.8645610998196	29.0
1041.0304135268934	1040.68145798366	29.04
1041.1598925147466	1037.5995201708988	29.08
1036.418583277258	1034.5939586214834	29.12
1037.8062297182769	1031.095326634898	29.16
1037.492263580757	1032.969457191542	29.2
1035.4853615663292	1026.222173499604	29.24
1037.2787678963211	1026.0125541544935	29.28
1037.2241344830727	1018.0140454631025	29.32
1036.678523904714	1027.225147072721	29.36
1034.55704569703	1017.3829854635281	29.4
1035.5353245171937	1018.8710901799119	29.44
1033.9858575244546	1020.8906297414862	29.48
1033.5696344461276	1007.1722134203122	29.52
1031.6242011504537	1010.3672631381547	29.56
1029.257282966041	1011.7133770258994	29.6
1031.9498507461783	1019.5017033783488	29.64
1030.2592660667538	1016.8144404420811	29.68
1030.542308352934	1013.5510187207358	29.72
1032.0733979991535	1024.4866153899452	29.76
1031.5092119213139	1018.4281756960262	29.8
1029.9652788148796	1016.3850305923281	29.84
1032.3098245885628	1018.2312912426082	29.88
1030.6072207483546	1005.0354960707632	29.92
1027.4688940731692	1007.2404843068533	29.96
1025.3861410780955	1011.1100664143042	30.0
1027.4797757084982	1015.6534890636482	30.04
1025.2930464375506	1006.5281924215548	30.08
1025.776596097705	1017.1344333722394	30.12
1027.1676939973986	1021.0115963357074	30.16
1024.8241118319083	1013.7878832579628	30.2
1025.657429881413	1015.3219562636664	30.24
1021.8910026407156	1000.9743833146676	30.28
1023.3051292799469	1012.0222451597682	30.32
1024.1547525654282	1014.3379366328625	30.36
1022.9047079678141	1019.265204572097	30.4
1020.5105891974152	1007.0909390257259	30.44
1022.6864842714768	1009.4849299586547	30.48
1019.8601174151617	1000.764547808026	30.52
1020.2794644449069	1009.6846909318949	30.56
1017.4062116088508	991.705220958398	30.6
1019.8585726700674	1004.864439482912	30.64
1022.6461864952423	1000.6691630107367	30.68
1019.654125656324	1000.7716227775201	30.72
1023.7320997717391	1006.3461202562114	30.76
1019.7997040488152	992.3970226953102	30.8
1019.5768850347532	1002.4016480062298	30.84
1019.6721082431562	993.0562584437008	30.88
1020.4768691171978	999.441771461774	30.92
1019.5041795616082	987.6669367492459	30.96
1021.1963032940528	1001.3122688783805	31.0
1017.8341019813753	987.3893451123738	31.04
1018.9780906302658	1005.9718170539462	31.08
1017.6123743304984	993.6188280045325	31.12
1019.0084350309954	995.0465611146221	31.16
1017.901987410577	989.8712589746368	31.2
1020.7512102967331	1008.2178470663692	31.24
1015.8774221148544	988.1119606402832	31.28
1020.687698564158	994.8345133772817	31.32
1017.6322059827945	988.2495350761023	31.36
1017.42853785947	989.650208975895	31.4
1019.8770304942044	990.3628628643486	31.44
1017.1829380627543	988.4408153324348	31.48
1017.4749148524171	988.7626465261865	31.52
1020.6735017709594	997.498470892257	31.56
1016.7522325471429	990.5563688441744	31.6
1015.0822169821673	981.0930959713278	31.64
1015.4193856734616	984.7349563205103	31.68
1019.7727344228045	991.7216555365266	31.72
1022.8642036576899	999.4373536892425	31.76
1017.9575233023529	999.9419998734006	31.8
1021.7926536901713	1003.6922726884625	31.84
1020.7508711248429	997.6273685528457	31.88
1022.2940264945446	996.4702013804413	31.92
1022.2233944912869	1009.8540248875041	31.96
1026.4983035247037	1024.1608613376218	32.0
1025.7638541653007	1010.0839954132509	32.04
1025.8184777528509	1009.4827109919132	32.08
1030.9323298035742	1012.322288332502	32.12
1029.3923661621063	1022.1004730071106	32.16
1031.4790494364581	1032.6952278064882	32.2
1031.2496616124079	1023.2025408157726	32.24
1033.5718393769641	1023.157582301817	32.28
1032.7788853345874	1029.5458546783623	32.32
1035.9664949992466	1033.783910396965	32.36
1039.1871852636982	1061.4626089842743	32.4
1039.1421127593132	1026.8290526622422	32.44
1039.6770966494407	1024.1734629105104	32.48
1039.3676904367226	1057.8687988765305	32.52
1041.4672877843716	1025.0778830661652	32.56
1041.4936911305028	1025.6444330849026	32.6
1043.4431385826722	1038.9442755939936	32.64
1042.3640971865825	1028.1870864843122	32.68
1043.31211364722	1041.273913580042	32.72
1054.620570104042	1048.1871459967465	32.76
1087.2626455058091	1092.587229962522	32.8
1143.8324526802369	1176.4335096746088	32.84
1220.3943980491922	1282.3681729564926	32.88
1306.590578395671	1384.4403249695026	32.92
1386.6365353347828	1457.498053040941	32.96
1456.655368565741	1529.7898156403214	33.0
1507.3610938770823	1583.868598691239	33.04
1542.6206893284434	1635.4764438810114	33.08
1570.2833912806775	1662.9586953703576	33.12
1598.867979382712	1716.7989551035396	33.16
1620.978093582165	1743.1728449252953	33.2
1645.1467906317666	1820.14031439474	33.24
1665.809228379064	1798.048124936196	33.28
1691.6163554208265	1836.5525316112544	33.32
1715.5131119129899	1858.5889228504839	33.36
1735.431320335717	1869.689224323272	33.4
1757.6099366281353	1889.6365711244305	33.44
1769.5631218674146	1902.169966997889	33.48
1784.1744439755284	1903.0961452287193	33.52
1781.524157376541	1811.314854729503	33.56
1772.0932000238802	1673.9539215647321	33.6
1776.266143636168	1735.2933224534731	33.64
1783.9046045221926	1741.7519030029048	33.68
1802.9376156489366	1769.870762502161	33.72
1803.0354097709785	1795.840797004896	33.76
1764.629081331062	1766.0410671691698	33.8
1694.943303307005	1690.440577595792	33.84
1595.2536838798248	1582.3418656034864	33.88
1474.9924599887083	1454.4584375328811	33.92
1343.5089445161416	1326.752976258482	33.96
1221.0284467529536	1209.4712607958068	34.0
1105.693932163616	1085.6904045550389	34.04
1032.6348221556038	1006.5121900020908	34.08
965.5852335833828	937.6346394374232	34.12
926.1249676395752	892.0378076579979	34.16
914.289019412464	868.444225562871	34.2
912.0532864110621	859.558365191361	34.24
918.9204824263969	860.8707151611452	34.28
933.6316073775574	862.9929990846251	34.32
944.6681448426167	870.3763533154482	34.36
948.8282557517771	877.5309530770168	34.4
953.9448857906729	883.5801738971485	34.44
960.5520684598016	893.7088064758359	34.48
965.5378795867168	903.5332605840615	34.52
966.0053315663301	909.0892343585912	34.56
962.7601097848639	904.3192933354602	34.6
958.3789082684699	905.847998807601	34.64
956.3721795801928	904.4065661944778	34.68
953.5509433026199	905.2451480420881	34.72
951.8308826647318	903.6929907247583	34.76
949.6231422192334	900.2559648285164	34.8
946.4375466359455	897.6206393710372	34.84
941.9215405078526	892.7837396271142	34.88
937.492315062628	892.5725533002144	34.92
934.6564151332225	891.895439599011	34.96
933.9896011635465	891.3960123149661	35.0
932.9307664117281	891.2804111178598	35.04
932.5589568551026	888.4982679202269	35.08
933.1610142342287	888.1563302406872	35.12
931.079695368645	890.9587744516946	35.16
932.2321325770122	885.8431232420113	35.2
930.293724136602	888.4090428390886	35.24
931.8453355648107	884.1670656690605	35.28
931.7541989260592	884.6527745172108	35.32
934.0254782177814	885.9404109480712	35.36
932.9366835056366	888.1166930649	35.4
936.3171773473621	890.0654239806962	35.44
935.2719953267451	888.0948911182556	35.48
933.8239080497734	891.5167265550616	35.52
935.5948362489597	887.7146960198261	35.56
934.417694141599	887.8879724294072	35.6
934.5066244171117	889.1249808944941	35.64
936.8318754100025	885.6997492239981	35.68
934.7490681603131	889.7064323095404	35.72
935.7737082383335	887.9186751247337	35.76
934.1380524285612	889.8123846382681	35.8
936.4081284136358	885.9303281214378	35.84
934.8676410744578	887.0225152326324	35.88
935.374818064579	887.8580564848902	35.92
937.7267432860182	889.3794799255326	35.96
937.8282913931798	891.4827753490614	36.0
938.4839394899873	890.3593569617334	36.04
935.9543881874737	891.1749817325274	36.08
938.8037514539078	890.0778288152927	36.12
943.360431085423	893.8144463361592	36.16
951.2482567269133	898.0312713093668	36.2
958.0507625987319	908.074358814156	36.24
965.6958683912582	912.901831459344	36.28
968.2917142260995	921.0137768051624	36.32
973.3135626000319	923.605398109685	36.36
978.811290435316	922.6599452777089	36.4
980.2460398464348	930.531160668801	36.44
985.3962268078868	928.9887284962817	36.48
987.4338393542819	935.1462781942555	36.52
992.0932997415753	943.1981146857793	36.56
996.1494340247519	945.2544435359807	36.6
1000.3640933612993	946.8187468111709	36.64
1002.9553099961465	946.7729894446815	36.68
1004.031498158006	952.4528618957927	36.72
1006.8961718521746	953.3804634920765	36.76
1009.3397072529518	953.6746758539068	36.8
1009.9174251122986	958.5186960576434	36.84
1011.4981557525417	957.954907257515	36.88
1012.972876753575	958.2955963274828	36.92
1015.1389129111841	959.6494378910596	36.96
1015.9825451156073	961.424779508791	37.0
1018.3931301345457	963.2602396170386	37.04
1021.2335207583014	964.3382368918885	37.08
1021.7740035391253	967.8174681147257	37.12
1025.4892990806627	970.1397190532075	37.16
1027.4760220740118	971.5434186350741	37.2
1029.0884864421762	972.3489947911175	37.24
1030.0384308445994	972.9983372382355	37.28
1032.3957679813427	975.2766026842463	37.32
1033.9383424907087	976.8881300869042	37.36
1036.7870193399415	979.2418603585678	37.4
1037.6712425198118	978.8786574936125	37.44
1038.4751849916613	976.6708338153743	37.48
1037.7925287746868	975.2049232916032	37.52
1037.4664699522207	974.1282108574446	37.56
1035.7447864500189	971.3669717089795	37.6
1033.8817686993555	970.837689764836	37.64
1034.2008638783263	965.4145342150723	37.68
1029.4237970790352	961.358779306111	37.72
1024.6103811076675	953.4347226034987	37.76
1020.0819714005719	944.4235090091751	37.8
1015.6121120019551	938.8407039497247	37.84
1012.6851371902806	934.5527786376572	37.88
1012.5511487940574	932.0257942178823	37.92
1013.5899714990971	929.7984273126553	37.96
1010.8955721648738	925.29431248076	38.0
1007.4093500807918	922.3973772513808	38.04
1005.755501607148	918.9391924653276	38.08
1006.25079358457	919.6893915690739	38.12
1005.796127940054	917.4284314217736	38.16
1005.7924451161279	918.3731819331484	38.2
0.0	0.0	38.24
0.0	0.0	38.28
998.0545827962941	908.8341511599161	38.32
1002.6921726750066	908.7840746771762	38.36
999.1226896841623	908.086195756488	38.4
1002.5009790940916	908.2006049524128	38.44
1001.8737588833336	908.1577984402941	38.48
1004.6239247682643	908.2644074360302	38.52
1002.029884673603	907.2467230534699	38.56
1002.216675732059	906.2114793819109	38.6
1000.4704010382861	902.7683952222412	38.64
999.424149535988	899.8025021683161	38.68
1000.1141968421184	901.8568995033844	38.72
997.93855960926	897.8531781573076	38.76
996.9034555364412	898.4243267928531	38.8
997.148677645182	898.4546810591416	38.84
995.1455416884805	898.9056211201603	38.88
997.2288959862194	898.3059240504091	38.92
996.4313912416138	896.9388342945417	38.96
993.5194303884135	897.8731387834359	39.0
996.4232143763384	896.4867341488988	39.04
994.0253476577784	896.361201619088	39.08
995.6962573510353	896.3328403467368	39.12
996.0796734250836	896.1253294623547	39.16
994.6979573131723	896.5254700308094	39.2
997.3207478215593	898.2627162190761	39.24
997.386094813379	896.3095882796733	39.28
994.5321103574158	896.4944778964143	39.32
996.9545957273325	897.925755817663	39.36
995.728974815604	896.0031555099384	39.4
995.7360179521039	896.1380015447464	39.44
994.040795987414	894.741098349375	39.48
993.7063962228838	894.2051647610123	39.52
996.4817715408375	896.6470643721997	39.56
994.5710141303468	896.1169403114615	39.6
996.1224683024578	896.4180741884904	39.64
998.55206534915	897.4836807325161	39.68
996.4815131683139	896.3138238450902	39.72
995.7981903692668	896.3348379549694	39.76
993.9821496007393	894.7394448456549	39.8
995.0436294927041	895.5552011877545	39.84
998.1053061646795	896.694965195167	39.88
997.6111012122562	897.1619757447609	39.92
998.3438267662292	896.7735809346224	39.96
998.4554301130538	895.0210701519978	40.0
997.69738116567	896.0438562461259	40.04
997.1992082899318	895.3902985209124	40.08
996.7187136407384	894.5342860528116	40.12
995.6988649388295	892.669358663015	40.16
996.1219050260055	891.6681226589911	40.2
996.2288068420013	890.7152729931081	40.24
995.7976432167617	890.3880055182401	40.28
997.3275864668602	891.908005298446	40.32
995.9774702071884	891.4110598341425	40.36
996.8283803460781	892.5891081191876	40.4
996.953281057328	892.1775349221526	40.44
996.9025117868366	891.5520244889958	40.48
997.1177097218191	894.1528557700611	40.52
998.6146220488595	894.9474047789621	40.56
995.218164298837	892.3194692306336	40.6
996.4108881335902	892.627488545188	40.64
995.75241882901	892.4921064952491	40.68
997.2182223260157	892.79698788655	40.72
997.2005853585792	892.5205974147644	40.76
996.8040208120404	892.3386825679044	40.8
995.3661063316503	891.1051584552738	40.84
996.5700741442486	892.9561460724342	40.88
993.959284950401	889.3924458701949	40.92
995.1358573754031	892.6506744876998	40.96
996.9434239779495	892.3345857975128	41.0
995.4398104544779	890.1894965870463	41.04
998.353941956054	892.5193877611807	41.08
996.7856353211354	891.8003069283933	41.12
998.808685175649	895.2370571496683	41.16
998.5747883236261	892.3533064756214	41.2
998.2859755058595	893.7487738624036	41.24
997.8647464450462	893.7552272323009	41.28
999.68306764792	895.4351163911111	41.32
999.4165638148792	895.8362916329309	41.36
1000.2627126458807	894.6717347348175	41.4
1000.4758729761186	895.6918992269082	41.44
1000.536083335028	895.578577559113	41.48
1001.1901736721011	896.1074305779721	41.52
1001.5605217384068	896.1436702096597	41.56
999.3440437977993	895.0406097578323	41.6
1001.2744575294315	897.1660348058717	41.64
999.8260404225392	896.5003317018422	41.68
1001.5178693889521	897.6549329836766	41.72
999.6774878396824	895.4595987608081	41.76
1001.0032974388571	898.4711075383833	41.8
1000.9246197910497	895.7186705131077	41.84
1000.8494953283997	899.0222490495728	41.88
1001.693034576724	896.5742025370819	41.92
1001.0521831414368	896.4983885836031	41.96
999.9341860326011	895.5462865481484	42.0
1000.1592229959683	895.2687057005644	42.04
1001.1007551314668	897.5299532901395	42.08
1000.4633267682153	896.1999142025882	42.12
999.4299946908112	897.5378160815094	42.16
999.6354263257373	896.4176329301741	42.2
999.3030187330552	897.7597841199887	42.24
999.8029160623304	897.662423794889	42.28
999.5983700439683	898.472331510497	42.32
996.9555021537118	897.9174989755314	42.36
992.6764776679092	894.1268482515067	42.4
985.3598581943558	892.0087277224668	42.44
0.0	0.0	42.48
982.6156226905631	889.0021231317083	42.52
977.7215465101581	886.4394507013923	42.56
973.6193266434634	884.0375523121143	42.6
970.7411127643401	882.031287280248	42.64
969.1928318529106	880.0889398289806	42.68
968.260932373831	879.1150222598113	42.72
966.4866854340183	876.6208267463123	42.76
969.9153542776229	877.6648835424229	42.8
965.151211377269	875.963748749067	42.84
0.0	0.0	42.88
962.9546716542247	874.8220554181155	42.92
964.2577167900296	874.4996152662452	42.96
961.2874089214669	873.500471016664	43.0
960.0895601821902	870.7799230539931	43.04
960.4434548969842	871.8409862477193	43.08
958.8992291188603	867.9030361289923	43.12
959.6731350419686	870.6775552035301	43.16
960.0983070019389	871.9163117930891	43.2
960.7703579729517	871.398942929308	43.24
960.383668538654	870.6938508882615	43.28
961.987453251256	872.9424760264031	43.32
961.0513229955163	871.2343927097157	43.36
962.0500484116745	869.5991902741615	43.4
962.2700668299578	870.9461758868184	43.44
962.3655352984546	870.5689150442037	43.48
960.0535163136128	870.7629221731065	43.52
963.5025219643893	871.5792166349022	43.56
960.9251085756696	872.0250380473428	43.6
960.9912007573342	871.5083292357617	43.64
958.0830446925314	869.5314141027092	43.68
962.7029861386409	872.3403089671542	43.72
962.334317638621	873.1595764924037	43.76
962.8013615896127	871.787315478391	43.8
962.7324535156032	872.0605851669744	43.84
962.6913700751318	872.4162020872852	43.88
964.2588934952298	872.4758812334512	43.92
964.3759109189415	872.8207380116886	43.96
963.1712517772853	873.2981570074154	44.0
965.491258939364	875.4242011949799	44.04
0.0	0.0	44.08
967.0699395023615	875.1379909002702	44.12
963.6384393121162	874.4411275475783	44.16
0.0	0.0	44.2
967.3246080734864	876.0085426319756	44.24
966.52639769261	873.9108317344513	44.28
966.6594121340017	875.5718637224334	44.32
966.0207116633088	874.9451568340722	44.36
0.0	0.0	44.4
0.0	0.0	44.44
967.1807865454607	873.9038637293642	44.48
968.5269463047557	873.9496439114373	44.52
969.9057127077673	874.0970808135202	44.56
972.8745596002764	877.2010166906941	44.6
973.2352823591809	877.0594646656092	44.64
973.94028273398	876.9283199090287	44.68
971.7951476708628	876.5169498280146	44.72
970.8890477540881	877.2096705984454	44.76
973.4515339113786	876.8969177134267	44.8
0.0	0.0	44.84
972.6766502612141	877.9443997743653	44.88
976.2900921890968	879.4688379462768	44.92
974.6728152774925	878.7010267056869	44.96
976.9124776768814	878.9711244018752	45.0
976.0541437000801	878.5864099699863	45.04
979.0563055786479	880.4239213315518	45.08
0.0	0.0	45.12
979.3810255160721	880.6332133989544	45.16
978.7054350669505	881.3450080605835	45.2
982.2505893917995	882.9733651751426	45.24
980.110036191602	882.8242466955528	45.28
981.0315033766594	881.564077609359	45.32
982.891125161303	883.825241595926	45.36
980.4829031899893	883.3671566783424	45.4
980.4449799075753	884.1555469132296	45.44
980.9265385055668	883.3291572351945	45.48
979.1106308426395	881.6502939478645	45.52
979.3924156799328	884.3868285003206	45.56
979.9257017676639	883.9578077905076	45.6
979.9631982914988	883.1258402348643	45.64
981.0140479141611	883.584041359539	45.68
978.8490717820472	883.6049833496586	45.72
0.0	0.0	45.76
980.2486845957326	882.4464441463198	45.8
979.9097106766537	883.6968097883695	45.84
982.2382521081956	884.3643578841093	45.88
979.1396235559449	883.4320165683727	45.92
980.9149316176083	884.0665928744742	45.96
979.6038487651035	883.9966532282297	46.0
980.1492946505067	883.7989758640998	46.04
981.2439973150582	884.5302030417545	46.08
977.7303419990178	883.2250042550068	46.12
979.6859208434812	881.4540291800945	46.16
979.8329978965053	883.6417913705351	46.2
981.1059685235259	884.2194246460322	46.24
982.7145183900116	884.4745597815977	46.28
981.597862810527	883.2435435270178	46.32
982.5836141552893	884.3647368998814	46.36
982.5464527410851	884.0294086690667	46.4
983.4268164483243	883.6363555722421	46.44
982.3945948645493	883.2127158824693	46.48
983.7163052040228	883.8008674208446	46.52
984.1046239604748	884.1931233798737	46.56
982.8737058750474	885.0339531937004	46.6
983.4050419957991	884.0349460504765	46.64
982.028132263226	884.2585627067308	46.68
981.9657098373734	883.6808047690332	46.72
982.5452812701902	883.4633572643772	46.76
983.0184058345633	882.9618855005932	46.8
983.3886957521978	884.6226194080649	46.84
982.523959500034	883.8265585558668	46.88
984.7865048974461	883.9521419662512	46.92
985.9593186784709	884.9476219482008	46.96
982.4547552408624	883.8272095065444	47.0
982.6400326378191	883.6693820001617	47.04
983.7614713238498	885.6713540322952	47.08
984.6220937576929	885.2132588399814	47.12
984.6605990774169	885.9211435998513	47.16
985.7449643868318	886.317922105081	47.2
983.8150405084091	886.2389949600498	47.24
982.7103308064819	885.3401728824853	47.28
983.8011296547543	884.9204771038633	47.32
983.8249954003774	884.5775473706143	47.36
984.6367408294918	884.9783707660013	47.4
983.7154443791248	884.0554952200594	47.44
985.501785537025	885.101780876502	47.48
984.2545817362294	885.4033271547361	47.52
984.8107194777537	885.6737332428662	47.56
984.3814379688206	885.1023909496561	47.6
984.4745268320046	883.5795733985332	47.64
981.4489745388256	884.882042292968	47.68
982.4725368404484	883.7585155202355	47.72
981.88784803466	884.0774507679888	47.76
982.6299219564388	884.5484170506257	47.8
980.4134901288369	884.3831536832316	47.84
980.7201880070527	882.7607058282804	47.88
981.797594747462	882.6318603066625	47.92
984.0799403243608	882.6121901742122	47.96
982.509147721803	880.3728654177211	48.0
981.8930669353485	882.3812524926593	48.04
983.1597985390882	886.3798189839616	48.08
985.5738482123553	891.2213137888859	48.12
988.6481151106798	895.2933316153827	48.16
992.4269013226725	900.8397903017898	48.2
996.7478203501496	906.2388607378147	48.24
1001.3574444713005	911.1911996146366	48.28
1005.6920827551946	918.4701635124001	48.32
1011.8124115491846	923.532171937452	48.36
0.0	0.0	48.4
1020.2200346234175	934.9154510285058	48.44
1022.819899412693	940.3447102090452	48.48
1022.1006090974781	942.8207483448184	48.52
1027.4046557936597	945.2582768095407	48.56
1028.9813417306648	946.8292866541727	48.6
1029.1945996486631	949.2168139089722	48.64
1029.6735283760752	949.0432580546598	48.68
1032.3348498640064	954.2151777783096	48.72
1033.5245910426138	954.9560705259048	48.76
1038.5439362768593	959.5224578305089	48.8
0.0	0.0	48.84
1048.9962522781043	971.3136916909407	48.88
1055.2894060149015	975.7979860425963	48.92
1061.5332718808963	984.5062615839171	48.96
1068.3302639536053	989.9797829340662	49.0
1077.147014943883	1000.597870498068	49.04
1103.7382900204766	1025.410851766689	49.08
1130.0472669041912	1057.549871310723	49.12
1150.0534643242613	1102.542204787334	49.16
1163.2109041296417	1126.2689751789587	49.2
1184.9013329862446	1154.374002133589	49.24
1200.0151697025765	1187.7278026886713	49.28
1203.309571428455	1203.3041673991536	49.32
1182.2269761400214	1214.4440665367267	49.36
1143.5411826247935	1209.6971972522279	49.4
1128.4797507438745	1149.3217035071477	49.44
1113.8784532037378	1129.0382458383265	49.48
1130.0871633675201	1160.2671049808537	49.52
1143.3703187269941	1170.3954099753528	49.56
1149.794131114489	1183.5106465590743	49.6
1153.791835161319	1182.8558946478493	49.64
1158.9689512677382	1174.5860519721696	49.68
1159.1399123909573	1139.7466756477484	49.72
1147.389633003581	1118.445427710857	49.76
1130.4283534050398	1133.624186467419	49.8
1131.6585027482622	1132.4028280129398	49.84
1136.3157572716211	1141.6160626877108	49.88
1145.193729314417	1129.1418777694196	49.92
1141.7709197959634	1137.755315621699	49.96
1136.3345707177184	1175.0607501762615	50.0
1139.4134974862084	1163.1143741943567	50.04
1139.7229382997048	1182.3766560878248	50.08
1141.878764353316	1196.765428393524	50.12
1132.117211661619	1164.8212992612014	50.16
1129.72110178347	1178.960233372686	50.2
1117.1361575231065	1149.8693984954057	50.24
1112.2667692924351	1162.946822956145	50.28
1081.4646736847806	1122.6976814224042	50.32
0.0	0.0	50.36
1009.1881339051359	1033.9672233641268	50.4
0.0	0.0	50.44
0.0	0.0	50.48
0.0	0.0	50.52
0.0	0.0	50.56
822.1308637382677	869.5006527028702	50.6
798.3329043283942	840.2309481262988	50.64
785.9533923516447	806.9044795011056	50.68
767.5058976065993	777.1817814809548	50.72
748.5666698438287	743.8904005455554	50.76
736.0607867792244	725.6940555080703	50.8
727.6017027517966	705.0441236673162	50.84
721.6035589488577	694.964098301846	50.88
709.0481230767265	711.6875395320064	50.92
716.5866995816419	689.7491739576043	50.96
717.7974850126067	715.7130995267221	51.0
735.6551619603697	735.1665841219107	51.04
751.134973745045	754.4515997390051	51.08
768.8916843752286	769.6399398866739	51.12
778.2483498854813	787.633158214033	51.16
787.3357070968179	784.738881640232	51.2
797.2778584471338	779.1947017269978	51.24
792.9567186026379	794.1677938301656	51.28
800.9909874756866	789.4271647615025	51.32
809.5959226418921	797.8290503735193	51.36
818.518114863542	798.7346260938676	51.4
823.8118986896702	811.8587792733299	51.44
831.3401539195801	821.8416106670749	51.48
834.0246625657431	821.2724275755153	51.52
837.4029832710795	829.7150576580057	51.56
851.5946472744155	849.900350415796	51.6
881.279571399406	880.131171910013	51.64
910.0031849307128	895.6892652474228	51.68
928.1581720675507	946.7015769180633	51.72
961.2938534056024	976.9335337842443	51.76
995.9972223568813	1001.5588614592053	51.8
1033.9795798788416	1058.070754642009	51.84
1069.9031442379564	1097.267761437156	51.88
1109.0798153515927	1123.5578800954393	51.92
1134.6225649731437	1142.4407265206285	51.96
1163.0810680784773	1167.5520108787102	52.0
0.0	0.0	52.04
0.0	0.0	52.08
0.0	0.0	52.12
0.0	0.0	52.16
0.0	0.0	52.2
0.0	0.0	52.24
1184.1912993327473	1200.3534645280486	52.28
1170.223434081745	1186.8458234040802	52.32
0.0	0.0	52.36
0.0	0.0	52.4
0.0	0.0	52.44
0.0	0.0	52.48
0.0	0.0	52.52
0.0	0.0	52.56
0.0	0.0	52.6
0.0	0.0	52.64
0.0	0.0	52.68
0.0	0.0	52.72
0.0	0.0	52.76
0.0	0.0	52.8
0.0	0.0	52.84
0.0	0.0	52.88
0.0	0.0	52.92
0.0	0.0	52.96
0.0	0.0	53.0
0.0	0.0	53.04
0.0	0.0	53.08
0.0	0.0	53.12
0.0	0.0	53.16
0.0	0.0	53.2
0.0	0.0	53.24
0.0	0.0	53.28
0.0	0.0	53.32
0.0	0.0	53.36
0.0	0.0	53.4
0.0	0.0	53.44
0.0	0.0	53.48
0.0	0.0	53.52
0.0	0.0	53.56
0.0	0.0	53.6
0.0	0.0	53.64
0.0	0.0	53.68
0.0	0.0	53.72
0.0	0.0	53.76
0.0	0.0	53.8
0.0	0.0	53.84
0.0	0.0	53.88
0.0	0.0	53.92
0.0	0.0	53.96
0.0	0.0	54.0
0.0	0.0	54.04
0.0	0.0	54.08
0.0	0.0	54.12
0.0	0.0	54.16
0.0	0.0	54.2
0.0	0.0	54.24
0.0	0.0	54.28
0.0	0.0	54.32
0.0	0.0	54.36
0.0	0.0	54.4
0.0	0.0	54.44
0.0	0.0	54.48
0.0	0.0	54.52
0.0	0.0	54.56
0.0	0.0	54.6
0.0	0.0	54.64
0.0	0.0	54.68
0.0	0.0	54.72
0.0	0.0	54.76
0.0	0.0	54.8
0.0	0.0	54.84
0.0	0.0	54.88
0.0	0.0	54.92
0.0	0.0	54.96
0.0	0.0	55.0
0.0	0.0	55.04
0.0	0.0	55.08
0.0	0.0	55.12
0.0	0.0	55.16
0.0	0.0	55.2
0.0	0.0	55.24
0.0	0.0	55.28
0.0	0.0	55.32
0.0	0.0	55.36
0.0	0.0	55.4
0.0	0.0	55.44
0.0	0.0	55.48
0.0	0.0	55.52
0.0	0.0	55.56
0.0	0.0	55.6
0.0	0.0	55.64
0.0	0.0	55.68
0.0	0.0	55.72
0.0	0.0	55.76
0.0	0.0	55.8
0.0	0.0	55.84
0.0	0.0	55.88
0.0	0.0	55.92
0.0	0.0	55.96
0.0	0.0	56.0
0.0	0.0	56.04
0.0	0.0	56.08
0.0	0.0	56.12
0.0	0.0	56.16
0.0	0.0	56.2
0.0	0.0	56.24
0.0	0.0	56.28
0.0	0.0	56.32
0.0	0.0	56.36
0.0	0.0	56.4
0.0	0.0	56.44
0.0	0.0	56.48
0.0	0.0	56.52
0.0	0.0	56.56
0.0	0.0	56.6
0.0	0.0	56.64
0.0	0.0	56.68
0.0	0.0	56.72
0.0	0.0	56.76
0.0	0.0	56.8
0.0	0.0	56.84
0.0	0.0	56.88
0.0	0.0	56.92
0.0	0.0	56.96
0.0	0.0	57.0
0.0	0.0	57.04
0.0	0.0	57.08
0.0	0.0	57.12
0.0	0.0	57.16
0.0	0.0	57.2
0.0	0.0	57.24
0.0	0.0	57.28
0.0	0.0	57.32
0.0	0.0	57.36
0.0	0.0	57.4
0.0	0.0	57.44
0.0	0.0	57.48
0.0	0.0	57.52
0.0	0.0	57.56
0.0	0.0	57.6
0.0	0.0	57.64
0.0	0.0	57.68
0.0	0.0	57.72
0.0	0.0	57.76
0.0	0.0	57.8
0.0	0.0	57.84
0.0	0.0	57.88
0.0	0.0	57.92
0.0	0.0	57.96
0.0	0.0	58.0
0.0	0.0	58.04
0.0	0.0	58.08
0.0	0.0	58.12
860.9082687659114	884.3480073979457	58.16
831.4964368435186	851.1564797467594	58.2
815.7825146616702	808.555519356036	58.24
812.3898131043628	802.8816485058774	58.28
805.2909097957266	808.4462081050323	58.32
1133.035297668329	1114.2126171629081	58.36
812.2101573075146	801.3110098382015	58.4
827.7737684281998	812.08469846555	58.44
835.0982730551896	804.2183452683138	58.48
837.9522211050524	808.9669706032543	58.52
843.2955165799627	797.9867604062176	58.56
843.7035628774341	802.2434651176962	58.6
845.4942263904315	805.9675182469125	58.64
846.3510437100842	805.1198984340284	58.68
847.8761269776667	806.951648155409	58.72
844.1056957223974	811.1333863096232	58.76
841.5987728844678	805.7772165631237	58.8
843.1593369333084	804.4183506182932	58.84
1113.761685891016	1098.1606306003093	58.88
840.8341565046517	794.3198295548665	58.92
835.0483780878897	806.4324968137345	58.96
835.064550489741	796.2206045296142	59.0
815.6666904741463	763.760639809968	59.04
786.3752898313143	721.36889033846	59.08
760.0345043152503	678.9894283898606	59.12
742.7766526899424	658.1218517857837	59.16
683.623382777154	653.1991130274611	59.2
695.1929423793918	619.6403107976976	59.24
699.6787042282031	619.8176876770704	59.28
735.0428231844925	640.3626534928172	59.32
780.1432898175591	660.5931174732713	59.36
824.4868029179075	676.3139007574227	59.4
769.1056052976686	684.7631082492173	59.44
817.1047656965053	690.1210716974831	59.48
822.1793005619212	703.5866990481951	59.52
820.0765453798596	715.0493948809036	59.56
855.4646765763484	721.9988492109667	59.6
882.9923526883213	735.5179606779574	59.64
872.9233391216334	743.8407134942885	59.68
896.8925818299882	747.0965272085257	59.72
862.7736582122045	748.3513368712001	59.76
905.5376574177056	748.398384823025	59.8
907.4949992018313	749.0047232366231	59.84
892.2653925254824	748.4759853908024	59.88
881.1098840340428	743.5259555357306	59.92
845.6442632794615	738.7171394114062	59.96
0.0	0.0	60.0
0.0	0.0	60.04
0.0	0.0	60.08
0.0	0.0	60.12
0.0	0.0	60.16
0.0	0.0	60.2
0.0	0.0	60.24
0.0	0.0	60.28
0.0	0.0	60.32
0.0	0.0	60.36
0.0	0.0	60.4
0.0	0.0	60.44
0.0	0.0	60.48
0.0	0.0	60.52
0.0	0.0	60.56
0.0	0.0	60.6
0.0	0.0	60.64
0.0	0.0	60.68
0.0	0.0	60.72
0.0	0.0	60.76
0.0	0.0	60.8
0.0	0.0	60.84
0.0	0.0	60.88
0.0	0.0	60.92
0.0	0.0	60.96
0.0	0.0	61.0
0.0	0.0	61.04
0.0	0.0	61.08
0.0	0.0	61.12
0.0	0.0	61.16
0.0	0.0	61.2
0.0	0.0	61.24
0.0	0.0	61.28
0.0	0.0	61.32
0.0	0.0	61.36
0.0	0.0	61.4
0.0	0.0	61.44
0.0	0.0	61.48
0.0	0.0	61.52
0.0	0.0	61.56
0.0	0.0	61.6
0.0	0.0	61.64
0.0	0.0	61.68
0.0	0.0	61.72
0.0	0.0	61.76
0.0	0.0	61.8
0.0	0.0	61.84
0.0	0.0	61.88
0.0	0.0	61.92
0.0	0.0	61.96
0.0	0.0	62.0
0.0	0.0	62.04
0.0	0.0	62.08
0.0	0.0	62.12
0.0	0.0	62.16
0.0	0.0	62.2
0.0	0.0	62.24
0.0	0.0	62.28
0.0	0.0	62.32
0.0	0.0	62.36
0.0	0.0	62.4
0.0	0.0	62.44
0.0	0.0	62.48
0.0	0.0	62.52
0.0	0.0	62.56
0.0	0.0	62.6
0.0	0.0	62.64
0.0	0.0	62.68
0.0	0.0	62.72
0.0	0.0	62.76
0.0	0.0	62.8
0.0	0.0	62.84
0.0	0.0	62.88
0.0	0.0	62.92
0.0	0.0	62.96
0.0	0.0	63.0
0.0	0.0	63.04
0.0	0.0	63.08
0.0	0.0	63.12
0.0	0.0	63.16
1009.6206649977863	1022.5882812905996	63.2
1005.7475102073599	1010.9612447200886	63.24
1008.3881971917159	1040.2135773847053	63.28
1027.8802392626155	1031.298425600657	63.32
1040.5142497928325	1035.4125286999133	63.36
1028.3385580827635	999.4120575973823	63.4
1003.8025196385927	963.9426183561077	63.44
998.0302021314783	928.4774095392497	63.48
980.3189545892155	863.1407768432447	63.52
942.0660525376264	846.3171296244795	63.56
930.8328271092621	853.088134858618	63.6
948.0770360501295	882.091714158054	63.64
968.659397204728	922.4935416457076	63.68
970.1346045396673	935.203796515762	63.72
975.7969812900856	937.7964261969457	63.76
969.2944784242806	929.673819727159	63.8
961.1701085326413	921.540099260316	63.84
958.457358647949	918.7227090009803	63.88
955.0433903576753	921.5263160924186	63.92
950.184260376554	909.9698401958393	63.96
947.1727383553468	904.9805415341733	64.0
945.2940958637757	901.7652049231174	64.04
951.5206009910096	903.0555153817984	64.08
954.4897729705978	893.7114072086837	64.12
949.5270736965657	884.5337270480932	64.16
952.2187565042493	875.7054653175434	64.2
959.0631591063054	870.4903941585437	64.24
964.886355850745	884.01779370429	64.28
993.772853733415	924.1371638857428	64.32
1068.5210953476735	991.2946154564372	64.36
1160.973812029701	1080.3675244871577	64.4
1282.3758638345053	1182.864176206981	64.44
1320.414831410791	1281.8351827546535	64.48
0.0	0.0	64.52
0.0	0.0	64.56
1442.1533578582614	1413.5119382540731	64.6
1467.759480235868	1415.8926165751625	64.64
1464.4262888411631	1422.267864955182	64.68
1480.6089450055504	1435.7413835927164	64.72
0.0	0.0	64.76
1482.1769605859495	1456.0117929771666	64.8
0.0	0.0	64.84
0.0	0.0	64.88
0.0	0.0	64.92
0.0	0.0	64.96
0.0	0.0	65.0
0.0	0.0	65.04
0.0	0.0	65.08
0.0	0.0	65.12
0.0	0.0	65.16
0.0	0.0	65.2
0.0	0.0	65.24
0.0	0.0	65.28
0.0	0.0	65.32
0.0	0.0	65.36
0.0	0.0	65.4
0.0	0.0	65.44
0.0	0.0	65.48
0.0	0.0	65.52
0.0	0.0	65.56
0.0	0.0	65.6
0.0	0.0	65.64
0.0	0.0	65.68
0.0	0.0	65.72
0.0	0.0	65.76
0.0	0.0	65.8
0.0	0.0	65.84
0.0	0.0	65.88
0.0	0.0	65.92
0.0	0.0	65.96
0.0	0.0	66.0
0.0	0.0	66.04
0.0	0.0	66.08
0.0	0.0	66.12
0.0	0.0	66.16
0.0	0.0	66.2
0.0	0.0	66.24
0.0	0.0	66.28
0.0	0.0	66.32
0.0	0.0	66.36
0.0	0.0	66.4
0.0	0.0	66.44
0.0	0.0	66.48
0.0	0.0	66.52
0.0	0.0	66.56
0.0	0.0	66.6
0.0	0.0	66.64
0.0	0.0	66.68
0.0	0.0	66.72
0.0	0.0	66.76
0.0	0.0	66.8
0.0	0.0	66.84
0.0	0.0	66.88
0.0	0.0	66.92
0.0	0.0	66.96
0.0	0.0	67.0
0.0	0.0	67.04
0.0	0.0	67.08
0.0	0.0	67.12
0.0	0.0	67.16
0.0	0.0	67.2
0.0	0.0	67.24
0.0	0.0	67.28
0.0	0.0	67.32
0.0	0.0	67.36
0.0	0.0	67.4
0.0	0.0	67.44
0.0	0.0	67.48
