Thumb_L	Index_L	Time
0.0	0.0	0.04
0.0	0.0	0.08
0.0	0.0	0.12
0.0	0.0	0.16
0.0	0.0	0.2
0.0	0.0	0.24
0.0	0.0	0.28
0.0	0.0	0.32
0.0	0.0	0.36
0.0	0.0	0.4
0.0	0.0	0.44
0.0	0.0	0.48
0.0	0.0	0.52
0.0	0.0	0.56
0.0	0.0	0.6
0.0	0.0	0.64
0.0	0.0	0.68
0.0	0.0	0.72
0.0	0.0	0.76
0.0	0.0	0.8
0.0	0.0	0.84
0.0	0.0	0.88
0.0	0.0	0.92
0.0	0.0	0.96
0.0	0.0	1.0
0.0	0.0	1.04
1346.5814773358395	1353.5143448362442	1.08
1241.9264436223652	1248.525247718779	1.12
1151.2281436404478	1144.906194811201	1.16
1077.6897211950704	1073.3059334220995	1.2
1016.3458915957088	1014.7796255939915	1.24
968.0210414880409	970.839464027115	1.28
938.7323978833177	929.7974429949684	1.32
914.2480771149818	902.1943985285073	1.36
895.0131631016422	875.8789331048711	1.4
885.5282006483058	858.9096376321268	1.44
876.6452789419479	842.0350729191435	1.48
869.0926547514698	822.4736806242848	1.52
862.9639401284963	802.3830518124994	1.56
857.111874959755	792.3946402894072	1.6
849.4435602837046	781.5786580846637	1.64
841.020606317728	773.5819103712766	1.68
841.0475168530729	775.8420710685655	1.72
842.7634872288172	778.4974602317044	1.76
853.3204553635671	793.8586607130788	1.8
863.216295204362	803.2139854612204	1.84
869.2425602465819	802.2914401813965	1.88
880.2782130120677	806.680163378281	1.92
886.6688940291499	818.3164597337718	1.96
890.6193050523084	827.3229985995954	2.0
892.2451719320738	846.2921512999137	2.04
892.4009754015959	862.8736670844296	2.08
895.8367630676847	868.3355578814113	2.12
902.032055821868	876.8296526244502	2.16
905.905584003559	888.2299369357299	2.2
905.1493035068293	900.2496858884915	2.24
907.6092012018872	900.1805160607379	2.28
919.5025264084506	906.3232844987956	2.32
929.0899977932173	907.5842032893435	2.36
938.6061043519469	908.7746322154628	2.4
949.6695820894383	908.1188385111403	2.44
959.5303731546637	904.7219018896645	2.48
966.3798723473524	911.7649577347603	2.52
969.1037186114459	914.2143058254301	2.56
970.2204179936721	920.5313985838233	2.6
964.384820284474	921.8507647490928	2.64
962.1106991347385	935.4699762758206	2.68
968.2970101173842	945.346742023024	2.72
967.7410658423314	951.0210858645731	2.76
968.2605629820761	952.6959878294844	2.8
965.9365301144333	954.3256058422805	2.84
972.6408218625874	961.8745970526714	2.88
987.2761792888289	977.8653028139678	2.92
1002.5284797579664	992.1683901264661	2.96
1007.7655136487332	997.6705280738956	3.0
1003.7760621463433	992.4751726062815	3.04
996.9405632314232	980.8940214845777	3.08
991.6563520926948	977.6232743921181	3.12
992.9011873956276	978.9248160294438	3.16
996.5596216148192	983.328546977811	3.2
1004.2097188296096	992.0858051054059	3.24
1011.1718225247231	995.7332522877333	3.28
1017.7714017009664	1001.6870625811309	3.32
1020.2434914553834	1006.123713815229	3.36
1022.1554938535537	1004.1096971415573	3.4
1003.8380512973448	1001.8510458973572	3.44
932.1201105813343	970.9191144994857	3.48
843.5883614399339	875.2679244722307	3.52
787.772181188872	789.0531701254129	3.56
770.8166391420933	764.1800780641311	3.6
781.4051398332059	787.2015224809626	3.64
809.1906584747604	818.7358909005861	3.68
843.4332450270168	842.8817909172637	3.72
865.579811740137	847.5604313819201	3.76
872.6861321707761	861.6087184172928	3.8
881.945659652445	876.2337829943624	3.84
897.7006771349551	882.6570346640507	3.88
912.2911021670747	890.8020241733183	3.92
924.9311078221261	901.2936565081787	3.96
934.4149172610645	911.3317926263873	4.0
937.4019924040618	909.1551021394827	4.04
938.5947809072339	908.9546760489734	4.08
934.0781087474516	901.1729740772902	4.12
935.5577414617097	900.0804798715731	4.16
929.3178561300541	887.0457111949098	4.2
925.6696825631309	881.1985573597685	4.24
922.827572827971	877.8258831616887	4.28
914.0587246290208	872.2172465368778	4.32
906.0305657462451	870.3882898258053	4.36
898.38365922969	862.7674111665261	4.4
905.5138848899627	873.7152245683491	4.44
930.5532941586473	892.3938089613175	4.48
951.3718152801353	920.7716806913296	4.52
960.7681700471661	936.6983956113511	4.56
964.9095789426253	942.8401937805461	4.6
971.5916223966528	946.667939120038	4.64
970.8125196381042	948.4333847652053	4.68
973.0032882231714	949.6867557792432	4.72
979.1866765318644	948.1569962501997	4.76
983.5624053572643	947.0932070932483	4.8
986.5656929425431	941.8273673427527	4.84
984.7458756763709	939.6774882851106	4.88
979.8064062322377	930.223210206039	4.92
977.4746640617811	927.6485082101443	4.96
978.0206237248332	926.1028828763175	5.0
984.7650837696198	912.3491222000167	5.04
986.6653065501552	863.3265493579158	5.08
962.8656471151347	829.2491355334394	5.12
932.5829346975474	827.9566839565515	5.16
914.9478901469242	852.5346541875831	5.2
933.7471028154226	909.8278229857689	5.24
972.7043299564351	951.6381026587833	5.28
1031.6016583759254	988.8383897759134	5.32
1080.4712368886305	1015.664462633079	5.36
1131.430439736729	1043.2347829101948	5.4
1175.0531690514983	1055.514283412179	5.44
1236.412949803591	1052.1661050045018	5.48
1278.025881833773	1050.5191390756324	5.52
1312.61525487006	1060.8123491298593	5.56
1316.6129302282138	1047.1445815195548	5.6
1300.9257816699012	1030.450071544292	5.64
1277.8006997834684	1008.5846588099919	5.68
1241.3260471294484	1000.7411958834202	5.72
1196.0422909834158	1005.4735964347791	5.76
1182.7256069170953	1021.3244730897667	5.8
1169.8025298690768	1018.2378679136502	5.84
1158.8196935771643	1033.5474289790702	5.88
1148.3186586513436	1027.5652532437161	5.92
1141.601276770383	1035.1862297811342	5.96
1134.1553812732343	1036.774099249952	6.0
1129.924291704373	1037.8245995305545	6.04
1115.2124435552732	1027.3095191031114	6.08
1102.5327520464712	1026.6308687697951	6.12
1085.6227694835677	1029.8796572909005	6.16
1061.6564886172614	1019.7894134294193	6.2
1042.3045585114314	982.8098457126218	6.24
1019.2138934417284	931.5668902645306	6.28
985.2278418022752	895.4203939769429	6.32
970.3887222603383	872.6774256985634	6.36
961.4403284844908	882.5493532360937	6.4
964.5527689927799	883.1868048376546	6.44
965.6797934850947	908.4403720892917	6.48
966.0352297811575	904.9987302899548	6.52
964.7506001067902	907.5348679309303	6.56
971.2380946808215	908.150938532317	6.6
986.4423954296471	928.7263629158996	6.64
995.4760338490648	932.924983603368	6.68
1004.1431566142893	937.2566494881218	6.72
1003.8227565671103	937.4406482145025	6.76
1005.4449951967996	936.4458443112912	6.8
1008.710104543726	948.0452018162781	6.84
1009.64825599158	947.6036493752706	6.88
1011.440258627568	950.7659634121023	6.92
1015.3431754361687	955.1925458742625	6.96
1015.3455248677918	952.9223912658726	7.0
1010.8162780369506	963.7752451323638	7.04
1004.8708206844391	966.6447124002228	7.08
1003.6088760359315	959.4785939062799	7.12
1002.3223506128547	964.490529508881	7.16
1002.2438432072602	955.0597245520543	7.2
998.2903822764714	963.8664242635317	7.24
996.1606074656481	964.7427663127708	7.28
989.5801320271972	954.2278738774863	7.32
982.4519283019636	940.9728328487397	7.36
982.6201552652948	927.8979827465351	7.4
979.504571013556	929.3481317919134	7.44
977.4880998471755	933.3738351149924	7.48
975.2556415797351	929.6105885513501	7.52
966.1050537183124	931.1390710115664	7.56
958.1754177920409	921.4028849624706	7.6
951.3592821452432	913.7924264979717	7.64
945.1245502538828	903.9893532927358	7.68
946.1251561558926	891.140164755856	7.72
945.4942817075593	890.4570653604111	7.76
943.7085360710835	894.7217997858597	7.8
939.7892708453893	895.5694756098412	7.84
941.1817765118511	891.4775131126864	7.88
941.958710891563	888.5901232730769	7.92
941.8490678514245	888.4773799215762	7.96
942.1520924983172	891.3450860551336	8.0
942.3849865269874	900.616651522843	8.04
944.7708374298002	909.3865826846358	8.08
947.0862590629525	901.0255221217205	8.12
945.5398045629788	906.9197754552716	8.16
946.2296145922694	907.5239336751948	8.2
947.1686015677708	911.2772507537367	8.24
949.0000860496581	915.6404989720771	8.28
948.0918316084609	915.9096739398867	8.32
947.0536207635672	918.291141003302	8.36
949.4386880515589	913.3384870560999	8.4
948.8187925931257	919.6747046929105	8.44
948.9706066697335	914.9652846353803	8.48
948.6257943202445	912.8219433805324	8.52
948.7328349743731	914.1425512113904	8.56
946.9317660789384	915.6646931169697	8.6
945.5426017173014	908.7981809583944	8.64
945.0117592672575	913.3589522399706	8.68
946.9668938957543	904.407732267654	8.72
947.0465100576516	895.870630319784	8.76
946.7042839456306	895.433009923287	8.8
945.863433309764	894.4936850700727	8.84
942.7174717116491	897.7595372753494	8.88
942.76039107398	898.8241753327059	8.92
943.7634564796466	896.0904326261649	8.96
944.3190822456797	903.8440953086895	9.0
945.8780234412977	921.9072447136471	9.04
947.7606304420917	925.4829821530744	9.08
949.3500836197322	919.679226378347	9.12
948.7585665145026	929.9818822999764	9.16
950.7257320493884	928.3281789208985	9.2
953.7138731727782	930.8815723196716	9.24
953.6297012489653	933.5691019868109	9.28
955.7690993109102	928.2299679375259	9.32
956.3829357356404	922.5362811373249	9.36
955.262744834142	916.6495903086741	9.4
955.7892040633789	927.1334353394943	9.44
957.163471373321	927.564298031886	9.48
958.2417333652047	927.4615346217872	9.52
960.283725413486	923.4820222518466	9.56
960.5630525968752	931.4295385586076	9.6
964.5946043488685	929.2323727651406	9.64
966.7331353144646	928.9348915516534	9.68
965.8801371377605	931.5089106328862	9.72
965.6073322408497	940.5173267754171	9.76
968.1008911804126	940.937700137773	9.8
971.6437814128925	947.709540777121	9.84
977.4548218734841	956.1273392326813	9.88
980.2864585146374	954.6335548995669	9.92
976.534848244133	947.9370911373726	9.96
975.7410423318797	937.9319783061978	10.0
976.1829066377334	947.830002695198	10.04
977.1358623381896	947.4751378632965	10.08
975.0001303668845	951.9420907176872	10.12
974.3548868684758	953.1580284364958	10.16
974.3556855602105	960.0289703192253	10.2
973.3738902292049	951.0412986673994	10.24
976.4457420676175	952.5399234122872	10.28
979.8719438801252	956.2109600913791	10.32
984.7777037702565	966.981397975093	10.36
982.1627630506238	948.0813882799814	10.4
978.0899879125286	954.9884616046533	10.44
977.0922009536799	946.8544422745558	10.48
974.7470563017955	943.3279103362104	10.52
972.9114969255573	958.0938853476076	10.56
971.7375626513316	950.7592084651093	10.6
971.1974826820275	945.4556110623669	10.64
972.2371975158262	952.8838970406	10.68
974.1271512592455	953.5975644870856	10.72
974.6743275415483	952.9179336120008	10.76
978.616236624869	959.6724516287491	10.8
979.5694148874785	955.642565720351	10.84
972.9788028957984	948.6592599083424	10.88
970.0391373754392	942.9362419448353	10.92
968.8913822412408	935.9433620947182	10.96
972.0094588354146	944.2925899486752	11.0
970.9887396763305	947.3347185148489	11.04
971.2586238747407	953.1429904208292	11.08
970.882959088715	950.4476343075448	11.12
973.8091508566255	949.8822213266797	11.16
971.9126490182546	950.4647172853728	11.2
967.8213273850713	937.1799752044961	11.24
963.3177213654892	924.5565214214676	11.28
960.608505609681	928.2281288326797	11.32
960.0336769612159	929.326832492759	11.36
961.0397908583	932.5802720158448	11.4
960.758482484163	939.6852353296323	11.44
962.7416764004315	938.8228701616952	11.48
960.1870735325475	944.6957448040827	11.52
963.932568796328	943.2365140097513	11.56
966.9296495664037	942.0476476277729	11.6
960.7184584267411	929.1167652381035	11.64
956.8479822144525	922.5232801416937	11.68
951.2374007796873	919.2960191152187	11.72
952.78325974789	921.7958481704349	11.76
955.8175932459081	918.3573522575341	11.8
958.7734600627558	927.0310421761523	11.84
957.4634060980876	931.005477235812	11.88
958.0170048908172	929.7826448370507	11.92
957.6869586455684	925.176031199153	11.96
952.2758075203226	911.6232647155126	12.0
952.2882184561943	917.4275086727147	12.04
962.2929723583746	927.9883798492402	12.08
963.3291985144159	930.6174628597779	12.12
955.0773991111164	920.7421616056149	12.16
947.9393305502944	917.0234236765598	12.2
946.2312023651765	910.8770627213315	12.24
946.5814524326335	919.7953960018642	12.28
945.1497888253027	913.3798867167884	12.32
941.2499739031056	907.4339721657565	12.36
938.3711777659225	903.6264090970282	12.4
942.7447641727325	907.0120471859606	12.44
949.5597835762238	920.2665232157702	12.48
958.480807867927	920.8370414987081	12.52
964.9360786423905	930.8916863145223	12.56
969.1530353379499	950.4503929442986	12.6
975.3106191387861	960.2893319098694	12.64
980.1690952852697	961.7118644375528	12.68
948.965060533761	944.2777195366558	12.72
908.6937839714584	889.2098809591329	12.76
895.8102620054276	861.5453525938248	12.8
894.9984620235491	862.0821892107145	12.84
901.602204758001	869.3999929319166	12.88
906.6567062926342	867.6844668134391	12.92
905.176370459787	868.1504739467372	12.96
902.4674285604945	859.5632462453301	13.0
902.2163417308117	871.4013525702912	13.04
904.4264838514815	866.2756243802172	13.08
906.2712189889686	859.6795560651341	13.12
904.7132403475795	846.6865824640623	13.16
905.6223082386493	847.1282700532789	13.2
904.7810596549427	831.1046091485455	13.24
910.7715420851524	840.8862492141398	13.28
920.4384719012234	832.1943949079808	13.32
931.3966503042259	853.6909634789048	13.36
936.818978410462	865.6945095115034	13.4
942.8371775863169	870.0933638917351	13.44
947.253229270309	854.8620417961769	13.48
951.4549375780708	861.942740638734	13.52
954.766139583873	862.2328524763293	13.56
953.629021333621	843.5774277512348	13.6
0.0	0.0	13.64
972.5587330147757	852.6159939567539	13.68
982.8568091179932	860.9318186601245	13.72
1001.4908565037521	899.526122235993	13.76
1016.5346523320802	937.8597323575167	13.8
1016.1841575898732	954.0896126038697	13.84
1038.3605359655323	971.5592229067997	13.88
1074.4971695266156	987.1122733805315	13.92
1104.0133789041408	997.5416304245643	13.96
1138.1746314297452	1009.7816436428604	14.0
1167.248825424644	1017.3129115989557	14.04
1182.348968870889	1023.7644818484342	14.08
1154.427249375738	1028.2379409010668	14.12
1093.0470636238615	1030.2275561840313	14.16
1049.1620306730483	1012.451403376636	14.2
1019.2515019959066	1012.3867082779042	14.24
1004.118302241466	1010.6709883329712	14.28
995.0268946517509	996.9438068793897	14.32
995.4267555203579	1008.9415468214753	14.36
992.848427566729	1001.2755745222776	14.4
987.5521890153396	976.6470005790667	14.44
981.9113468010991	966.7433089954166	14.48
965.4452169365786	956.2997120636768	14.52
947.9877307444291	940.3782477011126	14.56
942.3964275389275	934.014495849082	14.6
923.1290418124939	935.1658398849199	14.64
901.1108924959384	914.3078010474003	14.68
879.3709160397455	901.2647480380042	14.72
864.9426383169751	878.714995338304	14.76
850.4721730339089	875.6336889395427	14.8
839.6645563359262	855.1242707466063	14.84
820.3918879533435	834.677706452907	14.88
803.2582699421431	832.0892012698463	14.92
790.5130478623541	797.6516681698029	14.96
777.636141258233	795.9286121343191	15.0
777.8005974989849	793.3886475864961	15.04
777.866195927371	787.9351350812439	15.08
779.1737538812097	795.2099399901639	15.12
779.5023154192928	799.7343327230625	15.16
781.0980419395745	798.9216731695993	15.2
776.140192944747	792.8667424629211	15.24
776.7545236771244	783.6212615170482	15.28
774.6530733881905	783.5095537336774	15.32
770.6245813652954	779.2576912828033	15.36
775.053066020145	792.0129546995133	15.4
770.1072685650142	788.6988432482542	15.44
769.2868116221318	784.6962000875121	15.48
775.2648507545634	778.6331879263641	15.52
772.6428136255312	794.1215358311093	15.56
773.4326879147382	793.3541932992495	15.6
774.9823110161234	790.3436488575259	15.64
783.7508307872071	790.769897212685	15.68
777.566019620041	794.6463381165898	15.72
781.197476305829	791.7725209337189	15.76
780.9236592492456	799.7216026861182	15.8
779.4084510052312	791.5143031375636	15.84
779.7023590120995	787.1493298055117	15.88
779.2066926120398	794.6648472515154	15.92
783.9196371002869	787.9185117136458	15.96
782.5944066087677	791.5781154229072	16.0
792.7327298090722	782.8055232950786	16.04
782.9278846356641	795.5970671524192	16.08
789.9311216359084	788.9299201436764	16.12
784.8672321333567	805.4559041537817	16.16
782.0109043369579	799.7978118971942	16.2
787.6206473607655	795.4363497110061	16.24
782.5736444081804	794.8492399998839	16.28
767.1078077455044	809.0896320789664	16.32
761.7894893010215	774.6711563787993	16.36
746.5182135557432	768.1291844526266	16.4
742.7782743970336	775.0901079538786	16.44
733.3921661862627	762.7368268213968	16.48
736.4753991300511	759.827447913391	16.52
745.6456356053201	775.5703850347761	16.56
762.459158241442	784.0634189885668	16.6
790.7129399695827	812.5731473635709	16.64
816.7209650156875	834.2889062037478	16.68
838.2748481531986	867.7989257977223	16.72
862.2687584047252	878.6431197132698	16.76
887.1904112643635	906.2337539362824	16.8
928.302582565967	947.939899786948	16.84
950.9481905721385	955.9784930165005	16.88
988.4037083652145	1003.2346864843862	16.92
1010.4151291838124	1020.3517322730113	16.96
1018.676241414569	1024.628169103648	17.0
1021.8807571415405	1046.211983873478	17.04
1024.2672954687296	1041.5921582384076	17.08
1025.8773396453105	1056.7556438740683	17.12
1027.8475986233327	1064.3575776632044	17.16
1029.3680851254862	1060.7442350983142	17.2
1031.2479522190972	1050.4563654110857	17.24
1033.0085430347162	1041.8807736518022	17.28
1033.9580729023062	1046.0816931182512	17.32
1038.9772303638395	1058.854195444823	17.36
1037.1683529878296	1042.0781590743954	17.4
1039.5425059657498	1048.5612847353173	17.44
1046.6616464203762	1045.3739734445383	17.48
1049.1535841951638	1050.6102852989509	17.52
1050.949270441389	1050.7948130361788	17.56
1049.0705569871511	1055.6438464923926	17.6
1047.7571246045745	1055.7608005772313	17.64
1048.9585253663295	1054.150228699074	17.68
1050.2421910541846	1058.2115572488724	17.72
1049.9193131740776	1055.937210804965	17.76
1050.1142551604203	1057.3205553678588	17.8
1047.913954559509	1056.0217150535923	17.84
1045.8843781724047	1055.7018037115465	17.88
1044.7532411995458	1053.9040688533587	17.92
1045.954030059335	1055.8825174512037	17.96
1045.1150277788481	1055.24561816739	18.0
1048.689877177655	1066.9583765503721	18.04
1044.6258714610096	1055.5084147886564	18.08
1047.3370472708968	1064.2145317991299	18.12
1046.2013792578653	1061.1576466149086	18.16
1045.1211727235961	1059.2152115746724	18.2
1045.3053680212481	1058.9246984458634	18.24
1045.115848841515	1058.348586605292	18.28
1047.0338403106766	1059.650942894912	18.32
1047.7641732648838	1059.8000881399817	18.36
1048.5324391433694	1057.4599400161944	18.4
1048.986985494653	1061.247369508329	18.44
1046.644137315132	1058.9493346649558	18.48
1050.4707894354965	1065.7616018089668	18.52
1051.3600963311687	1065.5761862693043	18.56
1048.7607642530652	1064.3268315877838	18.6
1051.3118889537502	1065.9643540254117	18.64
1052.2126171648438	1066.6818653394666	18.68
1052.6695631567927	1070.636347845044	18.72
1055.34582996795	1069.4255492839832	18.76
1058.164373211729	1074.8244805646987	18.8
1056.26088460016	1079.531754617794	18.84
1055.2351190331763	1071.173287691362	18.88
1056.3250398786704	1074.3720275499134	18.92
1057.9172494311845	1075.584206236134	18.96
1057.9898627480886	1075.3809509128116	19.0
1057.3229227990726	1079.3413854303267	19.04
1057.2012219413807	1070.0704676111	19.08
1057.7018287014632	1078.6397997020752	19.12
1060.7754021585115	1081.0056667402182	19.16
1062.1531258809694	1083.6349255691887	19.2
1063.9628104742044	1078.6639069876467	19.24
1063.8466087442382	1081.1926799987048	19.28
1063.673467723762	1084.4388625692168	19.32
1064.3652723626271	1081.5535399032117	19.36
1062.0967968912032	1078.582635891109	19.4
1063.2144731430524	1085.334288920768	19.44
1061.3915914986637	1082.4446533054106	19.48
1063.2194217443189	1084.9854836720933	19.52
1061.1672339813308	1077.129102261397	19.56
1060.053024326808	1077.2729611877082	19.6
1060.664161674156	1075.6831694250368	19.64
1064.5929544348542	1086.1048936836419	19.68
1063.4078089233396	1076.423840584154	19.72
1064.2985737420615	1073.736201906986	19.76
1062.1296328590518	1074.6429911033179	19.8
1061.8743934446748	1071.863821223733	19.84
1059.2412957131753	1079.159073498402	19.88
1060.5999737829497	1085.3486188987326	19.92
1059.8801914620885	1088.731817470019	19.96
1059.7931720121799	1086.4720567959469	20.0
1057.6616434785108	1075.801892260689	20.04
1056.7187619710878	1072.2212104930659	20.08
1055.1794996228807	1068.3539273014615	20.12
1053.9103448939422	1064.8322671536184	20.16
1050.6035631301838	1061.523849100428	20.2
1048.9628604785512	1068.2793037487447	20.24
1047.0045877728448	1056.1192467343433	20.28
1045.6472883032923	1050.2748223429817	20.32
1037.6146317005473	1037.2885684024475	20.36
1036.6044827768183	1036.8006069052371	20.4
1031.116023598024	1031.5268395817193	20.44
1023.2894974722223	1024.741178166593	20.48
1011.1443670122513	1001.8075070497683	20.52
1002.0281407051853	980.6168048831927	20.56
994.0744764815373	970.0341651579746	20.6
985.7524774833499	956.7384122498793	20.64
985.1654122701104	950.387018726361	20.68
985.8737079265757	944.5042667122044	20.72
983.8634370563542	946.1716732975174	20.76
982.4067540026894	949.6847568203586	20.8
989.2614915556175	952.9616046542803	20.84
1001.0805480242535	973.6542121392747	20.88
1019.2232289461745	994.70259316726	20.92
1040.9924922895725	1017.8544282105853	20.96
1062.5894011330151	1037.9672631319902	21.0
1090.8143385370672	1059.4447349886805	21.04
1122.5800317010915	1089.722052688862	21.08
1155.4595029100478	1128.699932427787	21.12
1196.5295935031568	1161.4706282788836	21.16
1234.7821619542779	1200.2112385898802	21.2
1270.915352569401	1244.8421342978952	21.24
1308.4453947016623	1273.8502901233928	21.28
1341.3322633624505	1301.6584411617725	21.32
1369.1486069167868	1336.2838345321506	21.36
1391.2674792785083	1348.7812633652136	21.4
1407.0894892742176	1359.646808237867	21.44
1417.284816368454	1376.221498162637	21.48
1424.5301868662052	1378.3902721105474	21.52
1429.2934513530377	1390.5169412961172	21.56
1429.583014595485	1389.1693027543977	21.6
1430.1401056224906	1387.1658613228249	21.64
1425.664350817585	1387.3127293759253	21.68
1424.7257471451567	1386.4915655228012	21.72
1424.5203878082384	1377.1301254090347	21.76
1421.421808242367	1378.1883121879675	21.8
1421.3956876332254	1375.7450799873156	21.84
1421.414355353989	1377.9082409596447	21.88
1420.787914671519	1384.519704443962	21.92
1421.1187038524808	1380.7346460325814	21.96
1420.9341580106727	1380.4284254966803	22.0
1419.7044042497225	1382.2717595790489	22.04
1419.4830391501023	1379.3924478406393	22.08
1417.1492356413567	1376.8807361766458	22.12
1415.9626811214093	1373.9874990000246	22.16
1413.2698879673824	1367.374691796835	22.2
1412.758934427358	1367.7311942967267	22.24
1412.068041605595	1368.1959563058667	22.28
1411.4436120366524	1365.8711448481063	22.32
1412.2853097846425	1365.305157189149	22.36
1412.3529981939278	1371.146673916597	22.4
1413.5023861363165	1373.379423227863	22.44
1413.282403426588	1373.935696346476	22.48
1411.9850914832932	1370.181530074001	22.52
1410.6616083776294	1360.5422366030753	22.56
1411.9368092645611	1373.5282694336463	22.6
1410.5874916149294	1374.4142516813424	22.64
1410.8630440036582	1367.210646933228	22.68
1411.3828317622192	1373.2029307396333	22.72
1411.2511934269096	1371.6869237047665	22.76
1409.4113295596583	1368.3407116895141	22.8
1408.245595836931	1362.7405350631022	22.84
1409.3501370561098	1365.2869171468772	22.88
1408.3123536325254	1371.7950811085932	22.92
1409.9704645580948	1370.1656353013955	22.96
1408.8157072894626	1371.8450724267407	23.0
1409.5248376273298	1370.8564697578015	23.04
1409.7094860552081	1371.170871671187	23.08
1410.6767621505003	1373.9492124585754	23.12
1411.5531201121573	1372.7205465741383	23.16
1412.2223429475814	1373.9328731706667	23.2
1413.2613069564418	1365.8048618982605	23.24
1413.6450062159072	1367.6072657687848	23.28
1417.122531981746	1376.785641136525	23.32
1418.4076299385868	1376.3426359997457	23.36
1420.470133485663	1375.5985106188502	23.4
1421.6388498597364	1375.755229759932	23.44
1422.1512647011218	1383.5050238871572	23.48
1424.6684276293151	1381.2938628408795	23.52
1425.3508081574475	1387.8322711757926	23.56
1427.3636090564135	1388.986218382294	23.6
1427.4923032827592	1384.3038062401686	23.64
1427.3056395216472	1382.4538494364072	23.68
1429.108657958341	1387.3188178900496	23.72
1429.968309630409	1388.37009121158	23.76
1429.7436837562786	1386.4937641349334	23.8
1429.7942374317863	1388.6695780800887	23.84
1429.9157974168513	1390.4608679236	23.88
1430.9438009239793	1385.8813246096188	23.92
1430.596723437082	1384.9082596911924	23.96
1430.179493345423	1387.462645160336	24.0
1430.6510571384738	1389.095252483576	24.04
1430.0803571157276	1390.0271729189913	24.08
1430.7901101528555	1391.7772921589647	24.12
1431.8807110707573	1392.440264487086	24.16
1432.3813564314742	1390.496735996598	24.2
1431.9926085052905	1387.5249439285537	24.24
1432.8021471286304	1386.959080657847	24.28
1433.1306875825917	1387.7194500135802	24.32
1434.6801327444387	1388.020532211534	24.36
1434.3172683254274	1389.4690910470586	24.4
1434.068410754717	1389.2251461312997	24.44
1435.7655314760414	1395.2493587250315	24.48
1434.696596163555	1396.486188821187	24.52
1436.2613352523117	1397.570382844282	24.56
1437.424617903382	1394.287209853783	24.6
1437.1672988037305	1397.7947417955127	24.64
1437.1152734201435	1394.188192084104	24.68
1437.717102116229	1393.8186624948041	24.72
1438.7782112517234	1395.4528880056876	24.76
1439.718925971741	1395.0677672826505	24.8
1439.3264011794768	1395.8387541235813	24.84
1438.7866646945627	1394.806464344695	24.88
1438.053403429474	1396.7709419855344	24.92
1439.311635296894	1398.9163869011556	24.96
1441.6474190174504	1396.6837986267087	25.0
1440.549698183118	1397.2579981097826	25.04
1439.6585358765556	1404.3395575648408	25.08
1441.409227244119	1400.607600346558	25.12
1441.6943641244632	1403.9607519526226	25.16
1442.4710360248312	1402.5410770800518	25.2
1443.5403554593381	1401.6973742920954	25.24
1442.2978424211767	1395.4903663436473	25.28
1444.7103196820253	1396.5815309587942	25.32
1444.4812447031738	1396.3250572869702	25.36
1444.7111122849174	1394.4314004545092	25.4
1444.7284343047422	1393.508020943698	25.44
1443.7637531349621	1392.4856070787944	25.48
1444.4139467753034	1393.0496799737734	25.52
1447.547651463941	1400.1046155350039	25.56
1448.2234325718975	1399.7902848340145	25.6
1447.8308258769928	1401.2786024314744	25.64
1445.846953117197	1394.2850942672683	25.68
1443.7361974295502	1385.4806997432318	25.72
1445.8935512802723	1396.3653411633923	25.76
1444.4061483647326	1399.7599228048396	25.8
1444.1921618494848	1401.0334651300036	25.84
1442.833798535913	1394.1861239920722	25.88
1444.4044812953164	1394.970403354552	25.92
1445.219977281809	1396.696968959617	25.96
1446.2446137591066	1397.2612855046955	26.0
1445.0981021735365	1395.3947550900928	26.04
1444.8879133387527	1394.1695390730001	26.08
1446.9955898101657	1398.3879852566097	26.12
1447.2808077831396	1395.9555076581119	26.16
1447.6107814286106	1399.0251994703078	26.2
1448.9064321408732	1401.8377212687049	26.24
1449.2462102894922	1404.4729391279395	26.28
1449.6450072217615	1401.3091579454967	26.32
1451.5027963252487	1405.1452694139668	26.36
1451.999177047754	1401.3415434583562	26.4
1451.6145267886204	1400.1193362014849	26.44
1448.979466287386	1395.439994893335	26.48
1449.0281386381068	1394.4301843462265	26.52
1451.010373071865	1399.4278809526654	26.56
1450.149592455634	1396.891109989748	26.6
1452.785340347868	1400.998852160009	26.64
1453.1791491357278	1402.4238436265791	26.68
1453.3507589924861	1402.4067640508865	26.72
1453.512001056757	1401.26572752797	26.76
1451.670106906473	1406.1142109930656	26.8
1451.0200471829937	1404.8154990574628	26.84
1451.839214360359	1411.237224508782	26.88
1451.2254515629534	1410.4582923071223	26.92
1452.0558358186443	1410.143228905911	26.96
1452.2621394231771	1410.2359294960688	27.0
1451.934198607822	1411.4124097727395	27.04
1453.049683640169	1406.8633843949788	27.08
1452.7396454888622	1405.0688342407564	27.12
1451.6820732453175	1409.179467460197	27.16
1452.7936527494578	1415.129399173596	27.2
1452.2803920492256	1412.4079132221518	27.24
1452.6836293698607	1424.9384822628274	27.28
1452.9274541658485	1413.2505528058807	27.32
1452.8120931522271	1424.811417367702	27.36
1453.872232276255	1412.3791044205557	27.4
1452.2958185173336	1422.5126668688688	27.44
1454.042651422343	1410.2906570267262	27.48
1454.2148563559488	1419.6923564132837	27.52
1455.0509450549694	1412.1926324816545	27.56
1452.8125121915416	1411.8962928745946	27.6
1455.0229552799892	1406.0923943179212	27.64
1455.860364003893	1419.4729603889364	27.68
1454.6823096973776	1417.8471889388152	27.72
1455.3881283875671	1420.5457871514964	27.76
1454.409574210118	1411.980927803558	27.8
1453.2228933127153	1407.9458677697908	27.84
1454.8205531229794	1408.6012074491962	27.88
1454.2102496890175	1411.0678430868659	27.92
1456.627316001994	1410.0869689684891	27.96
1456.8532353879878	1412.3207379094772	28.0
1456.2556824757767	1413.6564542630845	28.04
1457.8124890565687	1413.7161525361741	28.08
1458.258068675306	1413.6678068733306	28.12
1458.1303204882533	1419.352304845255	28.16
1459.6304008657623	1419.600149303253	28.2
1459.5091304754148	1419.0229315906167	28.24
1459.7053876924838	1415.4638299959654	28.28
1460.00722948773	1415.6360643516186	28.32
1459.0802781212087	1417.4447911307664	28.36
1459.4216309846506	1411.4418447555986	28.4
1461.69803808134	1411.8286678095637	28.44
1459.0416746434657	1409.1961418944313	28.48
1456.151679305621	1405.2671217749285	28.52
1452.8346070906423	1401.0036019387153	28.56
1449.163219165895	1396.415707527616	28.6
1441.9220741090044	1393.6489338508816	28.64
1419.4961165060456	1374.18283451112	28.68
1391.3933517711496	1350.9961356478677	28.72
1348.5004989576937	1321.361560808402	28.76
1299.235130514393	1270.874792982989	28.8
1246.97154462058	1216.129399670099	28.84
1189.7156765080192	1161.1171054004494	28.88
1137.6033589820686	1114.0917189420095	28.92
1086.6161041603166	1060.8305341812766	28.96
1042.7435485271342	1015.0215345290297	29.0
999.3404722093993	970.275415542752	29.04
958.6668114944463	939.3666726470883	29.08
929.3786424584443	910.2508781521432	29.12
891.0780568104022	879.4562261279816	29.16
859.3377422907871	851.6105305400555	29.2
831.9654125051603	824.6375101722128	29.24
816.0692750239009	797.596067855809	29.28
802.5334123138714	784.0524920373426	29.32
796.0395202699968	780.7666831352244	29.36
785.8228546661423	773.9853181421113	29.4
778.5066169343014	764.5112350087795	29.44
768.2810378463033	762.1568502001458	29.48
760.9196617183998	755.478461899637	29.52
752.0151092277056	745.8517056616628	29.56
746.090024820888	739.7350336342332	29.6
746.3070842884146	730.4829202561141	29.64
744.7776138214651	733.1600976003057	29.68
744.4299912742182	732.1989738247222	29.72
746.4354092358786	730.3761756461746	29.76
743.2481446486404	735.7168263964513	29.8
745.2882260915904	740.4517852839555	29.84
746.2944839908853	737.2339338338659	29.88
746.7476082382686	738.4527977591513	29.92
745.5625955555972	737.6212975969013	29.96
744.3749307160634	737.2998483313805	30.0
743.6622965065835	737.1620506547132	30.04
745.2391506692237	739.142881754577	30.08
748.7298826449766	736.6481435144163	30.12
749.527740884656	738.1333585964541	30.16
747.9632891335115	735.907715466916	30.2
747.2912525588064	734.1978797312318	30.24
749.716010570244	734.9102440031365	30.28
748.5761423202365	735.7341955586367	30.32
748.2373671661005	734.6820386257878	30.36
748.0193762430488	737.068789321392	30.4
745.5508687843011	733.2364960016756	30.44
745.8811233587376	731.7439448317577	30.48
747.4984668171976	735.4162105674575	30.52
746.5044056574824	735.1815844238262	30.56
744.2492880936189	732.3524528984617	30.6
743.212890572747	733.1101227230552	30.64
745.8556420183914	729.7745150717316	30.68
746.9500446857373	734.1044904183475	30.72
751.388821053569	735.1565280444803	30.76
748.2260168238694	746.6968060744493	30.8
746.1885997214553	736.6785546403838	30.84
748.5533448332139	733.9304695373037	30.88
748.107154480556	742.0581839831707	30.92
746.4886505703004	735.3551297106349	30.96
741.6733874877995	727.0287257000266	31.0
743.1534861858307	729.5741378415354	31.04
744.2489903756687	738.7221880577792	31.08
747.2084836492346	727.2557668097215	31.12
743.3164545739343	733.3656995760749	31.16
747.1144166697179	734.4403458544	31.2
747.9168957179726	740.1587392388884	31.24
748.2222200374785	733.988691249504	31.28
747.2274138956918	738.2598927692386	31.32
748.1996273062376	732.4461032704191	31.36
746.6398647912246	739.182950975125	31.4
745.8962822446994	736.232264286919	31.44
743.937305833004	736.8153016233733	31.48
745.7972324898395	730.2335657662763	31.52
745.4236814663309	734.3445065517824	31.56
744.3820487502417	729.5221529600115	31.6
741.5290223388472	735.6187952571859	31.64
745.927965782003	724.004698540095	31.68
744.2200723440616	730.7883720050021	31.72
745.0868918722389	730.4044211820038	31.76
744.5214368851895	729.8424602660342	31.8
745.2050194517428	730.963562291235	31.84
743.8798765660977	729.2882052055489	31.88
743.0555915951009	726.716562025771	31.92
743.4470744392472	730.2994615769974	31.96
744.8526412149957	731.8558998393688	32.0
743.7825198710786	740.8250336333365	32.04
746.5244802461783	733.9106301557558	32.08
745.304664579901	739.6034380191466	32.12
747.9594129035585	728.8357271030567	32.16
746.4077816324472	731.3779780697262	32.2
747.7791378994198	736.8030147005951	32.24
750.5218241293067	738.956221290147	32.28
748.6090982076277	732.2033537091888	32.32
754.3475019445353	741.7747556445249	32.36
754.3220372569538	742.1138577792799	32.4
757.7138929069488	740.1819485302286	32.44
759.9048669558564	740.6194779131432	32.48
757.9852292104258	746.0578193752543	32.52
759.1946374783371	743.770169770501	32.56
761.531072930374	753.2063794571135	32.6
768.6229205406387	751.9670016675766	32.64
777.7701801480712	756.0266113602236	32.68
797.1309020729063	787.4825579916736	32.72
815.7678209055181	807.110161765137	32.76
838.5337836802197	820.2930924692025	32.8
859.196701649432	833.4271547981596	32.84
876.8898607020761	862.2761356207358	32.88
902.305276210596	886.8004451319471	32.92
936.0071733752443	928.266166560977	32.96
969.0601248529213	977.0061082893714	33.0
1005.0959649860839	1027.739708163101	33.04
1037.1306432914475	1098.921505925269	33.08
1072.6219899495345	1109.7717360308388	33.12
1109.912486311388	1159.3714209639259	33.16
1155.0800776291624	1184.6979998120285	33.2
1190.4068661236329	1217.0384715716687	33.24
1225.3964871279918	1252.3823119155288	33.28
1259.0284018509865	1284.9390748903347	33.32
1307.0787293620697	1319.9901191784309	33.36
1374.56473344858	1355.483586465511	33.4
1551.927811389871	1433.6444800161753	33.44
0.0	0.0	33.48
0.0	0.0	33.52
1639.9438378991792	1767.779866670805	33.56
0.0	0.0	33.6
0.0	0.0	33.64
0.0	0.0	33.68
0.0	0.0	33.72
0.0	0.0	33.76
0.0	0.0	33.8
0.0	0.0	33.84
0.0	0.0	33.88
0.0	0.0	33.92
0.0	0.0	33.96
0.0	0.0	34.0
0.0	0.0	34.04
0.0	0.0	34.08
0.0	0.0	34.12
0.0	0.0	34.16
0.0	0.0	34.2
0.0	0.0	34.24
1167.7029595069603	1042.9432731066106	34.28
1165.3145054343227	1012.5456891692469	34.32
0.0	0.0	34.36
0.0	0.0	34.4
0.0	0.0	34.44
0.0	0.0	34.48
0.0	0.0	34.52
0.0	0.0	34.56
0.0	0.0	34.6
0.0	0.0	34.64
0.0	0.0	34.68
0.0	0.0	34.72
0.0	0.0	34.76
0.0	0.0	34.8
0.0	0.0	34.84
0.0	0.0	34.88
0.0	0.0	34.92
0.0	0.0	34.96
0.0	0.0	35.0
0.0	0.0	35.04
0.0	0.0	35.08
0.0	0.0	35.12
0.0	0.0	35.16
0.0	0.0	35.2
0.0	0.0	35.24
0.0	0.0	35.28
0.0	0.0	35.32
0.0	0.0	35.36
0.0	0.0	35.4
0.0	0.0	35.44
0.0	0.0	35.48
0.0	0.0	35.52
0.0	0.0	35.56
0.0	0.0	35.6
0.0	0.0	35.64
0.0	0.0	35.68
0.0	0.0	35.72
0.0	0.0	35.76
0.0	0.0	35.8
0.0	0.0	35.84
0.0	0.0	35.88
0.0	0.0	35.92
0.0	0.0	35.96
0.0	0.0	36.0
0.0	0.0	36.04
0.0	0.0	36.08
0.0	0.0	36.12
0.0	0.0	36.16
0.0	0.0	36.2
0.0	0.0	36.24
0.0	0.0	36.28
0.0	0.0	36.32
935.8513509904466	918.153989281955	36.36
829.6576793939626	880.939460861937	36.4
0.0	0.0	36.44
905.3222917399032	859.1325237303637	36.48
895.8362520222769	875.4752036404323	36.52
897.1836366680567	900.1868396156834	36.56
0.0	0.0	36.6
933.7583224163075	908.2434237960022	36.64
926.4305577586073	891.67642318195	36.68
931.3637071972529	890.7116000623117	36.72
914.6018870858777	900.4997648837053	36.76
909.2402620504807	900.2763806842647	36.8
931.932862826127	895.5099020052115	36.84
913.2026167413271	896.7762737683373	36.88
0.0	0.0	36.92
923.8269433317519	918.5332898041239	36.96
0.0	0.0	37.0
0.0	0.0	37.04
931.6474713679464	914.2636527329312	37.08
0.0	0.0	37.12
0.0	0.0	37.16
0.0	0.0	37.2
0.0	0.0	37.24
0.0	0.0	37.28
0.0	0.0	37.32
0.0	0.0	37.36
0.0	0.0	37.4
0.0	0.0	37.44
0.0	0.0	37.48
0.0	0.0	37.52
0.0	0.0	37.56
0.0	0.0	37.6
0.0	0.0	37.64
0.0	0.0	37.68
0.0	0.0	37.72
0.0	0.0	37.76
0.0	0.0	37.8
0.0	0.0	37.84
0.0	0.0	37.88
0.0	0.0	37.92
0.0	0.0	37.96
0.0	0.0	38.0
0.0	0.0	38.04
0.0	0.0	38.08
0.0	0.0	38.12
0.0	0.0	38.16
0.0	0.0	38.2
0.0	0.0	38.24
0.0	0.0	38.28
0.0	0.0	38.32
0.0	0.0	38.36
0.0	0.0	38.4
0.0	0.0	38.44
0.0	0.0	38.48
0.0	0.0	38.52
0.0	0.0	38.56
0.0	0.0	38.6
0.0	0.0	38.64
0.0	0.0	38.68
0.0	0.0	38.72
0.0	0.0	38.76
0.0	0.0	38.8
0.0	0.0	38.84
0.0	0.0	38.88
0.0	0.0	38.92
0.0	0.0	38.96
0.0	0.0	39.0
0.0	0.0	39.04
0.0	0.0	39.08
0.0	0.0	39.12
0.0	0.0	39.16
0.0	0.0	39.2
0.0	0.0	39.24
0.0	0.0	39.28
0.0	0.0	39.32
0.0	0.0	39.36
0.0	0.0	39.4
0.0	0.0	39.44
0.0	0.0	39.48
0.0	0.0	39.52
0.0	0.0	39.56
0.0	0.0	39.6
0.0	0.0	39.64
0.0	0.0	39.68
0.0	0.0	39.72
0.0	0.0	39.76
0.0	0.0	39.8
0.0	0.0	39.84
0.0	0.0	39.88
0.0	0.0	39.92
0.0	0.0	39.96
0.0	0.0	40.0
0.0	0.0	40.04
0.0	0.0	40.08
0.0	0.0	40.12
0.0	0.0	40.16
0.0	0.0	40.2
0.0	0.0	40.24
0.0	0.0	40.28
0.0	0.0	40.32
0.0	0.0	40.36
0.0	0.0	40.4
0.0	0.0	40.44
0.0	0.0	40.48
0.0	0.0	40.52
0.0	0.0	40.56
0.0	0.0	40.6
0.0	0.0	40.64
0.0	0.0	40.68
0.0	0.0	40.72
0.0	0.0	40.76
0.0	0.0	40.8
0.0	0.0	40.84
0.0	0.0	40.88
0.0	0.0	40.92
0.0	0.0	40.96
0.0	0.0	41.0
0.0	0.0	41.04
0.0	0.0	41.08
0.0	0.0	41.12
0.0	0.0	41.16
0.0	0.0	41.2
0.0	0.0	41.24
0.0	0.0	41.28
0.0	0.0	41.32
0.0	0.0	41.36
0.0	0.0	41.4
0.0	0.0	41.44
0.0	0.0	41.48
0.0	0.0	41.52
0.0	0.0	41.56
0.0	0.0	41.6
0.0	0.0	41.64
0.0	0.0	41.68
0.0	0.0	41.72
0.0	0.0	41.76
0.0	0.0	41.8
0.0	0.0	41.84
0.0	0.0	41.88
0.0	0.0	41.92
0.0	0.0	41.96
0.0	0.0	42.0
0.0	0.0	42.04
0.0	0.0	42.08
0.0	0.0	42.12
0.0	0.0	42.16
725.1036086190787	717.4686740007778	42.2
0.0	0.0	42.24
0.0	0.0	42.28
0.0	0.0	42.32
681.3335003429941	695.3667216162172	42.36
682.0014163253593	712.673752436709	42.4
0.0	0.0	42.44
658.3136194725539	728.5256850822971	42.48
659.1731452573665	676.3519328695536	42.52
0.0	0.0	42.56
644.3223152843193	692.7017135797421	42.6
632.7563219430525	666.6028717672331	42.64
0.0	0.0	42.68
629.8995281205463	681.2313385888217	42.72
621.0228277640722	637.033477095311	42.76
621.6907484292957	625.3589041014868	42.8
620.0570977761149	649.606282711841	42.84
611.7964439497681	640.0389544840536	42.88
608.3097537541148	667.0356173658395	42.92
602.7789606458138	630.7952843535419	42.96
607.8388602611055	631.5730384440076	43.0
602.495571128609	650.073274552151	43.04
603.1898790066182	651.2634093974722	43.08
599.2314287426058	660.0187984056126	43.12
596.9657326382578	662.721665236263	43.16
0.0	0.0	43.2
598.5829964493298	673.7091270688162	43.24
588.8016851293619	656.2086064908844	43.28
590.5344509000142	630.9723439182188	43.32
591.5890991953862	656.9066896716732	43.36
591.5264972589712	653.7737965994638	43.4
590.2406071479758	659.438832257338	43.44
585.3399387902286	655.6558986396526	43.48
584.9006194603143	665.7187238600712	43.52
587.0968201851246	656.925381717898	43.56
588.1065151631138	635.6774004071178	43.6
590.1887590337374	633.1628977316907	43.64
589.6665693765028	667.297429812476	43.68
587.1909327759735	661.7528672658749	43.72
585.2534043544317	670.2681139153326	43.76
583.6732648741121	674.0549031885452	43.8
582.480460186673	647.3824816462178	43.84
597.4899613823146	633.7661297514444	43.88
589.4040246868841	647.4352248943663	43.92
583.6652886827142	617.8003692149033	43.96
578.304497497672	584.6294105899955	44.0
0.0	0.0	44.04
0.0	0.0	44.08
0.0	0.0	44.12
569.6526538682871	628.927084956141	44.16
585.1021988368954	644.0295500068289	44.2
0.0	0.0	44.24
573.0792757303306	630.7074262021587	44.28
586.8877380287698	619.1728394641723	44.32
0.0	0.0	44.36
566.0934630967307	648.6675446453112	44.4
563.2060274814474	599.5762384563658	44.44
569.5665953772316	582.0086255898372	44.48
562.2442426437188	637.0102651245223	44.52
563.6289166044012	613.5954490136168	44.56
563.8036172267244	629.5846259006829	44.6
618.1803737989255	570.0854187475899	44.64
0.0	0.0	44.68
562.513588751363	584.8006762304913	44.72
557.2677314835976	598.631594392019	44.76
568.8071928302118	617.5825059612713	44.8
564.0740662931256	623.425622915946	44.84
0.0	0.0	44.88
559.3227580419658	639.9468867434344	44.92
558.1250747658053	578.8069190405321	44.96
556.9072496542008	564.8479935239238	45.0
594.5768911124293	621.1349744527698	45.04
0.0	0.0	45.08
540.5594181366006	698.4032029912229	45.12
556.0069561533404	656.4891218573712	45.16
545.204458871096	613.6018017330078	45.2
559.2916732795385	668.9764659972057	45.24
590.2787168995454	592.2020211731906	45.28
559.9463624609542	581.8041460853201	45.32
553.3255628288202	630.4062963786344	45.36
547.3770236000731	640.4626158180645	45.4
561.9085246753891	566.5563824090679	45.44
550.316170797029	577.6507418460133	45.48
548.6034422021731	646.4082768735856	45.52
545.480237433479	639.3747599309232	45.56
555.2686932831735	645.7161071865685	45.6
551.5473905851934	553.1831449721667	45.64
554.1785932557704	582.5980927615615	45.68
579.5994994210351	676.1055030411569	45.72
556.4705402858127	627.6779812100359	45.76
0.0	0.0	45.8
560.725251678211	629.3761817794029	45.84
552.57850965386	551.834288834169	45.88
559.4943681245447	591.7223389569974	45.92
576.5193071859335	559.0256989602467	45.96
0.0	0.0	46.0
550.1486236805356	666.1862310741282	46.04
546.3396311605352	612.63601314635	46.08
548.9950111440246	628.6074320785633	46.12
543.2194243549726	615.4866438678781	46.16
551.3061663681912	615.5645791384818	46.2
546.8004008184113	610.1239811974629	46.24
567.4340614179499	633.9237459171056	46.28
554.4202109282636	543.6963404125776	46.32
567.011960416941	564.035066101456	46.36
571.1170656050792	609.0503356231144	46.4
0.0	0.0	46.44
0.0	0.0	46.48
559.5125490538015	684.9068715084186	46.52
550.9033524432334	653.5650550910099	46.56
595.1384394596216	595.2095264122862	46.6
0.0	0.0	46.64
581.7589954404838	644.6147094749355	46.68
554.2425419875824	587.3331906927633	46.72
552.3545611499435	629.4334974582155	46.76
558.9998129336117	628.3151098819209	46.8
0.0	0.0	46.84
550.2734608212595	608.0394640210084	46.88
555.1029123310122	593.9202962507575	46.92
594.3895780511508	639.9036668971198	46.96
0.0	0.0	47.0
550.9315920154241	629.9939586024466	47.04
542.2193743641086	631.2614540642916	47.08
541.6073251972501	629.9219209080873	47.12
543.2676910579089	629.389423688581	47.16
543.2773553775531	651.0510858455443	47.2
547.7390820269821	601.9720150586694	47.24
553.1221375467605	608.7387112652714	47.28
553.674453849593	637.3832495323369	47.32
555.8635469752284	583.5363217742836	47.36
551.0823801148894	619.4682847334693	47.4
544.6804295021467	645.9718900215826	47.44
539.4214348871172	627.6522162485645	47.48
538.731174520279	625.1698826849516	47.52
542.0867053987798	647.9644966485092	47.56
550.76231951631	657.040490828714	47.6
548.9233811281339	638.1108362618169	47.64
545.103175304448	618.3858628665274	47.68
552.5403941241763	638.8199019536527	47.72
0.0	0.0	47.76
0.0	0.0	47.8
544.9744141378077	654.3230151132854	47.84
546.6621670815504	631.7393239383488	47.88
557.0103158315297	634.2282206838	47.92
564.8159928298764	615.9669159668322	47.96
563.7773239461843	609.8440758534111	48.0
551.8248826959076	629.2102512156096	48.04
549.7588548807881	575.943754124456	48.08
547.5144978568961	563.986824909276	48.12
543.7483125941858	629.1138499268411	48.16
565.253759126352	577.4620283688346	48.2
0.0	0.0	48.24
545.6021262213266	637.5506312319638	48.28
563.8842924410409	574.0539133711922	48.32
0.0	0.0	48.36
610.2602415740454	665.7636271156186	48.4
0.0	0.0	48.44
558.6717898572672	566.2712953625804	48.48
557.7353603051313	671.9276067336945	48.52
0.0	0.0	48.56
559.77911698938	621.4164225479237	48.6
554.2767025066679	632.3556578790102	48.64
544.9293329970268	604.5520448870236	48.68
558.7960443200441	660.1140356656994	48.72
0.0	0.0	48.76
0.0	0.0	48.8
563.4603361244771	581.6662972903985	48.84
0.0	0.0	48.88
559.1464423820072	645.0118469172498	48.92
556.5562416998769	642.497176492101	48.96
563.5223684195677	650.3528993538888	49.0
588.9546410042616	634.0744954524489	49.04
0.0	0.0	49.08
618.7894814099085	672.7369839997308	49.12
636.2888898491263	631.8024523463324	49.16
658.1792429986847	657.3022312119632	49.2
673.2283173016601	746.370132409356	49.24
0.0	0.0	49.28
714.1623624756253	724.258446511189	49.32
0.0	0.0	49.36
747.3457220318027	745.4411888929618	49.4
1128.8612920373614	1060.0541450783935	49.44
1128.325039296276	1050.4093919231025	49.48
773.6037463409606	821.6867792735723	49.52
782.6106514585402	809.3454027546911	49.56
1149.5237013371927	1065.7118652809802	49.6
809.6869492634843	827.5720642012025	49.64
1161.8319367037705	1063.36487527053	49.68
818.8077670874555	844.2836210690256	49.72
837.5931126762194	827.6596748290817	49.76
1199.9544198883543	1077.740083608594	49.8
1195.7955569135122	1080.352834105244	49.84
1197.4713279456446	1082.5548562374324	49.88
1203.8326327274194	1084.4827531139613	49.92
1209.525009113082	1087.76728913844	49.96
1209.9810505679832	1089.3968586347378	50.0
1212.0718650764247	1090.4111521044215	50.04
1214.7461282415911	1090.3778981928663	50.08
900.7925848803364	875.0102171858216	50.12
918.0339684379976	906.1639164553068	50.16
919.8113199558841	900.1513854971831	50.2
924.365212299016	892.2245504597994	50.24
934.2754352803738	917.9075136713528	50.28
1216.6205211465979	1096.3298157517936	50.32
939.5907733488262	897.7847169325911	50.36
939.5388080399167	894.0151815179536	50.4
1215.7218118617657	1094.9646840452358	50.44
947.0424116018881	894.9901696645317	50.48
951.0114054749258	905.6650070080077	50.52
1207.1087536403588	1090.2354814743958	50.56
948.833919516171	899.9976834286763	50.6
937.2340722013876	902.3676046164479	50.64
966.7948616156235	916.5306859923751	50.68
1199.0594458643031	1089.01276872457	50.72
1199.7987125970196	1087.5374462536197	50.76
1199.4650074211725	1086.922804520632	50.8
1198.7657565048544	1086.4917895718213	50.84
1197.3302823347717	1087.083016547445	50.88
1195.2047149509697	1087.2026495040686	50.92
1191.0964037817366	1089.4779623440988	50.96
1186.5377176066797	1092.5359489497007	51.0
1183.8755154111984	1095.3094000311364	51.04
1183.4734282108516	1097.300043032891	51.08
1180.4041574197504	1092.3360548635774	51.12
1174.57688419498	1073.0481127105152	51.16
1163.444252609052	1045.803871533586	51.2
1144.1523461579884	1031.2154802126786	51.24
1128.8064776513133	996.014934236404	51.28
1099.65606601374	968.5373000043786	51.32
1073.1518898178656	948.2107906475637	51.36
1038.2528300684855	916.2206029834028	51.4
1012.5011304660876	895.3920079952312	51.44
1006.9567511382631	877.0247331864937	51.48
1025.5307385564417	867.4234089453462	51.52
1047.280176455755	905.0818745727339	51.56
0.0	0.0	51.6
0.0	0.0	51.64
0.0	0.0	51.68
0.0	0.0	51.72
0.0	0.0	51.76
0.0	0.0	51.8
0.0	0.0	51.84
0.0	0.0	51.88
0.0	0.0	51.92
0.0	0.0	51.96
0.0	0.0	52.0
0.0	0.0	52.04
0.0	0.0	52.08
0.0	0.0	52.12
0.0	0.0	52.16
0.0	0.0	52.2
0.0	0.0	52.24
0.0	0.0	52.28
0.0	0.0	52.32
0.0	0.0	52.36
0.0	0.0	52.4
0.0	0.0	52.44
0.0	0.0	52.48
1038.3468943940738	968.1948415613177	52.52
1012.8039809105229	948.5420890390133	52.56
1007.9028618316993	931.1865670583969	52.6
989.4692957916101	905.4441860956558	52.64
977.0977786524041	896.2829098897333	52.68
964.8792165785557	885.9429848793345	52.72
954.9052585868817	881.4828719422077	52.76
950.333290313139	860.6389105704781	52.8
942.163395703379	847.7585987680493	52.84
940.8675120154978	849.4153404884707	52.88
944.0237656369461	852.3933108760813	52.92
947.4680641548583	856.5976974259503	52.96
948.2868106819315	862.1229434659228	53.0
948.6433677577055	852.4501634253756	53.04
947.2185466462928	863.3961852809579	53.08
957.9688069052966	881.6839147807443	53.12
969.47420473225	881.9854568182958	53.16
967.3933410550192	882.7960295681572	53.2
0.0	0.0	53.24
0.0	0.0	53.28
0.0	0.0	53.32
0.0	0.0	53.36
0.0	0.0	53.4
0.0	0.0	53.44
0.0	0.0	53.48
0.0	0.0	53.52
0.0	0.0	53.56
0.0	0.0	53.6
0.0	0.0	53.64
0.0	0.0	53.68
0.0	0.0	53.72
0.0	0.0	53.76
0.0	0.0	53.8
0.0	0.0	53.84
0.0	0.0	53.88
0.0	0.0	53.92
0.0	0.0	53.96
0.0	0.0	54.0
0.0	0.0	54.04
0.0	0.0	54.08
0.0	0.0	54.12
0.0	0.0	54.16
0.0	0.0	54.2
0.0	0.0	54.24
879.7299644683807	803.0757944011765	54.28
875.083731289779	808.1361665022365	54.32
875.2680916698354	789.7381822595984	54.36
871.0508123055196	799.5523176098295	54.4
874.1673181765152	820.8938783947863	54.44
876.1896206377946	812.7196801336331	54.48
879.503189336469	822.7521991536576	54.52
882.6753909530885	820.9464928718281	54.56
882.8563257291895	821.4626708686372	54.6
884.1192891097735	832.9302036922754	54.64
887.0090484637077	819.8188447647165	54.68
886.1039375765691	835.2919455222741	54.72
888.3376220142324	832.5687170648491	54.76
887.8496247457423	839.890763907247	54.8
891.0457797392753	815.5061366510934	54.84
885.4802641432117	835.5309240543256	54.88
886.3429937225577	830.2081276370969	54.92
887.7277473008381	826.1065218508279	54.96
884.4515830921592	835.1269456988464	55.0
885.4196552265219	825.3153843081712	55.04
883.3408156329425	824.1127219765411	55.08
887.9151076937741	837.1338318529798	55.12
888.3131524706937	836.3606853442476	55.16
884.3261810515462	832.7358024214569	55.2
888.4541930331092	847.4808571871663	55.24
887.5253309131789	838.9832996937373	55.28
888.8274137214025	844.5338368520673	55.32
886.815807380768	843.8675684954359	55.36
887.7160728747978	862.5368499335881	55.4
889.732233181012	854.1923350660978	55.44
891.9937556250956	857.7016698977836	55.48
891.8746923992884	852.006965735526	55.52
889.8247328767364	854.2761275980523	55.56
890.2197890995632	857.6955883895749	55.6
887.1784686592123	857.686185720371	55.64
889.1184550572659	871.5745395956382	55.68
889.8727361554784	867.5192227096913	55.72
891.1157710775205	863.8775951143932	55.76
891.503778241028	861.3487622151974	55.8
896.2879015749031	865.9862669107853	55.84
885.154011735435	852.926170959603	55.88
870.6561325045357	838.0901167931894	55.92
873.3839752820134	831.829831826937	55.96
875.9341742533531	838.5656854432058	56.0
882.3967657849839	860.9175437916681	56.04
890.8925251457205	845.4313276593012	56.08
885.8401995202331	844.6466865752552	56.12
885.6877490195219	839.7235473377609	56.16
884.0336608077316	843.2580664920122	56.2
883.6380861903928	851.1799756833494	56.24
878.1938644680022	835.4465907426332	56.28
876.959550984359	854.9459589491346	56.32
874.1854709425849	840.675319894156	56.36
870.5217421060977	856.8774278947291	56.4
869.0391689828253	821.449235684549	56.44
869.3122413247103	847.7077129491795	56.48
875.1100361388986	846.3224902380368	56.52
870.5621757031874	841.3983354578755	56.56
872.2269821644286	847.7266691105294	56.6
880.9244127371032	856.5222140047292	56.64
885.185755082564	873.7627100850594	56.68
882.2939124296632	864.9300804564916	56.72
878.8992265909019	837.1568920951779	56.76
875.7085745785266	849.1864865328774	56.8
876.9910992375071	843.5245655517416	56.84
881.5130920854167	838.1455564607666	56.88
886.2374301512547	858.14402703862	56.92
885.7452761703111	868.2351456534086	56.96
889.6525836106715	855.1909488420821	57.0
888.4781037173494	865.8221327500671	57.04
887.2813813592757	868.9107553556491	57.08
886.9845264615525	839.8195334031848	57.12
886.9816860250735	840.8414126769856	57.16
890.2429930076205	866.0244768489163	57.2
893.201883252243	884.2782122780121	57.24
894.1952528198271	847.5416941780462	57.28
895.3980358048029	874.9986628506979	57.32
896.7996026803186	855.3214938441172	57.36
897.3919472369608	859.4080594139035	57.4
897.5523311754184	848.7446870222517	57.44
897.3459373355937	870.3793491405273	57.48
898.6363147022042	860.9906357078722	57.52
901.3804848562872	863.0740181274366	57.56
907.0892837004948	872.4395044646516	57.6
905.2152437018927	873.6158605413391	57.64
901.2516886964676	874.0272930921795	57.68
895.3670032642259	854.8249690198351	57.72
895.808696025908	864.1406948606175	57.76
897.7968371165902	837.7067136456873	57.8
899.9595449324183	847.0647342701823	57.84
901.8538023967429	849.2197202825199	57.88
900.3073044119033	853.9389364070934	57.92
900.121245786612	857.272841963896	57.96
899.6908248032146	852.6458586746287	58.0
902.1467522100846	864.0717444981019	58.04
901.4922516000236	852.3061327059434	58.08
899.3056312476667	866.264280614284	58.12
901.9712732651129	862.1533782425475	58.16
904.3438859469292	863.8490434166696	58.2
904.3478084541928	857.7136862219194	58.24
903.3289184215163	859.6347514037736	58.28
902.6891158680553	857.0544372877713	58.32
903.4724639294298	850.2252627059066	58.36
899.2295792688815	842.8160713382315	58.4
904.6342630040491	849.432796495069	58.44
901.5033816359589	842.1493995679389	58.48
903.6025116194376	854.4130126438408	58.52
901.6051551948091	847.0201299486625	58.56
897.4355410488067	839.8680257983214	58.6
892.5062102162218	825.2476404540921	58.64
897.3426363752153	840.7407122258759	58.68
893.2337349541529	828.1117771317232	58.72
894.7338291888602	821.8449439656123	58.76
893.2788410477381	843.6326637229503	58.8
902.1940657902855	843.7910405687495	58.84
904.7507768621706	832.7123865705096	58.88
900.9191057177812	835.7547853832874	58.92
900.4962484177507	842.8576679413861	58.96
902.6089668040754	832.1226490893614	59.0
901.0144057251366	837.2129683113698	59.04
901.7172544937667	840.6243117643739	59.08
911.4731481768719	852.2355537229033	59.12
910.4193753326896	866.5986909200006	59.16
914.274268735667	861.2298856903902	59.2
916.5327342533343	865.6472406236379	59.24
918.5986388152713	857.8226914026695	59.28
918.0679734755194	872.8763974387192	59.32
914.94322019188	875.1653580688203	59.36
913.390300478254	863.4187906448645	59.4
913.6000677023642	875.8964320328512	59.44
913.8638534320269	872.0826312291899	59.48
913.9589453450394	875.1426208380094	59.52
909.8271464828446	846.4079107922705	59.56
907.05110282537	849.957260543085	59.6
907.1371977327143	854.0772092640958	59.64
911.1541986577039	852.4266043526976	59.68
917.4541177341164	854.7378680292014	59.72
919.4073514928128	867.998254795673	59.76
921.578177133894	869.9820740040255	59.8
923.629055945103	851.9671528285191	59.84
920.420383438402	874.6435828636339	59.88
917.2191606359678	869.6226321059112	59.92
917.9872039562177	864.7542429222337	59.96
920.3155526476575	869.3620749147601	60.0
918.3063150260203	877.9638545517289	60.04
909.8740433569036	867.2529125692275	60.08
912.876551557013	869.4274524651923	60.12
915.1276391270084	880.341272157355	60.16
914.874350973669	878.725060593176	60.2
914.9358534172084	880.5538804222393	60.24
917.0748035850044	873.2501768405056	60.28
922.7348599511278	855.9297832120006	60.32
928.8904653689855	881.1362215974065	60.36
938.3881872195587	883.4906341289757	60.4
944.8499196972406	877.3198178467493	60.44
952.4315488774297	887.1700800425496	60.48
955.6707765189191	881.9842883510146	60.52
965.5774311482351	889.1065889469246	60.56
973.5949200626761	902.9081438616382	60.6
990.8654532206576	918.1237068469825	60.64
1007.5525943941558	914.4849821705058	60.68
1024.343601579964	932.8448094065211	60.72
1043.5699352844724	953.0302540261996	60.76
1054.1217760531583	964.9170180523981	60.8
1060.0718631697132	977.8640026661539	60.84
1070.4136981646404	984.4100444479817	60.88
1072.3054081436887	999.3432436254096	60.92
1068.451253338716	988.5086578267935	60.96
1065.260164129744	984.6989174652288	61.0
1060.1974756409152	972.5671885862931	61.04
1067.7582691070804	967.1464153967693	61.08
1075.7833100723055	971.8578201190501	61.12
1100.2527362322244	986.47460908169	61.16
1130.055881690324	1020.1104355590965	61.2
1185.3463615006128	1074.9921384513152	61.24
1262.1720076253869	1134.9438231535173	61.28
0.0	0.0	61.32
1421.7960149947169	1319.7831988211756	61.36
0.0	0.0	61.4
0.0	0.0	61.44
0.0	0.0	61.48
0.0	0.0	61.52
0.0	0.0	61.56
1869.638108826686	1705.8338951995888	61.6
1891.3180267709745	1719.1152924061705	61.64
1891.6901507933208	1714.2646695835413	61.68
1884.0519593143288	1712.7431650535248	61.72
1866.424625892091	1701.2437109750072	61.76
1841.7296033783534	1693.6130663388303	61.8
1806.6165402983422	1692.9005089105865	61.84
1748.1382352505525	1635.5704922574967	61.88
1685.5503565306626	1613.7976838511934	61.92
1627.722774762762	1515.8908954863623	61.96
1589.8841768404884	1633.7163438244534	62.0
1527.0478290271396	1476.5906977765148	62.04
1456.9876577721443	1377.7706839601842	62.08
1405.0815154098902	1306.9415352160129	62.12
1339.745566284969	1252.6942078815548	62.16
1285.769937485944	1209.6901304602804	62.2
1233.0637289062108	1177.2907345361407	62.24
1167.200638751082	1128.1327706980535	62.28
1108.342331164247	1053.1427838623542	62.32
1065.1314909772084	1002.4901305273956	62.36
1030.5551098034637	951.1533856407123	62.4
997.718992911979	908.8840032754276	62.44
971.8248940947951	881.1235264999934	62.48
952.9524396293436	864.5072357329941	62.52
936.0839187713811	858.5602795145518	62.56
926.5224886405462	848.0404664371563	62.6
918.5131544400998	844.668997845287	62.64
908.0550292482194	836.7637632217129	62.68
900.4271486888359	841.4651429300695	62.72
896.1602772282653	841.5503531573836	62.76
889.9897583509801	836.7656934825906	62.8
880.9152092050473	820.4336914864824	62.84
874.6749473005702	821.1143613181567	62.88
873.7674615402443	816.2463736491931	62.92
875.0068689042608	822.4087757465621	62.96
876.4239418941966	831.5049579047705	63.0
877.3603159747755	829.4674803236499	63.04
880.2567531931511	821.032661527291	63.08
885.6075215863317	827.7122599363203	63.12
890.7713181814755	829.1519747853356	63.16
894.370811478209	833.1543124399435	63.2
900.9958117837082	826.7550904413444	63.24
905.2138020299316	833.5047407448617	63.28
910.8617612944942	844.9073406067535	63.32
923.6244956591833	854.0066610195516	63.36
929.8364314107271	875.5749261576874	63.4
936.3600822165072	880.079659736714	63.44
944.0806422114099	895.9355704632587	63.48
948.004441596864	896.4952564074752	63.52
951.1873424503556	895.3906183731683	63.56
951.7326680338804	899.9858380572496	63.6
948.3652308460961	877.2416820855326	63.64
954.9889211195862	885.0707411644316	63.68
949.8353203531983	893.9071081947508	63.72
943.985246295223	889.7324842328251	63.76
935.4945985422551	865.2009521486967	63.8
931.3981439047943	869.8013614076847	63.84
933.4301562974847	864.505230290764	63.88
937.0520061952697	879.1363841392646	63.92
932.5036147347862	860.5682129798806	63.96
932.7624167080191	859.5548285445401	64.0
930.6274229925871	868.3879924661248	64.04
929.7507276439604	861.8100887948207	64.08
929.3121240601231	882.3330107740665	64.12
925.8006149455325	872.6767077613449	64.16
925.2913587767895	873.9424510262008	64.2
928.5007009592105	878.3628102394413	64.24
924.987568459667	868.2922816467027	64.28
926.8879197684929	867.9260945724994	64.32
932.9754731479763	881.0312016100288	64.36
940.7215249482863	884.7348810993647	64.4
943.7141128617357	893.32161614062	64.44
946.4501583667425	901.991829349342	64.48
959.3163642953125	918.564660952109	64.52
969.1426928408222	912.2027779365329	64.56
973.0364416372053	901.9809280939957	64.6
973.3581368767252	915.3017313338759	64.64
977.5417504836754	928.6419353657418	64.68
983.5712101727329	941.6848534862875	64.72
988.025397807331	948.8397068604095	64.76
990.6165713073619	952.9082628643573	64.8
988.3702558365899	945.0712515994237	64.84
990.104853168193	941.0913817380575	64.88
990.2873422711576	929.5531746014688	64.92
989.8893431050456	907.2440008231116	64.96
979.7456724390663	857.0469905303306	65.0
978.1514317804507	810.0916022313316	65.04
969.603625358198	787.4400965507225	65.08
0.0	0.0	65.12
0.0	0.0	65.16
0.0	0.0	65.2
1060.682705920498	963.3900514404337	65.24
1119.100915733553	1039.7317792067224	65.28
1184.1341352533993	1122.0958419882024	65.32
1241.1695136540334	1211.643530438017	65.36
1289.9603343155027	1259.5390488095654	65.4
1323.650928814499	1290.0396720099866	65.44
1344.8204708440169	1310.877257578125	65.48
1347.2863297365268	1310.2146389448803	65.52
1347.3312322963632	1327.4787161685872	65.56
1342.5410441067684	1336.2547577166501	65.6
1313.4702530979916	1340.506618038049	65.64
1270.0288337160512	1345.4237270402527	65.68
0.0	0.0	65.72
0.0	0.0	65.76
0.0	0.0	65.8
0.0	0.0	65.84
1265.1424272667532	1359.8886435167847	65.88
1314.3963036981813	1368.9101793957816	65.92
1310.3446435273352	1343.8031019689818	65.96
1331.6610567007615	1358.611320168987	66.0
1289.7660585636795	1396.4257747793504	66.04
0.0	0.0	66.08
0.0	0.0	66.12
0.0	0.0	66.16
1784.1156625764252	1696.3752753134972	66.2
0.0	0.0	66.24
0.0	0.0	66.28
0.0	0.0	66.32
0.0	0.0	66.36
0.0	0.0	66.4
0.0	0.0	66.44
0.0	0.0	66.48
0.0	0.0	66.52
0.0	0.0	66.56
0.0	0.0	66.6
0.0	0.0	66.64
0.0	0.0	66.68
0.0	0.0	66.72
0.0	0.0	66.76
0.0	0.0	66.8
0.0	0.0	66.84
0.0	0.0	66.88
0.0	0.0	66.92
0.0	0.0	66.96
0.0	0.0	67.0
0.0	0.0	67.04
0.0	0.0	67.08
0.0	0.0	67.12
0.0	0.0	67.16
0.0	0.0	67.2
0.0	0.0	67.24
0.0	0.0	67.28
0.0	0.0	67.32
0.0	0.0	67.36
0.0	0.0	67.4
0.0	0.0	67.44
0.0	0.0	67.48
0.0	0.0	67.52
0.0	0.0	67.56
0.0	0.0	67.6
0.0	0.0	67.64
0.0	0.0	67.68
0.0	0.0	67.72
0.0	0.0	67.76
0.0	0.0	67.8
0.0	0.0	67.84
0.0	0.0	67.88
0.0	0.0	67.92
0.0	0.0	67.96
0.0	0.0	68.0
0.0	0.0	68.04
0.0	0.0	68.08
0.0	0.0	68.12
0.0	0.0	68.16
0.0	0.0	68.2
0.0	0.0	68.24
0.0	0.0	68.28
0.0	0.0	68.32
0.0	0.0	68.36
0.0	0.0	68.4
0.0	0.0	68.44
0.0	0.0	68.48
0.0	0.0	68.52
0.0	0.0	68.56
0.0	0.0	68.6
0.0	0.0	68.64
0.0	0.0	68.68
0.0	0.0	68.72
0.0	0.0	68.76
0.0	0.0	68.8
0.0	0.0	68.84
0.0	0.0	68.88
0.0	0.0	68.92
0.0	0.0	68.96
0.0	0.0	69.0
0.0	0.0	69.04
0.0	0.0	69.08
0.0	0.0	69.12
0.0	0.0	69.16
0.0	0.0	69.2
