Thumb_L	Index_L	Time
0.0	0.0	0.04
0.0	0.0	0.08
0.0	0.0	0.12
0.0	0.0	0.16
0.0	0.0	0.2
0.0	0.0	0.24
0.0	0.0	0.28
0.0	0.0	0.32
0.0	0.0	0.36
0.0	0.0	0.4
0.0	0.0	0.44
0.0	0.0	0.48
0.0	0.0	0.52
0.0	0.0	0.56
0.0	0.0	0.6
0.0	0.0	0.64
0.0	0.0	0.68
0.0	0.0	0.72
0.0	0.0	0.76
0.0	0.0	0.8
0.0	0.0	0.84
0.0	0.0	0.88
0.0	0.0	0.92
0.0	0.0	0.96
0.0	0.0	1.0
0.0	0.0	1.04
0.0	0.0	1.08
0.0	0.0	1.12
0.0	0.0	1.16
0.0	0.0	1.2
0.0	0.0	1.24
0.0	0.0	1.28
0.0	0.0	1.32
0.0	0.0	1.36
0.0	0.0	1.4
0.0	0.0	1.44
0.0	0.0	1.48
0.0	0.0	1.52
0.0	0.0	1.56
0.0	0.0	1.6
0.0	0.0	1.64
0.0	0.0	1.68
0.0	0.0	1.72
0.0	0.0	1.76
1641.4502567433965	1630.4618021161514	1.8
1548.4356460649758	1530.6878449177432	1.84
1465.1085323144537	1438.30343705539	1.88
1393.9452453394974	1354.7167910595635	1.92
1331.4952190330503	1277.7261409703221	1.96
1281.5949856830402	1211.5468538973028	2.0
1241.150151975498	1159.4105127626049	2.04
1203.9710569435513	1120.754504939203	2.08
1173.769846514518	1095.8747868031535	2.12
1149.8336990525804	1071.5940395378852	2.16
1138.4428536843336	1064.294657836071	2.2
1127.0374268197274	1065.1772828322898	2.24
1127.3428684970013	1083.2463669722506	2.28
1130.397963109506	1087.7796348988834	2.32
1123.20236088875	1085.9408416192723	2.36
1116.4592605143487	1081.6315827531535	2.4
1106.7352821531658	1072.3871902137687	2.44
1102.8746442031802	1072.3864593090454	2.48
1102.9548970532765	1073.7726630796476	2.52
1106.0999192970496	1071.5671366345357	2.56
1110.4081347767237	1070.1756894245066	2.6
1119.4043403967703	1072.3863354212601	2.64
1126.61241078983	1070.9886289137723	2.68
1124.4299123623305	1071.7981717856553	2.72
1124.1477534647975	1073.3036795177004	2.76
1120.828209112261	1071.682952030499	2.8
1122.8182354428425	1071.4766403748647	2.84
1122.6521882990237	1072.0165866257296	2.88
1122.469680507007	1073.4612762940587	2.92
1120.36398480383	1073.0151456694296	2.96
1118.5591144783107	1070.1971927670497	3.0
1116.3356630221126	1069.7867324614772	3.04
1117.0687100914688	1072.8010024245923	3.08
1118.4123134853044	1076.3434203154543	3.12
1117.6430070828164	1080.389961914522	3.16
1119.7203801633232	1079.396019132369	3.2
1123.4568596237468	1077.1289190219395	3.24
1150.0797605488256	1096.7220782578672	3.28
1196.216574728885	1152.5248087311625	3.32
1236.0011075352027	1204.0641832241026	3.36
1267.1300874470644	1228.1226418179174	3.4
1276.6490867845216	1240.160395459674	3.44
1272.3113273978051	1245.1702102880438	3.48
1269.8938366983327	1241.989315151391	3.52
1273.3578484912466	1247.8834790521696	3.56
1287.5261900352955	1255.1802514401595	3.6
1298.624495072035	1264.3602727618181	3.64
1307.3318606212972	1274.7137273799133	3.68
1313.72134668998	1289.1752016746393	3.72
1340.7427808375496	1315.3399860335494	3.76
1367.598134424679	1342.2838650468834	3.8
1395.4382736889638	1367.9182431774457	3.84
1423.97601988323	1401.884236410983	3.88
1448.1235953703683	1429.923746897004	3.92
1463.5022135886607	1457.103121298855	3.96
1480.7881063901375	1459.930651941121	4.0
1491.3748685815126	1465.2495142789987	4.04
1511.299309022284	1472.0448922307505	4.08
1526.9753805973323	1488.9537780741666	4.12
1538.4246582726964	1504.8295908815871	4.16
1550.3887430019752	1520.1082959242394	4.2
1557.80391873884	1526.5189995548742	4.24
1567.2580525062262	1531.6495969238413	4.28
1571.0152680354186	1533.811570460095	4.32
1569.3914618325186	1532.3785672261333	4.36
1566.53334045017	1525.672623089865	4.4
1563.0648345270006	1522.4557623411395	4.44
1557.577464985395	1520.3013797906501	4.48
1548.0277103681603	1516.288574093609	4.52
1543.429731205699	1511.8698598100207	4.56
1551.4437613729315	1514.8065172497384	4.6
1556.8380841723729	1518.4549403086714	4.64
1563.1636087013112	1519.345392517695	4.68
1560.0821270735744	1517.7455279962235	4.72
1545.0363986805442	1517.6462161378408	4.76
1521.0054573608732	1504.8307768992145	4.8
1496.0794398988403	1484.9389776789383	4.84
1466.7740183141743	1462.449622998819	4.88
1439.536320230499	1438.7147018882415	4.92
1406.4947922505899	1408.4885059086112	4.96
1367.2494093212517	1367.1901327938676	5.0
1323.2597087634517	1316.0496387566243	5.04
1284.1777077522286	1268.4616162670445	5.08
1252.8159127443691	1232.012917710312	5.12
1224.7362772782467	1202.224890859006	5.16
1203.3766785740895	1181.3838142330249	5.2
1192.936394860679	1173.5589744378292	5.24
1188.586419110133	1176.7256178229995	5.28
1184.8917888177368	1174.890855413894	5.32
1181.1570625692482	1177.4218493994488	5.36
1175.4697001724662	1171.942865935069	5.4
1171.1704726253747	1174.6505207364382	5.44
1168.309378976552	1170.9413806833218	5.48
1168.9528739979905	1179.0669627215516	5.52
1178.66707710094	1185.2216764803431	5.56
1180.6263032885777	1183.8837798437153	5.6
1185.7921340039086	1177.9781946238334	5.64
1187.3795051919255	1173.6354356900833	5.68
1193.371196639416	1179.0482367371417	5.72
1201.9602756337003	1173.270778123495	5.76
1200.1058038489014	1163.068277364429	5.8
1190.2070915680495	1149.6130203299517	5.84
1177.696051112074	1136.8396625136584	5.88
1167.6406728808724	1122.8068910886589	5.92
1152.2806071603488	1109.3654402091813	5.96
1144.2138848828477	1098.982438126868	6.0
1133.2847144020202	1090.526494364227	6.04
1121.677685146765	1081.2138719004238	6.08
1114.6616819094293	1074.9171764085052	6.12
1106.0934243992026	1066.1966294237043	6.16
1102.7416384787764	1058.2099749905165	6.2
1098.2575360478509	1054.52169553416	6.24
1086.5133834753817	1046.4765616972622	6.28
1078.2455851811035	1038.0944049641093	6.32
1072.2274572573838	1032.79546545103	6.36
1070.3284377997438	1028.9815923708243	6.4
1071.8252650837942	1029.3470728941259	6.44
1068.6074928323715	1029.7616317629136	6.48
1070.8796026960179	1030.699247933112	6.52
1073.3692155548665	1032.9946149070643	6.56
1076.4695776080246	1035.773129441048	6.6
1075.4841047263367	1037.3046272552738	6.64
1077.0744393264333	1041.1161958341181	6.68
1075.4180338104734	1040.1851658697522	6.72
1074.942748380543	1040.9607703301278	6.76
1073.8726877771455	1038.8227213590176	6.8
1075.0694476625151	1041.7372720600429	6.84
1075.5754507935021	1041.9943094295402	6.88
1078.0639141360195	1045.0588775419596	6.92
1075.675209254245	1041.4142716911213	6.96
1074.7823546070133	1040.1752325147454	7.0
1075.6886449473354	1041.0155332890613	7.04
1073.096415460595	1040.8041349960613	7.08
1073.414972915707	1038.133837564365	7.12
1071.6113143061932	1038.2391476628848	7.16
1073.4219686516267	1037.818891073741	7.2
1070.968512750099	1037.0960653778707	7.24
1075.3803781182153	1039.2435855679055	7.28
1073.9510961271594	1038.7843067715542	7.32
1072.6106746430114	1038.2431557502873	7.36
1071.41261221028	1036.5217645447863	7.4
1075.330786119032	1040.0624093105205	7.44
1071.9537281335026	1037.5525455645943	7.48
1067.8658222380066	1037.2921197646879	7.52
1068.4227478644025	1035.1664376876379	7.56
1067.6498232468139	1032.8062420672993	7.6
1068.870633389367	1036.0785337863924	7.64
1069.6315869553646	1035.1078052058479	7.68
1072.3768369805452	1034.0651411295391	7.72
1072.8424530355824	1032.4848514460132	7.76
1071.9004170213943	1032.5075396731052	7.8
1068.5069634498573	1031.5303771565134	7.84
1069.8787784715123	1031.44514350122	7.88
1076.3659778057172	1037.7325352737591	7.92
1076.0168476568538	1036.443028495309	7.96
1075.6654235823262	1035.3673315698609	8.0
1076.0098599708606	1037.6305263414638	8.04
1076.6975446588526	1037.073432787529	8.08
1080.7047990690373	1040.2993653473773	8.12
1083.0981191317699	1042.8457360517718	8.16
1085.2125851861717	1046.328266525762	8.2
1083.3849623233289	1050.9564164960755	8.24
1082.8107483407373	1056.0166460717871	8.28
1084.3496107402486	1058.6486827478827	8.32
1080.8854108987548	1051.5615831064435	8.36
1079.3763336119541	1050.6467456617854	8.4
1079.8893667836167	1051.1953352780304	8.44
1088.8349327175124	1052.3778835824064	8.48
1080.9715016857274	1052.223379925886	8.52
1094.3448315476353	1062.2898174118664	8.56
1088.0128206621694	1098.844589022076	8.6
1081.563774933399	1123.277426840393	8.64
1072.9442968543678	1122.9000071868545	8.68
1069.6267827740635	1190.5488915333765	8.72
1062.7498587496323	1167.4377690711974	8.76
1070.4423339393259	1136.1795440041208	8.8
1087.884624470204	982.5105095169521	8.84
1058.5807832700723	950.8024783868665	8.88
1024.8108474918167	957.3334698729005	8.92
1019.9713945204925	985.6968699955177	8.96
1025.2531457053597	980.4019294143098	9.0
1023.4565443013942	982.8507476979356	9.04
1014.6277527940325	984.5213167494085	9.08
1005.5474384694274	981.2485175765164	9.12
1003.496473047302	979.0699125940976	9.16
1003.4507891562884	976.1668563698341	9.2
988.7978311735657	971.6900151327652	9.24
970.1753126128225	1080.6926310307415	9.28
961.4275674907648	1092.2144689503841	9.32
955.3924046045555	1100.001119207335	9.36
976.706058865879	1091.7456650810802	9.4
996.9316536855433	1101.6744444238977	9.44
1012.8212750214038	896.1371533389797	9.48
989.1326579489003	897.6950694892756	9.52
998.244619596708	937.5067445680576	9.56
1007.5984075556261	957.8730187570675	9.6
1005.802552455486	960.3985852518982	9.64
1013.9589495843329	972.8103138005179	9.68
1009.0520255284594	985.1296088685793	9.72
1002.0101973848706	1014.5635476499991	9.76
1000.8850608033033	1023.9930923869762	9.8
994.7591132294954	1043.1824885923318	9.84
995.8434807761674	1118.177523170475	9.88
996.1440299409718	1143.3119400918756	9.92
1006.9527552555169	1156.9510667230315	9.96
1028.104720406925	1150.7696859332502	10.0
1054.4150323195088	1056.6669894082804	10.04
1043.4655712346967	949.3835845345538	10.08
1035.220060871731	922.9016944767524	10.12
1028.7582183187776	949.5476202128613	10.16
1032.328726820648	985.5418274807832	10.2
1028.9161507169563	983.3198930699328	10.24
1019.2989470882766	984.6781204306526	10.28
1026.308030390152	988.2790037523833	10.32
1022.9803132788717	993.9103166817432	10.36
1021.4122055251405	1007.0106157327103	10.4
1027.8391871578383	1048.4485375468346	10.44
1042.2132092704167	1095.6892295890993	10.48
1023.8666779944288	939.201444399154	10.52
1006.4212593537329	930.028077303249	10.56
1012.1252815460742	960.474089528291	10.6
1012.2267363013586	972.3472949642124	10.64
1014.453790079355	976.2250119477467	10.68
1017.6046396590747	982.2657719939663	10.72
1008.8756867118456	1002.6447052182593	10.76
1010.5334567130437	1000.9501300761153	10.8
1011.7426233307513	974.5424988654337	10.84
1008.0778407666496	933.9123172484024	10.88
1013.4851150927665	939.8737332034933	10.92
1009.6547280612851	959.4900905970759	10.96
1011.5189594378809	955.8595569760147	11.0
1012.0049448093808	957.7993561356514	11.04
1014.9099963395065	968.8986761197633	11.08
1016.4965478979755	973.7446188099339	11.12
1011.2866549515761	970.7608998768678	11.16
1007.8091912370764	973.4159813849903	11.2
1004.5397679156349	973.607571304753	11.24
1001.251566200597	970.2842946695075	11.28
1004.15419103647	970.1495315877268	11.32
1007.1625237964389	974.1671965894933	11.36
1007.9524658371455	977.0405485988712	11.4
1017.8583721841486	982.2110622744776	11.44
1021.7230413498767	986.7769122947358	11.48
1030.087253336089	990.3862971428899	11.52
1059.7219700782512	1029.3014595989266	11.56
1117.75936076403	1090.8657050225238	11.6
1161.9371938700422	1146.3277838828808	11.64
1189.131850613579	1174.2513412605545	11.68
1206.0203186613915	1185.969826183604	11.72
1219.4560762059184	1197.2347598014421	11.76
1225.1472007006334	1205.8550596286077	11.8
1227.9017128354003	1216.1845623527201	11.84
1225.937679953194	1216.5494003085234	11.88
1224.560052303252	1221.209037223889	11.92
1225.282609963376	1224.004755356074	11.96
1238.9838552985016	1230.69206966558	12.0
1246.6345213652291	1241.1489791503075	12.04
1258.184364184368	1254.007328942936	12.08
1278.1744156107318	1273.1371730348797	12.12
1286.208794307835	1288.8514259134738	12.16
1296.8360606098693	1297.7327378423688	12.2
1310.918289071131	1311.334230155998	12.24
1326.6018874193035	1322.1699914635174	12.28
1329.0473646794783	1321.2605516783706	12.32
1329.9739071698496	1316.71293065634	12.36
1330.1401304052629	1316.062199852734	12.4
1334.7521285835526	1320.6514429537867	12.44
1343.8906437453682	1325.765834976165	12.48
1348.5660612937074	1327.4254638468967	12.52
1351.6674258434039	1332.197036715299	12.56
1344.458255362956	1327.261015687491	12.6
1316.9593196911933	1303.004747583125	12.64
1272.5465556450345	1272.3108671750156	12.68
1238.6620594702042	1225.2470816686623	12.72
1216.3150044646218	1207.8639723565414	12.76
1192.9974571579885	1187.634825110041	12.8
1171.6921792218318	1160.2878809619506	12.84
1159.274775907275	1157.663654566318	12.88
1171.6707810922978	1165.308434105616	12.92
1184.3183728570775	1191.3469734119535	12.96
1195.6753769365719	1222.9904083041272	13.0
1190.9380807073112	1203.6699636714657	13.04
1172.5758206626422	1186.5355815646353	13.08
1151.0299370892856	1170.8781688080014	13.12
1135.281865002937	1141.9509901568451	13.16
1129.1772272384146	1119.3757865877985	13.2
1110.6210826108763	1102.63502188498	13.24
1102.494308140432	1088.6326611816528	13.28
1096.4849069505005	1083.4838344899379	13.32
1085.3749565221037	1067.7069151787975	13.36
1064.5839341128049	1048.6737503335564	13.4
1058.1216109600416	1023.6753527164794	13.44
1040.96755841331	1005.7984778300408	13.48
1033.3759492680233	987.9795355155603	13.52
1055.7775688400664	979.5779325640736	13.56
1062.6720051258033	974.5792725608668	13.6
1049.9706424689414	969.3765980887825	13.64
1047.327650632748	965.2655955127641	13.68
1038.707561915966	957.5038363538138	13.72
1015.7667762903957	941.9347204520883	13.76
1017.1726039579897	934.0982595261145	13.8
1025.4467913554129	914.691051085721	13.84
1027.8680275227716	910.2285700765616	13.88
1027.1794249302625	906.1689262380642	13.92
1021.3966146340612	898.9122715361973	13.96
1011.5659938516011	880.4738465180595	14.0
1009.9742061330043	880.8437930072882	14.04
1001.2432144955541	866.738457087827	14.08
992.5393500380625	861.5296617243023	14.12
986.570055021914	850.2694285234415	14.16
996.5750116247502	855.5055850852008	14.2
1014.7285909341284	877.1928300941212	14.24
1033.2052812779575	901.1291142078395	14.28
1047.9655928689938	927.8425515286375	14.32
1056.380292004345	966.0468111317637	14.36
1070.499385588949	986.2928429532876	14.4
1074.281766461491	1001.5371714397767	14.44
1081.8117951202594	1014.9563788812658	14.48
1083.176819305606	1020.124121993243	14.52
1086.8544449446806	1025.1393040976154	14.56
1086.7162617841543	1029.7881574065755	14.6
1084.959310565024	1027.3709267796305	14.64
1080.4549927788516	1026.363924557461	14.68
1076.951260609639	1023.2723059629558	14.72
1074.7620450959462	1025.0410698975425	14.76
1074.634203917335	1024.435872196228	14.8
1075.4548898003266	1022.3811351365456	14.84
1080.3860239747153	1023.8904705016374	14.88
1081.5443206551727	1019.7172557267726	14.92
1077.4033102777457	1022.1022674072642	14.96
1074.3393971138385	1018.9923866944531	15.0
1074.1848626917156	1019.2689643482296	15.04
1074.4891771516218	1019.2720890631656	15.08
1074.3890927038838	1020.1765241495525	15.12
1075.0435312297834	1020.2195394453554	15.16
1074.4200655334628	1018.2110849416471	15.2
1072.0131604798075	1017.2621735594865	15.24
1073.643206820071	1017.2610218812388	15.28
1072.9641409330318	1016.8227144039242	15.32
1073.0458291880511	1021.3153943181396	15.36
1071.2042256830816	1019.6547629444456	15.4
1071.271422830738	1023.187857744374	15.44
1072.3617065879941	1023.7225242572886	15.48
1070.545784195974	1021.9733473990871	15.52
1073.6144799820422	1021.4368946746962	15.56
1070.830835707449	1023.8807834380868	15.6
1072.9139721081035	1026.3263278460706	15.64
1073.1181405646182	1025.8298995178889	15.68
1076.0320710669264	1027.504836503469	15.72
1082.6414049115228	1030.2858014382944	15.76
1091.9902007810706	1038.0352914111536	15.8
1114.0257485391385	1032.2671042701013	15.84
1138.830333120573	1033.020836227579	15.88
1173.8241942540035	1024.3963914550266	15.92
1221.8394647775315	1009.1775660682534	15.96
1267.7812582131328	1017.6630139035997	16.0
1313.1834969516722	1034.559455300123	16.04
1341.0002413187667	1047.6217163337822	16.08
1352.908540982338	1053.419355325583	16.12
1365.9750135094073	1066.3431147198467	16.16
1373.3848408471913	1080.1201721274376	16.2
1383.5850022308991	1098.1156680826002	16.24
1396.028702824216	1113.2232071072506	16.28
1408.167550806705	1125.0692848117185	16.32
1413.3623641643612	1131.7627310154692	16.36
1416.7725413430808	1149.3472792202563	16.4
1414.905964472339	1153.9252024605953	16.44
1411.8110014662498	1148.843443017271	16.48
1408.9171199693683	1141.3584241584379	16.52
1398.9766463893689	1132.7244662405876	16.56
1393.7293286239938	1125.8599147146822	16.6
1388.6611796238888	1116.498753748239	16.64
1391.7891682729314	1112.0286979927303	16.68
1382.5361865705654	1100.4124707843844	16.72
1378.2029742176844	1101.0613002475948	16.76
1377.5513436861308	1094.826121123537	16.8
1368.3776655807521	1092.2582530116108	16.84
1360.761582579036	1089.2518222197932	16.88
1350.0134740753485	1083.5941330558726	16.92
1341.6022760439466	1076.2798276734372	16.96
1326.024049192082	1071.934336706428	17.0
1323.9523036061642	1069.8278168118645	17.04
1315.7907689772103	1065.1990343813557	17.08
1303.6351300515469	1059.6349186872314	17.12
1288.779555210849	1052.147258292785	17.16
1275.885095601271	1047.3873466201708	17.2
1267.2986258782605	1036.430661819236	17.24
1258.6109754410743	1030.3997059362198	17.28
1254.8525850448355	1025.9988754256735	17.32
1251.0421750627354	1021.1573387464971	17.36
1244.8273116380155	1018.7867411429281	17.4
1245.0828240202418	1016.3669154839317	17.44
1233.4578499773413	1012.9386252219123	17.48
1225.742317406299	1010.8859091167418	17.52
1211.4782726140113	1006.5465603466472	17.56
1204.3399085247588	1001.9042434033216	17.6
1196.1404590797006	996.7240729956648	17.64
1191.2341783989632	989.0650877431106	17.68
1186.2537802789846	986.1045237945939	17.72
1185.443752095406	986.7408402385652	17.76
1175.9359554275763	984.9130667154659	17.8
1178.5784743989677	985.8708210754088	17.84
1182.0340511469426	988.6290910848375	17.88
1181.3872113510656	988.4717398186012	17.92
1178.7874074735832	988.3482140766332	17.96
1175.9916141425458	987.6419125375688	18.0
1176.423961840058	988.5152369961136	18.04
1173.5815395887903	989.0988121510665	18.08
1172.3718403734279	985.7115671422425	18.12
1170.0505105683733	984.4302584619163	18.16
1165.5046808660002	983.5575085883212	18.2
1166.930170162756	983.4869000118166	18.24
1166.852110869238	982.3577693871068	18.28
1171.0613592469067	982.4025646126629	18.32
1174.3866225508439	983.7561465790292	18.36
1170.7282605400433	983.1658438405656	18.4
1169.5418949867237	982.1762038597719	18.44
1169.7224779496264	981.9702439627911	18.48
1169.6002322291693	981.3871259287096	18.52
1170.4315667536573	982.6158944779843	18.56
1167.9401996293248	982.3043112426743	18.6
1169.461091912371	982.4805139920267	18.64
1170.1549510904053	984.095136241493	18.68
1170.8512603847191	984.0487775316744	18.72
1170.7005547697777	984.734985774336	18.76
1174.5890920865215	985.2996665360774	18.8
1172.6354109660276	988.3711573703484	18.84
1173.354689257508	986.487204548354	18.88
1174.2920290140194	987.9186482483677	18.92
1175.8370004112776	990.202036058288	18.96
1177.0659315343694	990.1693168758738	19.0
1175.7904928553057	992.3037496805988	19.04
1174.5734283559837	991.4591779193705	19.08
1179.835069464353	994.3636552386225	19.12
1179.059548533521	995.1106117434839	19.16
1180.3826104782827	995.9014912682711	19.2
1177.7997582622536	994.5087750725874	19.24
1179.4281323330374	995.6747086805866	19.28
1182.5530556459778	996.2235205117586	19.32
1184.2057398488032	996.2923394893338	19.36
1185.8843485329082	997.3190549715841	19.4
1185.1266013413763	996.8201366343591	19.44
1185.2214273559205	996.1750554796184	19.48
1182.9257924566823	997.7433216736883	19.52
1185.6024045748263	1000.2371126061724	19.56
1186.898161356472	998.7657705236362	19.6
1190.2203385558807	998.7266772843005	19.64
1188.5712752571674	998.8950276262921	19.68
1190.0140699600586	1001.8175818239358	19.72
1188.3089759839554	999.4937805897835	19.76
1187.171605606257	998.7960163715622	19.8
1184.6399996378423	997.4660522729046	19.84
1183.9415473209165	994.5956107152875	19.88
1186.392302993409	996.017433194256	19.92
1189.1993518467361	996.6451758170601	19.96
1191.7133694375161	997.291728619128	20.0
1195.612309165342	998.242570828526	20.04
1192.8380905759689	998.665206299201	20.08
1193.0091293332455	996.7791201736401	20.12
1190.5173370055584	997.0736259658988	20.16
1196.4843411209147	996.4438393395211	20.2
1202.76227894592	995.7315549319432	20.24
1203.1301891814032	994.8671208039028	20.28
1203.4802926663367	994.0874460033801	20.32
1209.2083644233524	992.1831980883719	20.36
1218.0616290701	997.6994054726271	20.4
1218.7598320439383	1013.9535012381871	20.44
1223.4077013304752	1021.1709656938687	20.48
1220.3627844071343	1024.6323732895446	20.52
1208.291759209595	1036.5278710367934	20.56
1204.0931320046354	1051.0786070652932	20.6
1186.6967783477162	1063.4648299832015	20.64
1178.3747260651362	1072.3018358245483	20.68
1159.8224872223825	1079.3551058081248	20.72
1150.802519199131	1072.767368702292	20.76
1139.2583040926454	1071.9776975695397	20.8
1122.1506706962655	1068.1562299337393	20.84
1114.3372662620066	1063.1794724676388	20.88
1106.165248880103	1055.430991241583	20.92
1101.654369011081	1052.1577598470108	20.96
1100.7083983907366	1051.259874487466	21.0
1103.1033692082856	1049.8125253363573	21.04
1104.1746495959721	1048.5911891440526	21.08
1107.3329167123754	1046.1995282177584	21.12
1101.261041292231	1042.774287567227	21.16
1100.6532167691955	1040.9172476575948	21.2
1097.679577957138	1039.6295753376048	21.24
1096.2180015154483	1040.54676364289	21.28
1093.8615717487905	1039.5287120806602	21.32
1095.9694531752268	1039.4176507007198	21.36
1095.8143430159162	1041.639079495249	21.4
1101.363654069272	1047.6057958839308	21.44
1107.0911999431396	1054.5458811767553	21.48
1116.0116126183448	1063.4786315058088	21.52
1122.7753807749218	1069.6225246324288	21.56
1132.1607736922545	1075.7195127681553	21.6
1146.9238732551246	1093.3385975542158	21.64
1165.0628037078795	1117.813224791561	21.68
1187.820970389115	1139.932710649331	21.72
1208.2284992776788	1160.389565356637	21.76
1226.691850455569	1179.016601361957	21.8
1246.2829046532227	1200.3049152152075	21.84
1266.534135189771	1222.74377258505	21.88
1301.185052270033	1249.0179790156617	21.92
1333.6110048468486	1283.5892145523842	21.96
1361.1719224939864	1313.9632304500851	22.0
1390.65570592513	1341.2226557547644	22.04
1414.648107993356	1365.9712014579206	22.08
1442.1382246059088	1390.0279075032774	22.12
1467.7481376309493	1415.9311977210673	22.16
1493.8548612534491	1441.741402792961	22.2
1517.1474666316628	1464.461216025545	22.24
1544.5071204565274	1486.6157865652106	22.28
1563.3175412160465	1504.4466329942586	22.32
1581.0316611659664	1523.1440468156247	22.36
1592.683872983365	1534.310655336744	22.4
1596.082599140837	1541.0449971410537	22.44
1601.580683788622	1547.4819836248328	22.48
1605.134852315719	1544.8259516327503	22.52
1604.330732830204	1544.52921708757	22.56
1603.345228516593	1541.4795425903703	22.6
1603.2475768292604	1543.9500679918801	22.64
1606.7239629552505	1544.6940151420292	22.68
1612.44852895047	1546.0528996567382	22.72
1615.1103962113364	1550.153764864169	22.76
1617.4524882163814	1550.3068033634145	22.8
1616.3288843659823	1550.2143902001226	22.84
1618.466435141412	1554.2090030945674	22.88
1618.2079547911821	1553.0056114709544	22.92
1619.8068041355414	1554.6483105772977	22.96
1617.6716501177323	1555.3563535521719	23.0
1616.2741342775657	1554.9284776722052	23.04
1620.7090156691154	1555.276515455904	23.08
1620.2427479377102	1557.4101880091478	23.12
1625.2122399307339	1559.1880520411098	23.16
1628.7875614298214	1561.4002482319013	23.2
1625.0296456944207	1560.5242885493042	23.24
1625.078732621596	1560.707471755301	23.28
1626.017967965553	1559.6689895687125	23.32
1624.2564759101203	1560.1907127117438	23.36
1628.823956024955	1562.50188241333	23.4
1626.5538052845493	1561.1854561439313	23.44
1627.5403419407294	1561.8855438257308	23.48
1621.8849999837466	1559.4722832125933	23.52
1626.7938735978537	1561.8146501938654	23.56
1626.4685510933823	1561.283509197687	23.6
1627.492856546974	1561.0716201011458	23.64
1627.0887987132055	1560.4027546961304	23.68
1624.33110450053	1558.55851626666	23.72
1625.8499319560199	1558.9414140156214	23.76
1627.14149473246	1561.2790323307622	23.8
1627.7362203215553	1562.5175364099612	23.84
1621.031846631423	1558.0055526288913	23.88
1622.7284859068843	1557.071133538779	23.92
1626.2732543613058	1561.568120506341	23.96
1625.805430695645	1561.8117831681939	24.0
1628.2015750675173	1562.4414315040717	24.04
1628.5207882543075	1562.6315583065918	24.08
1630.9661939903463	1566.719067745919	24.12
1631.5262550741143	1565.1818682609223	24.16
1630.3971577004752	1565.8235851788793	24.2
1627.9724818340626	1563.832521447482	24.24
1623.994360280845	1559.3329098112106	24.28
1624.7926939344732	1561.2267705185002	24.32
1621.5945087267942	1558.5738084049033	24.36
1612.5116128148957	1554.428413371394	24.4
1621.6368698913961	1555.256925510119	24.44
1618.5851781345975	1556.9480932780705	24.48
1616.0298701986512	1555.211840019734	24.52
1615.8057290005822	1555.7035305979769	24.56
1615.9304157076951	1555.4429351656993	24.6
1618.51984671944	1554.9199808136732	24.64
1621.7600674998205	1556.3907229417543	24.68
1623.9698415896937	1558.4636773868745	24.72
1621.4118538664643	1559.2045245903003	24.76
1621.195093815881	1559.4775825152683	24.8
1620.2586049779977	1558.554544015821	24.84
1618.6705767841013	1556.9032716884055	24.88
1623.7552039367667	1557.9597089968731	24.92
1623.2136805732575	1558.1163602982595	24.96
1620.3185427683609	1557.5542876691645	25.0
1618.0247685803563	1557.4603123906766	25.04
1624.0431508056388	1557.7517640514561	25.08
1625.3395879510567	1560.6377603105605	25.12
1625.567974044981	1562.3621543504312	25.16
1623.6210190793086	1562.4473859068278	25.2
1621.9218325133718	1562.9126566153138	25.24
1622.8956160332154	1562.970965838386	25.28
1622.654084555442	1559.7850836907714	25.32
1623.5327985185506	1562.2046680698163	25.36
1626.7785018780776	1563.3324520507342	25.4
1624.71506651218	1562.7431936994658	25.44
1625.6628501120106	1564.0285359488428	25.48
1624.0530607802875	1563.51217061016	25.52
1623.7521169869954	1563.811774126683	25.56
1624.7891610101083	1563.3142960894136	25.6
1624.1672170111715	1562.5403854522317	25.64
1625.4045330917322	1563.4297262517327	25.68
1627.849809971293	1564.5274978796242	25.72
1628.5727172974723	1566.828128797694	25.76
1626.4801739003653	1563.7853408842038	25.8
1631.2713258558797	1566.7036294270085	25.84
1630.6112977762439	1566.6724110948371	25.88
1626.1879857819595	1565.638432330174	25.92
1627.13755657037	1563.3576431619044	25.96
1625.9416939311466	1562.9215275129923	26.0
1626.9164364842009	1563.4846737031814	26.04
1624.2995723091665	1564.1279794914567	26.08
1629.1609112002486	1562.6643052550241	26.12
1626.125166220908	1563.5147570157112	26.16
1627.8524374805284	1562.513940300653	26.2
1627.309193468877	1564.1530712155654	26.24
1623.0369834822654	1562.9046741177247	26.28
1625.901090718489	1563.8397133478372	26.32
1625.549336439764	1563.837159408412	26.36
1622.8645995678728	1564.8703330887522	26.4
1625.9198076894056	1564.4253196412842	26.44
1627.448823350338	1566.4407886665547	26.48
1629.6379351873086	1564.8573467159574	26.52
1628.3471458571494	1565.3278717829692	26.56
1624.284502810183	1564.9858331235077	26.6
1626.015697222839	1563.3595162856404	26.64
1623.3412522355216	1563.426815877044	26.68
1624.7619606526596	1563.675159734235	26.72
1622.377957457484	1562.9301182193265	26.76
1620.350584749353	1562.8446320725689	26.8
1625.4319585025257	1562.0134573992493	26.84
1624.6655889172973	1565.5363823330229	26.88
1626.748325308638	1564.0640299007812	26.92
1625.235140699015	1565.608480397897	26.96
1626.6712101185853	1566.8484720728725	27.0
1630.2174983975583	1568.3794591706937	27.04
1629.273131350234	1567.6809383307655	27.08
1628.5221767545156	1566.1339417009217	27.12
1633.3841814382354	1569.3638407398048	27.16
1631.7913871364378	1568.2042987496125	27.2
1628.5008925697396	1567.4697126874482	27.24
1623.5814684297793	1565.6524318914192	27.28
1626.928932871616	1565.9686263114124	27.32
1628.4171705818615	1565.5569715242013	27.36
1627.0099130451858	1566.1185623794927	27.4
1626.9190243943988	1566.0894050289821	27.44
1632.6614122923204	1567.8670243126019	27.48
1630.4490792372858	1567.006581057997	27.52
1629.3966154523666	1567.053429322493	27.56
1628.7085051226009	1565.2409456630394	27.6
1632.1209028535015	1568.614387007975	27.64
1628.095598857202	1566.426309081948	27.68
1626.9690207271617	1565.750121206268	27.72
1624.6288547329186	1564.4969765723786	27.76
1624.4516083961828	1565.214522358265	27.8
1628.4667938824425	1565.4167500050564	27.84
1628.8452305672713	1566.4266070112426	27.88
1624.2428499517066	1565.5599811304173	27.92
1629.6081388557116	1567.136901811646	27.96
1629.3758430928683	1567.064247507467	28.0
1628.4837111106176	1566.3824049120262	28.04
1627.2230274434894	1566.7192774863406	28.08
1624.9625537938377	1567.1402005007626	28.12
1626.6724110455962	1565.829207346896	28.16
1629.6840881956505	1567.9108161235272	28.2
1628.1667657035212	1566.094881233254	28.24
1631.5436129503187	1567.7378964771951	28.28
1628.2080670160747	1569.1033892378932	28.32
1630.1467404924076	1565.4142761509302	28.36
1628.5031582132358	1566.5806262505678	28.4
1630.1687653624806	1566.9546881374526	28.44
1628.8610215616845	1567.2840484364053	28.48
1630.9767339139862	1566.2176904247797	28.52
1629.3181824688545	1566.9270056795458	28.56
1633.8764186368937	1567.0970099212489	28.6
1633.299786645685	1565.4597925285514	28.64
1626.7609422698595	1565.971303660428	28.68
1628.7377037848644	1565.5481208716822	28.72
1632.0266669183975	1567.144002304489	28.76
1629.7007031854907	1565.1303828781734	28.8
1626.0683149335596	1566.2210591886487	28.84
1626.3048257697048	1565.888760393937	28.88
1628.1537223335877	1566.5981839762956	28.92
1627.4684716989145	1565.4849210289124	28.96
1626.7833311083896	1566.6443272296033	29.0
1628.9713884588357	1567.2424935709996	29.04
1631.026465092089	1569.897110994799	29.08
1625.5143453712415	1566.8864825611604	29.12
1627.2346643833337	1563.4880001213382	29.16
1628.9738872356231	1563.980654145401	29.2
1627.001984786358	1562.6187384229977	29.24
1623.8412480293437	1560.8664646654906	29.28
1622.8467273527458	1558.6678494081636	29.32
1613.8657840549638	1552.464585683821	29.36
1610.287287954736	1548.1415985469819	29.4
1596.8162677929195	1538.8940017584719	29.44
1572.882433161851	1520.5055014008024	29.48
1532.696830450477	1485.309018003778	29.52
1487.5949091295317	1436.491546788636	29.56
1435.1569704330568	1387.1788945917078	29.6
1382.965008498807	1328.158885575788	29.64
1333.6092248105042	1281.0701338906938	29.68
1291.8320597965571	1231.53930145489	29.72
1248.2435206522962	1187.3860913071574	29.76
1209.0465770958288	1150.54914869403	29.8
1176.7618161051337	1122.949866713133	29.84
1156.773914194382	1099.1676406466916	29.88
1138.680066036804	1079.2638492137194	29.92
1127.782242390532	1071.472547216348	29.96
1112.7178818731593	1060.3084970023185	30.0
1103.044192443252	1048.9242527027168	30.04
1094.1067952168396	1041.0894839470368	30.08
1088.215395430463	1037.6376435829743	30.12
1081.6928964655842	1035.1356299612592	30.16
1083.29482296177	1037.1534875011348	30.2
1081.767679805955	1036.9570748599376	30.24
1081.59316885005	1038.8216182201995	30.28
1082.421754916649	1038.2442391849281	30.32
1081.0467760968588	1039.6373059159396	30.36
1082.192937463663	1039.0040703529178	30.4
1083.7363229742357	1041.0380990356307	30.44
1082.8180161750365	1044.1249439035694	30.48
1082.8421864474658	1047.5775786042252	30.52
1083.4828267007929	1049.0616518881207	30.56
1088.1040305518084	1047.9727118159	30.6
1088.810795503482	1049.1639595773986	30.64
1089.361165752426	1052.9374401017303	30.68
1087.5028880816496	1054.1796562329773	30.72
1088.8855323929783	1054.3251871419773	30.76
1089.7529746333264	1055.0642808081443	30.8
1089.8128990066543	1056.5791167753202	30.84
1091.4476449543008	1056.317935504698	30.88
1090.399981468292	1058.6814286152967	30.92
1090.1598767285338	1056.74197183723	30.96
1090.5684943979975	1059.2378988241285	31.0
1092.1348199307765	1058.5256413978843	31.04
1091.3020611297518	1059.4558685243205	31.08
1090.4384492813438	1059.9568382456819	31.12
1089.8986333424227	1061.4274398614511	31.16
1088.0263050922065	1061.1524449300273	31.2
1088.906776394247	1059.7233170291674	31.24
1085.925453430361	1061.792635425571	31.28
1087.6150855240578	1060.6158023074115	31.32
1089.1722270118944	1061.2136584351683	31.36
1090.1064663502586	1063.4213191739623	31.4
1091.1504143754953	1064.2111897598625	31.44
1093.4237011010564	1066.980058854962	31.48
1093.2078124440675	1067.5156727827089	31.52
1094.082746323496	1069.4501870651902	31.56
1094.784903250229	1066.9839253812866	31.6
1093.0381457298809	1067.856843732839	31.64
1093.0214104225809	1066.2475397804792	31.68
1093.357416783212	1068.1596073310116	31.72
1094.8028171166743	1070.1702882639045	31.76
1095.4664221476548	1070.0402702474191	31.8
1097.8654524523936	1072.1533901380421	31.84
1098.2322949497996	1072.0202383906815	31.88
1099.013286309039	1072.442304417521	31.92
1099.0700640101331	1072.5456459232744	31.96
1100.7991087670027	1073.8842817705467	32.0
1102.1110394911364	1075.504926311523	32.04
1100.5104943160275	1075.5098720736185	32.08
1101.8205498054876	1075.2183607105578	32.12
1103.6692297087354	1076.260849005645	32.16
1105.3139634637955	1072.5317675795536	32.2
1108.2350560081043	1066.292868922528	32.24
1120.7746014627958	1061.1687317714898	32.28
1124.4478369477022	1059.2800861701676	32.32
1127.8655526191694	1062.6371343348437	32.36
1132.1439495180146	1063.8530584847704	32.4
1136.2401909159062	1066.8746149077297	32.44
1139.2285329462263	1070.7638704912727	32.48
1140.2722108922444	1074.6367887381627	32.52
1141.839701520241	1078.9502356574724	32.56
1147.6452734989114	1074.7599499313424	32.6
1155.1238747539464	1067.0183901249372	32.64
1161.427466033512	1066.6055773976507	32.68
1169.2193883274183	1078.307600962033	32.72
1185.1783314486727	1093.2753622187402	32.76
1203.2985103270394	1118.877329725063	32.8
1225.4552460500622	1151.2569733797711	32.84
1242.5524923470243	1182.4279347205857	32.88
1259.6904093628289	1202.6051253470425	32.92
1277.2765914398963	1215.9397711025167	32.96
1291.7784974562376	1224.728514554271	33.0
1293.633289793093	1227.9028994880516	33.04
1310.2451128712848	1238.4488498129217	33.08
1325.7560281734181	1280.5971412140445	33.12
1361.3553558006583	1299.1718393692308	33.16
1405.140907043191	1317.6752509928403	33.2
1446.8727678720845	1422.7149749345042	33.24
1491.171552035054	1451.020195813115	33.28
1525.0535569346255	1467.729221381116	33.32
1543.994064003601	1468.5280268644108	33.36
1558.9228818088177	1540.3524592809044	33.4
1549.8247422976706	1570.4696987342163	33.44
1514.3154325350586	1545.2434283753958	33.48
1485.3237937621034	1506.543373747823	33.52
1441.613937652469	1485.292935246878	33.56
1383.9163938360914	1453.9891372201755	33.6
1303.6348803898813	1401.326646542278	33.64
1311.340493271938	1374.9999175807318	33.68
1289.2948674001832	1279.4914166122257	33.72
1273.3815019554652	1255.326246023635	33.76
1275.199794064823	1191.6156092768176	33.8
1271.1828102238997	1179.5423902077391	33.84
1283.3875003028509	1150.4624602019444	33.88
1279.3339532100715	1132.981683370381	33.92
1277.4657896886567	1124.7226316278338	33.96
1271.716678525582	1119.962752968583	34.0
1264.7602393531056	1107.1922744252283	34.04
1259.7550949159067	1097.6118762140877	34.08
1247.2689028711334	1095.817115098325	34.12
1246.8864927074032	1085.033867929268	34.16
1246.6486249909042	1085.5189558199731	34.2
1242.8069737159867	1124.5868800588023	34.24
1236.8513895991541	1099.8901689809618	34.28
1235.1759580218006	1076.5421566566174	34.32
1237.7301334077865	1066.6493902416362	34.36
1241.2931502874324	1066.3153261942603	34.4
1244.8215435941272	1067.0379195282412	34.44
1244.278343730047	1063.475017924609	34.48
1243.8276284834271	1060.1211723046954	34.52
1241.197503942072	1054.4062479564136	34.56
1237.5462663838641	1044.7856509156147	34.6
1233.4361578603948	1037.9205090928788	34.64
1230.0333340245998	1034.9426329105863	34.68
1227.1858879696556	1031.71965632204	34.72
1225.1375870146558	1029.7068167051596	34.76
1223.3443680148002	1025.311878711767	34.8
1222.682892522059	1027.640494304061	34.84
1222.8297936378854	1024.0014050874968	34.88
1222.6651734687248	1024.508347860968	34.92
1222.4331145225701	1022.7757629164258	34.96
1222.3641708271343	1022.7979283218523	35.0
1219.1490088414612	1023.2923657332492	35.04
1221.7229583076223	1022.1618273701531	35.08
1220.7931186557953	1023.99620014408	35.12
1223.6254492954133	1023.4635804029203	35.16
1222.613640214521	1020.7102079119019	35.2
1223.5884417609348	1019.7234698488702	35.24
1222.1082672599566	1019.9481169405088	35.28
1222.8618295828705	1018.6686240619516	35.32
1222.0700331154342	1016.308884979441	35.36
1222.279118080402	1017.3888577441147	35.4
0.0	0.0	35.44
0.0	0.0	35.48
1059.6110318015008	960.578042927807	35.52
1127.0772249480754	987.2561261112221	35.56
1078.955792524767	1009.636186291942	35.6
0.0	0.0	35.64
1089.1072744763485	963.5948004413776	35.68
0.0	0.0	35.72
0.0	0.0	35.76
0.0	0.0	35.8
0.0	0.0	35.84
1076.1022557887788	965.1853885029507	35.88
0.0	0.0	35.92
0.0	0.0	35.96
1133.6954875160266	967.0008534022426	36.0
0.0	0.0	36.04
0.0	0.0	36.08
0.0	0.0	36.12
1026.3877449882916	945.0348648807131	36.16
0.0	0.0	36.2
0.0	0.0	36.24
0.0	0.0	36.28
0.0	0.0	36.32
0.0	0.0	36.36
1092.0030525071709	974.2336764123886	36.4
1077.486098678773	970.458348942157	36.44
1071.4250035127857	964.583850865297	36.48
0.0	0.0	36.52
1058.1828293567755	970.410652001205	36.56
1049.4895805719461	959.2358380783945	36.6
1040.2041512636265	946.6796371560582	36.64
1042.3856291203729	938.8362720678574	36.68
1038.4255710633931	935.6132888766374	36.72
1035.2452482609942	929.3476806224762	36.76
1028.1568618550527	949.7823138010507	36.8
1023.7414177097642	946.8389627432746	36.84
1014.0503470718112	932.4330285623654	36.88
1006.9446945336531	937.643195554131	36.92
1013.126235111615	932.6290891345203	36.96
1008.0414735607242	928.7025012079299	37.0
1005.8863620956182	938.9668739263301	37.04
1014.3424382387187	935.4622143881375	37.08
1008.3822362445703	944.4763602349447	37.12
1004.9047111644704	945.7767481360826	37.16
1003.7346002213666	946.6188128001384	37.2
1004.7431921326312	941.75368993226	37.24
1000.904131282145	929.7311307042727	37.28
983.4228668927842	941.3938358312922	37.32
1009.3288152189255	919.9001205721416	37.36
998.7137493562888	949.894979711603	37.4
995.0154001843548	942.0971367342692	37.44
984.5652881424031	957.794907755789	37.48
0.0	0.0	37.52
0.0	0.0	37.56
993.6510479171477	962.4127560435669	37.6
0.0	0.0	37.64
0.0	0.0	37.68
0.0	0.0	37.72
0.0	0.0	37.76
0.0	0.0	37.8
0.0	0.0	37.84
0.0	0.0	37.88
0.0	0.0	37.92
0.0	0.0	37.96
973.2567010023494	944.8501850507841	38.0
0.0	0.0	38.04
0.0	0.0	38.08
0.0	0.0	38.12
0.0	0.0	38.16
0.0	0.0	38.2
0.0	0.0	38.24
0.0	0.0	38.28
0.0	0.0	38.32
0.0	0.0	38.36
0.0	0.0	38.4
0.0	0.0	38.44
999.445653948521	977.970317959519	38.48
0.0	0.0	38.52
0.0	0.0	38.56
0.0	0.0	38.6
0.0	0.0	38.64
0.0	0.0	38.68
0.0	0.0	38.72
0.0	0.0	38.76
0.0	0.0	38.8
0.0	0.0	38.84
1051.8090332259483	992.6716420288226	38.88
0.0	0.0	38.92
0.0	0.0	38.96
1039.8380003369473	967.0694596837235	39.0
0.0	0.0	39.04
1062.0520317385713	993.4465610424428	39.08
0.0	0.0	39.12
0.0	0.0	39.16
0.0	0.0	39.2
0.0	0.0	39.24
0.0	0.0	39.28
0.0	0.0	39.32
0.0	0.0	39.36
0.0	0.0	39.4
0.0	0.0	39.44
0.0	0.0	39.48
0.0	0.0	39.52
0.0	0.0	39.56
0.0	0.0	39.6
0.0	0.0	39.64
0.0	0.0	39.68
0.0	0.0	39.72
0.0	0.0	39.76
0.0	0.0	39.8
0.0	0.0	39.84
1060.5181353630755	1007.5524766715563	39.88
0.0	0.0	39.92
0.0	0.0	39.96
0.0	0.0	40.0
0.0	0.0	40.04
0.0	0.0	40.08
0.0	0.0	40.12
1055.362120027816	997.1769146884119	40.16
0.0	0.0	40.2
0.0	0.0	40.24
0.0	0.0	40.28
0.0	0.0	40.32
1052.882510312122	1003.4117959987784	40.36
0.0	0.0	40.4
0.0	0.0	40.44
0.0	0.0	40.48
1041.6657715919082	980.2687548731096	40.52
1037.8842655450785	997.5960145974432	40.56
1046.2984471761822	1015.0451948702579	40.6
1044.8887134988415	977.4828356281691	40.64
1035.8651859691652	989.3532925358813	40.68
0.0	0.0	40.72
1039.5159721508878	975.7101722499262	40.76
1031.4241548793825	989.0749219289972	40.8
1016.5403508883736	984.088815368809	40.84
1040.9675695680494	984.4705133081502	40.88
1018.5612944142684	990.410922564354	40.92
1036.6139142146576	984.5384089404904	40.96
1036.8721812794029	978.5412597370736	41.0
1026.508190708575	981.3091080118368	41.04
1027.0644074042114	980.300375252799	41.08
1017.1098121109145	958.1952273899861	41.12
1007.3822149028849	958.5576834866432	41.16
990.252189510438	952.2121050293754	41.2
976.1698424672169	934.3757650426911	41.24
966.5312182391746	923.2059029617266	41.28
952.3853592342657	901.0855917217876	41.32
925.9788959636976	889.8990568271402	41.36
912.0090389018894	867.091054456042	41.4
884.3477084563725	837.1594053202243	41.44
859.9590804512799	817.4832200494542	41.48
835.8956897184116	801.7672434126777	41.52
802.1921284397303	769.4916637412672	41.56
783.6867807559166	752.8866965380455	41.6
769.6866749453048	756.039768589485	41.64
747.1602112995698	720.1376839120447	41.68
0.0	0.0	41.72
709.0882949139077	691.6071971947797	41.76
719.0461414164841	720.1907684171904	41.8
727.6931001417105	716.3703410257702	41.84
732.438799204125	711.0912496741198	41.88
726.4906666299221	720.8065974803436	41.92
695.5310827056476	696.132810404334	41.96
708.3864362614892	700.4217602955559	42.0
699.6169235865664	692.380316656274	42.04
697.3207114140661	703.827403177887	42.08
0.0	0.0	42.12
695.0296159206155	699.5667484622318	42.16
0.0	0.0	42.2
673.2225596165634	684.8304228311451	42.24
0.0	0.0	42.28
661.5273568242836	663.6443098599468	42.32
655.2981288202368	663.2267949056015	42.36
648.5190795228623	654.4417682185668	42.4
665.2714802260082	675.1947220381157	42.44
0.0	0.0	42.48
646.4044660712266	642.9186320490224	42.52
649.4164974407524	662.7141896060971	42.56
638.4641161333037	654.0259402328643	42.6
640.5884834623477	643.9526611731804	42.64
644.6377738925011	649.6273604592991	42.68
640.1175682771321	654.8527309203611	42.72
622.239091326346	629.3788046068179	42.76
623.9212625924316	649.4230472787235	42.8
616.4458611202485	633.5296502430066	42.84
627.7478979800547	649.2538004327232	42.88
616.7302815562302	641.5844534821496	42.92
625.9797454136469	647.9875240379912	42.96
609.9079501089423	630.8154634736343	43.0
617.4574816241521	647.9334360895322	43.04
0.0	0.0	43.08
0.0	0.0	43.12
0.0	0.0	43.16
0.0	0.0	43.2
0.0	0.0	43.24
607.4771929676783	635.6010075783198	43.28
0.0	0.0	43.32
626.2714327443088	651.6724289962303	43.36
0.0	0.0	43.4
0.0	0.0	43.44
638.8623353733044	663.6289612419264	43.48
0.0	0.0	43.52
0.0	0.0	43.56
623.3185728672939	661.7305215845138	43.6
0.0	0.0	43.64
622.5258446852508	645.3925174298959	43.68
635.614489224085	659.8199431233437	43.72
0.0	0.0	43.76
0.0	0.0	43.8
627.327683189697	635.7461001420902	43.84
629.365305674722	668.9067015073979	43.88
630.0344827998684	648.8279824360301	43.92
637.1005138472931	651.4236097210015	43.96
0.0	0.0	44.0
0.0	0.0	44.04
0.0	0.0	44.08
622.3801842432702	642.48108676084	44.12
616.2205204683161	656.9965845414969	44.16
0.0	0.0	44.2
0.0	0.0	44.24
0.0	0.0	44.28
617.5346111097256	645.5157953604154	44.32
0.0	0.0	44.36
615.4024920384918	644.702771599353	44.4
0.0	0.0	44.44
0.0	0.0	44.48
0.0	0.0	44.52
608.1874681652112	632.7754147185556	44.56
0.0	0.0	44.6
0.0	0.0	44.64
603.686394331031	637.8407617564615	44.68
0.0	0.0	44.72
0.0	0.0	44.76
0.0	0.0	44.8
0.0	0.0	44.84
0.0	0.0	44.88
0.0	0.0	44.92
0.0	0.0	44.96
0.0	0.0	45.0
605.9219180401118	629.3433807379641	45.04
609.7394232786909	638.5208841121992	45.08
0.0	0.0	45.12
0.0	0.0	45.16
0.0	0.0	45.2
0.0	0.0	45.24
0.0	0.0	45.28
0.0	0.0	45.32
0.0	0.0	45.36
606.9378023764066	633.3036857920781	45.4
0.0	0.0	45.44
600.29191245082	635.8046734029334	45.48
0.0	0.0	45.52
0.0	0.0	45.56
0.0	0.0	45.6
0.0	0.0	45.64
0.0	0.0	45.68
0.0	0.0	45.72
0.0	0.0	45.76
0.0	0.0	45.8
606.5710529566281	635.751769591164	45.84
0.0	0.0	45.88
0.0	0.0	45.92
0.0	0.0	45.96
592.6108313673064	636.3389760539673	46.0
0.0	0.0	46.04
0.0	0.0	46.08
603.5887157113613	644.4513844819686	46.12
0.0	0.0	46.16
0.0	0.0	46.2
0.0	0.0	46.24
0.0	0.0	46.28
0.0	0.0	46.32
0.0	0.0	46.36
602.9047658396426	642.3162512241993	46.4
0.0	0.0	46.44
0.0	0.0	46.48
0.0	0.0	46.52
0.0	0.0	46.56
0.0	0.0	46.6
0.0	0.0	46.64
0.0	0.0	46.68
0.0	0.0	46.72
0.0	0.0	46.76
0.0	0.0	46.8
0.0	0.0	46.84
0.0	0.0	46.88
0.0	0.0	46.92
0.0	0.0	46.96
0.0	0.0	47.0
0.0	0.0	47.04
610.7587291741723	641.7539179364493	47.08
0.0	0.0	47.12
0.0	0.0	47.16
0.0	0.0	47.2
0.0	0.0	47.24
606.8120212805234	641.4230663284919	47.28
0.0	0.0	47.32
0.0	0.0	47.36
0.0	0.0	47.4
0.0	0.0	47.44
609.6091491731438	628.5046747513712	47.48
0.0	0.0	47.52
0.0	0.0	47.56
0.0	0.0	47.6
0.0	0.0	47.64
0.0	0.0	47.68
0.0	0.0	47.72
0.0	0.0	47.76
0.0	0.0	47.8
0.0	0.0	47.84
0.0	0.0	47.88
622.7454842466957	658.9641344426741	47.92
0.0	0.0	47.96
621.6778091622606	657.8493233901552	48.0
0.0	0.0	48.04
0.0	0.0	48.08
0.0	0.0	48.12
0.0	0.0	48.16
0.0	0.0	48.2
0.0	0.0	48.24
0.0	0.0	48.28
611.1128508042533	643.6893138139279	48.32
618.5490596650264	657.0656221397037	48.36
0.0	0.0	48.4
0.0	0.0	48.44
627.3977000991551	659.183029560372	48.48
0.0	0.0	48.52
0.0	0.0	48.56
0.0	0.0	48.6
0.0	0.0	48.64
0.0	0.0	48.68
0.0	0.0	48.72
0.0	0.0	48.76
0.0	0.0	48.8
0.0	0.0	48.84
0.0	0.0	48.88
0.0	0.0	48.92
0.0	0.0	48.96
0.0	0.0	49.0
0.0	0.0	49.04
0.0	0.0	49.08
0.0	0.0	49.12
0.0	0.0	49.16
0.0	0.0	49.2
0.0	0.0	49.24
0.0	0.0	49.28
0.0	0.0	49.32
0.0	0.0	49.36
0.0	0.0	49.4
0.0	0.0	49.44
0.0	0.0	49.48
0.0	0.0	49.52
0.0	0.0	49.56
0.0	0.0	49.6
0.0	0.0	49.64
0.0	0.0	49.68
0.0	0.0	49.72
0.0	0.0	49.76
0.0	0.0	49.8
0.0	0.0	49.84
0.0	0.0	49.88
0.0	0.0	49.92
0.0	0.0	49.96
0.0	0.0	50.0
0.0	0.0	50.04
0.0	0.0	50.08
0.0	0.0	50.12
0.0	0.0	50.16
0.0	0.0	50.2
0.0	0.0	50.24
0.0	0.0	50.28
0.0	0.0	50.32
0.0	0.0	50.36
0.0	0.0	50.4
0.0	0.0	50.44
0.0	0.0	50.48
0.0	0.0	50.52
0.0	0.0	50.56
0.0	0.0	50.6
0.0	0.0	50.64
674.2928682161485	702.3833414185771	50.68
0.0	0.0	50.72
753.2056851849122	766.9835955981839	50.76
0.0	0.0	50.8
805.832662678866	788.1716685090045	50.84
813.1893246810232	789.0148270758255	50.88
0.0	0.0	50.92
875.0863808916074	842.0144418581409	50.96
893.9173011226782	832.3133131443334	51.0
914.3920030714577	859.3430216219261	51.04
0.0	0.0	51.08
0.0	0.0	51.12
0.0	0.0	51.16
0.0	0.0	51.2
0.0	0.0	51.24
0.0	0.0	51.28
0.0	0.0	51.32
0.0	0.0	51.36
0.0	0.0	51.4
0.0	0.0	51.44
0.0	0.0	51.48
0.0	0.0	51.52
0.0	0.0	51.56
0.0	0.0	51.6
0.0	0.0	51.64
0.0	0.0	51.68
0.0	0.0	51.72
0.0	0.0	51.76
0.0	0.0	51.8
0.0	0.0	51.84
0.0	0.0	51.88
0.0	0.0	51.92
0.0	0.0	51.96
0.0	0.0	52.0
0.0	0.0	52.04
0.0	0.0	52.08
0.0	0.0	52.12
0.0	0.0	52.16
0.0	0.0	52.2
1162.4810983475918	1025.0659112264323	52.24
1258.6616260769515	1029.8914687499464	52.28
1289.7026661648113	1041.6761919366734	52.32
1260.5585317957748	1053.0823416731323	52.36
1234.816188699289	1070.8178067408312	52.4
1217.972776515604	1080.051424827033	52.44
1227.2154792994093	1100.8944984729264	52.48
1224.6651393523978	1134.3894824711083	52.52
1211.1952089893598	1142.929071078427	52.56
1219.6124334566691	1180.7158344633524	52.6
1204.9902443339056	1184.246088373268	52.64
1196.1804393015032	1141.6484313510264	52.68
1188.328935517548	1109.018680586225	52.72
1187.4106956601224	1113.0829045940145	52.76
1188.0538947438083	1094.788931261746	52.8
1192.0434387174532	1082.4301721509448	52.84
1192.0777734214807	1184.2680178914375	52.88
1184.0821382243032	1213.8535988372337	52.92
1182.290761175411	1185.8407716511033	52.96
1159.3916429210342	1050.1790562962842	53.0
1146.4767636310496	1108.314232238126	53.04
1140.228892772012	1126.8037777102934	53.08
1133.1395218282992	1134.5149588704815	53.12
1131.997379745512	1117.6718144158694	53.16
1132.1073838678617	1070.072100939185	53.2
1141.7243823877438	1081.8399378551617	53.24
1172.050477104291	1106.1758742048369	53.28
1175.7581696005836	1095.3198821549934	53.32
1165.2092482417809	1110.9203126120537	53.36
1176.0048183499123	1118.3600557265438	53.4
1183.3360758566705	1134.9760838654424	53.44
1182.07840553314	1137.9312146574025	53.48
1194.048833311975	1133.0281979224228	53.52
1194.859979429362	1138.1650071050772	53.56
1184.1513225150986	1134.3202139994885	53.6
1173.4139049065318	1123.0895278364628	53.64
1159.9424848541337	1109.841301332646	53.68
1163.7853825337238	1099.2814335528064	53.72
1164.1505764034089	1074.092410738622	53.76
1183.2601809891883	1082.2031792906657	53.8
1209.8472569539506	1133.472680741034	53.84
1238.158741748306	1190.452495569875	53.88
1265.2845805489926	1225.823556481296	53.92
1291.5632778227334	1256.686828383573	53.96
1308.5981560956586	1277.8145734120503	54.0
1312.1106650353913	1284.8828721660043	54.04
1317.4278092515167	1302.093187860919	54.08
1317.8971218410213	1305.138340988378	54.12
1311.3321874508752	1282.9243069911377	54.16
1286.4406162959756	1259.346156050543	54.2
1268.9914181414158	1234.5232160303772	54.24
1252.7882492576312	1213.265501714528	54.28
1237.7554330191472	1202.8151969530293	54.32
1238.1424652185153	1203.8578962348283	54.36
1238.2160359546779	1214.375144002059	54.4
1246.304132120678	1226.3669581939419	54.44
1262.5256893483831	1247.4691940110754	54.48
1285.0624902131701	1274.8865172663216	54.52
1307.5679152925372	1299.169409374052	54.56
1317.8830895610063	1309.0981875908215	54.6
1308.8964999222287	1300.017327252602	54.64
1285.9218988379084	1282.8081403544882	54.68
1255.895406836803	1260.5418620294074	54.72
1232.144218962398	1208.7314511516681	54.76
1205.9264363955238	1183.245491073004	54.8
1193.8738181769038	1174.696136916502	54.84
1197.7930732295158	1180.7807727848506	54.88
1202.0664468719892	1181.5542184145734	54.92
1207.395477575011	1184.2671469551644	54.96
1207.3301152469182	1183.3727157324133	55.0
1200.3098730370127	1175.5300003747145	55.04
1200.4799629120948	1174.162044079051	55.08
1196.553769923073	1171.360873358318	55.12
1188.1181785120364	1157.664935793616	55.16
1185.9566060065283	1155.4847005992387	55.2
1179.7097544146286	1153.656244593195	55.24
1174.3372562381157	1150.1406294237904	55.28
1169.5290597594608	1145.0740131944794	55.32
1164.5051312891906	1141.2065684908014	55.36
1151.1735699676517	1128.6399198421498	55.4
1146.0072723245137	1123.4270601029452	55.44
1141.2064580759918	1116.3341585352073	55.48
1138.1156804100135	1111.1495765532582	55.52
1130.8399552241358	1105.6716629661146	55.56
1130.6420004226597	1101.8920519570977	55.6
1129.5252579630267	1094.0138860821776	55.64
1123.492178571969	1089.532569067226	55.68
1117.5785048996427	1091.5534724186593	55.72
1116.3434395213003	1089.4085201154896	55.76
1123.047765232161	1090.6649192857265	55.8
1125.6129363619063	1092.636495690264	55.84
1128.0924950185329	1099.9567879212616	55.88
1132.8417469581937	1097.4278830966637	55.92
1131.1609552106265	1103.0994125720313	55.96
1136.836428593548	1102.3996882528484	56.0
1132.9175165557117	1105.013251510022	56.04
1132.267427131408	1098.5619845767105	56.08
1131.3760589317324	1099.538436651452	56.12
1131.0650502170076	1098.6343285692194	56.16
1127.2640680511722	1098.6987498945728	56.2
1125.7223563935227	1096.408993883718	56.24
1125.4876164996401	1095.5659867472086	56.28
1123.455806869013	1095.4628128968423	56.32
1118.6530105440017	1092.7353739414061	56.36
1117.66087147323	1090.1237013214247	56.4
1111.7360776215548	1085.6065731768604	56.44
1108.7033616518886	1081.0554362713337	56.48
1108.5167034420235	1077.1974325005824	56.52
1103.425099072395	1073.8706802476381	56.56
1102.6053564704166	1070.6226917775803	56.6
1103.6422136866001	1075.2629110312382	56.64
1106.2604900354845	1076.1883751080084	56.68
1103.1511432584612	1072.128868729445	56.72
1098.811363259934	1067.8373155682584	56.76
1095.818750613534	1066.0800090698322	56.8
1095.4409808941125	1069.8069428473837	56.84
1091.8097877901935	1068.079628255668	56.88
1092.0035762198925	1075.0856683575028	56.92
1091.559676820024	1075.98135455055	56.96
1090.5720490050091	1075.9515049480601	57.0
1086.5093569620108	1074.3126611203147	57.04
1086.7795237072273	1072.1135213637576	57.08
1082.8934524598187	1076.4805369234186	57.12
1088.7918142508722	1072.7425970869074	57.16
1085.1848757147923	1078.9269103777904	57.2
1085.3388070779056	1075.821416194207	57.24
1083.6629438860682	1075.0188849627466	57.28
1082.3736955917252	1070.1149067116703	57.32
1082.0934836734273	1056.1928006746298	57.36
1086.339738798658	1048.9661293545564	57.4
1087.129467483438	1040.887053842674	57.44
1068.3965686006102	1123.80069712497	57.48
1049.3394909625147	1135.933601468171	57.52
1035.6013938471344	1082.3852801773708	57.56
1031.488195788363	1029.47765480963	57.6
1032.370961459166	1023.0457257266356	57.64
1035.7175350738837	1017.2586761822874	57.68
1036.015671770087	1011.0469557383343	57.72
1038.7676543761133	1010.4457235945553	57.76
1045.1066561324828	1011.85861315586	57.8
1041.568744637126	1015.6864739708956	57.84
1043.4176618334413	1030.096169808762	57.88
1042.5357356393731	1042.9967293950815	57.92
1046.2408261958728	1025.221953319934	57.96
1048.5026629028814	1000.0413355989655	58.0
1040.6328949114522	1017.5158980277604	58.04
1065.9336494297156	1036.239813485875	58.08
1054.1143373443506	1122.274112848989	58.12
1053.4941533360818	1111.159865973212	58.16
1049.644504005089	1106.721838030813	58.2
1035.710818856379	1107.4238327447456	58.24
1030.6848741565773	1101.8577792891892	58.28
1029.4788822780176	1082.7983244313034	58.32
1032.62104204511	1057.8933197247018	58.36
1051.4058227345604	1018.1845187243772	58.4
1064.663843826935	1012.9016440201133	58.44
1048.936286882713	1010.4105585844143	58.48
1051.4680072543824	1021.6038223811449	58.52
1050.2302042653412	1055.443500409436	58.56
1073.9857776710978	1074.37271500448	58.6
1051.3915160415877	1041.5835213935236	58.64
1047.3644578260905	1008.3226464785714	58.68
1046.9506848856522	1001.282416790411	58.72
1039.9651464398191	1010.3811124164605	58.76
1039.5283091467488	1041.5914800515495	58.8
1042.6490921336947	1123.4943923248368	58.84
1047.1312811418068	1085.9561365582765	58.88
1025.4429180117324	1108.4218546439238	58.92
1012.2878520516807	1134.9836829969606	58.96
1012.8103409512789	1090.1958900674906	59.0
1022.3622254151261	1059.637105166009	59.04
1039.7352384785413	1029.0328824493968	59.08
1044.2913728553501	1021.8826470886722	59.12
1043.2560917702654	1021.4474858713563	59.16
1042.6211408343784	1020.1704613407807	59.2
1065.6223866185364	1044.023581978162	59.24
1054.554942635821	1020.4526185377001	59.28
1044.8213568292108	1007.2111634443254	59.32
1024.8410683849668	993.253886927752	59.36
1028.222512606511	1006.6411683123425	59.4
1024.24170508963	1041.3534465509617	59.44
1013.6704094331332	1016.535716178234	59.48
1027.2180641287675	1012.3095361929978	59.52
1034.5642312298864	1009.1429195423229	59.56
1047.421566617656	1035.220958853081	59.6
1055.4096756037784	1041.6562043581496	59.64
1061.5362587093023	1049.2320899456636	59.68
1062.8378634422313	1041.8390193911796	59.72
1055.8331857186085	1033.128091686514	59.76
1049.5374069095178	1026.3377489975019	59.8
1048.1827655043637	1018.6332811538756	59.84
1045.2777132103083	1004.3909338233326	59.88
1030.1597141990526	1003.2476815969206	59.92
1044.725032831383	1012.0208456527699	59.96
1048.3306907584745	1015.844361379218	60.0
1049.087344613189	1020.2886244634651	60.04
1056.8777914667116	1026.9442161519055	60.08
1067.345332229244	1039.3853616351707	60.12
1075.7511466074907	1055.9092567839448	60.16
1091.0765631766067	1073.301180080742	60.2
1110.3264308907997	1088.548256753319	60.24
1116.1717483876923	1090.3197924284896	60.28
1118.5282523531757	1095.4984997371287	60.32
1115.6250843213336	1106.479364281285	60.36
1128.528642325428	1116.604611158681	60.4
1144.7971562642213	1131.49932524991	60.44
1164.0927071116357	1152.6195731146965	60.48
1162.81573037498	1158.0229794000518	60.52
1168.956361706083	1152.7845776888414	60.56
1165.4307930011373	1156.817175948696	60.6
1164.472071451458	1160.7311197012589	60.64
1160.1342909523316	1155.757314302652	60.68
1157.343267128855	1148.5884912898534	60.72
1155.661627696858	1144.8392415434244	60.76
1152.4074494794218	1139.0279532686197	60.8
1152.8866077155815	1136.3394307370017	60.84
1154.5538486619464	1126.5033367483572	60.88
1173.6356937752826	1129.9167606915155	60.92
1195.6112585709636	1150.0970089663692	60.96
1227.8235931751954	1192.3382398387084	61.0
1270.157976934736	1239.388873330188	61.04
1314.2075585154942	1285.5690616966074	61.08
1356.5881445065127	1320.7280282997963	61.12
1392.270668309033	1332.5405303559044	61.16
1405.6093326648383	1324.6444822392527	61.2
1407.1790496230174	1318.4766200578288	61.24
1403.4447629357485	1313.595165821815	61.28
1388.8945185943007	1303.148013893823	61.32
1367.889488443163	1290.8688369809784	61.36
1338.1111853439602	1278.8976959035567	61.4
1311.6265395031467	1262.3337426612134	61.44
1291.376350152654	1257.3025895004334	61.48
1273.6117658482733	1244.9713210719726	61.52
1257.8827196266845	1232.6450143642762	61.56
1244.7285815832965	1221.3528623205443	61.6
1224.5301805195427	1206.7645985852541	61.64
1216.597242060745	1193.1010916651512	61.68
1207.782263271578	1182.8309968225103	61.72
1206.7555455977972	1175.1955186348728	61.76
1200.856688194016	1170.223468569878	61.8
1197.7240328021246	1163.1718038495044	61.84
1195.7674826233217	1155.5202440338528	61.88
1189.329778052592	1145.638038066436	61.92
1177.956470239977	1135.6713919468784	61.96
1169.6518673128126	1123.6494666884605	62.0
1157.6280920847935	1112.370789484623	62.04
1150.0972893878109	1108.9848625833454	62.08
1154.6356106331232	1110.8491846648167	62.12
1168.5069615842865	1127.0088429090702	62.16
1177.3649547286668	1136.8819367799804	62.2
1183.973459818382	1143.3632567044153	62.24
1178.1227766557092	1148.3291361536553	62.28
1174.7057013247793	1143.8551753734096	62.32
1169.278205587323	1139.0840003580572	62.36
1161.4358496305417	1133.524713504076	62.4
1153.5337268526944	1128.433991813633	62.44
1148.8419108672126	1124.6935490934466	62.48
1146.611007113008	1127.0590446901533	62.52
1139.1519964610857	1121.4828151167574	62.56
1140.3054441100087	1120.1765709727365	62.6
1135.0261633790137	1113.930520024245	62.64
1132.576374999102	1107.175338264221	62.68
1126.496921102186	1101.627014539296	62.72
1126.258251971033	1098.297902886401	62.76
1118.6183735962043	1095.030465337476	62.8
1118.0123505174815	1098.7785842996018	62.84
1113.3157042556122	1096.9454420320158	62.88
1110.4033817007123	1095.2082233938918	62.92
1107.648329606477	1092.0304014548724	62.96
1108.7799800300943	1093.2470359795095	63.0
1106.2798119707545	1089.8336832155774	63.04
1101.4985416685379	1082.1869038320256	63.08
1099.2810800313152	1085.2862720707226	63.12
1100.6184735597612	1089.0255406859137	63.16
1096.464227559382	1088.342394537022	63.2
1093.4893377058106	1079.1960225238636	63.24
1096.1335184158095	1084.5121639645295	63.28
1096.3585116345082	1084.9328859064867	63.32
1095.722400701689	1070.6818084734405	63.36
1090.4623381055833	1066.6493720970643	63.4
1088.9458189110167	1055.642332842758	63.44
1083.3052748638531	1053.4386297445476	63.48
1077.3529242653917	1051.9761005598623	63.52
1078.0133102643913	1057.6152642043314	63.56
1081.6417210016346	1057.6502198394664	63.6
1082.4706905224482	1062.154678213941	63.64
1087.9943528186682	1063.9085086854377	63.68
1096.6236329517058	1068.2677063375443	63.72
1105.609011615645	1075.7256475334661	63.76
1112.3934552314145	1083.3043922554607	63.8
1117.6593493716541	1088.7427827099646	63.84
1123.8574654341032	1093.045896224685	63.88
1132.9504432187725	1100.3240900680903	63.92
1144.8418236326502	1108.5269717791523	63.96
1153.8685760024723	1117.3364639300687	64.0
1163.280785245076	1125.9748367896634	64.04
1171.7959862557163	1136.5194403678836	64.08
1179.8358547874159	1142.8373903794347	64.12
1182.2391289282123	1142.757910355006	64.16
1179.672713666358	1140.142952087246	64.2
1178.1483673602272	1137.2998486684094	64.24
1180.0508252568186	1138.2656773698134	64.28
1186.8300380136989	1142.7633671447588	64.32
1193.6245233254276	1151.0840863715516	64.36
1199.864916180434	1154.5884852972677	64.4
1206.2066112099621	1160.7217815855308	64.44
1214.021173451369	1165.4879521964772	64.48
1223.484939017618	1173.1922465110667	64.52
1246.170499915689	1190.2150720238913	64.56
1280.365557719048	1219.4961207559043	64.6
1332.1140615562908	1267.9381611579417	64.64
1395.8730559610067	1331.1348246061982	64.68
1473.2747680117607	1402.2692222903893	64.72
1557.7994695634322	1489.5848755124207	64.76
1643.6266292141738	1566.0500759037866	64.8
1770.1908013555262	1756.1267452846516	64.84
1801.1951962170021	1776.4578221754643	64.88
0.0	0.0	64.92
0.0	0.0	64.96
0.0	0.0	65.0
0.0	0.0	65.04
0.0	0.0	65.08
0.0	0.0	65.12
0.0	0.0	65.16
0.0	0.0	65.2
0.0	0.0	65.24
0.0	0.0	65.28
0.0	0.0	65.32
0.0	0.0	65.36
0.0	0.0	65.4
0.0	0.0	65.44
0.0	0.0	65.48
0.0	0.0	65.52
1445.5174696788786	1457.452808260249	65.56
1401.2294315065337	1411.8628280848247	65.6
1361.4612555852382	1376.4388530150272	65.64
1331.6460617214605	1339.9827749886604	65.68
1307.54326976694	1315.668199892969	65.72
1288.9629717454566	1295.031342854489	65.76
1276.7907222245506	1278.7519134001905	65.8
1271.4589809190522	1270.9871031414052	65.84
1268.8248858739216	1264.4785457095384	65.88
1265.4356419013343	1259.3054887997762	65.92
1270.3359914119637	1258.6522082028248	65.96
1272.0695816434122	1259.992977198337	66.0
1275.906632617412	1263.4675736160489	66.04
1277.0776071975959	1264.625028632427	66.08
1276.6920518840338	1266.0626836297058	66.12
1278.69581861264	1266.3606171538934	66.16
1279.4831980573085	1267.2026898203683	66.2
1283.1406499931877	1267.00542072888	66.24
1286.5381868219804	1269.609722005835	66.28
1289.3142763245696	1275.9464907607112	66.32
1291.0288838997317	1277.3242506841482	66.36
1291.052309512864	1273.3561649084472	66.4
1293.0946167047464	1270.2891899054011	66.44
1294.3465324970916	1268.5873313761115	66.48
1297.5384940250203	1270.5051870178315	66.52
1302.4777329182277	1274.292853984991	66.56
1306.2355666502688	1276.9517406432499	66.6
1308.6121109447442	1279.3051020323878	66.64
1309.8949503752663	1281.1558186659504	66.68
1312.6056237190746	1284.6603636515986	66.72
1314.1508178453857	1287.9717768320206	66.76
1313.3336585907323	1287.4902507624474	66.8
1316.7039553593406	1288.912140533898	66.84
1321.979032750301	1288.4240664361323	66.88
1324.979974513466	1290.379590667191	66.92
1322.5118487135237	1288.5830550681017	66.96
1313.1971382602458	1285.3492582211293	67.0
1304.7907099745737	1279.7819117145987	67.04
1299.241604077986	1274.210212320065	67.08
1293.9924791777657	1270.243518279315	67.12
1287.2460724825667	1265.971582940564	67.16
1278.0287281050107	1260.3663080130327	67.2
1268.5813509500713	1250.6768681050926	67.24
1256.4362919500438	1239.2127503066438	67.28
1245.4680792976465	1226.3223018527426	67.32
1233.3079450143537	1213.62005765966	67.36
1218.4740600523257	1203.039288604557	67.4
1206.4422190977018	1197.593925187072	67.44
1195.296497139623	1193.0897455168126	67.48
1182.002870863335	1184.8920079903858	67.52
1173.4484764367378	1177.5186636747228	67.56
1166.947129268048	1167.6631767345973	67.6
1165.3331135650105	1153.3183268777689	67.64
1164.190503882835	1139.7390061135352	67.68
1165.063221004304	1130.4742977370552	67.72
1166.8289288356334	1124.1781735702882	67.76
1165.6522941340234	1122.8265235072618	67.8
1165.2537534115652	1124.6056945203648	67.84
1165.0651696289751	1141.314893829857	67.88
1166.4711813876354	1154.7839073779116	67.92
1167.1583946535955	1160.5443337856163	67.96
1165.6788141872935	1159.1560477911787	68.0
1163.8171008676763	1148.727361818209	68.04
1160.373980376106	1140.0025588239698	68.08
1159.7826386088345	1133.4316867053083	68.12
1158.2463689717179	1130.884708291403	68.16
1159.2159780565323	1128.4954627399661	68.2
1161.4847455849363	1128.5639048573612	68.24
1164.919470628056	1130.6743126043925	68.28
1167.696443560332	1132.1188860401987	68.32
1171.9114290078194	1134.952815130481	68.36
1175.8855302145282	1138.448524834095	68.4
1178.2970858600122	1140.6462787945336	68.44
1180.414323055173	1143.762668389326	68.48
1185.4816817637618	1148.5744286917256	68.52
1189.126624758554	1152.758776014099	68.56
1193.0094402782368	1155.6204319504936	68.6
1196.8731721085314	1160.0771649812978	68.64
1201.6267057484313	1163.484597204093	68.68
1205.2785527360966	1166.799553950944	68.72
1209.110557695444	1171.2157218875664	68.76
1212.3432196245142	1174.0058411418981	68.8
1216.081878448641	1176.5402807629418	68.84
1219.3888859680337	1179.0126783601472	68.88
1223.1679761412377	1181.4080131537871	68.92
1226.4947371185833	1184.0231498255291	68.96
1230.529482865977	1188.2905502134356	69.0
1234.9965138202524	1192.2281364667	69.04
1239.1856573964574	1195.5957399703034	69.08
1242.4791866072003	1198.9487593549861	69.12
1243.7081355107432	1201.909450250092	69.16
1246.097238675254	1204.041444611871	69.2
1248.659367593962	1206.3705090714845	69.24
1250.5905990911663	1208.8242480999486	69.28
1254.3863765184492	1209.7685599845147	69.32
1257.6460153056025	1207.2940702236745	69.36
0.0	0.0	69.4
0.0	0.0	69.44
