Thumb_L	Index_L	Time
0.0	0.0	0.04
0.0	0.0	0.08
0.0	0.0	0.12
0.0	0.0	0.16
0.0	0.0	0.2
0.0	0.0	0.24
0.0	0.0	0.28
0.0	0.0	0.32
0.0	0.0	0.36
0.0	0.0	0.4
0.0	0.0	0.44
0.0	0.0	0.48
0.0	0.0	0.52
0.0	0.0	0.56
0.0	0.0	0.6
0.0	0.0	0.64
0.0	0.0	0.68
0.0	0.0	0.72
0.0	0.0	0.76
0.0	0.0	0.8
0.0	0.0	0.84
0.0	0.0	0.88
0.0	0.0	0.92
0.0	0.0	0.96
0.0	0.0	1.0
0.0	0.0	1.04
0.0	0.0	1.08
0.0	0.0	1.12
0.0	0.0	1.16
1252.0269451868226	1256.9382880038936	1.2
1168.2324740069307	1163.6936545231993	1.24
1104.7533447141275	1095.4078188558278	1.28
1056.8924488938821	1057.2672067295737	1.32
1046.1778795879516	1037.5113138046977	1.36
1081.1537084382726	1009.0775628428386	1.4
1091.777106578734	1008.2886278197598	1.44
1107.7062308738589	1027.9827007050033	1.48
1122.3287379649666	1040.5621197049093	1.52
1129.0714432967277	1041.3049930084483	1.56
1128.7530645719073	1045.340200890347	1.6
1122.3157552686894	1050.733889708404	1.64
1111.8340466365773	1042.2414887646758	1.68
1100.685206872185	1040.9316105128066	1.72
1087.0138022827146	1041.5587682677938	1.76
1077.4845999555123	1030.4298127713537	1.8
1066.131722067316	1021.1845538101162	1.84
1049.4621886477853	1002.7806900994331	1.88
1038.5403226547987	989.3318471007175	1.92
1028.9807634546978	983.5322869911653	1.96
1025.098762066634	985.8244457129986	2.0
1030.6846046915891	1000.4514115787165	2.04
1037.857347967989	1026.980781520986	2.08
1039.21185030146	1056.7049797547204	2.12
1022.9775016952257	1062.4695640308257	2.16
1010.0102034731004	1043.2074721438278	2.2
998.7841491808127	1039.7627555631561	2.24
989.5747724200158	1032.4848757381021	2.28
987.5593430244783	1035.8280076687695	2.32
973.7692675760932	1019.7308477453197	2.36
946.0242210596583	1000.8869559933312	2.4
915.4027639929313	968.2002793157463	2.44
899.6197019046072	980.7579346528752	2.48
905.0389685975165	954.1965283865023	2.52
912.6606781159768	970.6055913777906	2.56
917.7295622879915	959.836990973825	2.6
917.6423359840865	983.7053125118861	2.64
911.7039236171748	978.2930427772551	2.68
909.4897960541788	974.2408749869373	2.72
907.8759689321837	973.0261453096069	2.76
905.5891063076588	966.471162780651	2.8
908.2570832161861	974.223672992485	2.84
905.8854454666041	973.2016239044625	2.88
910.2766528534088	961.3842059289834	2.92
915.161544532917	947.5163539543709	2.96
922.6224346078601	950.1576144614338	3.0
928.4721157047115	941.0292591054425	3.04
931.8894487880683	944.3022760306637	3.08
934.4298279891548	940.0387396599054	3.12
934.7097962161749	939.7109025340822	3.16
935.9998364808072	949.9929202684192	3.2
936.5090610937791	952.8361003019244	3.24
932.2177522800127	943.2165116709367	3.28
925.257108207174	943.730362344612	3.32
913.4361962175648	931.5900824857066	3.36
895.2573541240357	917.6903666090038	3.4
883.8476721682082	896.7371201890558	3.44
879.5521628872414	882.0942614587442	3.48
879.0535388408289	877.758563507029	3.52
883.7769399950464	879.3655983960853	3.56
886.2692065675783	885.9362553206033	3.6
889.5875581773134	884.6354461242188	3.64
893.7990747126382	886.7017000123446	3.68
899.3463850568929	889.8332303565874	3.72
907.8125975040089	899.1883033317173	3.76
918.5443217726884	908.4903748924294	3.8
925.939688146906	914.877827750283	3.84
928.4562785832013	922.6233055905348	3.88
928.7906426690566	915.5205625353269	3.92
924.8040411912143	924.3333298182523	3.96
922.5952776859854	924.797250956627	4.0
923.6517381923875	914.712699916631	4.04
928.2779155887598	915.9928551205393	4.08
931.9661703469778	914.5249289566364	4.12
937.2995793420637	918.0770686127912	4.16
942.6381936086011	916.8811653158054	4.2
948.8096418200903	927.4049182719145	4.24
948.1193016320879	931.5785931774994	4.28
943.2027192407357	920.8988062496271	4.32
935.1690457216106	915.3526661466545	4.36
929.656010258576	924.2034310408354	4.4
921.3400743983401	907.9234773568523	4.44
907.0028684086772	902.5973621418307	4.48
896.3519696479104	890.6614049194276	4.52
890.006802254173	892.7372194029734	4.56
883.1875080563548	879.0017091354625	4.6
877.152333986659	871.1021808419861	4.64
871.8294106904235	877.8935417819642	4.68
866.0655901925591	867.6591369284718	4.72
861.294787103736	866.2620690802609	4.76
859.7342233957163	862.7675943652807	4.8
855.8537811811469	860.3557784183286	4.84
853.1073795751685	863.4558453504972	4.88
851.2838761283006	855.3435831740113	4.92
851.507832022159	857.253364528638	4.96
850.2171529289694	858.297383504817	5.0
849.1894567056629	856.5181766065169	5.04
850.0330920288751	856.9488075156307	5.08
849.8528761684321	858.5053484753952	5.12
847.9584055136108	856.855508182711	5.16
846.3011852957526	857.7558724545123	5.2
847.6592286170171	854.8779028240567	5.24
847.1331662166441	859.0731661427246	5.28
847.8499730402174	857.2011168487758	5.32
847.9464498206222	858.1793901550991	5.36
849.6532735410177	854.4466474895613	5.4
850.2172490973217	863.2312294868982	5.44
849.9304078234721	863.5234960236087	5.48
850.4196177038169	856.9244642013795	5.52
849.8356007429655	861.4429826764531	5.56
847.8071399221895	855.5370308128156	5.6
848.1498149247304	859.1162277911077	5.64
846.9087514669402	855.9797916508616	5.68
845.8457466119411	859.9368795142143	5.72
844.1951441611274	856.0429324374741	5.76
840.911660404255	854.3761747466112	5.8
840.9229936804888	855.2438876782509	5.84
838.6692792579705	855.6185213686615	5.88
837.6295158624201	843.6697419528666	5.92
842.003012971192	850.9454041606707	5.96
838.8808218484812	856.0653601966055	6.0
839.7364021937544	850.1578298837256	6.04
842.0753932250901	850.7784675152576	6.08
842.15591065247	850.3182252567991	6.12
840.1021454506263	851.2862600215965	6.16
842.5069657433978	847.8403667140458	6.2
842.8360236870844	852.8233108595273	6.24
841.4226341339971	853.6430968808052	6.28
842.6509860301264	847.2518513305386	6.32
843.5395191974235	851.9165300067988	6.36
843.0436535933976	851.9948265503984	6.4
845.6351388849419	845.8297740324459	6.44
844.7753730103059	842.1821501938134	6.48
841.9145193481443	858.3153976180774	6.52
839.4601714569765	851.9075180423692	6.56
842.3662587181503	847.6641218557077	6.6
845.6771873462138	848.1518142771922	6.64
845.1526351092267	855.0650340468461	6.68
847.5872169038405	859.5452585963536	6.72
847.2952229209777	857.7836815334097	6.76
849.5198094630739	859.2727065091158	6.8
851.8680822417217	850.4548023819393	6.84
854.2074086960286	855.8816501142679	6.88
862.9822467448511	859.0567834839486	6.92
869.2866486069282	865.4016496430877	6.96
864.9795278489079	869.8440128283606	7.0
860.0978609915337	865.8934435474208	7.04
856.4108219342106	861.1067565485216	7.08
851.2759631693586	863.1047017048518	7.12
859.2443292368549	872.2649869228701	7.16
857.548229727649	873.4003308406072	7.2
849.4648263491972	874.0804822822937	7.24
845.0023612259799	865.9302491073246	7.28
838.4732951084765	863.1257936359566	7.32
839.1272885523138	858.6430207064142	7.36
837.6879687757906	861.7032182752722	7.4
835.6619080681394	857.0294416731864	7.44
837.4586828578907	856.0823399763582	7.48
836.8564978067451	849.23844059501	7.52
844.4399569955598	854.9487216913868	7.56
842.7337016388637	855.043975620245	7.6
844.4036030618178	852.6034814244406	7.64
849.0285627425022	848.3870703048823	7.68
854.6741550246983	846.3102141213903	7.72
858.8638607383946	850.093418424377	7.76
857.86268821851	850.8473524770424	7.8
862.175874065275	859.5570660425456	7.84
866.7676950786617	870.8410486181209	7.88
868.118445830771	870.2167357066344	7.92
869.8683258335722	879.7093814894013	7.96
868.2890393924054	886.2358224098832	8.0
859.460841058507	877.520465211793	8.04
855.1467361717722	872.668601524332	8.08
851.9080397789114	868.6855096284551	8.12
850.7985406907823	862.0021491664021	8.16
853.6403151608015	861.4789171056418	8.2
853.827973464446	861.2950075687446	8.24
852.8523414326296	857.4859201676909	8.28
854.9200288763518	859.2825279443458	8.32
859.418830880641	855.3382115025347	8.36
862.6990693676745	860.0737674899599	8.4
868.8382449102149	891.0549055277543	8.44
870.815566792806	883.9890712497825	8.48
858.8208109003687	879.4375049899396	8.52
848.0679815528529	876.6081750899036	8.56
841.4773144419901	861.3254740463796	8.6
833.6527338809979	856.5505564423111	8.64
837.8513663253625	857.9826488512606	8.68
842.2725383279061	861.9531593216911	8.72
837.7752924912642	854.4751337877287	8.76
839.4380669312523	852.2214302912422	8.8
837.8867921294664	852.9118193769207	8.84
840.4287685471497	854.8153260149096	8.88
836.7133645308401	851.6361651317769	8.92
832.4206789235905	851.4628744391969	8.96
833.4782120380675	852.7179818993533	9.0
831.9233228523863	857.4613927809178	9.04
832.772693682544	852.6010695622793	9.08
828.4786979183626	856.6016190943068	9.12
828.4707111118764	848.3509246103823	9.16
824.949841532051	849.5824574756695	9.2
823.8327333845514	850.3615425777932	9.24
823.8382039741423	852.0091258743942	9.28
823.0771828670814	845.8406531972796	9.32
822.8801133667229	844.4940153038272	9.36
820.9032763063893	849.6349431183589	9.4
828.3518236936219	848.762266261767	9.44
827.0645130450938	862.581794404665	9.48
809.5451591482655	835.4704007246149	9.52
766.8743224331655	798.1250549095372	9.56
749.0198378429404	783.969123258341	9.6
753.3530427918686	776.6484204003071	9.64
768.8457359543372	788.2722073471446	9.68
782.4750962756762	801.9171561444351	9.72
789.9108270305155	807.9333508524069	9.76
791.280006755165	813.0897207324242	9.8
793.7992648415664	798.1994099251814	9.84
792.9120430780764	809.8654918888483	9.88
794.3421668782358	801.0358648594881	9.92
793.3276108081178	794.1678595454499	9.96
793.0612308420639	795.7658437807121	10.0
796.0377709246056	797.8835395602513	10.04
799.5790111290052	802.9192646488312	10.08
809.9443884319511	808.4852829944934	10.12
816.6717852189264	817.7476431500676	10.16
827.9503503175988	840.2940277596934	10.2
842.0932545750599	848.9874166365698	10.24
854.8276613983727	849.3293944540064	10.28
870.7239481644527	863.3080773060813	10.32
887.0386535768732	875.5950746412265	10.36
907.5591319004792	890.8503897972627	10.4
927.882959300999	913.3878353776256	10.44
949.8859197336708	930.1631240109303	10.48
970.4329578302811	947.7808863750562	10.52
990.7039543412361	973.0194695537468	10.56
1005.0937220555256	984.3712929553084	10.6
1022.3913102538255	1000.2308212911847	10.64
1039.096294198957	1012.0311249515825	10.68
1050.9220105096688	1021.8455049484039	10.72
1062.5252165841935	1026.406745348382	10.76
1072.8314391412825	1035.2779460120034	10.8
1079.6725767533476	1036.0961688136229	10.84
1078.7933500673576	1039.3223851700495	10.88
1082.3318587740382	1044.5442588030655	10.92
1081.0833746326289	1038.2432804663351	10.96
1082.0239254162393	1036.3600727154253	11.0
1083.2460437200864	1039.6390956013504	11.04
1080.0816619838058	1035.99732406414	11.08
1075.1992701417926	1010.8770169176515	11.12
1061.4898910261513	1013.1052744598754	11.16
1028.4915846189813	986.8728833096254	11.2
1006.5175063220682	993.3042627574974	11.24
990.1831769695636	969.814147057744	11.28
975.1991948790889	909.7989765158561	11.32
961.8194425375254	925.5864999513938	11.36
944.191153074199	917.2495822094496	11.4
921.4709843473066	894.5521118289362	11.44
892.1089379307042	831.7668641360527	11.48
866.03766705751	808.7166598468405	11.52
847.2288660384346	800.3975114885224	11.56
833.3056525779303	800.8914079915264	11.6
829.4880429738104	800.5483479011825	11.64
829.5231775387482	796.5862655793306	11.68
831.0747888608943	804.3869129910772	11.72
830.9764011434901	791.4539037473503	11.76
829.4059372756875	789.7582213688605	11.8
828.9040860292426	788.1750184758272	11.84
828.8039264436603	790.5517458697319	11.88
832.6695788864978	784.039106874965	11.92
829.3241866774472	788.9604929613358	11.96
828.4881590686044	790.7180394024587	12.0
825.8201738383041	774.3822852833526	12.04
824.3934954931333	773.26036681306	12.08
825.6210017736149	790.4123546450811	12.12
825.835150897455	786.2732175622982	12.16
826.5784305709624	778.3916802607305	12.2
824.7519905249841	781.1058968650105	12.24
824.1832463673741	769.3689423935745	12.28
824.4083453975787	776.3565244369539	12.32
824.5228809349309	775.4194222333927	12.36
826.0978226075308	783.9899027163667	12.4
826.3449133823137	781.6127770089231	12.44
824.3693447081046	779.0367429288473	12.48
823.6427194833785	779.0914269974456	12.52
823.2599171808005	783.1915779118738	12.56
823.3517641567539	783.2004779139139	12.6
823.1500925871703	786.6973657261465	12.64
823.859427342892	774.1203347348138	12.68
825.0826292422162	780.9814765789149	12.72
824.3217281758133	783.6324731643755	12.76
826.2109732747721	785.1143492448984	12.8
829.7005953557689	805.2734953969846	12.84
843.8569626580195	809.5479398530662	12.88
868.4931141200799	827.1097152419146	12.92
889.6927102115035	852.0497848031779	12.96
914.5430724754824	868.4449842725687	13.0
943.6359042149859	892.6473294844488	13.04
967.367399627062	926.9217863137901	13.08
983.1673107627463	948.2574418072785	13.12
1000.5193684329206	975.3422140136504	13.16
1021.0808573114628	996.9219000130956	13.2
1040.0608750082988	1017.2206717258789	13.24
1054.2646893891965	1033.0889257266674	13.28
1067.3945356551635	1048.6287925804256	13.32
1079.1836785587573	1059.1643177907436	13.36
1080.78103736954	1064.6122566025836	13.4
1080.9274963479552	1058.7639965369299	13.44
1079.0176118299066	1059.124124908655	13.48
1080.0053459714468	1064.0648920075328	13.52
1090.6269729756054	1074.8296748585544	13.56
1096.9651522730674	1103.642593279518	13.6
1099.6719796176455	1082.6769856263602	13.64
1103.4237407460246	1097.611924329847	13.68
1109.5256100650859	1109.930584270127	13.72
1112.128873866134	1132.91265394938	13.76
1117.7753868083537	1143.312464009006	13.8
1118.5011611838672	1133.368709105934	13.84
1119.0469854195537	1126.2595939025505	13.88
1117.671880130528	1121.479900651179	13.92
1119.2620306796607	1120.1363063814997	13.96
1121.4766737018695	1118.9844509751933	14.0
1122.2531369871167	1116.5702415992582	14.04
1123.0278723975805	1124.3462450684829	14.08
1126.0310565302452	1119.6806963340916	14.12
1125.6445421035762	1127.2568420821024	14.16
1126.4940789013276	1124.5433684676143	14.2
1123.4863053171189	1129.8811512112936	14.24
1124.3292933214689	1118.2985162388281	14.28
1122.6721270078287	1120.899497016595	14.32
1124.7722871123406	1117.871641558764	14.36
1126.5462150192157	1120.5401328538055	14.4
1128.0096788809162	1116.6276221756905	14.44
1126.1121929894107	1121.3970929216987	14.48
1128.5942637378605	1121.8710489476048	14.52
1129.633740271591	1128.8987557001324	14.56
1130.9371578281628	1131.7352688984706	14.6
1132.412335390524	1134.9255942554023	14.64
1133.8384627134128	1134.4857880309019	14.68
1135.8680549050398	1132.6632965562846	14.72
1138.021704703714	1132.5393433584359	14.76
1137.2698121607496	1125.4086279150015	14.8
1137.4919170359694	1130.4111905592747	14.84
1139.8877559899072	1133.488243888344	14.88
1140.7268335604622	1130.7148713046452	14.92
1141.7966292617373	1132.9221683549886	14.96
1141.5127727795505	1133.173057142041	15.0
1145.4001317788661	1138.004703125878	15.04
1147.0820793921462	1145.191060141048	15.08
1146.647606104749	1142.60249577623	15.12
1148.5469605138323	1149.4281196877312	15.16
1148.9822952393652	1138.556185175047	15.2
1150.1884853635124	1150.7762107504416	15.24
1151.2048277896433	1143.7318759860675	15.28
1150.0713741944544	1139.7935809533674	15.32
1148.303722667511	1138.4860601837104	15.36
1149.3732057862585	1141.1557419422327	15.4
1148.0667130997333	1135.130385236445	15.44
1147.141581761662	1138.426085489698	15.48
1147.6846389967632	1139.7195764872465	15.52
1146.3310608238182	1131.9778715054015	15.56
1147.0659446394416	1141.912259505716	15.6
1149.7914478995283	1161.2956949987606	15.64
1160.2304225329997	1164.802201982331	15.68
1179.0025567892324	1172.5369231313216	15.72
1201.9467652342166	1188.5693203721826	15.76
1222.7762523752046	1207.6505498257188	15.8
1244.7044122769619	1229.0210025448046	15.84
1271.330101686311	1273.9748073923838	15.88
1294.925177841351	1294.481667094602	15.92
1317.1709865222642	1302.3807087965477	15.96
1338.9917672198485	1323.8159349890977	16.0
1356.9246240231569	1337.528826361445	16.04
1374.235026571485	1352.2898004653835	16.08
1385.4528728462924	1359.8903934687794	16.12
1395.7064464486684	1368.1551956552928	16.16
1403.1127565779082	1376.4398107028542	16.2
1414.359062586235	1384.1505579189732	16.24
1420.426241780519	1395.9195708864843	16.28
1424.1008149040895	1399.7469004932454	16.32
1425.4482797034036	1398.4723660088002	16.36
1427.2643868408531	1399.6405085556364	16.4
1428.5901662032252	1407.3352150983717	16.44
1429.5625384571463	1409.2939131472788	16.48
1429.7981761563667	1410.3462249422157	16.52
1430.7441197055002	1413.1458280872307	16.56
1430.019967882798	1406.5415613057278	16.6
1430.1065332655903	1405.8195434697725	16.64
1431.1143765936558	1410.241938110904	16.68
1431.8315392388715	1411.3033147492927	16.72
1431.8999715164475	1416.9628159482165	16.76
1433.4959619289489	1417.2800371435803	16.8
1433.686580019794	1417.5207859749548	16.84
1433.0386788736046	1417.5845693569374	16.88
1432.579707634185	1418.2045980726714	16.92
1433.212735670148	1411.306986076464	16.96
1431.6039670533487	1415.061798322069	17.0
1433.584702147658	1412.0498649964306	17.04
1433.4195826498378	1415.5422335767423	17.08
1435.0973686821794	1414.245939858762	17.12
1438.1499012904712	1410.1013250743658	17.16
1439.319308221151	1416.1132898115798	17.2
1439.8974141761423	1415.8215004350732	17.24
1439.8303283842295	1414.4875305038572	17.28
1440.1485690640166	1416.1574212218338	17.32
1440.1997564248402	1417.9453532139064	17.36
1440.4861340671293	1421.803295648426	17.4
1440.2353278822202	1419.1059062878526	17.44
1439.0740188563664	1416.8827191430566	17.48
1440.5581864840005	1416.5217065964227	17.52
1436.0305251365155	1416.9034719201993	17.56
1438.9178675680018	1414.4711188314354	17.6
1440.9956287233963	1416.3138572939845	17.64
1439.5388096267773	1416.041001964661	17.68
1440.2188155854992	1415.9233142773664	17.72
1439.7928071466492	1415.1753268111433	17.76
1439.581789864488	1416.677368835671	17.8
1439.7977398084063	1418.1428283558773	17.84
1439.0731805487128	1420.1242724676408	17.88
1438.7407190875017	1424.755626752505	17.92
1439.5096616282726	1422.309257511092	17.96
1441.5693531516117	1424.200320062372	18.0
1443.1112927643835	1425.639901509973	18.04
1441.8623760031962	1423.1437776866414	18.08
1444.002001168441	1419.925979301644	18.12
1445.1525223680578	1421.1321466662264	18.16
1445.7669151077607	1422.6879537923219	18.2
1445.264682388757	1421.832849927769	18.24
1447.314816702354	1419.8384466820644	18.28
1447.9978283385806	1422.103125104656	18.32
1447.5916466494416	1425.2115960876342	18.36
1447.9157901497306	1424.4756129560028	18.4
1449.1776914826587	1425.2499233147614	18.44
1446.7945638576803	1423.6388601358433	18.48
1447.3736562701567	1422.6647277083168	18.52
1447.6299169257013	1423.6776755418541	18.56
1451.0904893841441	1425.266689272897	18.6
1450.5157585598195	1428.0499949450043	18.64
1450.9319087314725	1431.0241444260362	18.68
1450.5824199709136	1429.8898981420123	18.72
1450.2421102914586	1431.580901324744	18.76
1450.5176587513074	1431.5383292300255	18.8
1450.288580690655	1432.6865255144185	18.84
1449.1359961599123	1427.4333729164075	18.88
1449.1761067133743	1425.187157374727	18.92
1448.1233653724041	1425.1467865318143	18.96
1449.2013794984125	1423.575420012155	19.0
1446.8822687469878	1425.7205972327836	19.04
1450.7414438453916	1425.0646552180638	19.08
1451.4841302059808	1424.7569409722516	19.12
1453.12108799968	1426.4228457272213	19.16
1453.0523314664713	1425.5048207303705	19.2
1451.8968108611705	1427.653469979334	19.24
1451.197797775666	1427.4953135420863	19.28
1451.508990857438	1432.73969749968	19.32
1452.4647692709746	1432.1072203872313	19.36
1452.4332541597753	1431.8722830748225	19.4
1449.7230308159571	1427.7543798272236	19.44
1450.1772680176516	1428.1452521607662	19.48
1453.1232532019665	1424.7744512893833	19.52
1453.5965965592225	1427.9005158369428	19.56
1452.5942466192482	1430.167417675212	19.6
1453.1135833852459	1427.7169552796756	19.64
1453.293993424958	1428.9565097151556	19.68
1452.5704575449627	1429.1313801699682	19.72
1452.9196536423376	1433.071870874477	19.76
1452.659107647359	1433.685018715688	19.8
1453.5481000669824	1426.7900114472575	19.84
1450.5064592383198	1430.5139646694547	19.88
1451.6168011543368	1428.6783563927424	19.92
1451.4218310818042	1426.4882622342925	19.96
1450.1150333418914	1426.1255944337988	20.0
1451.5541472638372	1425.7821207216577	20.04
1450.2458284321267	1427.7160269192477	20.08
1451.2567098809445	1424.6061018214893	20.12
1451.2482844762324	1426.1340151947359	20.16
1452.15195572738	1427.700124754856	20.2
1451.2886136374843	1429.3865164685833	20.24
1452.5068320297116	1429.3259095164967	20.28
1454.2617939259223	1432.0394561117027	20.32
1453.4908168534073	1427.184890894005	20.36
1454.8016543846609	1430.4354711406081	20.4
1454.226791267592	1427.3102812603736	20.44
1454.692424580754	1425.2609894812854	20.48
1452.4448922418806	1427.2672259267713	20.52
1453.3196939270226	1427.7608254040158	20.56
1455.717922292345	1430.3484814920116	20.6
1455.5634860580446	1428.930542469421	20.64
1455.767593204738	1432.702269325923	20.68
1454.829307390968	1434.399835026773	20.72
1454.1399829843456	1433.1971074761052	20.76
1454.7783862492022	1434.240526832613	20.8
1453.5725000474295	1430.8891971590094	20.84
1454.362292145847	1428.5324010606714	20.88
1453.2982760725697	1429.3352250321234	20.92
1455.6031513705952	1430.5824115062187	20.96
1454.3739437380855	1431.1563954753733	21.0
1454.4974364472134	1431.9008877021151	21.04
1454.3359148911777	1430.9771132471667	21.08
1454.1457388820716	1433.038136078166	21.12
1454.236854072102	1434.5640721834145	21.16
1451.9618476017029	1432.5816945815222	21.2
1452.1440080902833	1429.144671885935	21.24
1455.7400658609233	1428.8042158311234	21.28
1455.0883259855584	1428.069448276658	21.32
1453.4047992079718	1431.7361219527625	21.36
1454.2125382238164	1431.4229107056683	21.4
1455.9451762783015	1431.0624264430094	21.44
1455.5112279652087	1429.6167299818658	21.48
1456.1175381798557	1428.7133327136864	21.52
1456.1355816947378	1429.7058282442401	21.56
1455.6001337644404	1428.8895147664582	21.6
1454.7052038137892	1428.2363811019154	21.64
1454.1773497800352	1431.2329414503254	21.68
1453.2008240854468	1435.8129955994912	21.72
1454.2550590303517	1436.0838910188993	21.76
1454.4110810448483	1432.9570855684801	21.8
1453.8792693567182	1434.5492715696646	21.84
1452.4368795967866	1433.2423020413235	21.88
1455.3417063546121	1427.0788933630515	21.92
1456.0966109516444	1427.871097811999	21.96
1455.4517630701857	1428.7014547793492	22.0
1455.9512870295716	1427.3636026798836	22.04
1454.908099663022	1430.9036549068794	22.08
1455.501194155361	1433.17875139582	22.12
1455.7391356647242	1433.5278104158733	22.16
1455.6886856600913	1434.346806542969	22.2
1455.900675280908	1432.122070690986	22.24
1456.1501710622993	1428.9627630456916	22.28
1455.503549231604	1426.837793927964	22.32
1455.188297847785	1432.4392223695213	22.36
1456.0951959237902	1429.660943796814	22.4
1456.82315575996	1428.9046127191261	22.44
1456.8577828275154	1424.780008063992	22.48
1456.6071534923103	1432.6915800055037	22.52
1456.920106093525	1433.3625412558213	22.56
1457.1024300437143	1426.926914783116	22.6
1453.740051901373	1429.7193789922308	22.64
1453.2443213845027	1427.953042042622	22.68
1453.3100443566161	1430.361607622323	22.72
1450.5638078024201	1426.5200717275186	22.76
1449.864038245618	1434.5723027586675	22.8
1452.0978200667291	1434.0677541415635	22.84
1452.6660820855093	1433.4802978911775	22.88
1453.057190611827	1427.829712111733	22.92
1453.2117986995222	1427.572098287513	22.96
1452.1924240019462	1432.0509961739597	23.0
1453.5768312115333	1426.0886666072968	23.04
1452.805171181168	1425.6299546218008	23.08
1450.7157985727354	1424.524018799093	23.12
1451.8088099589297	1433.3105535877141	23.16
1452.1087561834017	1428.4947690926153	23.2
1452.0964066160036	1426.8602540233228	23.24
1450.3610357988396	1427.526577940259	23.28
1452.7881011595448	1428.1163302176026	23.32
1452.7777057783949	1426.5765689563095	23.36
1454.1898684187531	1430.0302167695231	23.4
1454.4725764628795	1430.28540177448	23.44
1454.0966808064613	1431.3593986100761	23.48
1453.0936773829972	1432.5798841865185	23.52
1451.884902067057	1431.88314831255	23.56
1451.9145741487785	1431.974420547031	23.6
1449.6099697615139	1431.2951802205446	23.64
1448.5716196005267	1429.088439028592	23.68
1449.591106420369	1429.7261365857491	23.72
1450.2853618595343	1428.965806465436	23.76
1452.0554349008735	1432.2324967689215	23.8
1451.5525130353308	1430.5302118221496	23.84
1451.9160567970405	1431.147900830262	23.88
1453.2328203578898	1431.920912545395	23.92
1451.7636010460944	1429.3430423773352	23.96
1455.0684367280378	1431.7908190441094	24.0
1455.0784366183873	1430.495986000693	24.04
1453.4110772710262	1434.5963293016712	24.08
1455.6111689352144	1434.1563850575787	24.12
1454.1458884644746	1434.64499988781	24.16
1455.8538763787633	1435.2812318933466	24.2
1453.7740206336084	1432.380879020514	24.24
1456.1973313172139	1432.8742172283048	24.28
1457.400286976167	1431.2896070855038	24.32
1457.4631279132943	1430.6304854716454	24.36
1456.740657851152	1431.4115430115094	24.4
1457.2860989499843	1428.8917455253886	24.44
1456.7913434110803	1431.2169111198382	24.48
1456.1444651748795	1433.781110014982	24.52
1456.8822879563031	1433.0186511712086	24.56
1455.5270205037934	1435.4693675269552	24.6
1454.086711125437	1430.4798402531549	24.64
1452.6677014137406	1430.2902046695447	24.68
1452.7199378101532	1431.101027894997	24.72
1452.7309739211498	1428.686465543879	24.76
1451.4851509688988	1430.268369457794	24.8
1450.0616436935127	1427.4644542853757	24.84
1448.7131582985373	1424.255257813134	24.88
1449.21910292536	1424.2851242412448	24.92
1447.4753228911716	1423.1445085532187	24.96
1445.7113576871325	1420.3535131055044	25.0
1444.5415626655513	1419.5990379042398	25.04
1442.7541575410003	1417.389188499223	25.08
1440.1575811921812	1416.4136208691164	25.12
1436.4825058221918	1412.3603636112355	25.16
1434.1418747334922	1408.9863984499277	25.2
1427.4793852012026	1403.3965567680877	25.24
1417.1968447896334	1396.519158206994	25.28
1401.6639031527147	1386.3970714001764	25.32
1373.135801703185	1342.5314441779333	25.36
1332.2933989709027	1291.0024084085755	25.4
1279.3624835045016	1232.4724933272082	25.44
1224.0264142615315	1162.80544503264	25.48
1170.3569269236948	1107.9713296158502	25.52
1124.3079462813173	1060.0948848082749	25.56
1076.5775368204113	1009.2241052149147	25.6
1036.2364687829956	977.5953729603497	25.64
1006.6299287466904	926.631428494674	25.68
982.1558042373889	880.3137335065474	25.72
964.4746402824359	855.4807799357193	25.76
944.9430822514644	850.5328108687532	25.8
925.0705261555241	841.5009716545376	25.84
908.2122151522045	841.2004767637304	25.88
898.6142460678033	836.1142483800512	25.92
881.286889924332	809.819458570667	25.96
869.5553166540243	818.7762215619032	26.0
851.1864768990168	797.0962397847121	26.04
840.893940276699	794.9235405181331	26.08
827.2124855887871	788.1651452083928	26.12
817.9801981632855	775.8428128904413	26.16
813.6626473794522	776.5518467508496	26.2
811.9603908205806	765.9465314602343	26.24
808.6712011024482	762.669693557233	26.28
808.1953511054387	770.3044749569323	26.32
804.8267787906452	765.9766594166414	26.36
805.958520237459	772.1784790741956	26.4
802.4269768557959	765.3171680222341	26.44
804.5474403276107	757.8312471248453	26.48
806.7939974931821	752.2172811166336	26.52
804.9968939463731	753.5075201426365	26.56
807.3249617928363	752.6610574750082	26.6
806.7512249712149	756.2615146451373	26.64
807.4576861511499	756.4255306486992	26.68
808.0698259130725	753.9409229275844	26.72
807.8253785033493	755.9314390000936	26.76
809.1248682666	758.5113871673711	26.8
812.6952237783943	752.0741242130089	26.84
810.0477767360392	763.963582890272	26.88
813.709099419269	760.6086831192537	26.92
812.8473244388694	764.3638326068733	26.96
814.8309464768312	764.6320791426157	27.0
815.2487867238567	764.6538299883347	27.04
812.5084684973556	767.1448950492185	27.08
815.3665324762226	763.7895288102129	27.12
817.7470906167556	765.0812484613346	27.16
815.5869605399319	763.0245616463576	27.2
818.2262472436929	756.9324766134155	27.24
816.0599377843515	760.6790765375615	27.28
814.8308302232688	758.6744649147339	27.32
820.4520735116926	763.1057978648292	27.36
819.8955724306118	766.6988604410135	27.4
821.5238307260847	763.3501782595769	27.44
823.729724952414	768.0063467653582	27.48
825.5694843312602	769.0367969848244	27.52
823.2123719766536	770.5246841728012	27.56
822.8185923673465	770.5299689029747	27.6
825.1844496734791	768.7669343184687	27.64
824.8790225810128	771.2282640530291	27.68
826.8616122594157	770.0762621808332	27.72
827.5123677269636	770.118937092284	27.76
830.2097128721352	780.0924957289037	27.8
830.0446119232876	770.9087643640383	27.84
832.8576143720559	773.7375474545273	27.88
836.9969254385047	788.0991131705712	27.92
838.525675248539	791.2111758915793	27.96
839.8925027503279	781.6949769636425	28.0
841.5255275670353	787.5640427004465	28.04
843.233106515567	794.159241132074	28.08
844.0933500280266	788.8814273189307	28.12
844.7308036616481	794.5751196974725	28.16
845.6183108533229	771.1231874132899	28.2
843.144399883303	772.5269513358402	28.24
842.7797886928139	767.2605234248834	28.28
842.6266975090434	763.0725115131801	28.32
845.8461171506875	774.7486354039481	28.36
846.1441514925189	788.5159637897001	28.4
847.014905653013	789.1756055509351	28.44
844.7180158303945	787.0249850650537	28.48
845.4887948899025	783.1915007195437	28.52
845.2064227312803	780.7094183526606	28.56
849.6590526352164	779.748245138738	28.6
850.5174045630205	777.0931573868739	28.64
856.5120382007327	791.6194755909022	28.68
861.0833682317541	791.7437822695365	28.72
868.8348565944431	800.2266078598101	28.76
877.5932203714877	801.1601770517796	28.8
898.9317887967989	824.0492501170637	28.84
915.8163074785218	841.3964756259652	28.88
931.302850282441	849.7455703330038	28.92
948.2914484010595	859.0165423596924	28.96
964.092836135542	888.5798005546594	29.0
984.8265159846189	900.7369501302669	29.04
1007.0629240268232	924.4532749727225	29.08
1033.1699800714107	931.320778805317	29.12
1062.350559113565	952.2063654753067	29.16
1098.3454524754538	1002.0652040431399	29.2
1143.9604512946587	1067.9392014464256	29.24
1198.9618092511857	1115.0036518353959	29.28
1253.474635700582	1140.62865511133	29.32
1305.250224786707	1241.801214618087	29.36
1352.5311015818238	1289.674806905528	29.4
1397.6901190366862	1343.4675474983699	29.44
1441.454306826164	1381.0577529429804	29.48
1468.9330170780302	1391.7870476263345	29.52
1484.9960665655392	1470.2996412237483	29.56
1484.2111990574067	1443.9855381086381	29.6
1486.074659675964	1467.6926608956214	29.64
1465.6740429062206	1466.69839232259	29.68
1447.4652778936272	1457.057885111061	29.72
1452.2613929310562	1512.8229941358097	29.76
1505.9319901596618	1512.0416305074639	29.8
1600.6859535892586	1570.4359578514352	29.84
1673.1038088136322	1617.420426137083	29.88
1667.6377200817524	1626.826591965266	29.92
1596.570045665031	1570.975957812875	29.96
1508.6298314701962	1484.7303430823088	30.0
1415.135235833905	1372.1217221096867	30.04
1328.8314214003694	1263.7982562932978	30.08
1261.4364486314462	1179.4224501307458	30.12
1230.9009195907743	1135.1879886827599	30.16
1230.3311818377033	1120.0700301142701	30.2
1234.3177065729008	1105.3041534976026	30.24
1258.464616547546	1114.1497413761003	30.28
0.0	0.0	30.32
0.0	0.0	30.36
0.0	0.0	30.4
0.0	0.0	30.44
0.0	0.0	30.48
0.0	0.0	30.52
0.0	0.0	30.56
1426.062034001634	1135.2936541503793	30.6
1427.2027174959999	1134.6972459407878	30.64
1433.0055871730106	1131.0889580398527	30.68
1418.433575559091	1125.1578236275893	30.72
1412.6842511037735	1113.7537503374801	30.76
1389.1570816214369	1101.8652411384533	30.8
1392.196822512041	1087.8901499776312	30.84
1387.3066403554578	1069.521696037091	30.88
1369.1627325647175	1060.1132989116643	30.92
1369.3967859539266	1053.4849988675778	30.96
1365.6215697126543	1049.9788874903093	31.0
1366.3655260253095	1048.5274280439137	31.04
1367.8997027731425	1048.2289618266527	31.08
1369.475566862154	1047.1528590594528	31.12
1369.3639664108425	1047.792231791853	31.16
1365.278629662037	1047.7290322225479	31.2
1358.51044928603	1049.991598961625	31.24
1354.7974165203102	1050.6934813417336	31.28
1357.1045700433776	1051.0882560700395	31.32
1352.288571282969	1052.1945464080648	31.36
1357.6027280204514	1055.9508493074777	31.4
1357.3577062424524	1056.2651099793472	31.44
1356.2356529114331	1057.0655800797713	31.48
1353.923879810868	1056.4480632497505	31.52
1349.0359684620255	1057.4363969303558	31.56
1347.2798457541378	1054.652665646427	31.6
1345.156529202867	1055.2890266473764	31.64
1343.4406755576736	1057.0419166871582	31.68
1341.7452662387893	1056.1243837928068	31.72
1342.0296133269835	1056.0412476617241	31.76
1341.529716494526	1056.4058306587299	31.8
1344.7788718479444	1057.0981649547257	31.84
1339.9929636399838	1057.3155711263892	31.88
1341.744392133361	1056.6463267186464	31.92
1336.6323265461024	1057.5666164066763	31.96
1340.1267485386443	1057.9739333016098	32.0
1339.0063777365838	1057.889646609442	32.04
1341.977204111841	1059.166745734675	32.08
1341.394497893683	1062.872542381167	32.12
1344.7212581187007	1063.3088164727367	32.16
1351.374945643885	1065.5875308442887	32.2
1355.4327150930148	1067.199141093609	32.24
1354.9238399363085	1066.3947220202347	32.28
1363.2909113506882	1062.9991133292128	32.32
1376.748841673963	1069.707303835733	32.36
1393.4152099476225	1080.6792270569165	32.4
1406.5993920723652	1098.858776034707	32.44
1409.0924948028223	1113.9507818022505	32.48
1394.489025739409	1120.9162809542092	32.52
1340.826926185843	1128.4104966003365	32.56
1278.3423639885534	1131.494524307399	32.6
1257.5470480288102	1138.7341336570983	32.64
1247.0091397923086	1142.9120050350778	32.68
1226.879423663032	1148.4372106236515	32.72
1227.2842284334645	1149.590913037296	32.76
1270.6708293087806	1157.6440651676623	32.8
1261.677473816438	1166.5267800085069	32.84
1274.718872849162	1171.167406199486	32.88
1278.5772463688086	1175.4582914123844	32.92
1260.5337718970864	1175.9051942976043	32.96
1277.9860011326305	1172.955611309671	33.0
1265.6090745436532	1172.735758538295	33.04
1252.0056544331924	1169.605727421882	33.08
1256.0728744568034	1166.3809491547406	33.12
1235.7889456281948	1163.757934877395	33.16
1235.7758070617606	1161.7805727081711	33.2
1243.0830441200746	1158.049124726393	33.24
1215.048328458475	1156.6012049500691	33.28
1215.9448027461292	1153.1623261249729	33.32
1213.5253543445403	1152.1274357974482	33.36
1205.550025892763	1149.1423887762526	33.4
0.0	0.0	33.44
0.0	0.0	33.48
0.0	0.0	33.52
1215.7183175140858	1136.3950715976923	33.56
1189.6007716011854	1131.7445505320302	33.6
0.0	0.0	33.64
1198.7243829940776	1130.2845403976091	33.68
1176.1876218579282	1129.0865650816002	33.72
1193.3812159688307	1125.6147663386605	33.76
1199.5114455399146	1124.7538541372192	33.8
1198.2572812590245	1124.520318584521	33.84
1224.78354517468	1124.0905121966932	33.88
1216.066985560975	1121.883401130995	33.92
1189.0863165545031	1121.8321193900044	33.96
1186.6371502317463	1121.8927650653384	34.0
1209.6404093698634	1122.5815259147714	34.04
1219.6234429124295	1119.0265352492015	34.08
1223.460075464558	1119.3128162266144	34.12
1204.108368678471	1113.8714048739812	34.16
1232.6215336503785	1119.9580786917033	34.2
1241.3134042390122	1116.7555594091427	34.24
1232.9443848285935	1117.40771097724	34.28
1256.9885802553595	1118.0955973751632	34.32
1218.1445840820395	1117.7802956797536	34.36
1234.9319846119254	1119.4912461348035	34.4
1264.0344590465343	1118.7439266829174	34.44
1246.9777654869456	1119.5499709443793	34.48
1245.2572590408042	1118.593028070805	34.52
1243.914630087333	1114.1557991874506	34.56
1225.415465093721	1112.9135692904322	34.6
1257.487732724804	1113.9351405964223	34.64
1254.508998671756	1111.1744817604429	34.68
1249.3708700165123	1111.1083768637895	34.72
1222.2358989359936	1107.820073180309	34.76
1256.7077048288677	1108.6736647310684	34.8
1251.7778084623321	1105.5460176499937	34.84
1210.1459336678397	1108.3007858879969	34.88
1281.9969677871686	1108.3919203828505	34.92
1299.3807654194989	1109.4439076026267	34.96
1286.5646046624702	1108.846738133769	35.0
1307.0890565001928	1109.6447728153507	35.04
1315.1206041777812	1110.143026472803	35.08
1294.7079991803478	1110.145767689841	35.12
1294.9992903460775	1110.9441127822677	35.16
1305.850787232534	1110.777994075664	35.2
1306.0596693052623	1110.3706658367187	35.24
1286.598958713584	1108.4922503860778	35.28
1300.4652437396783	1111.4478183113727	35.32
1308.1963446553914	1109.7508179602034	35.36
1297.067796669783	1109.5147745324186	35.4
1296.3058839680468	1107.1350384463528	35.44
1326.3443058352268	1106.9948199556723	35.48
1312.5593267157972	1106.002109862728	35.52
1312.4160508272394	1104.943011819498	35.56
1300.1528463690718	1103.1828677984383	35.6
1283.2763461387472	1100.9238936840825	35.64
1300.8852360084938	1099.8661701684412	35.68
1300.466964760092	1099.2916595965837	35.72
1289.5386157973835	1098.0128903904183	35.76
1283.8702399318117	1096.673496761549	35.8
1298.5034424239225	1097.2876603050418	35.84
1289.1763113247603	1097.5065060657455	35.88
1290.2198162646105	1095.5181735327792	35.92
1301.034810795105	1097.1615396338393	35.96
1294.4523390038253	1096.9258579567836	36.0
1298.3433867389372	1098.9573276030376	36.04
1305.3549535117236	1101.001376168788	36.08
1318.8955330390138	1102.3381091603744	36.12
1311.7390989762673	1100.9966061539328	36.16
1281.3956065645498	1100.3146639886904	36.2
1292.6616798274802	1098.2827069099826	36.24
1295.6697365225386	1099.113544364021	36.28
1294.4035521336127	1099.7895695580487	36.32
1300.1341565576247	1101.6012032920985	36.36
1296.8062504505472	1101.3973594323893	36.4
1315.645683443882	1103.7828858538735	36.44
1317.600211565092	1104.6384378930325	36.48
1314.34876937679	1104.5227214266667	36.52
1285.4250769103157	1103.5412911332974	36.56
1287.5103375679382	1103.1064228347532	36.6
1309.4036184614613	1105.4556436937073	36.64
1297.3932712257645	1108.972292483221	36.68
1265.4238468272501	1109.8521742583378	36.72
1272.8313215963653	1110.9472387250055	36.76
1285.4962932904584	1109.27678033118	36.8
1274.4296739082965	1108.1113732930396	36.84
1254.2825380712575	1107.1889296608495	36.88
1221.9013443255362	1101.4474542457638	36.92
1207.2314138368195	1099.8581403184157	36.96
1198.8901984345846	1094.5361106949972	37.0
1208.72143217133	1088.1656014636733	37.04
1188.8176538881164	1076.0874952703173	37.08
1148.8573603044285	1066.804114592601	37.12
1132.4675788833306	1055.9893617559417	37.16
1130.2422958976795	1047.2719147198763	37.2
1133.907464100804	1037.7858827660475	37.24
1148.2025912745837	1034.6136813414666	37.28
1149.0135040802095	1026.787303242898	37.32
1145.123366693857	1024.097580680894	37.36
1152.3594662100325	1017.477399232038	37.4
1165.8857459629212	1019.1306655609418	37.44
1191.0415933442132	1018.6015361468698	37.48
1175.122521031593	1018.5308228295252	37.52
1179.5806925644167	1018.1678572953914	37.56
1173.8733968363797	1017.8641631230639	37.6
1202.4177099604308	1018.1188784135265	37.64
1203.7369999792993	1020.6822456885494	37.68
1192.5290251761612	1021.2611135919707	37.72
1177.2299859780542	1025.2406920948652	37.76
1152.8755404425522	1031.2078519414597	37.8
1154.1671099125456	1035.42563471605	37.84
1133.1605437295889	1036.2380731500712	37.88
1164.6657575127865	1035.2580684501056	37.92
1149.5713941396098	1031.321000249329	37.96
1141.0777573263777	1032.2269930561854	38.0
1120.6374621935963	1027.1068409735283	38.04
1151.2262625193548	1022.8006140539472	38.08
1126.305545959611	1023.0779071352904	38.12
1146.4401912028065	1021.888011011289	38.16
1086.2953987066971	1023.156592471038	38.2
1158.6202093211957	1020.7097333693788	38.24
1122.1838174699121	1024.3239804374698	38.28
1075.377331963291	1026.0255571569753	38.32
1124.95079439354	1026.860596829318	38.36
492.81953760864064	606.7507971216929	38.4
1117.0195013892874	1038.6227166825279	38.44
1153.218535615296	1037.227847496731	38.48
1088.554114380871	1044.289287233109	38.52
1174.6923427059746	1045.2588273213464	38.56
1090.9574790171368	1043.2741926012193	38.6
1130.9592983214081	1049.120388828887	38.64
1095.2095039096273	1050.3811101249478	38.68
1089.6711180870423	1056.307437115327	38.72
1136.3859995841717	1055.5739399213319	38.76
517.5488936836326	663.7452517966528	38.8
514.9196178684567	648.4883492217596	38.84
1138.5380156733281	1058.528910589388	38.88
1170.8904859732531	1055.4098348847585	38.92
1127.1104691968596	1056.2109525967526	38.96
1144.5286488119204	1054.2251940822148	39.0
1147.2449657244392	1054.6267040415112	39.04
1168.4373436406074	1045.3119610788763	39.08
1124.6456914323626	1050.9988654922174	39.12
1189.1894778193173	1044.8186680790855	39.16
1181.0081519809457	1055.1834370072997	39.2
1163.1634040145807	1048.78320349271	39.24
1153.5504348018112	1050.8810615454624	39.28
1118.9569293370855	1051.8251996367212	39.32
1158.2147174975507	1050.7194687503409	39.36
1117.013251634407	1050.7209842273776	39.4
1127.8417354654243	1051.1629750586028	39.44
1106.8877811170642	1054.2582346403356	39.48
1137.9390743839383	1049.614867712934	39.52
1150.518318887955	1049.6210842643707	39.56
1102.1881700399874	1055.3627280777212	39.6
1148.8119756454591	1052.4834630628327	39.64
1163.8436952499649	1054.5150323423582	39.68
1174.4120113253189	1052.6100675842947	39.72
1178.719047601921	1050.9378961648479	39.76
1138.9457163619632	1048.4255897419825	39.8
1159.5138441988468	1054.0218257306672	39.84
1173.869732304186	1051.6220812242498	39.88
1159.4671122392147	1054.115017205864	39.92
1171.2705451986628	1054.3088634047272	39.96
1153.4381663251652	1054.7185098222847	40.0
1149.1065938348465	1053.1063446306478	40.04
1161.3505909636401	1055.7003983280988	40.08
1150.927481920222	1054.4886819892906	40.12
1173.1075835064628	1054.4200174789778	40.16
1172.0989521725355	1053.9219356793972	40.2
1142.075026882608	1056.145160496308	40.24
1181.6255060763929	1052.8130864954799	40.28
1172.0934209007876	1053.8209801206644	40.32
1143.1939914637098	1054.6434413313682	40.36
1156.8702644312023	1051.0316539685045	40.4
1170.4519632349732	1055.1830861140468	40.44
1155.7750815705824	1053.5940339893673	40.48
1164.1527000998701	1052.859646833496	40.52
1161.560735048051	1054.3146995488664	40.56
1180.3750020688337	1055.4255737975625	40.6
1180.1389561368044	1055.7228631065097	40.64
1154.00025644196	1059.0899676488627	40.68
1152.051525407896	1054.3219939698479	40.72
1157.0090242394651	1052.277743193233	40.76
1148.827217565845	1055.6290320362268	40.8
1166.997100983771	1051.7452317340264	40.84
1143.8393041975946	1050.9920891449929	40.88
1160.39655661997	1049.662548694478	40.92
1138.1446342255354	1051.5343257014263	40.96
1124.278549958098	1051.9660874637182	41.0
1142.3518525387294	1051.7023433181766	41.04
1153.935724658318	1047.9934667348364	41.08
1126.3144002526965	1047.0625228951963	41.12
1168.96680497758	1043.2868292326277	41.16
1150.9444862158043	1045.3614225639863	41.2
1164.1043083234235	1039.9753893771708	41.24
1138.3303876065265	1042.5283495421081	41.28
1156.1037187841284	1040.7726454367696	41.32
1131.9608165050165	1044.0390800628668	41.36
1098.5419974470485	1043.5458292792978	41.4
1128.4409493118524	1042.2931564600276	41.44
1141.5122670754727	1040.33331917224	41.48
1117.8707008071624	1039.5061427724083	41.52
1121.0435446660856	1038.2368255094966	41.56
1136.928941132939	1040.7359848660853	41.6
1121.2868596553035	1039.0023374236312	41.64
1122.7593405555972	1039.2687651032525	41.68
1120.8593877444296	1038.6740880520617	41.72
1122.3699779611688	1040.5744973921287	41.76
1117.0342483025343	1041.1851639328772	41.8
494.83811072730344	667.9538367382544	41.84
1058.6919289667885	1040.4262884171756	41.88
1124.4668091256433	1041.1206902001754	41.92
1127.5834815297203	1038.4289601807552	41.96
1122.381141679549	1041.7843147585984	42.0
1112.3579335936645	1042.752958616754	42.04
1120.952093050767	1043.6322023154366	42.08
1159.0905518524894	1040.0472003003204	42.12
1116.757162874906	1041.8342661142026	42.16
1096.1691760585782	1044.6730786612334	42.2
1128.488845521119	1038.8703917971359	42.24
1082.6900664986179	1041.9157877091063	42.28
1121.777909233792	1041.2635492406162	42.32
1120.3938123322823	1039.3876799344382	42.36
1126.4293297779054	1039.4864269846764	42.4
1183.8938377387121	1038.959727068851	42.44
1139.868984473855	1042.7916896385284	42.48
1171.6061809158443	1037.863881574378	42.52
1130.914193897645	1040.4950209759186	42.56
1124.2243369968714	1040.0642917084588	42.6
1118.5491104170121	1043.4330529537217	42.64
1122.5308206153743	1039.7281229503021	42.68
1135.4450803055422	1041.9880864197169	42.72
1130.6727285935817	1039.6595311715844	42.76
1135.1497545304846	1044.6174528092843	42.8
1146.0591149823101	1039.3015990635831	42.84
1130.9093127370325	1041.080510485572	42.88
1150.9478824571615	1037.809226026695	42.92
1125.1698132368604	1042.8625175011025	42.96
1142.7780155176863	1041.8210276925204	43.0
1151.2476447766255	1044.2558214521084	43.04
1173.1166351421152	1039.2391551298817	43.08
1139.6386816218906	1041.2685336156055	43.12
1169.629455659312	1040.5468810810585	43.16
1150.0796364024227	1043.8003399407144	43.2
1140.9530938325	1041.583776600705	43.24
1116.5988129852897	1042.7157346122353	43.28
1102.5554939412034	1044.8420311390835	43.32
1129.3135702173815	1043.5629279524132	43.36
1150.8658810954742	1039.866187671164	43.4
1097.8539260031796	1044.2445639358102	43.44
1168.6116053357287	1041.803046181111	43.48
1115.7747878513046	1040.6576460766523	43.52
1167.075999456831	1040.3799175199326	43.56
1109.61044016138	1042.298341107065	43.6
1173.1625972879365	1038.661602611514	43.64
1142.74066126764	1040.6366774928579	43.68
1146.7850721585885	1038.227186246782	43.72
1129.7052586567042	1041.8299838643702	43.76
1169.9778785941205	1040.2515626758723	43.8
1134.8735663499522	1041.9596527118142	43.84
1164.9804934941446	1036.596793887959	43.88
1155.6920646056954	1040.4161821582115	43.92
1183.2662022716804	1040.7964215883708	43.96
1158.1214759164643	1045.3554413844822	44.0
1159.5458680449801	1040.3164972033726	44.04
1131.8013300254952	1043.1922837655784	44.08
494.93226066329424	596.9265041181511	44.12
1075.6983653788197	1040.5335365969927	44.16
1124.9022689729518	1032.6856748187013	44.2
1101.146299065209	1041.49279971467	44.24
1131.7449566892756	1040.6826969715316	44.28
490.1753086925251	620.768474102337	44.32
1131.7312325275936	1039.3285810907273	44.36
1063.6786585811783	1010.9266295560599	44.4
1113.558798111297	1042.2292197772322	44.44
1053.0086794570987	1014.3592476289748	44.48
1112.3671061360126	1040.5909684473252	44.52
1114.8848787783108	1037.4925077328205	44.56
1113.354126808656	1040.419674062897	44.6
1150.738665968221	1041.7242227503161	44.64
1068.0435596465984	1043.4737165616277	44.68
502.35374867493647	620.8402539464519	44.72
1028.427656443872	1031.831822754572	44.76
506.97401755111827	628.3479188838302	44.8
1079.4846395637942	1037.2537757831228	44.84
1113.1399605463478	1025.9059203567213	44.88
1103.1685098691767	1015.3268595856157	44.92
1130.5271176638241	1017.3975975382764	44.96
1120.8297376607982	1030.2303063228007	45.0
1182.6458881168867	1034.3987227610155	45.04
1131.5401299904174	1033.330107792325	45.08
1173.149654669437	1035.8472397775533	45.12
1119.5457947519953	1032.9108335924807	45.16
1177.0744983242857	1034.31736798256	45.2
1131.597314282897	1033.6244983499323	45.24
1135.2630149863535	1032.0130051938854	45.28
1107.638269017476	1034.0833980284624	45.32
1154.491573961557	1034.815824159103	45.36
1104.817333119382	1033.9744076286977	45.4
1158.19149683857	1035.4417720008967	45.44
1110.477761357798	1033.8917422656154	45.48
1174.2813516783924	1032.3729726248273	45.52
1125.0190634554165	1037.1222228667284	45.56
1172.5977144089925	1035.79473720734	45.6
1135.0739149667986	1034.3893832138147	45.64
1146.8724234958797	1035.9095874118555	45.68
1117.8817583827015	1040.0831760230958	45.72
1134.934409737829	1037.524011738206	45.76
1137.0728989302647	1039.9003178105124	45.8
1162.7360587093153	1036.1935733423718	45.84
1124.3181116595963	1027.0625153724588	45.88
1175.8791341871233	1025.0398022232462	45.92
1128.2435789997585	1010.6242519541197	45.96
1106.0244194188201	1007.0799084656362	46.0
1121.6978422748618	994.3788193501766	46.04
1208.0543317001868	989.9074902447218	46.08
1292.6954711322987	983.2286891405846	46.12
1286.9903106722354	980.646542549455	46.16
1277.2411946061345	980.4507873396354	46.2
1277.0743408451485	981.7542526886532	46.24
1277.7172691599271	985.2991955184452	46.28
1275.3427854446725	990.5024051285727	46.32
1271.6506336509651	990.5434584463234	46.36
1259.532615184026	1001.1483611992272	46.4
1261.1229069705084	1000.25583484375	46.44
1263.1192795546995	1007.6098605996319	46.48
1262.160110340924	1013.0459467216043	46.52
1262.9875766492974	1019.3817963942028	46.56
1263.4505413038705	1023.361991376239	46.6
1262.5352024435936	1025.70896332307	46.64
1260.4188436294664	1027.825705189752	46.68
1255.7139720717967	1027.4752815828776	46.72
1253.4889591300216	1028.3763062754713	46.76
1244.688137897372	1025.6844770498467	46.8
1235.413121202781	1021.8530151551752	46.84
1232.1292205428758	1017.0645097303354	46.88
1229.300781425567	1014.1304168904396	46.92
1228.1347635414566	1013.4583856938393	46.96
1225.6681639295261	1013.2317515218128	47.0
1225.5083791349825	1012.6318937088645	47.04
1223.3676602204891	1011.1773697512353	47.08
1222.155552857896	1011.9492442136138	47.12
1221.9701434236936	1013.454491547703	47.16
1221.9305812129305	1012.7733704612714	47.2
1218.444449395377	1011.4926262856802	47.24
1217.0475754240806	1009.6511332325879	47.28
1218.927253831129	1008.1340239070914	47.32
1219.5601090636917	1007.9879395966315	47.36
1219.6923996356447	1004.7842458405771	47.4
1221.890157179059	1005.7122850076773	47.44
1223.7954639893592	1006.929773547314	47.48
1228.3137092555778	1009.5026150029179	47.52
1232.8126467167635	1011.4675080031573	47.56
1239.0777007673519	1013.2813685628228	47.6
0.0	0.0	47.64
0.0	0.0	47.68
1266.91928254408	1025.5564976154913	47.72
1284.2732655755492	1033.206662371736	47.76
1307.7584734425552	1045.1954937837247	47.8
1338.1127467416538	1063.7246507889786	47.84
1360.4588431892353	1088.7373373050323	47.88
1177.9110421392797	1114.2453273259694	47.92
1320.73869473216	1153.7570690944399	47.96
0.0	0.0	48.0
1332.9365593756365	1180.2141728058511	48.04
1306.4274759629996	1176.8374959280193	48.08
1311.3771464276838	1193.863733401981	48.12
0.0	0.0	48.16
0.0	0.0	48.2
0.0	0.0	48.24
0.0	0.0	48.28
0.0	0.0	48.32
0.0	0.0	48.36
0.0	0.0	48.4
0.0	0.0	48.44
0.0	0.0	48.48
0.0	0.0	48.52
0.0	0.0	48.56
0.0	0.0	48.6
0.0	0.0	48.64
0.0	0.0	48.68
0.0	0.0	48.72
0.0	0.0	48.76
0.0	0.0	48.8
0.0	0.0	48.84
0.0	0.0	48.88
0.0	0.0	48.92
0.0	0.0	48.96
0.0	0.0	49.0
0.0	0.0	49.04
1043.5720423418509	1036.5893198554538	49.08
1018.667906071765	1019.8604078372559	49.12
1000.5928462786239	1013.6474638630908	49.16
982.7368767207302	996.2889730581364	49.2
967.8258411121371	988.7419450654836	49.24
955.9483087776727	975.8048097632292	49.28
955.3534757383013	967.4978302682701	49.32
940.8487323825207	957.7941563647042	49.36
936.7199863491921	942.3496130606632	49.4
925.3775020319149	924.8628997572922	49.44
917.1421734186071	908.4514147822081	49.48
903.8110487654133	891.3818529333416	49.52
896.681699425653	874.9979525570061	49.56
883.5342745605714	855.9485793823105	49.6
873.9593137014705	863.4917327493894	49.64
858.2541465726332	847.4251621108051	49.68
849.0926482948427	839.2019815035374	49.72
857.877061052595	842.9836297659273	49.76
862.5680304058492	847.3094252152179	49.8
867.9993494311467	844.0714122188066	49.84
871.2416958017564	846.0742315789173	49.88
875.4979971593226	850.9670102574128	49.92
877.0022309357779	844.8935222004243	49.96
881.9133086978228	849.399638028199	50.0
888.7030612519864	847.7522432447041	50.04
891.3937193105611	871.5733757534316	50.08
888.9221511688241	861.9654485696017	50.12
884.3423017605128	866.2089895812553	50.16
883.9258098584371	860.2144047283614	50.2
884.5255468767405	859.5675022144788	50.24
892.1106139437786	861.0829289534371	50.28
894.1686409325843	860.6932702499388	50.32
898.1345840933514	866.1146546471457	50.36
891.5871539720774	871.1587081819042	50.4
871.6432290097594	854.6037577243511	50.44
853.7137528258362	836.4379417312798	50.48
842.132786654921	818.5417320849795	50.52
835.8086500713538	831.2275310030561	50.56
822.7887521046315	827.43781435322	50.6
808.9924661176942	797.9235876466092	50.64
805.1401900411759	807.2565794109531	50.68
795.336258304214	808.8136663161414	50.72
790.0058774548534	787.9340282917414	50.76
785.7907766547013	799.3935655726543	50.8
782.1443875355144	782.7695517457744	50.84
778.1329911933443	787.12309552278	50.88
777.5207795856519	790.7220730244218	50.92
779.9156064458133	790.5357751237395	50.96
784.7482983805021	794.3926739921092	51.0
784.3930589814855	787.1602204606422	51.04
785.4875977620412	792.1880790703808	51.08
784.3895643412732	797.0912906475444	51.12
787.789745551541	810.4585678040611	51.16
789.8128862374466	818.4944815106369	51.2
790.6488045147009	818.9771135309039	51.24
791.4693797656324	819.9681977804595	51.28
789.6882970679458	819.9872272792484	51.32
786.9836315251572	817.6878132958981	51.36
783.5923026053084	821.0997987553998	51.4
782.6620400395668	830.6708757740031	51.44
781.2794677180675	818.6648714137426	51.48
782.823732946414	820.7076991223498	51.52
780.4686654597043	825.4739046887885	51.56
780.3956581657786	826.3479565155142	51.6
781.9486496149945	825.2867778822067	51.64
776.4699977536369	815.8455294640195	51.68
774.87915261917	825.4127420747443	51.72
771.0023248575523	815.3155377983201	51.76
771.3212528321957	812.4849649373807	51.8
769.8962394116397	807.1177418774303	51.84
763.0726536929277	794.5467281736616	51.88
758.4062481429912	795.9257124773959	51.92
757.8694590545352	774.9720545653959	51.96
756.2655220540119	781.1884855888181	52.0
751.3744606890327	778.4584360924414	52.04
748.1967793546199	771.8432343959407	52.08
744.4340230346063	769.9554733889901	52.12
744.1309485660735	771.2677998069202	52.16
742.406330774296	772.0833808573755	52.2
740.0745894883115	767.5948130587392	52.24
737.348052928536	760.2474081062718	52.28
737.8207223183725	760.2447014049424	52.32
738.020280652699	757.4496084774329	52.36
738.1217206732936	765.4826355404394	52.4
736.04061587725	771.1409927763502	52.44
738.078265338619	766.3218533599271	52.48
743.4349630535565	763.2190486542103	52.52
745.3030303466763	752.6536462071203	52.56
749.3643026367417	755.2450480113046	52.6
758.5069964191875	770.6281545419868	52.64
769.6171091442776	778.4846033386634	52.68
781.0961956932947	804.1906444414759	52.72
789.546062514256	819.6422648660282	52.76
795.3801815830715	826.4210579427466	52.8
808.0631814901909	837.620962101838	52.84
811.1158013827239	833.0395043382464	52.88
811.8491810000122	820.1796485708041	52.92
804.761104967183	824.3884586896021	52.96
799.2141102389168	826.0434912130756	53.0
803.6043655413006	829.0076655301608	53.04
800.4985396735526	839.2597284580443	53.08
791.7884822157025	842.8723570819571	53.12
783.3693790821374	841.690901372358	53.16
778.2511597931842	840.7089791556263	53.2
785.9151187643517	838.7165374284058	53.24
779.4584310255406	848.7393135238933	53.28
780.0255422009141	845.511961074401	53.32
781.372738601088	838.4307556187863	53.36
782.3188176223895	837.9362990787299	53.4
786.9941460412894	842.2131339999695	53.44
783.1789665570409	834.5274335990225	53.48
782.6843456254356	827.2019169976952	53.52
780.9764725480578	832.0539949870843	53.56
773.5625659550573	820.7938143705074	53.6
771.8937862195769	816.0838909755015	53.64
767.2824549941494	831.0039869837789	53.68
768.1511873786314	832.6534422355173	53.72
773.4392758614648	819.2159542079552	53.76
770.8750155855366	833.0936378978059	53.8
763.597237451405	829.7917683593694	53.84
769.6958458173084	824.9411277343357	53.88
770.1231613851747	825.0965348933263	53.92
770.2381401380396	816.3190593652621	53.96
768.6202224214034	805.9055669170168	54.0
764.6240762878954	808.7658725358303	54.04
764.6365643980224	799.4635791700168	54.08
762.9868379008569	796.9422923186384	54.12
763.142517997316	794.5324734001193	54.16
760.5448266601933	780.1123874717258	54.2
759.0980722238554	782.5054776147915	54.24
756.6951834857783	790.9869750067874	54.28
762.333267301638	792.7444751818913	54.32
760.4878755587797	789.7559630737692	54.36
764.3307263749214	798.7472806268385	54.4
767.1424997713237	812.0863785624764	54.44
768.714710201714	805.0071465094061	54.48
768.2540151260644	792.4636133593306	54.52
768.9869198854074	795.166522757778	54.56
769.3256983285246	797.794930462103	54.6
772.5001788952321	800.0531723039876	54.64
774.9204665137908	802.0258260987443	54.68
774.7498654290227	798.3629233088496	54.72
774.254817679989	810.78005586337	54.76
775.6855522476385	795.3405130065644	54.8
768.3135230429117	796.4807076384767	54.84
759.0232798130173	806.4627849727655	54.88
756.5546185184867	785.736770247746	54.92
760.6434722755289	814.9947270467633	54.96
763.370165658389	807.6774812538167	55.0
765.0568533240175	813.3800588980533	55.04
759.9513819336622	803.202647946124	55.08
752.3494473997401	816.2311890341188	55.12
743.5436678924061	760.4372507949416	55.16
736.2992028509123	747.3630443541696	55.2
723.9568419417617	719.051172731632	55.24
714.3156554709793	721.5975681382313	55.28
703.9048553017498	719.8759418585267	55.32
685.2154776569575	706.0108457912406	55.36
678.6443829329713	695.5090240173067	55.4
668.1990251570172	691.818465441207	55.44
658.3834472282086	668.9100946136665	55.48
651.5259640290335	655.3338090534664	55.52
652.1100526635616	654.2302750654051	55.56
652.0037230560595	643.3675310829607	55.6
652.3939282950283	632.9073366459235	55.64
657.0222671567359	637.8106094186302	55.68
658.410872416738	640.8459624905767	55.72
669.4684958953386	635.6260033299219	55.76
674.7156792124016	645.2825936612234	55.8
686.4021628094091	670.3304841914209	55.84
695.8548890745886	695.022785204854	55.88
718.9165982588253	708.1925041699496	55.92
738.3604167040608	732.0038375716241	55.96
747.9256570517091	752.2551979270114	56.0
744.5599117779352	745.1763198614457	56.04
731.1587272829377	745.9045236750105	56.08
697.3684513824549	718.6587459590634	56.12
663.833625659401	672.2524000304852	56.16
615.102767339952	631.5489229269051	56.2
553.741559837305	573.2015203757903	56.24
495.8580296130475	529.7289569429116	56.28
447.2575968032397	501.83423292531535	56.32
411.3991905706315	454.98206925128824	56.36
376.21125130558255	438.81389187303546	56.4
347.10679640837816	415.613745494902	56.44
319.09077047770717	386.74373138852366	56.48
319.3803234921682	353.827561450442	56.52
310.1434351905614	381.5294443145524	56.56
289.4190935331533	361.07800782434737	56.6
290.06272345280195	343.17003183304473	56.64
289.38019312497886	340.96808514491016	56.68
297.25393819061827	354.75419605837016	56.72
307.02585820553486	377.25493676547035	56.76
324.81727157209434	403.2047130675394	56.8
336.93607065947356	418.13337918366415	56.84
375.14307848839064	436.30887252914977	56.88
396.4137339970251	444.0240520596008	56.92
438.8262856452824	471.76238845265357	56.96
463.1887241905593	518.6569188206369	57.0
490.1749204130324	551.9480866400904	57.04
513.6521462056351	560.0353788991515	57.08
536.3416725731719	601.7426201587768	57.12
566.2370412921766	609.6986709551544	57.16
589.2417241470316	646.1328316261956	57.2
608.9881571866728	662.3016927418535	57.24
624.2638934909415	693.2835826785217	57.28
638.489587749661	706.1073509177186	57.32
650.4012057831325	699.4200330686283	57.36
658.3948898497766	711.8648514624771	57.4
662.9223650189124	716.8297796950658	57.44
668.1511535920453	723.3512140266364	57.48
676.8209882915768	723.9084883663112	57.52
683.0734979794213	734.1504612335048	57.56
691.2825985610021	739.4133135994468	57.6
694.6447768919619	739.8334231622928	57.64
702.3981706608841	752.7562762078206	57.68
709.2552542902267	754.5383184184741	57.72
710.088870769299	754.4311222558407	57.76
709.4636152450918	759.8309350329666	57.8
704.6036825148778	744.2818718796862	57.84
698.6352399013703	744.8998832319737	57.88
690.2184774929013	741.7606403180426	57.92
691.5852420436557	740.4879832740878	57.96
693.1791884088212	747.8693883500947	58.0
695.4237159523361	743.7345120004082	58.04
692.3993384143299	735.3278255008736	58.08
693.5690250839227	743.177413749342	58.12
693.1771999425837	744.4207202964103	58.16
697.3758255042106	744.1963325498197	58.2
701.9400725039388	756.2094963963214	58.24
708.0397280436368	770.1985137869227	58.28
715.1965632142461	762.063681293599	58.32
715.9084175116889	776.124848698004	58.36
715.3959782819871	770.352723820269	58.4
714.4839039309215	770.7185936368369	58.44
713.4512197099344	772.5806340173025	58.48
714.6515770002192	770.9803722521048	58.52
714.0479680698419	754.6689483032029	58.56
712.0388530187362	765.0014227159974	58.6
712.7616586990254	763.9198977673235	58.64
712.0252838573571	770.4835076353643	58.68
714.6113789641853	779.7109786588026	58.72
715.323909420828	770.4561008772961	58.76
716.2139144182557	767.629505870476	58.8
713.2238977498168	767.9681953270635	58.84
713.9178773944997	770.8860911601022	58.88
712.7164303059637	772.0321543999488	58.92
712.2327327534193	771.1887466650737	58.96
709.6172068752326	761.6691918077747	59.0
709.6559983533743	766.0170261145032	59.04
711.7210845260322	766.2656841761462	59.08
714.0238653765987	761.8392509746383	59.12
722.0420782789403	770.3617746802854	59.16
720.136197181391	760.2537344437146	59.2
729.8188315325916	772.0992595541755	59.24
736.4638325514226	782.7676835588666	59.28
724.8441340747382	763.3835457937554	59.32
731.5544725346117	782.162658396512	59.36
734.3420852555319	782.6513780108519	59.4
733.9357239651316	786.8644476342535	59.44
734.3940067694377	774.2612306665358	59.48
740.0718983626157	781.4831824846955	59.52
743.3980622746681	777.1299863367128	59.56
750.2023002769726	796.7510370851643	59.6
752.185547190635	793.3523504473592	59.64
756.2578214673408	792.8659688907902	59.68
758.5379588084769	797.533970867495	59.72
760.7455144973353	793.2665857567983	59.76
763.9575508732868	794.8469306293294	59.8
768.2577185280352	798.4110704270724	59.84
772.0382635237819	804.3605464133368	59.88
775.670064263725	803.6528548222622	59.92
779.4652747328981	803.1218074719366	59.96
783.4632239169763	806.1034934041353	60.0
785.5723047435865	816.2668931942404	60.04
787.2738991658831	807.6616154031917	60.08
787.8664168211982	812.9460572806042	60.12
789.9772074155153	818.0704711245817	60.16
793.9746397351106	823.5717611389651	60.2
797.6531260153911	823.9077240445584	60.24
799.7029955725085	827.005916153554	60.28
806.2522808734867	834.5994285380091	60.32
818.5151094964613	828.3826352935986	60.36
827.5656941923243	836.6856725952822	60.4
835.0573543627632	832.0949981808645	60.44
851.8408313427491	837.3405998732078	60.48
869.8061061506754	843.5365712582732	60.52
885.546160298673	851.989748283784	60.56
897.0546690286436	873.1691038631741	60.6
903.8663132980837	868.3555894299859	60.64
905.0261601774926	866.1119532555282	60.68
904.7725440427913	862.7811746586052	60.72
904.7694331009803	864.3510873559827	60.76
902.4885032229383	848.9269409717697	60.8
891.8873222306241	833.8684160432431	60.84
886.008198115041	831.9422376255585	60.88
876.9819067148104	822.9834772475889	60.92
867.016400793371	816.1983938402839	60.96
859.7423065780149	803.3870018772103	61.0
851.3702908322683	776.6939789024553	61.04
825.6458227139973	738.5778034358362	61.08
774.8427552828088	662.9130267183406	61.12
0.0	0.0	61.16
0.0	0.0	61.2
0.0	0.0	61.24
0.0	0.0	61.28
0.0	0.0	61.32
0.0	0.0	61.36
0.0	0.0	61.4
0.0	0.0	61.44
0.0	0.0	61.48
0.0	0.0	61.52
0.0	0.0	61.56
0.0	0.0	61.6
0.0	0.0	61.64
0.0	0.0	61.68
0.0	0.0	61.72
0.0	0.0	61.76
0.0	0.0	61.8
0.0	0.0	61.84
0.0	0.0	61.88
0.0	0.0	61.92
0.0	0.0	61.96
0.0	0.0	62.0
0.0	0.0	62.04
0.0	0.0	62.08
0.0	0.0	62.12
0.0	0.0	62.16
0.0	0.0	62.2
0.0	0.0	62.24
0.0	0.0	62.28
0.0	0.0	62.32
0.0	0.0	62.36
0.0	0.0	62.4
0.0	0.0	62.44
0.0	0.0	62.48
0.0	0.0	62.52
0.0	0.0	62.56
0.0	0.0	62.6
0.0	0.0	62.64
0.0	0.0	62.68
0.0	0.0	62.72
0.0	0.0	62.76
0.0	0.0	62.8
0.0	0.0	62.84
0.0	0.0	62.88
0.0	0.0	62.92
0.0	0.0	62.96
0.0	0.0	63.0
0.0	0.0	63.04
0.0	0.0	63.08
0.0	0.0	63.12
0.0	0.0	63.16
0.0	0.0	63.2
0.0	0.0	63.24
0.0	0.0	63.28
0.0	0.0	63.32
0.0	0.0	63.36
0.0	0.0	63.4
0.0	0.0	63.44
0.0	0.0	63.48
0.0	0.0	63.52
0.0	0.0	63.56
0.0	0.0	63.6
0.0	0.0	63.64
0.0	0.0	63.68
0.0	0.0	63.72
