Thumb_L	Index_L	Time
0.0	0.0	0.04
0.0	0.0	0.08
0.0	0.0	0.12
0.0	0.0	0.16
0.0	0.0	0.2
0.0	0.0	0.24
0.0	0.0	0.28
0.0	0.0	0.32
0.0	0.0	0.36
0.0	0.0	0.4
0.0	0.0	0.44
0.0	0.0	0.48
0.0	0.0	0.52
0.0	0.0	0.56
0.0	0.0	0.6
0.0	0.0	0.64
0.0	0.0	0.68
0.0	0.0	0.72
0.0	0.0	0.76
0.0	0.0	0.8
0.0	0.0	0.84
0.0	0.0	0.88
0.0	0.0	0.92
0.0	0.0	0.96
0.0	0.0	1.0
0.0	0.0	1.04
0.0	0.0	1.08
0.0	0.0	1.12
0.0	0.0	1.16
0.0	0.0	1.2
0.0	0.0	1.24
1238.1254058478419	1239.6436879436174	1.28
0.0	0.0	1.32
0.0	0.0	1.36
1009.8955918449464	1004.046080067425	1.4
1507.8534217675365	1540.1548613459552	1.44
1423.9827344489502	1445.2657054501178	1.48
1355.0188826120525	1363.971545923139	1.52
1295.067757334309	1295.944258624321	1.56
1242.630281926205	1233.7990869477567	1.6
1208.6371781158157	1184.8062636401241	1.64
1176.6386773767051	1150.0057343514604	1.68
1154.2076754522132	1120.8334320151525	1.72
1135.3301610744466	1095.060305141234	1.76
1121.444193019908	1077.9875924680057	1.8
1113.9411878297294	1067.4950442929157	1.84
1108.8445216764121	1059.4219152574158	1.88
1103.7299292393402	1060.745159260191	1.92
1097.8214319449698	1063.4223251268625	1.96
1091.2226885236978	1062.581047496156	2.0
1090.2273008877105	1065.4519276860021	2.04
1091.6357569947008	1069.1236518607398	2.08
1091.3592510905728	1063.5057663326709	2.12
1081.595751948984	1057.42357190573	2.16
1069.4334864891525	1045.0053615112374	2.2
1059.0415308153308	1028.0898452625763	2.24
1046.2141159892615	1012.2041168777755	2.28
1036.157922364562	998.4934669372764	2.32
1033.2086113631467	983.825777462606	2.36
1018.0122143070319	976.557703309136	2.4
1005.420823978253	968.6887475896751	2.44
991.5173726468323	958.9611866427698	2.48
981.054146713899	956.1941244452105	2.52
977.323354520103	949.787566133475	2.56
970.3619417646155	945.3752152051431	2.6
966.3012832855039	941.6449169145872	2.64
963.4738349246444	937.5682712847263	2.68
951.2340703774705	928.582455203142	2.72
937.4681189296717	921.740060139335	2.76
925.4442231990855	916.8144114466447	2.8
924.2264025961048	914.0113400232948	2.84
921.9621259033939	914.6158398683809	2.88
923.366786876139	913.6376267792422	2.92
922.3293447169165	913.1574160394692	2.96
920.1045893048199	913.923256316184	3.0
924.1421941771554	916.8406116942826	3.04
927.1706702592728	918.7570458806109	3.08
929.2328695332542	923.4306156984617	3.12
934.2761085976482	928.222346938357	3.16
939.4461635387962	931.9239818754128	3.2
938.6664531174187	936.2375909692626	3.24
938.4848593226848	939.0978136549136	3.28
940.5501856741472	939.5620805106224	3.32
947.3797844585173	941.5112966199154	3.36
950.1429722685563	945.8919712311339	3.4
955.727832322663	953.2971906243068	3.44
963.1141712958374	960.3666664842519	3.48
964.3434268641233	965.3320951301226	3.52
983.8427823774181	997.7074739310465	3.56
1056.2354499058385	1064.082062606809	3.6
1139.765804798837	1140.710862118165	3.64
1180.8681680063712	1184.6967037853804	3.68
1193.8613153208898	1204.8163736748286	3.72
1188.9840322064774	1191.0349395056755	3.76
1179.2056968283991	1175.9571138873443	3.8
1171.553293747924	1172.8755085252214	3.84
1164.5228425069881	1165.5502698765126	3.88
1161.0387055661258	1166.6055683234972	3.92
1157.578233339374	1171.484075612809	3.96
1154.7934466560055	1171.229275407666	4.0
1155.059797179808	1171.3340877109777	4.04
1152.987548397967	1170.914386184247	4.08
1147.2349274044022	1175.750015769341	4.12
1143.3428539681258	1172.8880057719102	4.16
1144.5850259553913	1168.2387693870555	4.2
1134.033050240782	1156.6324469086694	4.24
1134.777397730272	1142.7607145601417	4.28
1130.390825086294	1128.1619274958994	4.32
1126.031697733165	1115.8639502460367	4.36
1116.9922348478112	1109.409731759199	4.4
1111.685279654883	1099.3300549098924	4.44
1106.9431950597957	1089.681140024903	4.48
1110.4690575888371	1085.5996734526636	4.52
1117.7512078775212	1088.8238099582882	4.56
1132.6004201190365	1099.6082366296453	4.6
1150.55572200826	1122.2384991488004	4.64
1165.724164198326	1142.9368084292364	4.68
1176.813489228221	1164.3222902722007	4.72
1196.159120992579	1181.9573384836553	4.76
1210.9374870022841	1197.5218353145497	4.8
1220.7622682398055	1207.1042005956544	4.84
1231.0902057968487	1209.970708819443	4.88
1236.1901073966183	1205.8835852941857	4.92
1233.502551064616	1200.2805680911429	4.96
1229.4441708286531	1199.4758027219889	5.0
1223.3905116923493	1196.9921347253057	5.04
1230.8405804760048	1201.962371483566	5.08
1245.6868603227929	1212.9789100846267	5.12
1277.5742303749614	1236.9002897914615	5.16
1312.3673135448491	1264.595462828438	5.2
1353.0192438939132	1299.0020878331215	5.24
1366.7898288334834	1317.022285225717	5.28
1365.8845146492613	1328.4240255813222	5.32
1366.9158078387543	1335.4118683456509	5.36
1365.8135339618525	1328.6630068576217	5.4
1364.0011519477175	1314.0178538279883	5.44
1347.597585373152	1293.299434248815	5.48
1315.2513425416184	1270.244425022013	5.52
1271.7712664162007	1240.966378593683	5.56
1225.4317648371136	1202.2275085000606	5.6
1181.0624834735434	1169.5764579052643	5.64
1143.9494669435562	1139.5283396855427	5.68
1108.1912230349733	1120.6048078235312	5.72
1077.5216791485036	1098.3529905550097	5.76
1059.287088988876	1084.280983767179	5.8
1050.0257475391063	1069.648954885455	5.84
1042.256847994458	1064.623741420632	5.88
1044.4479833139294	1065.3123151235586	5.92
1046.8177819384707	1067.4680235508154	5.96
1049.639752203964	1063.1164765881852	6.0
1056.9105457265175	1064.6573475033165	6.04
1063.555376602961	1061.8070047459787	6.08
1066.5832953565175	1065.4659038956052	6.12
1062.1177590568345	1068.3048078730546	6.16
1052.4860346072635	1065.5608449264087	6.2
1043.3381679277325	1053.3408387556603	6.24
1047.0032695793943	1055.0202785639165	6.28
1060.68652805039	1066.2000698811182	6.32
1080.2743147193366	1078.2297361872793	6.36
1101.5105269847486	1112.5922783274832	6.4
1112.894800876112	1129.5532213276954	6.44
1131.2748289441552	1126.7235724627064	6.48
1130.9318821875981	1127.3530103637022	6.52
1153.703252494283	1130.3098316229625	6.56
1150.7074178483185	1139.7688680285742	6.6
1137.4686212241945	1142.7386378469523	6.64
1122.4596210089276	1136.6166562020294	6.68
1118.3163954866095	1127.1711418048455	6.72
1113.9458045383462	1127.914273754198	6.76
1113.6197491298497	1126.3900940480326	6.8
1124.7764203670306	1134.9917171632408	6.84
1131.211821551094	1143.1712862324814	6.88
1131.4271780238198	1136.9170702577017	6.92
1133.9708220556174	1145.4960576310948	6.96
1137.593612762889	1144.5739241216527	7.0
1146.759261361933	1154.2015148192934	7.04
1153.370444967988	1158.0982686715058	7.08
1154.6929006797282	1151.3531765298967	7.12
1157.1320258164808	1150.2119874202624	7.16
1153.5660815663211	1146.3244904616618	7.2
1153.935720198837	1144.033124124317	7.24
1153.8692701497034	1145.9521914137365	7.28
1158.7141922527103	1148.211218180679	7.32
1161.5599754604102	1146.502189550792	7.36
1162.1657823246196	1143.013957773997	7.4
1162.2774604334845	1144.7039006834832	7.44
1162.043380702042	1146.017966774285	7.48
1163.9847661635963	1142.611680891067	7.52
1166.5522252914882	1148.0294910107948	7.56
1170.628456426365	1151.2196942278479	7.6
1173.4864450401228	1154.7519707885042	7.64
1170.0312086226825	1152.7293631542018	7.68
1173.3455809270295	1151.1643724708701	7.72
1173.7091338971702	1152.9903909157392	7.76
1184.373436203772	1161.9514797285697	7.8
1193.9835836649343	1175.8752598727988	7.84
1194.3597101126913	1169.4360807283058	7.88
1194.0656306131316	1160.3554899444493	7.92
1184.2621187600048	1141.8626350635755	7.96
1168.8686390102112	1129.126048652075	8.0
1152.4627613209752	1113.6814882943963	8.04
1143.7964111964684	1103.8116796191098	8.08
1131.7273124120838	1097.3663270913128	8.12
1124.4031240495249	1090.3161339790513	8.16
1116.080198132614	1080.849530581541	8.2
1109.2221267009268	1072.8399037731117	8.24
1104.7384315449754	1069.7373859439256	8.28
1100.8591841856812	1065.8271664829924	8.32
1095.199245495922	1059.3315866503083	8.36
1092.7245221866228	1059.3448985969637	8.4
1091.680466417339	1057.4030316064034	8.44
1090.3740369520706	1055.3833059746803	8.48
1089.1964975036083	1053.110248144975	8.52
1087.927255656158	1050.5664625184395	8.56
1085.580654955995	1049.411301889034	8.6
1085.739784375354	1048.752284376499	8.64
1084.2891131681024	1048.1018458507936	8.68
1084.670255215633	1049.316919298699	8.72
1084.6306810345661	1047.9804675748214	8.76
1080.9395264525979	1050.109978853532	8.8
1082.1431952813402	1045.0820476725883	8.84
1080.3682358185927	1048.0251908968096	8.88
1078.8288725092807	1049.305350596402	8.92
1079.2829926748639	1051.1887912499328	8.96
1081.0019587941274	1051.6189415233682	9.0
1079.6864484670737	1051.105872760557	9.04
1081.0790495210003	1053.1239681593488	9.08
1081.8785873041368	1055.8463179174453	9.12
1086.5644266230565	1054.3753188450476	9.16
1085.7355795568083	1058.0283964388561	9.2
1087.1365720179192	1057.5965437546429	9.24
1085.1481184141728	1058.728736813652	9.28
1084.96290821362	1059.1636385733668	9.32
1085.7529539853933	1057.4277515224328	9.36
1084.8601907429818	1057.9338765221844	9.4
1086.2184559167727	1060.4622289667209	9.44
1086.6336097007882	1059.3688933530855	9.48
1087.845998946819	1058.2782634736905	9.52
1084.6680142985933	1058.4514441136394	9.56
1083.5071162812476	1059.548300216849	9.6
1080.5918486115693	1059.4157327730493	9.64
1078.469472339617	1058.894572154066	9.68
1075.8332004485374	1054.2677251449727	9.72
1073.068155196069	1051.8860210640958	9.76
1069.701003456605	1049.3331236437668	9.8
1064.3276990373097	1050.5094068665367	9.84
1062.5871221263055	1050.3645769688999	9.88
1061.037184869177	1055.3097590333446	9.92
1054.4198543182422	1061.8936309727796	9.96
1056.8098625728453	1059.9090225306927	10.0
1049.5490695204298	1072.2842994992366	10.04
1050.926415763068	1091.4154819706403	10.08
1048.7964658883946	1102.5787324665766	10.12
1043.460188948475	1103.9838542926216	10.16
1044.2607426954403	1102.9344990309294	10.2
1040.0573205067403	1085.0164414151154	10.24
1039.0062969624264	1030.556411987515	10.28
1034.0402321355195	1005.151127453253	10.32
1037.0270157761956	1001.5515070984726	10.36
1044.7429034414527	1007.4846979791745	10.4
1045.5672988693304	1016.2487439411752	10.44
1045.3421205333466	1018.2067042596783	10.48
1047.7904818361649	1023.7367943697058	10.52
1045.5903462034705	1025.3075377575658	10.56
1043.5541487036269	1025.7090410720657	10.6
1040.3180513917969	1027.1592152758333	10.64
1042.9436839314596	1024.36937479726	10.68
1041.2664395470874	1029.3666914358446	10.72
1035.8737624523772	1032.9006419824866	10.76
1034.0118888146148	1033.4873605566333	10.8
1035.8384380703958	1049.854578565675	10.84
1031.8311046955937	1113.8180445807045	10.88
1026.4549512398114	1146.4918508186831	10.92
1029.970797820159	1150.1789364353265	10.96
1030.53454885086	1152.938410407134	11.0
1050.1884903899472	1135.055635527142	11.04
1071.9195775110966	1065.0117809690203	11.08
1061.1901435511022	992.0736385866851	11.12
1049.8854788963772	1003.3893194979825	11.16
1050.1028424195347	1028.5462396566247	11.2
1059.270578853196	1044.4561293363524	11.24
1064.2865617545697	1032.798942406035	11.28
1061.9562128789464	1031.6629380574193	11.32
1065.8558863309088	1030.1582430084375	11.36
1063.767248920255	1032.88429817675	11.4
1055.4616890240895	1031.993416512028	11.44
1044.1527809732531	1027.912821604352	11.48
1025.0322851600592	1032.6419774303324	11.52
1016.8203278916684	1042.9638545729747	11.56
1013.3695386994241	1110.894334733801	11.6
1011.5547221977891	1136.2546160858017	11.64
1008.0614122265567	1147.7560295037808	11.68
1025.1995941551934	1146.590246060177	11.72
1071.0326958732878	1085.4867157861472	11.76
1072.8766420679017	1012.3827198906782	11.8
1037.8525100728477	976.8799020646796	11.84
1039.9467492974693	971.842248697864	11.88
1037.4068115544105	1006.5649403231104	11.92
1051.183409987292	1011.6003551916202	11.96
1045.2989767608865	1009.1727927104705	12.0
1048.3429528525685	1020.6176481399991	12.04
1045.1260130037274	1037.4510902715076	12.08
1035.7850741647665	1056.2654116572903	12.12
1032.6808363987543	1052.1908952895835	12.16
1036.2066147293435	1091.3033321807384	12.2
1039.517630261686	1123.3626520067253	12.24
1041.0933148462343	1113.0585850321772	12.28
1039.899830749312	1151.8821983665082	12.32
1042.485346272755	1144.1320232669032	12.36
1043.0593856657829	1106.825691658994	12.4
1056.0504089952449	1010.0231697885231	12.44
1061.4507127295672	1013.6204498521656	12.48
1063.2499335105056	1036.4151817168347	12.52
1067.568780595332	1041.7423541252758	12.56
1069.6666261867094	1042.811506589728	12.6
1074.0087701065715	1047.8439727482134	12.64
1081.983004335842	1051.934091894193	12.68
1089.4717905003743	1061.4804632432113	12.72
1097.9004085396475	1073.4089892642473	12.76
1108.2391408842766	1088.1562642814877	12.8
1114.4702637150042	1090.7721567321844	12.84
1110.1327232420097	1089.8685450302285	12.88
1104.6600519110852	1087.2317878746749	12.92
1114.9211088068307	1088.0775289738951	12.96
1144.6690330668828	1115.6262063034233	13.0
1196.9143341934832	1173.099663000771	13.04
1243.2681696102306	1220.1434049415727	13.08
1272.027461875922	1242.5459771401006	13.12
1269.6745037690434	1247.7348121786433	13.16
1270.8129065044707	1239.9494215307561	13.2
1267.396365575291	1236.2303745191246	13.24
1262.2051018265688	1245.131912236447	13.28
1264.1506209150311	1259.515206287806	13.32
1270.336221087608	1276.2221330443751	13.36
1283.4908810174225	1289.1609529104626	13.4
1294.0188993837912	1296.9856152450327	13.44
1303.5437766151092	1301.495235559378	13.48
1307.4078753861193	1298.4901506497547	13.52
1302.3989145996743	1293.9525081293013	13.56
1305.0189465895278	1290.7172478341972	13.6
1307.799224551544	1285.406533053312	13.64
1323.587372647266	1279.6602782902935	13.68
1303.5161692976837	1278.3103865358846	13.72
1283.152701255947	1278.8074328495336	13.76
1279.111707102738	1272.9726464277533	13.8
1282.0611092059692	1269.3615941601274	13.84
1270.4253550725598	1261.2031109184238	13.88
1239.3258449012499	1236.5670033910658	13.92
1207.2038670566326	1206.6232267863968	13.96
1170.8873518313042	1173.3831230857752	14.0
1149.9598141640918	1147.1438898798015	14.04
1135.2957261229942	1132.5267333139864	14.08
1132.8273177945705	1125.761399495904	14.12
1135.473121566979	1120.732261428856	14.16
1137.1878285052144	1117.53835839084	14.2
1133.1506222939968	1111.3525166001746	14.24
1136.7791073281742	1115.4388346441276	14.28
1139.4569832759323	1118.8927438650592	14.32
1145.0722415685316	1126.5071904833687	14.36
1151.915014165073	1132.1962889209804	14.4
1163.1698931552837	1134.6338720484628	14.44
1168.2025784696564	1139.5697731943449	14.48
1169.8940140296	1136.6338631885574	14.52
1191.1132641883175	1143.9162970440427	14.56
1194.4094710876395	1143.7754849093615	14.6
1194.32701961433	1136.7219007376416	14.64
1186.0265821884354	1119.9029834020796	14.68
1169.9870858324641	1100.873208501502	14.72
1146.813155036225	1075.8278403713512	14.76
1126.5251146946273	1056.0996660881403	14.8
1103.9682324985245	1043.7878748471758	14.84
1087.8160150170158	1026.849066710331	14.88
1072.7282854856862	1009.9109860640805	14.92
1067.2631017646293	993.6166309925688	14.96
1056.376197146105	982.9473009232648	15.0
1055.786955139451	977.3939118182983	15.04
1050.816010984497	976.7479601013686	15.08
1044.7159572203977	967.6955380743673	15.12
1037.4982665312805	971.1912453812209	15.16
1035.1446906767	971.6645351822647	15.2
1032.756096730048	974.8269367891739	15.24
1029.8874498088865	976.5567466322412	15.28
1028.493640365613	982.8982018820342	15.32
1026.599899598871	985.9923022249952	15.36
1026.479401205363	986.9554521310768	15.4
1024.8901647189564	987.3296426343115	15.44
1026.698207544177	987.4664422516682	15.48
1028.45272736602	985.3387302980491	15.52
1026.570806493899	984.5329395114069	15.56
1023.3579746950402	982.4718363947138	15.6
1025.6389147542716	984.7686641502136	15.64
1023.4425927777063	982.8295954229268	15.68
1021.7818738005816	980.4994716897737	15.72
1021.4135838438764	980.492807373793	15.76
1019.5968723921022	980.8845036773146	15.8
1020.1689341329372	979.1438836880354	15.84
1018.0996960582346	981.7465378430024	15.88
1018.9075742946616	981.2419496184309	15.92
1018.5252755176984	980.971991185435	15.96
1018.0000088497832	981.1319813351577	16.0
1017.4167800566121	982.1782105491077	16.04
1017.5436835678632	982.521300890471	16.08
1016.4502875246859	983.6064574061515	16.12
1017.7899353427885	981.5588079804115	16.16
1017.3878379941051	982.2915988197728	16.2
1016.8988526061022	982.0805329025453	16.24
1016.6774035682142	982.6520476539549	16.28
1017.5137606858302	986.6721992553104	16.32
1019.7796978641519	985.7787409623334	16.36
1019.9956680576139	988.3977114508766	16.4
1022.207984656671	990.8192557787045	16.44
1021.9887563228948	991.9733632994889	16.48
1030.9946239757046	995.322282611689	16.52
1036.8580478313515	1004.0826286479413	16.56
1050.6215209688821	996.7266549989819	16.6
1062.5842755538724	999.6560302543359	16.64
1076.8108259367636	992.6884872781735	16.68
1094.0378267421386	993.561402069694	16.72
1118.897753616401	999.5370074108098	16.76
1143.7353590862012	997.9470406116325	16.8
1166.6458371078936	997.4614633758366	16.84
1187.7528349217462	1000.7401137560595	16.88
1204.3858731830842	1006.159633794141	16.92
1218.3539329985194	1008.7907257843904	16.96
1231.37476291844	1016.7452592046831	17.0
1242.5907474660223	1023.361625353001	17.04
1250.633560358537	1030.801497711821	17.08
1256.6492784272357	1041.1478700168957	17.12
1259.359666318781	1043.378481815068	17.16
1259.1271667789888	1042.7422509403627	17.2
1259.8785230695462	1049.4690644165137	17.24
1262.4214101451728	1050.9975246081344	17.28
1260.3160452904292	1039.160983793255	17.32
1255.3491650255887	1039.3722153235187	17.36
1259.2907755638141	1041.7288504200174	17.4
1265.2093093346002	1043.833015987631	17.44
1269.588839134563	1048.6458588049913	17.48
1273.732305771251	1055.2478029156107	17.52
1278.1576897858429	1056.5219780875268	17.56
1284.3012719382325	1061.8507906302045	17.6
1290.2439007219264	1064.4402506030294	17.64
1294.4890732234371	1067.9078640664256	17.68
1299.0037556589941	1071.4960475930397	17.72
1303.2897536552186	1073.8202258735412	17.76
1303.8827314962125	1074.627712790649	17.8
1300.5772967396772	1075.3338741269986	17.84
1299.7252688861345	1076.4354893886343	17.88
1296.818082883762	1076.2330352574438	17.92
1294.5209946882976	1074.863720441055	17.96
1292.0495669733436	1074.7128769128828	18.0
1289.9904602595661	1074.2585968464646	18.04
1293.000342493048	1073.145931822051	18.08
1286.550841029829	1073.1296569900355	18.12
1286.8193182128255	1073.4470206212773	18.16
1286.3638440797035	1074.7045152962717	18.2
1287.4153423914195	1074.554288893585	18.24
1282.6298632223768	1075.4090026175143	18.28
1290.1143456977734	1076.6563006013462	18.32
1285.9134825080062	1075.312463191913	18.36
1283.1564456034062	1075.0684984956836	18.4
1281.9769879871637	1075.5686588412595	18.44
1287.032850926578	1074.4480519810604	18.48
1281.2026116865316	1070.714586792601	18.52
1280.0793619395438	1071.088406867481	18.56
1284.5784468790625	1070.7112539190575	18.6
1285.8010633794743	1071.1953268669072	18.64
1284.2755250260432	1070.2806760953374	18.68
1284.4793484997213	1069.8325534007581	18.72
1285.698109047143	1070.515610286923	18.76
1287.0892243107203	1070.8860084293797	18.8
1288.0324593028722	1069.1127500101752	18.84
1286.5709363991386	1071.074455680039	18.88
1289.5693405738361	1072.946463201943	18.92
1290.9367106523996	1071.7738285695013	18.96
1290.5121781746495	1074.866868184071	19.0
1291.0959673687098	1074.7603967158466	19.04
1288.5723849578762	1074.4472215028734	19.08
1289.5434850456068	1073.3786780415624	19.12
1285.0828958316151	1073.866014639422	19.16
1280.9884595998992	1074.1460086877557	19.2
1283.9659040790532	1074.8135819731904	19.24
1283.894393634942	1073.5209370777116	19.28
1289.1195335281727	1076.104166673022	19.32
1288.8388672827746	1073.6394252439886	19.36
1287.3031678845432	1076.3179668273729	19.4
1288.5061941553051	1074.51785025787	19.44
1286.522741125757	1076.1284364112578	19.48
1290.2519668004452	1075.1911656057412	19.52
1287.462140112096	1075.206901332168	19.56
1284.2062365377074	1076.0946502681556	19.6
1286.18854013733	1076.2837155122763	19.64
1288.8739251637844	1077.6173899895418	19.68
1280.3557913181417	1076.6430935744418	19.72
1278.6077198603216	1076.749934412054	19.76
1283.0297454061783	1078.8617261664167	19.8
1283.6341899184667	1077.8112585292783	19.84
1283.3302611750655	1076.738463599762	19.88
1283.4080357274825	1078.714901782461	19.92
1282.2633370751612	1076.6460902517472	19.96
1284.402123690647	1078.8654161370114	20.0
1277.4479898508084	1079.0673173315229	20.04
1276.7829320852663	1078.8008095424325	20.08
1277.080630753488	1078.4325105382895	20.12
1284.2168148155774	1079.9384680576375	20.16
1280.200677860786	1081.1276655780844	20.2
1279.4285580730386	1082.5675868218364	20.24
1288.7526364038372	1085.4681609904535	20.28
1286.8742016612475	1086.3197868581824	20.32
1289.9349505197647	1090.0301158253098	20.36
1295.7797913802842	1093.3003087246805	20.4
1298.2465648759164	1097.3206934050215	20.44
1296.936637044478	1097.8935263411613	20.48
1295.1183928446862	1100.2211087558348	20.52
1299.511025964323	1106.688659681759	20.56
1305.0800613830424	1111.439970658116	20.6
1308.79000223907	1122.2007121144472	20.64
1319.180510715407	1132.6714008510307	20.68
1318.5421422993102	1152.9910236750163	20.72
1348.394359093323	1176.3766477661816	20.76
1382.7743216909832	1215.5852790411654	20.8
1425.463707769759	1260.3428910724872	20.84
1454.2772451036612	1298.9701239333535	20.88
1486.7270821737739	1340.0693470004944	20.92
1516.30587461433	1373.9641708147424	20.96
1538.0701715706998	1407.9808400516818	21.0
1555.3885562053813	1434.792557659558	21.04
1572.3031618408734	1456.8773371288894	21.08
1581.0984687558653	1472.229718850478	21.12
1590.2139464471638	1477.2578320256127	21.16
1585.609425331571	1482.2158539060442	21.2
1587.1646150533068	1485.9749459168215	21.24
1585.5628814303923	1491.5164507829684	21.28
1583.388619319443	1491.7485643023313	21.32
1581.527522074522	1492.6127410050472	21.36
1577.8720397133593	1490.7433533886817	21.4
1578.3472819706706	1487.7042883860452	21.44
1578.6494054365717	1488.9751574921024	21.48
1578.7576861176292	1490.7140536763418	21.52
1578.566563271309	1492.9420291379915	21.56
1562.103991337101	1489.1633801884109	21.6
1573.308041079535	1484.9399760493272	21.64
1561.3643248789524	1483.7645822375955	21.68
1566.4876151487508	1483.3419869443533	21.72
1561.8670110672329	1477.6357484218681	21.76
1569.380022879663	1479.9764370853816	21.8
1568.6544250600039	1481.5631573947578	21.84
1564.1233032187104	1479.555111575688	21.88
1563.1715600077275	1475.5239809559498	21.92
1566.5221162831924	1475.4448054282175	21.96
1566.8088008486106	1477.0293629966636	22.0
1565.718062690916	1475.639332323772	22.04
1557.7759753993344	1472.683908616932	22.08
1554.8625849506316	1467.9015096532057	22.12
1559.651899675012	1469.9028614689632	22.16
1559.6719189989356	1471.1038288601735	22.2
1561.910356387257	1471.2632085128296	22.24
1558.5239048206918	1468.7060420782414	22.28
1560.919197985439	1467.688969153337	22.32
1559.2524078771726	1468.5874846505421	22.36
1559.6688855127188	1465.7096165584283	22.4
1557.3611208365971	1464.5007786434644	22.44
1558.9816839795612	1463.9322877872246	22.48
1555.0879735578692	1461.6138251397874	22.52
1549.6818815341412	1457.2598469111006	22.56
1541.7505253303123	1454.5641586345712	22.6
1550.2490052642777	1452.686304068075	22.64
1548.8288248420665	1453.4944988847615	22.68
1549.9180226441451	1452.3784884920992	22.72
1549.3726159631856	1450.766966073875	22.76
1548.703117471237	1451.7856389446263	22.8
1549.0518427197042	1451.3686560183417	22.84
1548.3922071079303	1451.0040465960503	22.88
1550.1281984752568	1452.667904878199	22.92
1548.1333006149437	1452.402599765657	22.96
1548.3874447336052	1453.772346107358	23.0
1549.1719758872568	1453.6190800203062	23.04
1550.014111359459	1455.4790609805689	23.08
1549.321291132575	1453.7391994856787	23.12
1550.4662053632876	1454.4838841051246	23.16
1547.6672057233413	1452.187966771685	23.2
1549.04406156264	1450.4250329827655	23.24
1548.7521020059933	1451.164453836394	23.28
1550.2179524168002	1452.0076628631523	23.32
1551.0174328055919	1451.7632310941988	23.36
1552.275922356497	1451.9675151769472	23.4
1552.5397672702188	1452.8142066506748	23.44
1553.1735562063643	1453.8525671412478	23.48
1550.480397005822	1456.3329382315148	23.52
1550.605198041588	1457.1894286723011	23.56
1550.4944828517362	1457.0645656047632	23.6
1550.7730132700553	1456.3001447845527	23.64
1552.4429840655546	1455.848653869313	23.68
1552.9634500219208	1456.2782214402062	23.72
1555.2422530747092	1456.836771551516	23.76
1556.8031487177902	1459.2059866178724	23.8
1558.8330299957333	1459.0275176768664	23.84
1556.9993840997272	1459.4833184838822	23.88
1556.5130838768584	1459.1013866789463	23.92
1559.173029332318	1461.964324619503	23.96
1556.2169992151094	1462.2292259334347	24.0
1559.364140762383	1461.2185956702479	24.04
1561.676472457184	1462.0448053223922	24.08
1560.083869590086	1462.859831010551	24.12
1558.7939959917258	1464.1154850517999	24.16
1564.3696776962327	1463.1600638594778	24.2
1560.4054709610475	1464.4063251062178	24.24
1559.994943343634	1463.75102667326	24.28
1562.9394575535475	1462.641047997987	24.32
1561.3022536148644	1463.0091580862702	24.36
1563.7458163977922	1462.8412624310745	24.4
1564.0836338709742	1463.2306202695886	24.44
1552.0784000501992	1459.7791136480773	24.48
1559.063537857022	1460.1793501278894	24.52
1562.624961460991	1462.5499950268536	24.56
1560.3210411005807	1464.3144680201915	24.6
1560.527251081171	1464.6599853014386	24.64
1560.6391660574545	1465.3977901250498	24.68
1555.944665812206	1464.052883212076	24.72
1561.067945825444	1462.526563479157	24.76
1558.9471926021433	1463.6211816222528	24.8
1555.2731517701686	1464.4402333848022	24.84
1560.3114409136192	1463.5232635116818	24.88
1560.882420421355	1464.496901724875	24.92
1560.4051996860555	1463.82958069274	24.96
1562.0856910446246	1462.882368254454	25.0
1565.2872526674328	1464.8476633415978	25.04
1560.9323331847409	1463.79242835661	25.08
1564.7040309537513	1462.715142786562	25.12
1555.3814611175842	1459.786557341224	25.16
1559.5075355309323	1460.3473573244921	25.2
1559.6436448353018	1460.7664148034305	25.24
1559.3895569880265	1463.2749449163532	25.28
1559.1924288433277	1463.3965186832954	25.32
1561.1760671345555	1463.7255183904683	25.36
1558.3077232211247	1463.1038893373918	25.4
1558.4481077027112	1463.3725259441055	25.44
1559.2497197974108	1464.4853808869254	25.48
1561.8849800197934	1464.4975261526583	25.52
1561.077595768817	1464.5321154518413	25.56
1561.2330589670337	1463.179200252275	25.6
1563.2182536137707	1463.437360413616	25.64
1561.2214118681532	1462.724882587015	25.68
1555.0917585173597	1460.4976186841454	25.72
1561.0870365264893	1462.1106622763511	25.76
1561.056597872447	1462.7223941478521	25.8
1560.7010880540345	1462.3666313032988	25.84
1561.7426015334518	1463.159616765508	25.88
1560.1762291732275	1462.562035238114	25.92
1551.7577687778469	1462.9423028481526	25.96
1556.5063520071665	1463.640730244323	26.0
1558.3808010811988	1463.9284416095231	26.04
1559.750028395625	1464.2026244484825	26.08
1560.7319805456805	1463.705358932516	26.12
1558.1000187374705	1460.984822290862	26.16
1556.1155273005083	1459.6087166270122	26.2
1545.3163830573124	1456.3160472487914	26.24
1551.906340458628	1455.6995894170832	26.28
1554.3233078801459	1455.898420034292	26.32
1554.8037429680369	1456.0022427054068	26.36
1556.4930824550288	1455.418708596491	26.4
1554.226401438061	1456.0925798806763	26.44
1554.4065187875935	1455.502909965116	26.48
1553.8483264858785	1456.230701050478	26.52
1554.174589803806	1455.8639978962606	26.56
1550.571341758997	1453.6994459556038	26.6
1551.8482358339065	1452.0035884936108	26.64
1553.4645559375929	1454.7103595110186	26.68
1553.736285602407	1454.2225614068552	26.72
1550.666599286655	1453.9120223484651	26.76
1553.1306770112724	1455.456375621359	26.8
1551.7752026352823	1456.02340188933	26.84
1550.8618596213762	1455.0748109100793	26.88
1552.2532353294948	1456.1059011144707	26.92
1552.163869120568	1456.032085234959	26.96
1553.0584625155695	1456.8873380458222	27.0
1556.3293626646134	1455.6346533160613	27.04
1553.494794551641	1456.4222727456329	27.08
1551.3912879511788	1457.412908205355	27.12
1550.5138119901874	1455.1123587763539	27.16
1552.2867959736832	1453.6206794951117	27.2
1552.6094790634747	1454.9527092665162	27.24
1549.3719932510114	1454.6788510054255	27.28
1552.9643325754864	1455.8020352735443	27.32
1554.4553477629504	1456.2558519855338	27.36
1552.1187935191144	1455.19716070209	27.4
1551.5400225815488	1456.577347377645	27.44
1553.4266257990444	1457.5764935933341	27.48
1553.845212879006	1456.3196483534198	27.52
1555.1917067147774	1455.4983484500694	27.56
1553.4870756204546	1455.501027497529	27.6
1555.141968753733	1457.335830429038	27.64
1553.4540018300156	1455.8175904262823	27.68
1554.2062332349626	1456.109840455379	27.72
1555.8365481170265	1456.6094192351195	27.76
1554.5921225690697	1455.3817108130156	27.8
1556.4053293714471	1453.9261704806777	27.84
1554.3627789003428	1453.8151971587145	27.88
1555.2064447676146	1453.5107855004903	27.92
1551.6556123734165	1454.089602276216	27.96
1555.33001629768	1455.3890694508023	28.0
1552.5662856991107	1454.5670601630297	28.04
1550.7315668228084	1453.9616945984603	28.08
1550.186247667131	1453.3611724308214	28.12
1552.3167723886531	1452.1833989500292	28.16
1553.2749362756108	1453.0293311415421	28.2
1550.0266622199815	1451.3260780784415	28.24
1553.1024391616909	1454.856131527359	28.28
1553.397904648444	1453.9647173444173	28.32
1554.518456523523	1455.2532432491741	28.36
1553.4637362635178	1454.4394369920522	28.4
1554.1983896417062	1454.0244865633915	28.44
1555.362790672738	1453.805088366539	28.48
1555.1667197113961	1453.4852624619964	28.52
1554.1367203148307	1453.8709466074035	28.56
1555.6410154621212	1454.3895868634256	28.6
1554.2915114895725	1456.9634997800943	28.64
1552.6908435170487	1456.0063829145035	28.68
1553.8947573051112	1456.5661763449398	28.72
1553.7972518302747	1456.1635571788956	28.76
1552.8006184744804	1456.1982685399682	28.8
1551.155708987492	1455.4471713437874	28.84
1549.0050322829939	1457.2257077011045	28.88
1549.4968084926008	1455.7260628847444	28.92
1553.1687757584716	1456.5205818892236	28.96
1550.8420525904542	1452.4685145045642	29.0
1551.2328926633872	1451.5332121721838	29.04
1550.9853209981725	1453.3698487326278	29.08
1548.5879580081332	1450.5804450390474	29.12
1549.619567023882	1452.6705782447843	29.16
1542.4913302654452	1448.787732691387	29.2
1543.7151855428228	1444.5163647030915	29.24
1542.9603875903967	1438.0258022878195	29.28
1524.971818353508	1423.110691411533	29.32
1512.3263041685138	1402.7604792533568	29.36
1479.7061396225627	1365.4917936369518	29.4
1442.3721879679827	1309.379090166253	29.44
1387.358851900549	1252.0009791327054	29.48
1344.2950395153	1201.4323339023194	29.52
1304.576908914135	1158.98547681541	29.56
1276.5959998076444	1122.197284167728	29.6
1253.4833519984227	1085.7721165414957	29.64
1230.400339877976	1061.2760388928182	29.68
1209.949682984718	1043.5412372720007	29.72
1192.861976012158	1038.700257031373	29.76
1174.4573938651802	1027.687708824411	29.8
1157.1855869137562	1029.2257914502945	29.84
1142.2855262609826	1027.9020600999938	29.88
1137.6846313796507	1028.1210137501357	29.92
1127.4023562183925	1032.0137397017643	29.96
1118.4807294800512	1034.8230316443073	30.0
1106.3521950303436	1035.8639801808263	30.04
1092.3603949486367	1030.2364800196167	30.08
1079.2263836706727	1027.1665677291555	30.12
1066.7408520056747	1013.4035750989866	30.16
1055.546701454301	1004.3803068150919	30.2
1047.3982589465124	1003.5640429150616	30.24
1039.6602540834215	1001.1470209176393	30.28
1035.0793488056015	998.6954730328489	30.32
1032.5604994454134	999.2472698331526	30.36
1033.6868967817854	999.5366261231302	30.4
1037.188521192348	1001.7374175765152	30.44
1037.9928562930588	1002.2261833163078	30.48
1041.851979673124	1002.0196331609532	30.52
1043.310225048662	1004.677485641136	30.56
1039.7202740148261	1003.6418925910586	30.6
1039.1601551537094	1006.5420689008387	30.64
1041.8827323480625	1005.9739587309359	30.68
1045.0282839304118	1006.6059619156412	30.72
1044.253862762614	1010.0754488938051	30.76
1043.4372700191932	1009.8963426858907	30.8
1041.7337432536103	1012.0971178424404	30.84
1040.3614267509372	1014.2229123789435	30.88
1038.5481776863492	1014.5167012264156	30.92
1038.480860550641	1009.6169170964035	30.96
1034.799156287318	1008.1485801924214	31.0
1037.1238855234446	1006.4568847538825	31.04
1033.566521291126	1008.7588390595131	31.08
1031.881141586496	1009.1648630894218	31.12
1031.0626829945877	1007.7420154843156	31.16
1029.3934982597195	1007.9675477016904	31.2
1028.3848586946967	1006.2141318809007	31.24
1028.8094343574762	1005.9780690836765	31.28
1030.552226108366	1004.9549960277366	31.32
1031.716762102423	1004.774563943536	31.36
1032.1058708138726	1005.5488923579894	31.4
1027.8327491920968	1005.4148980795242	31.44
1032.7682098142157	1005.2953607668695	31.48
1028.7310566080907	1005.1097022860388	31.52
1029.610934183966	1006.0013546674479	31.56
1027.345561853326	1006.4800923324962	31.6
1029.0197114148566	1008.9675377139451	31.64
1028.9883115870289	1008.2476878345938	31.68
1028.799783296574	1009.1979066716199	31.72
1030.5617046362236	1008.9773405508364	31.76
1027.906165118294	1008.6674227527499	31.8
1028.7490842362954	1007.6317883294412	31.84
1028.1360975655266	1008.5471365424105	31.88
1027.5148645706734	1011.3420918077654	31.92
1030.283795338837	1009.374445739085	31.96
1029.7328166794566	1012.0950280579549	32.0
1030.6935257819414	1012.0300354216387	32.04
1031.2214559815802	1013.0810254086723	32.08
1031.438861999941	1013.0549681162527	32.12
1032.264827609571	1015.4120066643778	32.16
1034.662124544978	1016.0823464924274	32.2
1035.8956600378037	1016.2601661273375	32.24
1038.2327665801463	1017.5060922269224	32.28
1039.519188832725	1020.5981844697847	32.32
1035.9243311736122	1025.0621559834788	32.36
1038.056459452685	1024.614329412589	32.4
1036.8952023814772	1026.2210409106258	32.44
1035.917310209357	1028.3548995623275	32.48
1033.9257823399007	1019.8765975166779	32.52
1041.644807946758	1009.7945129593855	32.56
1048.6609833752484	993.45137052128	32.6
1049.3650450643333	975.3465885249132	32.64
1053.3800156235577	973.8899686155848	32.68
1060.2315348997026	966.5565225717341	32.72
1061.437511712086	969.4830244006807	32.76
1067.0076987816403	971.1418276336655	32.8
1067.207677656447	982.7225081105184	32.84
1079.4974538176136	1001.1564622857506	32.88
1095.0228988049357	1018.9545424706715	32.92
1110.0317271337753	1043.394844845531	32.96
1136.9522067507544	1059.7021266945262	33.0
1170.3765741575955	1109.0346982770825	33.04
1223.5279744050174	1171.5418113486417	33.08
1283.307528537235	1265.6897935242548	33.12
1355.8850810181273	1344.9026312334324	33.16
1441.9324300142414	1355.297430954847	33.2
1509.8955391687182	1416.342569913884	33.24
1546.9743426874772	1481.7166657525822	33.28
1547.9647890654917	1476.8688515262497	33.32
1525.4258118012715	1416.92214928985	33.36
1491.3171455038594	1396.1854314028233	33.4
1445.2360846806096	1383.391006176353	33.44
1394.35755130332	1387.114400543801	33.48
1347.3232148688912	1346.2461310184628	33.52
1300.5812910341099	1295.940739868401	33.56
1256.8131612042548	1247.06242360616	33.6
1217.0048391902785	1206.119948937305	33.64
1196.743891189762	1106.1443161203308	33.68
1182.9562696915225	1049.9469439974025	33.72
1158.601958965498	1021.8061888933208	33.76
1156.1815279870186	1009.307612642841	33.8
1144.2346214988709	1034.2495585224012	33.84
1156.2648417284329	1041.3630413404765	33.88
1170.416863321667	1057.2217126046905	33.92
1177.4627788555429	1075.8028303052547	33.96
1185.7021094380416	1092.0010049888463	34.0
1186.389013355175	1112.3592897846759	34.04
1195.1284953067434	1073.2499525857256	34.08
0.0	0.0	34.12
1199.2065764806525	1097.8640585105043	34.16
1196.7847096477205	1104.3478427073567	34.2
1190.11460794859	1081.7745547887573	34.24
1181.682001014186	1056.216541781533	34.28
1052.7085672172036	975.5122816000013	34.32
1061.9683065263116	983.8253151981819	34.36
1077.5759157811196	992.1560710958593	34.4
1078.6819222410722	993.0377553858358	34.44
1073.6396486640097	979.5163195472761	34.48
1061.6147217761154	969.8329783395973	34.52
1056.3655963212846	971.0746860154017	34.56
0.0	0.0	34.6
1045.2988300606178	958.9632978552892	34.64
0.0	0.0	34.68
0.0	0.0	34.72
0.0	0.0	34.76
0.0	0.0	34.8
0.0	0.0	34.84
0.0	0.0	34.88
0.0	0.0	34.92
0.0	0.0	34.96
0.0	0.0	35.0
0.0	0.0	35.04
0.0	0.0	35.08
0.0	0.0	35.12
0.0	0.0	35.16
0.0	0.0	35.2
0.0	0.0	35.24
0.0	0.0	35.28
0.0	0.0	35.32
0.0	0.0	35.36
0.0	0.0	35.4
0.0	0.0	35.44
0.0	0.0	35.48
0.0	0.0	35.52
0.0	0.0	35.56
0.0	0.0	35.6
0.0	0.0	35.64
0.0	0.0	35.68
0.0	0.0	35.72
0.0	0.0	35.76
0.0	0.0	35.8
0.0	0.0	35.84
0.0	0.0	35.88
0.0	0.0	35.92
0.0	0.0	35.96
0.0	0.0	36.0
0.0	0.0	36.04
0.0	0.0	36.08
0.0	0.0	36.12
0.0	0.0	36.16
0.0	0.0	36.2
0.0	0.0	36.24
0.0	0.0	36.28
0.0	0.0	36.32
0.0	0.0	36.36
1059.5916839947747	1043.6988890113294	36.4
1047.3088894912946	1043.4157148101	36.44
0.0	0.0	36.48
1075.7280867312081	1078.2478186657127	36.52
0.0	0.0	36.56
1031.6827013081527	1057.2152130234044	36.6
1036.7506212430424	1046.1016190948017	36.64
1034.6479335404365	1035.6146436446452	36.68
0.0	0.0	36.72
0.0	0.0	36.76
1021.4143640432931	1032.1012787598368	36.8
0.0	0.0	36.84
1025.0428582467696	1005.3700906681624	36.88
1022.2011989414535	989.8069265218946	36.92
0.0	0.0	36.96
1008.4843737757625	988.5391205445504	37.0
0.0	0.0	37.04
0.0	0.0	37.08
0.0	0.0	37.12
0.0	0.0	37.16
0.0	0.0	37.2
0.0	0.0	37.24
0.0	0.0	37.28
0.0	0.0	37.32
0.0	0.0	37.36
0.0	0.0	37.4
0.0	0.0	37.44
1021.8509310411162	1001.4191046561277	37.48
0.0	0.0	37.52
1017.6291449116006	1004.4834238722343	37.56
1020.6745194156179	1006.3902081325092	37.6
1021.8489686945633	989.8860914587812	37.64
1020.5639467406343	997.2618557014475	37.68
1024.533009500286	1005.6968989143519	37.72
1021.5062394020388	990.0366971159584	37.76
1020.5877511146083	1007.7157108184878	37.8
1026.3212028549322	1001.1130404561394	37.84
0.0	0.0	37.88
0.0	0.0	37.92
0.0	0.0	37.96
0.0	0.0	38.0
1035.3742807060353	1015.8507704168812	38.04
0.0	0.0	38.08
1031.7228073164345	1005.4048081469122	38.12
0.0	0.0	38.16
1033.6917697416202	998.2426989540097	38.2
1033.371436457137	1001.5103275260482	38.24
1036.7311475810575	1006.4811736248619	38.28
0.0	0.0	38.32
1035.9200708174126	1009.660817401884	38.36
1033.437469890167	997.039010353111	38.4
1039.6680681994758	1006.2011539043444	38.44
1041.1610365296947	998.9169226799681	38.48
1039.756774148203	1003.7371904246228	38.52
1042.9702160974355	1004.5472592513718	38.56
0.0	0.0	38.6
1040.308377337395	1009.9697642943893	38.64
0.0	0.0	38.68
0.0	0.0	38.72
0.0	0.0	38.76
0.0	0.0	38.8
1045.6692367596086	1009.8296834414152	38.84
0.0	0.0	38.88
0.0	0.0	38.92
0.0	0.0	38.96
0.0	0.0	39.0
0.0	0.0	39.04
0.0	0.0	39.08
0.0	0.0	39.12
0.0	0.0	39.16
0.0	0.0	39.2
0.0	0.0	39.24
0.0	0.0	39.28
0.0	0.0	39.32
1046.861548621166	1010.2489079733584	39.36
0.0	0.0	39.4
0.0	0.0	39.44
0.0	0.0	39.48
0.0	0.0	39.52
0.0	0.0	39.56
0.0	0.0	39.6
0.0	0.0	39.64
0.0	0.0	39.68
0.0	0.0	39.72
0.0	0.0	39.76
1051.1391719221908	1012.8728329638341	39.8
0.0	0.0	39.84
0.0	0.0	39.88
0.0	0.0	39.92
0.0	0.0	39.96
0.0	0.0	40.0
0.0	0.0	40.04
1051.4117986190433	1010.4275383496124	40.08
1047.1266458579669	1014.2707660030907	40.12
0.0	0.0	40.16
1049.6780144214847	1008.9801071774798	40.2
0.0	0.0	40.24
0.0	0.0	40.28
1047.4583166120246	1007.2307364419487	40.32
1047.975906416822	1013.5479491626285	40.36
1046.320165661241	1020.6703408515534	40.4
0.0	0.0	40.44
1051.856605841046	1014.7935227680302	40.48
1049.5721017632457	1026.340869843113	40.52
1047.0984561205785	1014.3206194901265	40.56
1046.022967932777	1022.9339737970155	40.6
1051.1497225208873	1017.783961787302	40.64
1051.238854375266	1016.2194819853145	40.68
1049.6885756862316	1024.186527684565	40.72
1051.9807487735563	1021.8210114882872	40.76
1055.8985618718414	1023.2949288453295	40.8
0.0	0.0	40.84
0.0	0.0	40.88
1053.0713269890791	1017.168009463073	40.92
0.0	0.0	40.96
0.0	0.0	41.0
0.0	0.0	41.04
0.0	0.0	41.08
0.0	0.0	41.12
0.0	0.0	41.16
0.0	0.0	41.2
0.0	0.0	41.24
1056.3259724511195	1025.2356273837904	41.28
1054.8903809795434	1016.0332816452222	41.32
0.0	0.0	41.36
0.0	0.0	41.4
1058.0021276432246	1010.1192680797262	41.44
1056.528678629579	1013.6609642048604	41.48
1057.147221967259	1016.5424328930958	41.52
0.0	0.0	41.56
1055.7138717719927	1012.0899893624589	41.6
1059.3765050415473	1014.50822849256	41.64
0.0	0.0	41.68
1054.7533775785917	1018.5644693560238	41.72
1061.591316893065	1021.5467384857085	41.76
1059.4427701272348	1014.7319323074904	41.8
1056.0974659226176	1013.1156985953469	41.84
1060.3013591766937	1020.8214623012439	41.88
1061.0756727701648	1014.230124994922	41.92
1058.5652964513415	1016.7248830755423	41.96
0.0	0.0	42.0
1057.117274295591	1017.5490928506218	42.04
1054.3161770520421	1012.1397370973507	42.08
1060.9268971077088	1015.282447698021	42.12
1058.4557781543333	1013.9015582817576	42.16
1057.1006415649904	1011.8881831846563	42.2
1056.8420257985429	1015.5761872335029	42.24
1054.9854893677912	1012.8830667699718	42.28
1054.7701057600682	1014.9002412216839	42.32
0.0	0.0	42.36
0.0	0.0	42.4
1048.1187128815359	1008.4084387232015	42.44
1054.363256865614	1011.2777785098632	42.48
1053.766110092045	1012.3130359283932	42.52
1056.0147336339683	1009.1635704078712	42.56
0.0	0.0	42.6
0.0	0.0	42.64
0.0	0.0	42.68
0.0	0.0	42.72
1053.2743493277426	1008.6943155092982	42.76
1051.8741832912926	1013.5114643728238	42.8
1055.6916859098694	1012.9594000496809	42.84
1052.5004342465363	1003.9827628739528	42.88
1047.7939774284182	1004.5528704823096	42.92
0.0	0.0	42.96
0.0	0.0	43.0
1048.7503806096388	1004.0727784443121	43.04
1044.189403116955	1000.2418829715468	43.08
0.0	0.0	43.12
1044.0427961350942	999.3518977165594	43.16
1041.146366488237	999.8973121545484	43.2
1038.086891270854	992.4119506719078	43.24
1044.3486807669622	1003.708180697112	43.28
0.0	0.0	43.32
0.0	0.0	43.36
1031.6935221484	1005.0356774416211	43.4
1040.3859553662426	1001.1921164806823	43.44
1030.9108518531857	991.3194514173864	43.48
1019.1890388874378	980.6612100517932	43.52
997.1975101183908	976.0697663845824	43.56
0.0	0.0	43.6
937.0170142465287	908.1488232507312	43.64
0.0	0.0	43.68
0.0	0.0	43.72
0.0	0.0	43.76
0.0	0.0	43.8
0.0	0.0	43.84
0.0	0.0	43.88
0.0	0.0	43.92
0.0	0.0	43.96
0.0	0.0	44.0
0.0	0.0	44.04
0.0	0.0	44.08
0.0	0.0	44.12
563.5657300222172	638.2440155343157	44.16
553.918401425009	612.2166964149588	44.2
0.0	0.0	44.24
530.2603215490097	607.1785095488075	44.28
0.0	0.0	44.32
518.1532093382691	601.6419811404741	44.36
0.0	0.0	44.4
0.0	0.0	44.44
0.0	0.0	44.48
0.0	0.0	44.52
0.0	0.0	44.56
0.0	0.0	44.6
0.0	0.0	44.64
0.0	0.0	44.68
0.0	0.0	44.72
0.0	0.0	44.76
0.0	0.0	44.8
0.0	0.0	44.84
0.0	0.0	44.88
0.0	0.0	44.92
0.0	0.0	44.96
0.0	0.0	45.0
0.0	0.0	45.04
0.0	0.0	45.08
0.0	0.0	45.12
0.0	0.0	45.16
0.0	0.0	45.2
516.6817912840522	610.5634853191982	45.24
0.0	0.0	45.28
0.0	0.0	45.32
0.0	0.0	45.36
0.0	0.0	45.4
0.0	0.0	45.44
0.0	0.0	45.48
0.0	0.0	45.52
0.0	0.0	45.56
0.0	0.0	45.6
0.0	0.0	45.64
0.0	0.0	45.68
504.47910338314546	604.8219594819822	45.72
0.0	0.0	45.76
0.0	0.0	45.8
0.0	0.0	45.84
0.0	0.0	45.88
0.0	0.0	45.92
0.0	0.0	45.96
0.0	0.0	46.0
0.0	0.0	46.04
0.0	0.0	46.08
508.9121072718303	603.3727365555561	46.12
0.0	0.0	46.16
0.0	0.0	46.2
0.0	0.0	46.24
0.0	0.0	46.28
0.0	0.0	46.32
0.0	0.0	46.36
506.5479408696903	603.5351973645503	46.4
0.0	0.0	46.44
0.0	0.0	46.48
0.0	0.0	46.52
0.0	0.0	46.56
508.20799037278044	610.9786730683652	46.6
505.1215776673193	593.7079691459436	46.64
0.0	0.0	46.68
0.0	0.0	46.72
0.0	0.0	46.76
501.0126756302731	605.2709757406842	46.8
0.0	0.0	46.84
0.0	0.0	46.88
0.0	0.0	46.92
0.0	0.0	46.96
0.0	0.0	47.0
0.0	0.0	47.04
0.0	0.0	47.08
505.13984106367684	602.5984524830935	47.12
0.0	0.0	47.16
0.0	0.0	47.2
0.0	0.0	47.24
0.0	0.0	47.28
517.4757968036719	629.024775237819	47.32
0.0	0.0	47.36
0.0	0.0	47.4
0.0	0.0	47.44
0.0	0.0	47.48
0.0	0.0	47.52
0.0	0.0	47.56
0.0	0.0	47.6
0.0	0.0	47.64
515.2784729772827	617.4107453980084	47.68
0.0	0.0	47.72
0.0	0.0	47.76
0.0	0.0	47.8
0.0	0.0	47.84
0.0	0.0	47.88
0.0	0.0	47.92
0.0	0.0	47.96
0.0	0.0	48.0
0.0	0.0	48.04
0.0	0.0	48.08
0.0	0.0	48.12
0.0	0.0	48.16
0.0	0.0	48.2
0.0	0.0	48.24
0.0	0.0	48.28
533.1115185940928	629.4034119585889	48.32
0.0	0.0	48.36
0.0	0.0	48.4
0.0	0.0	48.44
0.0	0.0	48.48
0.0	0.0	48.52
525.8904712900317	618.8303227600827	48.56
0.0	0.0	48.6
0.0	0.0	48.64
0.0	0.0	48.68
0.0	0.0	48.72
0.0	0.0	48.76
0.0	0.0	48.8
0.0	0.0	48.84
0.0	0.0	48.88
531.7346271668282	634.598955357352	48.92
0.0	0.0	48.96
0.0	0.0	49.0
0.0	0.0	49.04
0.0	0.0	49.08
0.0	0.0	49.12
0.0	0.0	49.16
0.0	0.0	49.2
0.0	0.0	49.24
533.8274795133112	628.6952883602718	49.28
0.0	0.0	49.32
540.8593066026688	625.0260783968596	49.36
537.8508417689019	645.100665222533	49.4
0.0	0.0	49.44
0.0	0.0	49.48
0.0	0.0	49.52
0.0	0.0	49.56
0.0	0.0	49.6
0.0	0.0	49.64
0.0	0.0	49.68
0.0	0.0	49.72
0.0	0.0	49.76
0.0	0.0	49.8
0.0	0.0	49.84
0.0	0.0	49.88
0.0	0.0	49.92
0.0	0.0	49.96
536.9610699570122	621.802026178935	50.0
0.0	0.0	50.04
0.0	0.0	50.08
0.0	0.0	50.12
0.0	0.0	50.16
0.0	0.0	50.2
0.0	0.0	50.24
0.0	0.0	50.28
0.0	0.0	50.32
554.7362950516009	654.720761256922	50.36
0.0	0.0	50.4
0.0	0.0	50.44
0.0	0.0	50.48
0.0	0.0	50.52
0.0	0.0	50.56
0.0	0.0	50.6
777.378783662639	758.1572548977681	50.64
0.0	0.0	50.68
0.0	0.0	50.72
0.0	0.0	50.76
0.0	0.0	50.8
0.0	0.0	50.84
0.0	0.0	50.88
0.0	0.0	50.92
0.0	0.0	50.96
0.0	0.0	51.0
0.0	0.0	51.04
0.0	0.0	51.08
0.0	0.0	51.12
0.0	0.0	51.16
0.0	0.0	51.2
0.0	0.0	51.24
0.0	0.0	51.28
0.0	0.0	51.32
0.0	0.0	51.36
0.0	0.0	51.4
0.0	0.0	51.44
0.0	0.0	51.48
0.0	0.0	51.52
0.0	0.0	51.56
0.0	0.0	51.6
0.0	0.0	51.64
0.0	0.0	51.68
0.0	0.0	51.72
1080.9306219237662	1053.5706269511654	51.76
1125.9039830566585	1045.3286782446523	51.8
1177.7484647978208	1063.7512951513586	51.84
1216.793373180201	1101.3738790067507	51.88
1242.6259006750508	1149.4279094495494	51.92
1258.449863186506	1136.1885022516437	51.96
1303.6729865552284	1151.0744687591298	52.0
1329.6806519934619	1197.353078490439	52.04
1431.0690774737595	1223.3835779695899	52.08
1488.2493947687153	1265.440715469539	52.12
1582.6818817894655	1291.7038616233015	52.16
1568.4516795071393	1306.4937124569865	52.2
1475.8586349231728	1336.9637500657557	52.24
1419.2129408948792	1380.9354042342106	52.28
1302.444630291069	1478.6061148567233	52.32
1234.734794486059	1515.2183525808312	52.36
1192.2532180327657	1355.4320926440987	52.4
1115.898462648755	1126.4922846203692	52.44
1061.856206241648	1072.6234632121555	52.48
1022.3045410708194	951.4851872818474	52.52
1074.278507788164	921.5968484375993	52.56
1117.125125643141	958.6955326366425	52.6
0.0	0.0	52.64
0.0	0.0	52.68
1252.6015607883764	963.2676712506329	52.72
1254.4914781373352	962.3091517712277	52.76
1260.0470467237249	959.1245411088374	52.8
1243.9295896288265	964.9167720974085	52.84
1294.2781528391677	953.230207688051	52.88
1228.730604653318	949.9032658556337	52.92
1194.4468412753452	938.2401424762078	52.96
1272.185271141293	934.5097048582124	53.0
1251.3486079354332	919.1585162906854	53.04
1170.974961398362	901.6509498148073	53.08
1150.5754793194499	916.4753396469815	53.12
1150.1464614487184	919.2432092691145	53.16
1115.0700323058543	904.1402568469944	53.2
1120.5542679338137	894.7114550867831	53.24
1097.0862936867188	894.9726251120145	53.28
1207.715774483855	895.927102947231	53.32
1219.5948363601897	892.9778501729442	53.36
1292.7709861889937	884.8051408121348	53.4
1305.7265301633083	884.7385561425729	53.44
1278.9456170144217	883.3820146858482	53.48
1118.100142587189	881.0979115863346	53.52
1119.917667303116	881.8132258309931	53.56
1141.2791185002595	887.1619276020378	53.6
1143.0202638568264	891.4556438939048	53.64
1141.0033770094817	909.7505957756457	53.68
1148.4487781135788	943.8191821934294	53.72
1168.3279366931877	977.1150204433096	53.76
1199.8810409693267	1022.2863285910482	53.8
1199.0659629202194	1046.5244704429447	53.84
1205.3519446106711	1057.9813796377816	53.88
1191.0070723925662	1058.0624316655194	53.92
1215.2135403819118	1077.1774016171378	53.96
1236.4771594533734	1126.038315598042	54.0
1301.542235494025	1209.230435284152	54.04
1350.2922292736232	1279.965863632971	54.08
1352.99833774998	1330.1837773939735	54.12
1346.925872255728	1335.5493145708267	54.16
1351.3072086189127	1322.9308386603636	54.2
1309.3630736274424	1298.681954225467	54.24
1308.1296817799016	1273.5199434366036	54.28
1297.3198542247937	1241.6768144846892	54.32
1272.2997900348	1214.019118958854	54.36
1251.378538710773	1198.6309643108177	54.4
1236.7159144131697	1196.9219402789208	54.44
1212.8170110954939	1192.9246201478725	54.48
1196.5686146587752	1193.4656951108975	54.52
1188.4179673785236	1194.6756918566045	54.56
1188.399304105945	1194.4385970562498	54.6
1196.757764967717	1198.0785788340918	54.64
1198.6225501861456	1199.3827654014924	54.68
1196.5927605194322	1198.0286170334734	54.72
1195.6037443412808	1197.38503350058	54.76
1203.671669878419	1201.1506755809437	54.8
1211.1757365154174	1200.2339034294428	54.84
1219.161336033665	1199.5450179135723	54.88
1221.0832687053826	1199.2529142691758	54.92
1217.7720108618807	1193.1901567676755	54.96
1209.4861387010992	1183.3804795830679	55.0
1197.7827572830188	1167.5880640216992	55.04
1184.8115833232985	1157.129994104423	55.08
1174.8834519446293	1139.2666413486018	55.12
1154.195669183329	1121.6751533328713	55.16
1140.8301460680236	1106.8019634819993	55.2
1127.856044249512	1095.217279698265	55.24
1117.3306026376024	1083.2522246379015	55.28
1111.328769506944	1074.0324747137506	55.32
1104.4476115413345	1071.3544739530812	55.36
1092.915176983345	1062.35341593263	55.4
1094.996489623019	1062.1430847834656	55.44
1085.8226658077556	1052.747665340734	55.48
1080.162238250674	1044.9114138066357	55.52
1080.7537498596641	1047.625379710989	55.56
1075.185985809162	1041.1089499506538	55.6
1070.350428102763	1039.8682283519636	55.64
1067.9553293057475	1035.4898107787265	55.68
1069.9491073771574	1030.2257920830098	55.72
1067.3209475429765	1027.8413470363496	55.76
1064.7693756194358	1025.5863456531356	55.8
1062.4224586473695	1025.3418033495188	55.84
1061.6345933892173	1023.1247949847036	55.88
1063.3907776682656	1025.6731720069322	55.92
1063.0591055092689	1028.3203042438267	55.96
1063.1975154602512	1026.8907919899364	56.0
1062.5854182702112	1032.1147279728596	56.04
1066.5384588084826	1030.6266559573005	56.08
1067.7563912148778	1033.668439729048	56.12
1069.4255998369326	1033.481437426748	56.16
1070.3763379359825	1032.9353699051992	56.2
1070.6323410225223	1034.5249470838978	56.24
1074.537986524722	1035.4932849512727	56.28
1074.5644062069546	1030.455075792667	56.32
1076.1306262048201	1033.2253797569058	56.36
1078.3054890046337	1038.2551634005056	56.4
1077.9776486144485	1041.0507673293948	56.44
1076.4384293113599	1042.5690720505975	56.48
1075.4966377255207	1041.661998864772	56.52
1074.132590914905	1038.073706840745	56.56
1072.2352491573577	1036.2284591957853	56.6
1070.9674276404949	1033.721510531946	56.64
1068.9368869274465	1035.9065691057406	56.68
1068.344973018181	1035.7304180608323	56.72
1067.3719709008567	1036.0967707743125	56.76
1067.1435074213175	1030.3054567925508	56.8
1064.507450922175	1022.444099273488	56.84
1061.3088411848505	1016.3072307311797	56.88
1064.7603451447414	1018.5571350307425	56.92
1077.6412953276422	1038.733243310595	56.96
1116.004232616051	1034.921980144614	57.0
1147.2212234878157	1055.0428604126766	57.04
1137.6075214327354	1105.1377808662396	57.08
1104.1990694586727	1110.736097562716	57.12
1061.7034787626483	1086.38015027192	57.16
1042.912136105371	1085.8734157472709	57.2
1031.537748299241	1091.1231276836063	57.24
1028.598952094442	1080.3646245552122	57.28
1028.5223712587836	1070.6300235152416	57.32
1027.3506223129239	1056.9419840104088	57.36
1039.0510578732078	1032.5568300943055	57.4
1054.3146717927343	1021.2368477109577	57.44
1045.8038786510908	1011.0633445645185	57.48
1049.9969956110049	1012.024758832503	57.52
1046.6519174054938	1007.4101819476195	57.56
1043.6390260639666	1002.7697530512918	57.6
1045.9193876379707	1009.4062243320114	57.64
1035.4292114180798	1013.5455456316205	57.68
1033.0153090133474	1007.2664891566222	57.72
1021.0868757145727	985.290502702598	57.76
1001.0771754365516	970.9197660420639	57.8
1015.6240764249058	986.5782148837351	57.84
1029.0294805476558	1020.8702075341763	57.88
1014.2025643731072	1056.7907081984945	57.92
1004.8580865517805	1032.3044836849601	57.96
1003.5219059552182	1017.7329477837472	58.0
1011.0135615627285	998.1754214908068	58.04
1016.9933915613984	994.6026805930342	58.08
1026.4097481035387	989.2349132724427	58.12
1032.4491327592646	987.0294736742684	58.16
1032.1273045830342	989.9195603126667	58.2
1040.3668284697667	985.5463243242992	58.24
1030.491184413636	1001.704575107165	58.28
1027.4044862699375	1016.7252426843203	58.32
1022.7240250599774	1038.4583862299987	58.36
1038.183691814695	1046.0423081220213	58.4
1030.192638168389	1022.5915035654962	58.44
1018.6877753582377	1010.5943006668346	58.48
1007.9078421920325	989.862311737671	58.52
995.6827820383759	983.7182452051486	58.56
989.9988450465231	976.5153288012723	58.6
1022.3815014183633	1014.1886495736501	58.64
996.7899317397585	1035.5615734957437	58.68
991.4056277160937	1016.3515999785661	58.72
1007.7312365553881	986.84583965877	58.76
1005.553132125278	978.6732822349315	58.8
1012.5869575254443	988.0415409892184	58.84
1008.4321368556684	985.4810699445806	58.88
1011.4677066386059	988.1327083737787	58.92
1018.6842089421299	997.9234211629805	58.96
1025.815088647391	1004.7482838539601	59.0
1028.7219054093239	1017.671042900619	59.04
1028.4614543939026	1023.2124233118076	59.08
1028.924067548836	1013.4012568469586	59.12
1021.8694991196024	985.5125343548257	59.16
1007.5943752985122	985.9250315089537	59.2
1013.911004478227	986.7003608391587	59.24
1023.0872835918692	1041.0444121929959	59.28
1022.2319933195707	1108.7830948973562	59.32
1032.0416921309923	1097.1762705281515	59.36
1015.4180981081851	1081.979284340775	59.4
1013.6259577634784	1063.8057045782352	59.44
1015.4064961906258	1049.3714010455203	59.48
1023.5290014123308	1031.7034976105635	59.52
1028.5417582259815	1018.1055493651356	59.56
1034.1756944939013	1011.8135712484069	59.6
1036.9640787698359	1007.561192514263	59.64
1039.2577157575029	1008.7354538506684	59.68
1045.0616402583946	1023.7324775514576	59.72
1050.9196681134367	1029.2352179463574	59.76
1058.9439361561485	1040.7435969245737	59.8
1055.5013016916048	1029.9069582007996	59.84
1045.5950218325343	1009.2896983200142	59.88
1046.6904990767912	985.855068544075	59.92
1032.8594679960017	1000.1097465553506	59.96
1032.2074397619053	999.123556074132	60.0
1024.4269106893964	1073.4602699987886	60.04
1011.6988074772166	1063.414095169077	60.08
1011.7306127662727	1044.4006844985802	60.12
1022.0446220944502	1031.993874317607	60.16
1038.1000203459187	1026.6457645681548	60.2
1039.8006496745668	1021.2884458284824	60.24
1046.7940355449578	1021.0746968648943	60.28
1044.5665888508984	1033.0056563791711	60.32
1047.0895474835195	1027.2904048427008	60.36
1052.7713790527318	1034.6839067297153	60.4
1058.5020700436248	1038.531132938244	60.44
1064.749472241487	1039.4870265455745	60.48
1067.0490887714056	1043.8516764543635	60.52
1074.0522884851978	1051.4340340878457	60.56
1081.4236842363634	1057.7247442073897	60.6
1074.110735404002	1051.0938553132953	60.64
1068.2748833737176	1022.5971675490763	60.68
1064.0417346772963	1017.1216382635951	60.72
1051.0628907030878	1002.5673385683593	60.76
1038.2251152521815	1002.6299131660185	60.8
1041.996638295921	995.5692750566923	60.84
1025.8568028752188	1042.7129881358749	60.88
1017.7572268365105	1039.02565722087	60.92
1023.0660790680247	1034.4465679914226	60.96
1032.7079592627472	1033.5625730265772	61.0
1048.825037309561	1038.1584134142533	61.04
1055.3658051669843	1037.0191922384965	61.08
1049.5550225993206	1040.7847118832308	61.12
1059.8001503685475	1043.6432431582766	61.16
1058.0450308512757	1048.3689089220957	61.2
1077.1421027460474	1064.3516063882796	61.24
1090.4609228641327	1078.224903322709	61.28
1107.2838321475722	1093.4000359022555	61.32
1127.7080352248397	1109.07051919054	61.36
1144.8158044759468	1131.4001124122144	61.4
1159.2016494167697	1147.3622554418446	61.44
1179.7073136069866	1166.7608632870758	61.48
1199.387953852529	1188.1570633116005	61.52
1225.0596574732606	1210.096823474861	61.56
1242.329754469346	1233.6258463261224	61.6
1247.4605853905434	1255.0973452885883	61.64
1258.5762027984392	1269.0145084700866	61.68
1251.348195565576	1272.0053192894911	61.72
1241.2480166811533	1256.2828435118129	61.76
1224.5130573353522	1238.5070195169808	61.8
1212.9380019644395	1225.9883647865272	61.84
1205.5040692671855	1217.2787341696394	61.88
1199.1766212076598	1210.857701505559	61.92
1197.659212848019	1199.6881355690787	61.96
1189.182241598866	1189.1922243533124	62.0
1178.3157031376456	1178.1133619587458	62.04
1170.5114862751363	1166.8724172834764	62.08
1167.1290066813951	1163.6468109165962	62.12
1165.0251216571094	1161.596093969778	62.16
1166.1721620228348	1156.5611858585762	62.2
1168.1727657503357	1155.3568270317162	62.24
1169.5713028707617	1160.3638862449097	62.28
1172.0968753407165	1174.042264272312	62.32
1192.2786118319755	1193.9891157939433	62.36
1215.6188062388132	1223.0222578142939	62.4
1253.0334912542926	1256.55842080999	62.44
1279.8029783440886	1284.7318133204226	62.48
1288.12491072447	1299.631399333057	62.52
1282.803704546819	1288.6568621894326	62.56
1268.4544873815314	1270.912295387363	62.6
1241.9394986170912	1240.0388702789555	62.64
1235.940625918483	1222.7769866188007	62.68
1237.258497074064	1208.59270513677	62.72
1245.188796518075	1214.3149456335098	62.76
1258.97146906063	1215.9546604465909	62.8
1271.2607150000376	1218.7996319186498	62.84
1282.8569525875819	1225.8856605467354	62.88
1286.8265985159658	1229.7107634233282	62.92
1277.5560649273723	1219.637952114646	62.96
1257.878907758686	1203.0104394826942	63.0
1246.009591732655	1185.0477739452383	63.04
1231.6598036591524	1174.7420669312278	63.08
1220.3758844423662	1159.1744796904916	63.12
1209.9006859940605	1147.1505728175857	63.16
1201.5683638718992	1140.3339288844872	63.2
1192.38271427748	1135.8226644578688	63.24
1182.9457691060684	1128.6471771101858	63.28
1178.5092813967713	1125.8880182090234	63.32
1178.4203985466215	1126.0942637095516	63.36
1179.3131425023196	1125.1295185401607	63.4
1183.7207950355944	1126.7113663209423	63.44
1184.3865379945578	1127.1022133487925	63.48
1184.8802027187583	1129.9799513201738	63.52
1183.4125168657401	1131.0593552893429	63.56
1182.0602999817877	1134.3194779261064	63.6
1179.8680705490392	1140.7545518207974	63.64
1181.0894698426198	1143.3017432624827	63.68
1181.2189479101512	1140.8944407489207	63.72
1177.6567183980032	1143.8848186839398	63.76
1177.6531562674904	1140.9772100063878	63.8
1176.5493978285642	1133.6851952937873	63.84
1166.9611472885042	1123.8609698069624	63.88
1154.698176163329	1113.0045142275217	63.92
1144.51439479397	1096.56387840139	63.96
1134.5215110987365	1081.1567927872522	64.0
1124.0369224394092	1060.3663314771786	64.04
1107.4020450207033	1053.4930109985382	64.08
1099.4497057225694	1030.708940916556	64.12
1088.966187393862	1022.7022380202814	64.16
1088.0571059203457	1016.4293129908149	64.2
1093.5830633977184	1024.6420558063473	64.24
1114.7571983000616	1043.480647780724	64.28
1134.0475951939263	1063.4561713086462	64.32
1154.8925170909617	1090.6757585282091	64.36
1171.2637563456765	1099.6611413637506	64.4
1180.1332314516949	1108.5326457077092	64.44
1182.6474984677106	1112.1045267859101	64.48
1193.3298014213608	1116.1111561110465	64.52
1195.8909478537928	1113.9811315391682	64.56
1190.4427570384776	1107.0425655355866	64.6
1186.5034885695227	1107.8045945052058	64.64
1173.7704408734014	1101.6396577499318	64.68
1163.0921648478036	1089.1337823835413	64.72
1155.0437921032474	1077.0209608993273	64.76
1146.2554404509692	1070.1999293097138	64.8
1139.4774765458537	1056.9170059320852	64.84
1127.5867791892795	1043.8249424225544	64.88
1120.7734031272018	1035.312746251932	64.92
1113.2508998920382	1027.566848527541	64.96
1106.985136301102	1022.6479246945224	65.0
1099.4162849162335	1017.1262759725385	65.04
1096.3571725350814	1013.4986042753362	65.08
1090.5654192711124	1007.8219625629073	65.12
1089.4185152450566	1004.8850691237677	65.16
1091.0069301850726	1006.707568966433	65.2
1090.5397916996458	1006.6469924198226	65.24
1094.0899351735393	1006.34318930739	65.28
1099.8010337351996	1008.3229192789064	65.32
1097.0269105897303	1007.8444020366959	65.36
1099.459988753746	1009.2470430414048	65.4
1102.5175302208936	1009.8498717826374	65.44
1101.0218944204898	1006.648857184674	65.48
1102.6786093260396	1010.1514580096258	65.52
1100.4215199066828	1009.9734750961427	65.56
1103.1276517384006	1012.8754480837586	65.6
1106.3936594799468	1014.2945195933617	65.64
1107.9701482386065	1015.93746062104	65.68
1098.7502066565303	1008.6985188673295	65.72
1086.8663855082675	998.6887551382442	65.76
1077.050095321111	987.4491978348292	65.8
1073.7190143459513	985.227511940284	65.84
1075.0085704000567	982.6208726173998	65.88
1076.978732832942	983.5186944361307	65.92
1082.586197436637	987.8727695833758	65.96
1084.1958412954086	989.7245010606936	66.0
1086.2757294924886	995.3949902258635	66.04
1086.2172814023618	997.729433487586	66.08
1087.6932681928138	998.9157437273917	66.12
1089.8144979664246	998.3559930960832	66.16
1092.952340215627	1002.1629384612411	66.2
1092.131872834224	1005.0845657521764	66.24
1097.2861133548483	1009.8751604144078	66.28
1098.491818032894	1010.1866870439119	66.32
1098.0237532355463	1007.2617968066056	66.36
1097.006216051942	1010.1543444450707	66.4
1094.673341901628	1009.40846430729	66.44
1097.450711911867	1009.6117668995616	66.48
1098.684591432839	1011.5663567872583	66.52
1098.4823806082827	1014.2624628082287	66.56
1099.0007168375453	1015.3378887318192	66.6
1099.404794489851	1016.2833881957342	66.64
1099.135757170751	1016.950748123728	66.68
1099.433094511348	1018.315134414751	66.72
1100.8758835065944	1019.6671707019192	66.76
1101.185119585523	1021.2786288891501	66.8
1100.0072464512316	1023.1584943090812	66.84
1100.6522520015967	1022.1356283069541	66.88
1090.735151055239	1022.1465481607969	66.92
1091.5610104822376	1022.6165473379066	66.96
1095.421587649464	1026.7726652177341	67.0
1099.3443110024584	1036.3962935851312	67.04
1103.239130167173	1045.0122760540182	67.08
1105.6670268336172	1047.7025664808918	67.12
1103.761610947631	1049.7746746877672	67.16
1099.2706245864797	1053.1313135087505	67.2
1098.9469544462554	1055.7677600362556	67.24
1093.6500742208757	1058.3336498275353	67.28
1089.36732250612	1066.1652581998635	67.32
1085.6745849056542	1060.2071827770121	67.36
1084.5263538471086	1058.2912060118827	67.4
1084.6354139779803	1060.2708312501572	67.44
1087.8257330058286	1064.6812489273661	67.48
1088.7075941316298	1064.8456141258127	67.52
1090.959820626442	1067.1404480126814	67.56
1094.2384279077703	1072.013181758749	67.6
1090.5896407986882	1074.5995289650998	67.64
1094.3541005954148	1075.523580438446	67.68
1097.2371668063977	1077.1512483824195	67.72
1098.7820774341626	1078.1921119594062	67.76
1098.872636125317	1078.92316866446	67.8
1100.3317522750976	1076.0284992128913	67.84
1104.454641092528	1068.3033384891103	67.88
1101.0244674277692	1058.9251821134114	67.92
1096.227746723623	1058.001773647772	67.96
1089.4652862590794	1058.2744417050428	68.0
1093.2797435700077	1066.9043688142483	68.04
1100.1830700393818	1076.8795322855556	68.08
1113.745317561977	1095.9842866269064	68.12
1140.6526486237526	1129.731085270658	68.16
1186.7152682723356	1187.1875431238311	68.2
1247.021842407907	1258.9982449031356	68.24
1319.731316185811	1319.7634652488764	68.28
1397.9405073666685	1379.409376371822	68.32
1465.5263195315881	1415.7794159961304	68.36
1527.0647816812739	1452.441390907151	68.4
1607.9985125451462	1509.38147078112	68.44
1687.6695455454085	1583.6570666738535	68.48
1794.2688608228282	1676.0393818970408	68.52
1891.535493235526	1770.5713716451896	68.56
1969.9542209515112	1869.5055585273878	68.6
0.0	0.0	68.64
0.0	0.0	68.68
0.0	0.0	68.72
0.0	0.0	68.76
0.0	0.0	68.8
0.0	0.0	68.84
0.0	0.0	68.88
0.0	0.0	68.92
0.0	0.0	68.96
0.0	0.0	69.0
0.0	0.0	69.04
0.0	0.0	69.08
0.0	0.0	69.12
0.0	0.0	69.16
0.0	0.0	69.2
0.0	0.0	69.24
0.0	0.0	69.28
0.0	0.0	69.32
0.0	0.0	69.36
0.0	0.0	69.4
0.0	0.0	69.44
0.0	0.0	69.48
0.0	0.0	69.52
0.0	0.0	69.56
0.0	0.0	69.6
0.0	0.0	69.64
0.0	0.0	69.68
0.0	0.0	69.72
0.0	0.0	69.76
0.0	0.0	69.8
0.0	0.0	69.84
0.0	0.0	69.88
1529.1060337785032	1542.0257115874858	69.92
1517.805273824569	1530.477472627586	69.96
1506.705640310395	1520.2571539600626	70.0
1495.1061051475554	1512.0047943015973	70.04
1489.8471287740283	1507.0190674873425	70.08
1485.6749260371232	1505.6455570074718	70.12
1483.623796760787	1508.893913506219	70.16
1478.9764187391397	1502.6445878587058	70.2
1469.5938895312504	1489.762265693803	70.24
1459.2135493357744	1472.416485164251	70.28
1447.84469846525	1456.932455840854	70.32
1437.862975630658	1441.132460611497	70.36
1429.895675798058	1431.1764486349362	70.4
1427.889431101382	1427.6955449000297	70.44
1428.0711064868597	1426.6047163374576	70.48
1428.9893521621143	1428.3279064313374	70.52
1430.6734412236715	1430.5581115414623	70.56
1431.4454765325088	1432.2999529060608	70.6
1430.5965096150271	1431.7951129614216	70.64
1430.7856134807678	1433.1338185159123	70.68
1432.4231939729939	1434.0831123545784	70.72
1437.9161662983447	1438.2597357143798	70.76
1445.8673370453164	1451.1865904184733	70.8
1447.7725369121556	1463.530797459956	70.84
1447.7492701844528	1470.4849392701137	70.88
1445.3515155795444	1469.1346105816474	70.92
1444.0983040764606	1465.531676849686	70.96
1443.0805404464206	1460.646081292031	71.0
1443.8874463351779	1445.4492688060384	71.04
1441.8772657709076	1427.1149976974687	71.08
1439.7233568224754	1420.3171436355317	71.12
1438.9191981794509	1419.2477618009657	71.16
1442.6148468800538	1427.8578339113928	71.2
1445.2789614287608	1438.2681558549657	71.24
1447.853519393329	1442.4692081224234	71.28
1448.5279306946634	1439.4834937869095	71.32
1447.5298919145796	1436.9147074638208	71.36
1447.269677292941	1434.6648481666325	71.4
1446.215240840542	1431.7823708830213	71.44
1449.1955783386506	1432.6886324107124	71.48
1450.866884915416	1432.642833248421	71.52
1453.744920864904	1433.6795818583523	71.56
1452.1044997474294	1431.7027113297056	71.6
1453.3001636854526	1432.7151623503858	71.64
1452.6670904754567	1431.9456854433251	71.68
1452.4862579286662	1431.8395262073225	71.72
1452.5300541280747	1431.5017413561013	71.76
1455.051134711136	1432.2691893050683	71.8
1456.1026915366263	1434.797437514234	71.84
1458.0651783636008	1434.3744058996479	71.88
1459.335904178241	1433.7692933120334	71.92
1461.5017748842865	1436.1518704757036	71.96
1460.5882201497386	1435.5619080303156	72.0
1461.597225940782	1434.9589222466204	72.04
1462.5486511819984	1437.2785884424045	72.08
1465.0204635448042	1435.801297336454	72.12
1465.701294616988	1437.4868117214544	72.16
1470.1715966295621	1443.0901967269072	72.2
1472.0122219955967	1445.4874745792488	72.24
1473.2295819636963	1446.08481200114	72.28
0.0	0.0	72.32
