Thumb_L	Index_L	Time
0.0	0.0	0.04
0.0	0.0	0.08
0.0	0.0	0.12
0.0	0.0	0.16
0.0	0.0	0.2
0.0	0.0	0.24
0.0	0.0	0.28
0.0	0.0	0.32
0.0	0.0	0.36
0.0	0.0	0.4
0.0	0.0	0.44
0.0	0.0	0.48
0.0	0.0	0.52
0.0	0.0	0.56
0.0	0.0	0.6
0.0	0.0	0.64
0.0	0.0	0.68
0.0	0.0	0.72
0.0	0.0	0.76
0.0	0.0	0.8
0.0	0.0	0.84
0.0	0.0	0.88
0.0	0.0	0.92
0.0	0.0	0.96
0.0	0.0	1.0
0.0	0.0	1.04
0.0	0.0	1.08
0.0	0.0	1.12
0.0	0.0	1.16
0.0	0.0	1.2
0.0	0.0	1.24
0.0	0.0	1.28
0.0	0.0	1.32
0.0	0.0	1.36
1222.7493306672711	1235.9356022558152	1.4
1149.590151125745	1154.7759365006282	1.44
1078.172602731926	1084.6967898866994	1.48
1021.9575452787872	1025.773732777059	1.52
974.0001928016436	976.8402004427614	1.56
941.4571838041263	936.09361430956	1.6
922.3609297600542	898.5580519569162	1.64
921.3200923207693	892.7707987856628	1.68
946.9103653273601	896.7805403301189	1.72
977.4487751834506	908.8934609596247	1.76
986.1814992298978	917.268868884005	1.8
1000.3592001163798	927.2952579945704	1.84
1011.3395429404271	948.6012987401687	1.88
1017.5716247759766	968.6101964247391	1.92
1019.729712805228	981.3801021563376	1.96
1021.0012638834129	996.5984144529394	2.0
1018.3673725571532	996.6715392432882	2.04
1012.4313567545485	984.6307314762929	2.08
998.3457633885122	975.8586278382493	2.12
990.2073748774786	969.6345573358751	2.16
982.1426151025097	965.2124521453742	2.2
976.9341853495372	960.1971336018175	2.24
978.4517344911858	960.6210519506988	2.28
981.5072577946901	965.2426068706791	2.32
986.6196735789634	969.5781693572941	2.36
987.7027929703294	972.8140827766765	2.4
991.5939061920272	975.8600409335164	2.44
996.3565340456072	982.7756319588464	2.48
1002.4811160800357	988.8878596516753	2.52
1010.5676595202658	997.4561974236595	2.56
1019.3705427859412	1006.2094902697098	2.6
1030.0478680469666	1019.6591830494626	2.64
1041.8583013939467	1034.7155227555154	2.68
1047.3723582134676	1040.0415821474805	2.72
1027.1704676108286	1014.681966185218	2.76
993.242947953745	975.5136514769474	2.8
966.7503109787461	963.7775663007221	2.84
948.8811632886433	959.3586138234048	2.88
948.005092271568	942.5073463365497	2.92
952.9154178832134	943.630508259468	2.96
961.3721760273862	942.0036398426299	3.0
971.1339259229253	942.1219035887839	3.04
971.3532604497043	936.5001626560121	3.08
961.7720978436503	921.564018887773	3.12
957.665673075755	920.3070086235938	3.16
960.6016623187293	927.9012933240701	3.2
965.046545688197	939.3189371908712	3.24
967.8100152562166	952.1435737024048	3.28
974.6953505470146	958.0599328374337	3.32
994.8338302416543	971.8962275325913	3.36
1011.8006536034165	990.7243118374294	3.4
1025.1296315279235	1001.3618349144814	3.44
1033.6009806622267	1010.1702888031177	3.48
1030.7922327528013	1011.662203924946	3.52
1026.2276301796007	1006.0088816779752	3.56
1022.4621752523689	1002.2400512791461	3.6
1016.3555833103669	993.1113644670954	3.64
0.0	0.0	3.68
998.210641969977	950.5341322847362	3.72
967.8746511996551	924.1417232372742	3.76
918.5358524206669	916.7473477277896	3.8
922.8200439513179	929.7798657666515	3.84
932.3067798327168	947.1353603190291	3.88
951.5549594018379	950.7317970847354	3.92
969.9348631018756	958.5260356059429	3.96
998.2552171779145	964.8488047545243	4.0
1011.4438769704263	954.3157427547227	4.04
1023.386435748197	947.8750238532419	4.08
1033.8514033512304	940.7386946592106	4.12
1048.0814395922594	938.8065916391032	4.16
1052.0010722623535	933.7405575796829	4.2
1040.9359177541628	928.4822085394062	4.24
1036.430028106904	929.6750550498307	4.28
1023.2851943632551	936.7314227736059	4.32
1022.8874496254797	946.8172342329569	4.36
1018.4577196971558	952.1967193298703	4.4
1017.9292764951854	953.5505420412206	4.44
1021.8656819982931	966.8096869320199	4.48
1014.4273582304405	967.7585735467153	4.52
1009.2695739591079	966.2687528187031	4.56
1003.4877376628016	971.2138938812802	4.6
1001.2243335983717	973.0630270111863	4.64
1003.4355914595758	972.1936206355421	4.68
1004.1119927429041	976.4152635485042	4.72
1001.9444157368704	973.0445261342528	4.76
986.6829603062733	959.0159828527096	4.8
962.4818269536488	930.3386778788968	4.84
931.7625436184211	898.4175842610554	4.88
909.9099997340206	869.6562530330623	4.92
892.6378915796553	850.8401595833872	4.96
880.3318940473467	836.0587078883684	5.0
870.3303880392442	824.2243998641321	5.04
860.8090091484262	808.526797472997	5.08
852.7796937510835	797.2368046222459	5.12
848.8062062012328	795.767104120772	5.16
846.435592905379	793.6133254724466	5.2
846.2769231502597	791.8260446079294	5.24
844.1962408094545	803.5406985014961	5.28
849.7543631684692	798.8319293681134	5.32
853.7863016147818	810.6291023720735	5.36
858.6712695931234	816.8238876944185	5.4
857.4568704436662	819.7480013845181	5.44
866.1025964217339	821.5113272375537	5.48
867.3137347258744	827.819611773886	5.52
873.3019283737449	834.7526258882814	5.56
872.8612459047197	834.1240899283935	5.6
875.4256919367809	837.8956593179009	5.64
874.2237080763372	830.0594017185741	5.68
882.2854428737661	847.7769872045744	5.72
885.9449490531516	850.0595155702033	5.76
891.3569947223328	857.2398860975579	5.8
884.9307264516526	838.3167042868782	5.84
884.8187352058469	851.0219369908306	5.88
878.8211517924326	848.1556998660369	5.92
873.1220106849036	839.8838953928067	5.96
871.9741014546847	831.2309087786763	6.0
867.1682180402211	833.2603931360219	6.04
864.0936366261202	829.9766458058251	6.08
860.8663351817795	832.1443831986772	6.12
854.7914867445218	829.3195822819538	6.16
851.9430350412194	822.8554683260454	6.2
850.5218004064046	814.6598628390615	6.24
852.0581136938051	810.6029861268869	6.28
851.1872260618698	801.2139912784122	6.32
856.1551235901189	809.8802102688555	6.36
854.9827394217683	821.7574387623952	6.4
858.5243406883068	821.8313993437487	6.44
858.3902902147903	814.5973498147686	6.48
857.0317542119753	816.586648862015	6.52
856.9895651833723	811.6699368831949	6.56
857.5646594792257	821.3088844828773	6.6
857.8677598621168	819.7386173265592	6.64
856.0698374895944	833.9833106004303	6.68
855.9585026113554	835.2061222522796	6.72
853.8858407777498	829.6972804956355	6.76
855.9515214368098	823.6745888156554	6.8
854.0085561828065	831.1536144020921	6.84
852.474005203142	829.6918578015576	6.88
857.1068352388452	822.0507729918346	6.92
856.9693011158134	821.456379754713	6.96
857.3382371739337	821.6033694765895	7.0
851.8092283081864	821.896585513858	7.04
848.9857779665956	826.8554338402156	7.08
845.3824226961568	827.2498991786365	7.12
843.159989847152	829.6537602943745	7.16
840.779857878402	817.1520837581405	7.2
840.9009163075258	813.3864057159554	7.24
844.0903462648063	811.3262484634696	7.28
846.3835777070426	810.381050754469	7.32
846.8023234936351	819.2599873262398	7.36
844.2209109764646	819.6732276398074	7.4
841.3367072536462	818.7704298293377	7.44
842.6226114558563	820.4818033440264	7.48
841.6567026964146	817.0254445178775	7.52
841.3651661451223	832.685904929009	7.56
844.7196826808396	822.2526683304411	7.6
845.8596713968915	823.0808248559881	7.64
847.5662957209307	824.4925261986443	7.68
847.3083132673373	815.2110788773678	7.72
846.2583647525119	810.4593011823316	7.76
849.2070692696876	816.5763416347957	7.8
854.9972554605789	832.4777013570098	7.84
856.873838141934	827.0422607625015	7.88
854.4798624768762	819.8162765516528	7.92
854.3651881311453	821.6136622665017	7.96
852.2138384496509	820.3880435281203	8.0
858.2580184636779	834.3988206978697	8.04
867.0285745441661	847.0868210430353	8.08
878.2159507876523	867.760958763357	8.12
875.535367699342	839.6831233792018	8.16
880.0816887931377	851.8259819826527	8.2
881.7060381554469	859.8657452025036	8.24
872.1737550373758	843.9941727201144	8.28
866.830226525335	852.2559032526914	8.32
865.2347670104696	842.4316319975818	8.36
860.6564554230597	844.9119836928007	8.4
858.6188147558087	848.6775129106189	8.44
854.4878360069272	850.3097442720841	8.48
849.9929709654756	842.7273211370259	8.52
851.7210209121042	842.6652341392905	8.56
851.8864345330933	842.9064596706353	8.6
852.564192345408	842.8509220810871	8.64
848.1432701295896	841.1828859891814	8.68
845.7193370119688	836.2110088910798	8.72
847.3348832041427	833.6345723405125	8.76
847.5840806671914	831.5926158874228	8.8
847.4613268959706	833.7168526394018	8.84
851.0809103047505	819.6088678731719	8.88
854.8907093254339	834.9985259143325	8.92
852.1069627735274	828.7288476748429	8.96
848.2527872997927	822.3339418549806	9.0
842.5936936570637	823.5834521095699	9.04
841.7943735562271	821.0035086058947	9.08
837.9317419783503	811.3402894633798	9.12
837.7148398050246	816.0351735968271	9.16
836.4467078486258	814.8971228916743	9.2
838.6132227410471	811.6498874007686	9.24
840.4945551984563	817.1533782944636	9.28
841.8790872106927	817.987494062675	9.32
840.5071295873306	826.0513039461249	9.36
837.8308937460442	821.0728648305443	9.4
838.188922553355	819.7435686037012	9.44
843.5994846305607	835.390784179752	9.48
847.650496659406	813.0056906935868	9.52
854.9895563586725	824.2772028030672	9.56
854.7580798995405	815.4274137242412	9.6
858.1561221561841	809.4547519392307	9.64
859.3765110889633	810.1763686257596	9.68
855.3168454775204	804.6438929142594	9.72
853.4295014123433	804.2119880200471	9.76
850.5749008761805	824.0072936460407	9.8
848.1964478773575	842.900859095522	9.84
844.5802368186519	846.3416265161923	9.88
847.2247759520181	841.8132038529105	9.92
846.8891555039701	846.1749832661475	9.96
849.8049448057568	837.343477922271	10.0
853.0728228745896	839.3007576802547	10.04
860.5061764766729	857.2985553057898	10.08
862.2835410874441	851.3766531950268	10.12
866.0011757867122	838.6556000267317	10.16
870.9581046649246	831.359637859965	10.2
863.4658756496658	836.2183034555183	10.24
852.7127110853334	849.0968128358129	10.28
843.8851299745534	831.5444326949059	10.32
841.8868914791359	822.4972274082073	10.36
848.0534906574441	820.9664381120405	10.4
846.8063538351589	817.7735757265173	10.44
847.6657493465934	833.4632693283177	10.48
848.1095342165125	832.7262116084707	10.52
850.1946505827814	823.0517168910385	10.56
854.19105471018	810.4797355755397	10.6
852.8244198166393	808.9529006844655	10.64
841.1934376728288	809.9400570174256	10.68
834.4622976383604	785.6379483199408	10.72
830.4096238598089	778.8065397981374	10.76
826.7586205748155	775.8165142656575	10.8
828.1622973304069	764.001642169433	10.84
832.4768995429203	778.31433700937	10.88
833.0339778509643	795.3410062474019	10.92
834.965354701605	801.4730658903474	10.96
829.5030985706604	809.3986557591135	11.0
832.143809728045	811.2055372006795	11.04
831.4704355903725	809.150982186865	11.08
832.4045148376027	801.1222710772001	11.12
829.5217898327747	799.6997004527333	11.16
823.0754773186418	790.0609807463287	11.2
820.6770103602842	794.7623326492372	11.24
820.7679634821353	778.7070646789896	11.28
818.0710476153687	772.3814150932642	11.32
821.2378871792948	767.6523269674897	11.36
817.9707169206149	763.1513398528374	11.4
815.2854743836584	772.9160530990843	11.44
817.6971958688524	771.1577349704276	11.48
814.0982102753372	769.7541203937823	11.52
815.8407556398137	776.2111782000628	11.56
809.6064613482624	757.280303110851	11.6
806.8019706052595	750.2648010723715	11.64
785.3045960148572	773.0893187039085	11.68
745.6969293574823	734.0271274095852	11.72
717.3547350776221	720.2270082818934	11.76
717.3712741236437	707.7170590840414	11.8
734.7508358718032	681.2422358276453	11.84
753.3377767002625	673.4443058822892	11.88
753.7907919311735	723.8429247410344	11.92
748.9209695124393	735.0770120886707	11.96
744.1430023722403	736.6542597211148	12.0
740.2896582502276	732.2243691162178	12.04
739.3421277569247	724.198759778935	12.08
738.6702112739031	723.7589687565768	12.12
742.0013465530023	730.8922093146025	12.16
745.3089599098261	732.8591309670024	12.2
746.2785501046081	725.4819497787807	12.24
751.2260513281143	739.2980713003328	12.28
753.1140565746199	733.2762026634931	12.32
757.0416358793534	730.7089589075779	12.36
766.5475265819032	739.6151397643471	12.4
776.7009111710723	754.018280523631	12.44
791.2784007038698	771.8704627370676	12.48
804.4157784657547	780.484147738786	12.52
813.0461306702989	786.9044206500328	12.56
823.0629129150606	789.1002446492816	12.6
836.7922080088862	800.0736395400693	12.64
848.0384371157471	802.0201888853655	12.68
870.000623576239	825.7370212379215	12.72
895.7495829144813	834.3023302209062	12.76
922.9736842610533	847.7806443159496	12.8
945.397097521932	869.5557465789841	12.84
960.7289979017207	889.9973954135414	12.88
973.1696871355344	890.1448111513694	12.92
984.3619530541429	897.5949026975348	12.96
998.624258861167	905.2877719601527	13.0
1014.0973077123807	920.735505841281	13.04
1029.4471472641349	948.0194283596811	13.08
1039.9542976271516	972.3941056347123	13.12
1047.8778037776394	962.273679665857	13.16
1056.0671615180875	979.9397652200523	13.2
1061.0511056802627	984.6719184746458	13.24
1063.4211095327637	988.2163072279545	13.28
1069.5496598583636	995.5553388281764	13.32
1088.1733204644565	1026.597720535448	13.36
1109.5222058408435	1038.9866236940634	13.4
1128.631605823167	1040.3421461347377	13.44
1144.7127544880111	1042.6094912436888	13.48
1130.994961697288	1056.6450617497474	13.52
1089.276035701471	1065.076153995397	13.56
1065.4176299984895	1064.5676281287676	13.6
1051.138471638987	1067.8552378222385	13.64
1039.0685133517372	1018.4915560424275	13.68
1023.6458978823397	989.6774338359874	13.72
1008.7213680800711	957.1959626495134	13.76
989.5045647381448	940.2272069849133	13.8
982.1324721225989	898.4667505529953	13.84
967.8932945959518	888.1243138626346	13.88
970.6302998244838	952.6422210119312	13.92
972.3944209609381	983.2541665371441	13.96
985.2779497919945	994.0243708673029	14.0
988.4646520523609	977.2048872092452	14.04
1001.7735680632403	988.5670237213715	14.08
1001.0583774923925	986.444972072086	14.12
1016.6910703355304	1004.6308779586985	14.16
1019.1433207708196	969.0176763174023	14.2
1031.2578852083725	996.9798062719353	14.24
1010.5306318747165	1000.1691671451217	14.28
1010.1595169543361	963.5081600482638	14.32
991.6544658330605	972.2903420124708	14.36
990.6914391047068	973.1934769903665	14.4
985.5130549361658	972.8374017840239	14.44
977.3959156735388	963.0127975351814	14.48
971.0817460754714	958.915218444257	14.52
962.1395678782523	959.3665174104708	14.56
959.8121317368241	955.1934849993655	14.6
948.478247659385	952.7042782233008	14.64
934.8044961684307	952.093692810582	14.68
921.7527886720953	933.4238277005753	14.72
916.6298969792778	935.1119447378286	14.76
910.903452453224	903.0375757499767	14.8
912.4756651768427	923.4082675593569	14.84
909.4564920233832	924.598918714175	14.88
915.2671669149959	900.0712649638926	14.92
906.8725133369173	921.0263065003418	14.96
902.0067077227317	917.035917801376	15.0
905.500990434519	927.708756860757	15.04
906.9102500468026	901.5579630518791	15.08
908.5669446736193	934.0328473612248	15.12
904.0040234135233	908.6790209156643	15.16
903.1723244286056	919.6361903784999	15.2
904.4490405324897	907.8793200740207	15.24
904.4908648244245	911.378384882197	15.28
907.184906429311	917.7240311453179	15.32
911.3068457657822	918.1105899412358	15.36
910.0508787365317	918.7152657842851	15.4
906.6508183121467	922.4897366733215	15.44
904.381894824657	916.2827577132184	15.48
903.5115550987899	915.8124650399178	15.52
905.7668779056145	910.6379205568971	15.56
910.4741914406399	924.45184013217	15.6
904.757029203557	929.8344227609813	15.64
903.3869479080141	930.2019930939404	15.68
907.786873750924	950.774625241724	15.72
923.899277185342	969.8034471388418	15.76
945.849443221759	995.1847741336353	15.8
955.4837293394386	1025.9480414319144	15.84
960.7988547711551	1040.4621889794405	15.88
980.6763513504345	1025.015502147511	15.92
987.5684576018084	983.7127097060342	15.96
989.8036410703149	1004.055159780586	16.0
1008.3301136533897	1074.616503302615	16.04
1018.8491534180085	1031.9210723172541	16.08
1036.5592458844035	1099.6634507944534	16.12
1045.2315761189984	1112.4160361573586	16.16
1055.451427716265	1121.3061940290168	16.2
1063.617640461852	1133.2993321263066	16.24
1067.9125877128245	1132.6022819242119	16.28
1062.8596930355532	1128.395899086014	16.32
1059.7132311114797	1112.1461931604208	16.36
1049.0951407541522	1100.559882751969	16.4
1042.4981765187435	1094.611339491744	16.44
0.0	0.0	16.48
1023.5354964577501	1050.970563126282	16.52
1009.7409406903199	1051.0917619666475	16.56
1005.181224445763	1040.223118601221	16.6
992.0203392459015	1041.2170569492864	16.64
983.5207001810919	1032.4009328577995	16.68
976.8626018291216	1031.2186777151503	16.72
968.879143758238	1030.1936669824443	16.76
962.0819957998593	1026.2582895851535	16.8
962.775878320786	1023.4897338900101	16.84
956.2079561257292	1020.0431114234816	16.88
954.8853768478098	1016.0903609727462	16.92
958.9734943736878	1023.4363823576497	16.96
950.3467941341926	1017.7810709440896	17.0
955.2889138707839	1020.9466279851347	17.04
954.9039564750484	1019.5706885390039	17.08
950.3399715968997	1011.6936981587645	17.12
946.7523501452299	1006.1235578605482	17.16
941.9579533250981	1003.0711773231052	17.2
942.0189993825136	1005.0627069917598	17.24
942.5418601289143	1005.6743238136271	17.28
937.3817901233766	1007.2336087951026	17.32
937.9555130818061	1005.5501287750769	17.36
936.1424288506818	1003.8846137886611	17.4
933.4008734948883	1005.2151015614389	17.44
935.4133121036465	1001.8402252502995	17.48
936.2369714923074	1005.0142582390413	17.52
936.9551725107482	1003.6936963755657	17.56
939.0510988412937	1010.9351555918549	17.6
935.2452522354232	1000.9425424070474	17.64
938.0619645721586	1002.6342304530538	17.68
935.6137318551631	996.8473367180358	17.72
937.6043951250261	1001.0767448232695	17.76
939.6077534629911	1009.0862604622445	17.8
939.155886202515	1005.818443713303	17.84
938.9292781504328	1001.2861166049844	17.88
939.2804874279758	1007.4616000113565	17.92
939.147738463025	1012.1577993139955	17.96
940.206749913323	1008.586428620901	18.0
942.1584376941453	1012.650265561448	18.04
938.2466675521209	1005.7151802976626	18.08
941.3103105820221	1005.9967443335121	18.12
941.7675752586438	1006.1732744320731	18.16
941.464266244361	1002.6757363992929	18.2
940.12873516199	999.3938000377525	18.24
944.6848896904241	1003.1319496328794	18.28
943.817968937216	1015.5630172440567	18.32
942.4091237368503	1003.6354868905169	18.36
943.5455830150619	1010.4155543591141	18.4
937.8234428639712	1003.6622636849495	18.44
944.427875057732	1007.591870661101	18.48
943.5556559399078	1010.6419954088232	18.52
942.7865622682792	1009.6417445778936	18.56
943.428897122177	1010.918952401582	18.6
943.7111553413782	1007.6420618437145	18.64
943.7238243400881	1010.9108063654883	18.68
944.4012037144208	1011.8315450253622	18.72
944.3373218241026	1009.6874823795408	18.76
944.9455394228629	1010.3027663070842	18.8
943.470967976417	1005.0858647620963	18.84
946.0247010745462	1010.4599470786977	18.88
945.6171672600407	1009.4780815855678	18.92
944.7596628975914	1008.2303712433987	18.96
944.2737116219845	1008.447945458162	19.0
943.9254059183637	1018.1439656742472	19.04
943.8659601900865	1013.676366381136	19.08
946.757203068914	1014.5470145047102	19.12
951.1826954928531	1013.9074877776434	19.16
961.9582565494244	1019.3717591505105	19.2
1010.124941796524	1065.5108614024468	19.24
1079.0799481336503	1148.8755647700843	19.28
1180.0198880155158	1241.3060109182459	19.32
1306.374873327418	1375.6991722295907	19.36
1431.3939480399495	1475.3358989502858	19.4
1558.0275406081287	1603.823794048353	19.44
1716.449281977957	1782.841241142163	19.48
1770.4182335439596	1838.7954083567922	19.52
1836.6471157772705	1891.5100356355508	19.56
1888.2606131278	1953.4552852513566	19.6
1929.3845958183288	1984.9575006903285	19.64
1962.117465902137	2026.2262303510859	19.68
1993.02285807039	2070.1790365561833	19.72
2019.6452576073016	2107.8229574825837	19.76
2057.9663715713696	2131.756585222393	19.8
2085.4775052254195	2149.0186759175936	19.84
2105.729571908391	2149.8633245310907	19.88
2110.29962350302	2140.2140402870737	19.92
2121.993010861235	2145.2198244992883	19.96
2121.6045613770925	2146.0556621475857	20.0
2120.478686594785	2144.8284379734623	20.04
2114.726640912416	2131.7961287853927	20.08
2125.383392747845	2143.1715286097024	20.12
0.0	0.0	20.16
0.0	0.0	20.2
0.0	0.0	20.24
0.0	0.0	20.28
2118.8118441401134	2004.8674973348448	20.32
2107.954764966704	2151.148458158873	20.36
2122.1977545230657	2121.8060937197633	20.4
2128.2104302567977	2153.329342038189	20.44
2129.524166182138	2143.3364856247686	20.48
2129.730285290042	2147.113396627364	20.52
2125.3582401412964	2135.122605010833	20.56
2121.3165347275913	2128.3442027296637	20.6
2128.8266721872433	2143.1324599811173	20.64
2126.7671272131583	2145.2630595046385	20.68
2127.2822803898466	2145.653444825123	20.72
2124.1245231473686	2130.5110821988087	20.76
2126.0879627547815	2145.7355687403547	20.8
2127.1749949021532	2144.216378674071	20.84
2130.092525821296	2147.5993641305877	20.88
2128.6899830473562	2147.1297136596672	20.92
2129.4677484132976	2144.5693528841207	20.96
2126.318988616571	2140.465215196791	21.0
2124.5915786217774	2136.3290810432745	21.04
2120.6690351780067	2139.4560855767595	21.08
2119.5602324314436	2130.8816128066487	21.12
2119.406840447727	2135.8492590446112	21.16
2120.509487557698	2140.8962230061893	21.2
2125.236184018966	2152.1438059228285	21.24
2127.3796307924795	2158.489447038464	21.28
2124.0829817637837	2151.833398905855	21.32
2124.8770590891622	2144.4792090183423	21.36
2122.329539373241	2141.6813797597206	21.4
2123.1234448555056	2142.8912609933855	21.44
2126.0160718868988	2139.517393533512	21.48
2127.2791605244142	2143.52140613573	21.52
2124.9392727816476	2134.831428920256	21.56
2124.407224806976	2135.980905413055	21.6
2128.9421730561444	2146.979984453285	21.64
2125.680002160616	2143.5166854865847	21.68
2121.5086476499287	2151.429123636102	21.72
2119.892083357981	2151.5702280561	21.76
2126.352108176463	2150.1189336893503	21.8
2120.0216911367515	2142.3278038748726	21.84
2122.1607060095075	2153.937102568144	21.88
2130.9549032245595	2153.5993858199654	21.92
2127.00985852389	2154.4623860786055	21.96
2125.715623690393	2154.3009656938852	22.0
2118.902033217793	2142.572703202033	22.04
2123.039726691347	2153.082713117953	22.08
2125.7098276896368	2154.1968029589325	22.12
2124.468469112801	2156.58731039472	22.16
2123.763214228932	2161.1678860191796	22.2
2122.6325022189653	2155.4359276095606	22.24
2126.8400942035373	2160.806658092163	22.28
2126.703946934915	2160.482343080512	22.32
2122.242516149345	2161.7097396201743	22.36
2126.2004721827384	2160.632069966454	22.4
2130.0234205317906	2155.2510618995598	22.44
2130.0585295287888	2157.648416869952	22.48
2129.0191937249688	2151.354511048515	22.52
2128.5026637540295	2151.2737012327984	22.56
2125.8100948554593	2149.5527672397902	22.6
2126.6031096572774	2149.233564545763	22.64
2122.2348923432714	2152.1986209366914	22.68
2126.2982877109703	2152.381320196303	22.72
2129.3973726668605	2155.3312080812566	22.76
2127.2118032284675	2148.9804193874447	22.8
2131.8477703816607	2157.6849982785807	22.84
2130.834518752376	2157.1422837665673	22.88
2128.2430617335413	2150.9951602564865	22.92
2129.3098727847378	2154.6992529739914	22.96
2134.370637997935	2155.480026667348	23.0
2136.133146233368	2159.4863005732263	23.04
2134.032506590406	2149.272843776489	23.08
2136.1267523360857	2159.997753690774	23.12
2134.710948875153	2161.4196490530526	23.16
2134.843279133641	2159.1799756925725	23.2
2136.866445478914	2159.880517580133	23.24
2132.9729658794886	2156.179779176231	23.28
2138.7728019653887	2159.3077317343746	23.32
2136.496176924306	2163.2352886260173	23.36
2131.9859375539313	2152.03753844659	23.4
2132.2849607531875	2146.8738887579493	23.44
2136.8509560675425	2160.064814018934	23.48
2136.2082845113805	2156.594582511132	23.52
2131.2808388615804	2145.6298016515416	23.56
2137.645238713692	2155.8026514834487	23.6
2137.8826469394135	2157.737708840223	23.64
2138.176660723011	2160.9458948794804	23.68
2140.0004044246252	2163.125863383359	23.72
2138.364489448394	2160.0969108448667	23.76
2140.0497374705187	2160.0371007783497	23.8
2140.173417178831	2165.850861265264	23.84
2137.1434427776776	2156.680949692039	23.88
2137.7192744336708	2159.1869451619114	23.92
2137.7166299973887	2155.254938259871	23.96
2137.061235569229	2153.6508470705553	24.0
2134.5312838561576	2157.4688398120134	24.04
2134.909938816014	2162.3736254853097	24.08
2133.089485741357	2150.1512964957437	24.12
2134.837448588472	2149.8127415610916	24.16
2133.4878052319827	2148.6581162941056	24.2
2136.8426959137005	2158.0003342402956	24.24
2135.426911680233	2156.3617074611752	24.28
2131.223865089913	2147.7093486673293	24.32
2138.767310115439	2160.0865585802317	24.36
2132.290331782054	2153.402912857947	24.4
2135.6707644317034	2156.792138302626	24.44
2135.3604736057187	2153.1903132672774	24.48
2138.685390047189	2164.5341029934757	24.52
2135.407723073865	2157.290707571763	24.56
2138.7141709867055	2153.964658255074	24.6
2132.2633098622387	2152.8650890641948	24.64
2135.26414423995	2161.207676557784	24.68
0.0	0.0	24.72
0.0	0.0	24.76
0.0	0.0	24.8
0.0	0.0	24.84
0.0	0.0	24.88
0.0	0.0	24.92
0.0	0.0	24.96
0.0	0.0	25.0
2120.6885721505214	2018.4017701858568	25.04
2107.3042878753245	2163.252858375245	25.08
0.0	0.0	25.12
0.0	0.0	25.16
0.0	0.0	25.2
2122.3010872789946	2015.73599701759	25.24
2119.0647511796838	2154.1929217755815	25.28
2128.1921526119663	2151.1977442770694	25.32
2132.125245022535	2150.608124996278	25.36
2134.462667265395	2156.2013012117413	25.4
2134.662025010511	2147.7522474607326	25.44
2135.3852311601863	2158.452288891369	25.48
2137.3571825956637	2156.611968856672	25.52
2136.0048145465685	2159.5290187183214	25.56
2135.4194177458116	2154.01094047413	25.6
2141.544176366669	2160.2645830330603	25.64
0.0	0.0	25.68
2119.3614682849607	2042.1315612935828	25.72
2098.2359831251665	2159.8806091305246	25.76
0.0	0.0	25.8
2122.6935086998706	2027.7844603905687	25.84
2122.319852316461	2139.3375495069618	25.88
2128.895244321652	2148.9716958068525	25.92
2134.976904230159	2151.7000868533078	25.96
2136.0139341195586	2149.702070598404	26.0
2135.3201889886323	2146.384419964415	26.04
2132.9619420217878	2146.985423242206	26.08
2136.499466697691	2152.9381526306665	26.12
2135.097032143505	2156.137687071228	26.16
2135.4578386840385	2161.265403076989	26.2
0.0	0.0	26.24
0.0	0.0	26.28
0.0	0.0	26.32
2120.807062800207	2031.4893584326985	26.36
2116.9531580116063	2169.0507378123007	26.4
2133.828118987684	2147.072469634592	26.44
2132.5212406551004	2150.50230982308	26.48
2131.8167311988036	2143.0108391858935	26.52
2133.107640515154	2150.3206657360283	26.56
2133.8172472585284	2150.716184729349	26.6
2136.5493986622178	2161.6012839207497	26.64
2136.7296512279145	2144.239727556541	26.68
0.0	0.0	26.72
0.0	0.0	26.76
0.0	0.0	26.8
0.0	0.0	26.84
0.0	0.0	26.88
0.0	0.0	26.92
0.0	0.0	26.96
0.0	0.0	27.0
0.0	0.0	27.04
0.0	0.0	27.08
0.0	0.0	27.12
0.0	0.0	27.16
0.0	0.0	27.2
0.0	0.0	27.24
0.0	0.0	27.28
0.0	0.0	27.32
0.0	0.0	27.36
0.0	0.0	27.4
0.0	0.0	27.44
2117.5441115135122	1999.8657874968055	27.48
2096.207344212922	2156.056912013794	27.52
0.0	0.0	27.56
2119.683625291253	2003.549547103377	27.6
2117.058491168894	2165.8984038907747	27.64
0.0	0.0	27.68
2109.671103841782	2087.2095757742327	27.72
2129.463442201304	2144.685461349687	27.76
2129.425219606888	2130.2301643551746	27.8
2131.1839166937507	2143.316372623049	27.84
2130.043842399469	2143.013425163405	27.88
2134.0374339792547	2164.2640517210025	27.92
2128.2747718598034	2141.551554659563	27.96
2135.5754143421873	2162.0283324576276	28.0
2131.4478168823307	2154.3751786670623	28.04
2134.0947268786645	2153.386836052269	28.08
2136.4440345390412	2161.525173984284	28.12
2133.3916071803524	2160.103765853113	28.16
0.0	0.0	28.2
0.0	0.0	28.24
0.0	0.0	28.28
0.0	0.0	28.32
0.0	0.0	28.36
0.0	0.0	28.4
0.0	0.0	28.44
0.0	0.0	28.48
0.0	0.0	28.52
0.0	0.0	28.56
0.0	0.0	28.6
0.0	0.0	28.64
0.0	0.0	28.68
0.0	0.0	28.72
0.0	0.0	28.76
0.0	0.0	28.8
2104.1370499711566	2053.0468463352217	28.84
2122.45368142899	2148.905044239664	28.88
2125.0452420012643	2136.5931420199163	28.92
2127.5032102679547	2144.3077024803424	28.96
2125.4175225408703	2136.8741706832834	29.0
2126.7606494989245	2144.043889211482	29.04
2123.3897034554616	2136.738954343355	29.08
2117.8048611892073	2151.2250314738417	29.12
2112.764939860005	2156.1008062833776	29.16
2105.997474919238	2154.870726188071	29.2
2096.546637026328	2150.8279298679513	29.24
2090.246522728115	2147.198824622029	29.28
2076.4364839505292	2149.3929615367024	29.32
2066.931619351819	2144.81137767324	29.36
2059.945110557901	2147.2527823123137	29.4
2053.907700126345	2132.685728653212	29.44
2044.1973013599172	2131.968801713646	29.48
2043.9230971666495	2140.644554084293	29.52
2036.186875457854	2099.3651373787147	29.56
2038.4392908989134	2116.149421228621	29.6
2044.4693310521645	2116.684947819792	29.64
2062.9409336385806	2145.8140007365228	29.68
2070.4395292578615	2136.5972162906446	29.72
0.0	0.0	29.76
2082.5232805280707	2100.1248684340917	29.8
2101.6146102789694	2086.58904677532	29.84
2100.6525399364805	2056.3910130676763	29.88
2114.815187040883	2078.279779541608	29.92
2085.0488386363013	2099.591110857282	29.96
2030.7360081636677	2125.2591408080993	30.0
2051.394576013246	2146.4250460578755	30.04
0.0	0.0	30.08
2076.7238908483155	2139.07410811045	30.12
2107.220818087702	2158.614661580269	30.16
2107.9004950749	2128.649584903543	30.2
2096.791726495742	2143.900241496926	30.24
2068.7470030209424	2134.9826229641735	30.28
2035.2115847384566	2103.32043860866	30.32
1962.1738137207433	2024.5971474972475	30.36
1878.6143657529865	1960.3883808005528	30.4
1774.8173089276154	1854.8446182547727	30.44
1649.0852685970463	1707.7598926268813	30.48
1532.9332673450292	1578.9075337517797	30.52
1427.6084151432221	1474.676241791997	30.56
1333.8952678176743	1404.0742399525257	30.6
1271.209571418189	1317.2764472907618	30.64
1210.3960170834773	1258.516332064431	30.68
1156.0436355156844	1187.7323774411427	30.72
1109.4125622587242	1136.3274168534704	30.76
1063.5654385845312	1040.537591347847	30.8
1027.2724355484768	1002.0709125285455	30.84
999.1174610439799	943.9909555888663	30.88
971.9448514586696	931.4977373338851	30.92
960.8805362240088	938.6921011507981	30.96
962.4383042673114	908.819035592227	31.0
962.3104020526448	914.1508692174835	31.04
964.9367346454978	897.3533179265628	31.08
967.7075740837981	890.9294616916468	31.12
980.0405092708676	887.4526818279468	31.16
985.9287974866127	900.0247673987263	31.2
993.2705709614746	924.7755364078376	31.24
995.6449305952839	925.9065499106667	31.28
985.4485320365521	920.666221603826	31.32
974.5033246679849	910.2068167775212	31.36
962.562207909259	907.4480591480661	31.4
948.1150570105466	897.4692483621983	31.44
939.4496654602676	883.3730418378517	31.48
931.2356793400268	909.949485397702	31.52
921.7286486780342	892.2873862127946	31.56
917.5930762761411	865.3083385410456	31.6
900.050178279382	874.0018608795982	31.64
896.9578725132461	839.475970254392	31.68
892.2226202766748	842.2309288113842	31.72
896.8967461938397	865.3773919362765	31.76
886.1114823511516	863.2371957054808	31.8
888.9354671596064	856.2917944202113	31.84
888.754524523961	847.3318847092224	31.88
883.7128859856495	849.4902966179385	31.92
886.6981557845437	831.5327035629795	31.96
884.0491734199231	827.411497523265	32.0
882.1967869426842	836.5229083737349	32.04
889.4446544848031	855.9360419472166	32.08
883.6096111401071	834.0328708833529	32.12
890.5787000474576	855.1479672781459	32.16
883.728356153317	838.4598706531344	32.2
883.0808784108129	826.4479316038365	32.24
887.1534179633531	796.4752274516366	32.28
888.8999761185057	846.3951235240507	32.32
890.3025442816713	850.9993792463857	32.36
887.3157339776428	856.5950087443041	32.4
885.6365451909764	845.6013524913802	32.44
883.8627312839246	825.5695950156683	32.48
888.9084209053713	850.5372469353116	32.52
890.7574345300443	844.6199114435441	32.56
893.0183567423024	851.4299976893252	32.6
886.7380688415477	846.2900559191315	32.64
893.3405028080974	819.0104796150415	32.68
885.955010051371	856.774659237032	32.72
891.922622468017	840.6775133281278	32.76
891.1095840639447	847.2469632455034	32.8
891.9271357631164	858.2257071163986	32.84
891.6416104932282	850.3267244201489	32.88
892.030985262033	853.265914604809	32.92
891.3134993989382	872.3447108164103	32.96
889.7553411084033	869.6016387135362	33.0
888.2048392099149	833.7049880055808	33.04
889.4907625166801	840.3096303896	33.08
889.2818574197204	854.9743312317624	33.12
890.8778893112935	846.4058632717591	33.16
889.8661491997323	862.91916084571	33.2
889.9433999844631	839.9707781515528	33.24
894.6853102732604	833.5715002505489	33.28
888.6651916190699	860.6720578775346	33.32
893.1524931411248	863.9623979573142	33.36
893.2572019552457	858.3794799311601	33.4
890.2250958857551	850.5883141243119	33.44
891.3384190253172	858.7932447644617	33.48
892.3225179743685	846.8701026421468	33.52
890.4554786364756	871.4671337219695	33.56
889.5896170021954	866.5499676394853	33.6
890.2399399883275	852.4576433819373	33.64
894.2713957723946	861.6491943983501	33.68
888.8050646185368	844.6257461338262	33.72
889.6885932387593	847.2868301472408	33.76
892.8313037752662	841.1394035895644	33.8
892.1562242474587	861.5977205345603	33.84
885.9515819933707	836.4988134179216	33.88
889.1682873653733	828.2888196130216	33.92
885.8530933666489	853.0550121557782	33.96
892.5937440812155	834.3070488278637	34.0
895.0613598016686	859.59859552504	34.04
900.0815039355945	849.649421064678	34.08
909.6363486276445	858.0769572919882	34.12
913.6526492579418	849.178914917141	34.16
930.2697795639334	865.0044335467717	34.2
948.1887173121214	912.6244434515837	34.24
959.9535431129381	941.2890238853277	34.28
974.8024400485525	926.8652050226194	34.32
988.0200097340245	934.7398609101778	34.36
1004.4774907157116	959.5857604889679	34.4
1016.5815245646083	975.5271791146126	34.44
1029.2404556978265	984.2191055805403	34.48
1036.7786974219518	1025.422415719585	34.52
1051.7780875465728	1065.9855894619088	34.56
1080.1821568272633	1098.1643368205637	34.6
1103.3728312226337	1123.9310304505825	34.64
1126.462633252564	1150.7467976365792	34.68
1152.10442116149	1174.9667671195664	34.72
1179.4316097100639	1202.0836842816673	34.76
1215.3401449098737	1276.3775929913925	34.8
1253.5810278173183	1295.2100363278523	34.84
1264.9564584754	1305.866376467664	34.88
1307.573650011768	1290.3564360878793	34.92
1335.530540688632	1264.7473379584428	34.96
1402.2354498265015	1348.9523226975334	35.0
1516.7914338301987	1455.763403473058	35.04
0.0	0.0	35.08
0.0	0.0	35.12
0.0	0.0	35.16
0.0	0.0	35.2
0.0	0.0	35.24
0.0	0.0	35.28
0.0	0.0	35.32
0.0	0.0	35.36
0.0	0.0	35.4
0.0	0.0	35.44
0.0	0.0	35.48
0.0	0.0	35.52
0.0	0.0	35.56
0.0	0.0	35.6
0.0	0.0	35.64
0.0	0.0	35.68
0.0	0.0	35.72
0.0	0.0	35.76
0.0	0.0	35.8
0.0	0.0	35.84
0.0	0.0	35.88
0.0	0.0	35.92
1250.421098923948	1174.932487046008	35.96
1494.9656066737393	1164.6731174291976	36.0
1488.9551138666852	1147.9053384826739	36.04
1475.0695566826312	1126.7860135648502	36.08
1464.2196651972044	1117.5038257013132	36.12
1457.5342216166996	1106.2619943453603	36.16
1449.6836950646398	1098.2553541424156	36.2
1452.4159734569598	1098.6708419827003	36.24
1441.1643353899049	1086.7246212997889	36.28
1435.4493736112966	1079.9494738278256	36.32
1431.0302599677777	1075.5408026827508	36.36
1431.9693704467984	1074.388374631275	36.4
1432.9579798372295	1073.5302519824686	36.44
1434.7346702680125	1072.9788065051966	36.48
1435.0436376728767	1072.967914983681	36.52
1435.1009620914444	1072.6397322662995	36.56
1435.231672971509	1071.1401965534199	36.6
1433.3055358381835	1071.735483417216	36.64
1431.2476607958422	1070.2662381938342	36.68
1428.3317200553952	1067.7115559994136	36.72
1428.4456852468925	1064.5139235480638	36.76
1428.7670002951984	1062.0740465871597	36.8
1431.9125664586163	1064.8176609175446	36.84
1434.613264962905	1068.5742646315605	36.88
1436.7697576969795	1069.6149172304338	36.92
1437.0589364938673	1070.8247800679078	36.96
1439.56886919505	1070.7268396901404	37.0
1439.7171607967575	1073.4454742869289	37.04
1438.0432202617524	1069.4936704845002	37.08
1438.7834481187283	1068.838104289344	37.12
1436.468662393825	1067.2316130740771	37.16
1438.7805729309948	1067.5834826976816	37.2
1438.26083975075	1068.99870922988	37.24
1438.9079910977712	1068.5541843219453	37.28
1435.4249988658237	1066.747172533532	37.32
1437.4671953310085	1064.1801431789486	37.36
1434.0004141422182	1062.3864938931886	37.4
1435.4790784653878	1062.1908310760236	37.44
1435.4390275632493	1065.0022128734074	37.48
1438.4135699003073	1068.2226035328	37.52
1442.0310906321981	1069.539986131437	37.56
1443.0774454176544	1070.509952114233	37.6
1443.5237295143213	1073.2358192972551	37.64
1447.5045541601191	1076.856701217084	37.68
1450.3514581341017	1080.5368598780665	37.72
1451.6418546302646	1082.3898576425124	37.76
1453.990034975683	1086.3139090568247	37.8
1463.092619368961	1091.1996661112466	37.84
1470.2342861812454	1097.7712433366617	37.88
1478.167316862977	1103.729178410757	37.92
1482.8215680061976	1108.8707845073807	37.96
1484.8240422310585	1116.335901441764	38.0
1490.1343403506958	1118.1943255803574	38.04
1493.8554997578797	1120.626273145859	38.08
1493.155605447882	1123.0045281269404	38.12
1494.1950498288786	1127.1703273065418	38.16
1495.4194369705478	1132.0540392349449	38.2
1501.393500521027	1136.550531008251	38.24
1501.728587595825	1140.7656376445907	38.28
1462.4667018555895	1148.067720266999	38.32
1354.672714336065	1148.2367065515218	38.36
1235.5587327010667	1150.4134622284266	38.4
1265.4642684140442	1148.8800744214793	38.44
1255.1162055914765	1148.4791182799452	38.48
1223.7431845083868	1145.7577787697185	38.52
1221.980379398958	1137.5060890870795	38.56
1250.0225742957061	1130.8064662919785	38.6
1453.304722573129	1131.1450308321548	38.64
1454.7332019881646	1125.2298705009366	38.68
1442.1443812892426	1117.6663822888468	38.72
1432.7778939294576	1111.4941106702538	38.76
1427.4528854360124	1105.6950038138607	38.8
1420.7921806538807	1099.3479018371327	38.84
1415.2255777294658	1093.920238739703	38.88
1409.3667976437375	1091.0593609008486	38.92
1407.2733453230876	1087.162225609559	38.96
1405.922305867979	1084.678315050701	39.0
1402.4692745966283	1084.608982111404	39.04
1398.8645737612062	1083.4276374863623	39.08
1396.3647137855567	1079.2670204026406	39.12
1392.2490246827344	1076.6283307080043	39.16
1390.5381103963305	1076.4145319461002	39.2
1391.5333370664023	1076.025083046952	39.24
1389.0899669977846	1074.6426613020742	39.28
1391.9547632811812	1075.006775108494	39.32
1393.8687186549741	1076.5443801814724	39.36
1394.9784243430558	1078.6566246480181	39.4
1395.0645738769783	1079.0597785891089	39.44
1394.888242338362	1078.482359664797	39.48
1392.8508014817942	1078.7802978188251	39.52
1393.411208502741	1076.9064746042447	39.56
1395.0316399650585	1077.8836538671032	39.6
1394.5278194225793	1079.9179268190655	39.64
1394.6030236520683	1078.822597298172	39.68
1395.1595186600819	1079.3268237770903	39.72
1395.7669601512016	1078.4435933370291	39.76
1396.3166273706577	1079.3290725118084	39.8
1397.784852931494	1081.7162898859192	39.84
1396.1769623515747	1081.5049890547446	39.88
1395.3854442655413	1078.4478890788748	39.92
1395.7564665079312	1080.2515658661168	39.96
1398.8716578842739	1080.046580639708	40.0
1400.815057162105	1081.8220906532108	40.04
1403.0949858575218	1083.505902719518	40.08
1402.5503815052684	1086.043709013327	40.12
1402.6439058315282	1085.363916329776	40.16
1404.680262382596	1086.1402275167734	40.2
1405.5079007855372	1085.861676061328	40.24
1406.285281973523	1088.0990505856857	40.28
1405.922007601104	1085.720174353741	40.32
1403.8278219156987	1085.2840785139438	40.36
1406.3034121942912	1084.5410145786288	40.4
1408.0278537042543	1086.5338635988344	40.44
1408.9927007989138	1088.9545031749597	40.48
1410.8549627522796	1088.5979940986008	40.52
1411.7869411969193	1092.4855800404198	40.56
1411.30333968786	1090.287617270177	40.6
1411.940655361379	1091.9758751662318	40.64
1413.0528532309102	1094.1687402795671	40.68
1415.0324500052307	1095.1958452412853	40.72
1415.0714780597184	1094.7925252419109	40.76
1415.2528396765301	1096.629718431414	40.8
1414.6604501393297	1098.1103605231685	40.84
1414.3742131090949	1095.6742610606648	40.88
1411.4613869434402	1094.5797488436	40.92
1411.5728768159922	1094.7351675679051	40.96
1412.5050030027091	1095.8876103155872	41.0
1411.8887367313569	1094.9255981574156	41.04
1413.1840931285826	1096.2922120103972	41.08
1412.5341405889303	1097.5519871756762	41.12
1410.80504794003	1095.7735178841863	41.16
1410.1049604927384	1096.1347299707097	41.2
1408.179307496551	1095.1117833654355	41.24
1407.2704487007682	1093.7115521864584	41.28
1407.4571072952235	1094.513154060871	41.32
1404.7283833474514	1091.4578779662252	41.36
1404.280610542038	1087.8643776976423	41.4
1404.1495195389782	1089.2585232735178	41.44
1406.0468868288938	1091.8838956072466	41.48
1401.4790490952946	1093.879902636641	41.52
1401.5273010896124	1094.4767632756812	41.56
1403.1582240565792	1093.5308965395927	41.6
1405.186435426541	1095.0868623708693	41.64
1405.2316603519105	1096.6330338540622	41.68
1405.8525652710473	1096.4611572997142	41.72
1405.9120155711905	1096.4971522696053	41.76
1405.5610776265228	1096.0711625545998	41.8
1406.5199061602748	1095.852796300393	41.84
1405.4825641267723	1096.093230736743	41.88
1405.7246947462666	1096.5987021505707	41.92
1404.6836864000686	1096.0195308038842	41.96
1403.9720055302537	1095.486893553339	42.0
1404.5522817673661	1095.3512916238176	42.04
1403.4052560524356	1094.8701313591603	42.08
1403.418190486354	1094.7524492173818	42.12
1404.1587878549342	1095.987741390361	42.16
1403.8440642942523	1095.8832265343124	42.2
1404.7602075347709	1095.5714686324948	42.24
1406.475591400734	1096.750958325281	42.28
1414.4298270798754	1102.0996845932539	42.32
1425.4288493710403	1113.469709915619	42.36
1443.578679669177	1130.104761062212	42.4
1463.181955127961	1149.9175619075406	42.44
1487.0527085493313	1175.3230055577972	42.48
1510.7413749904931	1199.6465162931604	42.52
1534.775723954847	1226.6955281388923	42.56
1559.2469605793428	1250.7672466975657	42.6
1585.1846562210717	1276.4198312058847	42.64
1610.0832173909484	1302.089326912134	42.68
1629.3514838313274	1322.2557166430574	42.72
1643.9466338639393	1335.9402972867983	42.76
1651.4922401521721	1347.9250574998266	42.8
1659.9572215532396	1355.6905282063406	42.84
1664.162174745972	1358.5319091292936	42.88
1675.8386577591905	1363.549751259669	42.92
1694.395795440627	1375.7380015690237	42.96
1744.2828603961066	1406.831429353466	43.0
1565.4901145007232	1488.7981023125528	43.04
1542.6695661472136	1574.5827554592693	43.08
0.0	0.0	43.12
0.0	0.0	43.16
0.0	0.0	43.2
0.0	0.0	43.24
0.0	0.0	43.28
0.0	0.0	43.32
0.0	0.0	43.36
0.0	0.0	43.4
0.0	0.0	43.44
0.0	0.0	43.48
0.0	0.0	43.52
0.0	0.0	43.56
0.0	0.0	43.6
0.0	0.0	43.64
0.0	0.0	43.68
0.0	0.0	43.72
0.0	0.0	43.76
0.0	0.0	43.8
0.0	0.0	43.84
0.0	0.0	43.88
0.0	0.0	43.92
0.0	0.0	43.96
0.0	0.0	44.0
0.0	0.0	44.04
0.0	0.0	44.08
0.0	0.0	44.12
0.0	0.0	44.16
0.0	0.0	44.2
0.0	0.0	44.24
0.0	0.0	44.28
0.0	0.0	44.32
0.0	0.0	44.36
0.0	0.0	44.4
0.0	0.0	44.44
0.0	0.0	44.48
0.0	0.0	44.52
0.0	0.0	44.56
0.0	0.0	44.6
0.0	0.0	44.64
0.0	0.0	44.68
0.0	0.0	44.72
0.0	0.0	44.76
0.0	0.0	44.8
0.0	0.0	44.84
0.0	0.0	44.88
0.0	0.0	44.92
0.0	0.0	44.96
0.0	0.0	45.0
0.0	0.0	45.04
0.0	0.0	45.08
0.0	0.0	45.12
0.0	0.0	45.16
0.0	0.0	45.2
0.0	0.0	45.24
0.0	0.0	45.28
0.0	0.0	45.32
0.0	0.0	45.36
0.0	0.0	45.4
0.0	0.0	45.44
0.0	0.0	45.48
0.0	0.0	45.52
0.0	0.0	45.56
0.0	0.0	45.6
0.0	0.0	45.64
0.0	0.0	45.68
0.0	0.0	45.72
0.0	0.0	45.76
0.0	0.0	45.8
0.0	0.0	45.84
0.0	0.0	45.88
0.0	0.0	45.92
0.0	0.0	45.96
0.0	0.0	46.0
0.0	0.0	46.04
0.0	0.0	46.08
0.0	0.0	46.12
0.0	0.0	46.16
0.0	0.0	46.2
0.0	0.0	46.24
0.0	0.0	46.28
0.0	0.0	46.32
0.0	0.0	46.36
0.0	0.0	46.4
0.0	0.0	46.44
0.0	0.0	46.48
0.0	0.0	46.52
0.0	0.0	46.56
0.0	0.0	46.6
0.0	0.0	46.64
0.0	0.0	46.68
0.0	0.0	46.72
0.0	0.0	46.76
0.0	0.0	46.8
0.0	0.0	46.84
0.0	0.0	46.88
0.0	0.0	46.92
0.0	0.0	46.96
0.0	0.0	47.0
0.0	0.0	47.04
0.0	0.0	47.08
0.0	0.0	47.12
0.0	0.0	47.16
0.0	0.0	47.2
0.0	0.0	47.24
0.0	0.0	47.28
0.0	0.0	47.32
0.0	0.0	47.36
0.0	0.0	47.4
0.0	0.0	47.44
0.0	0.0	47.48
0.0	0.0	47.52
0.0	0.0	47.56
0.0	0.0	47.6
0.0	0.0	47.64
0.0	0.0	47.68
0.0	0.0	47.72
0.0	0.0	47.76
0.0	0.0	47.8
0.0	0.0	47.84
0.0	0.0	47.88
0.0	0.0	47.92
0.0	0.0	47.96
0.0	0.0	48.0
0.0	0.0	48.04
0.0	0.0	48.08
0.0	0.0	48.12
0.0	0.0	48.16
0.0	0.0	48.2
0.0	0.0	48.24
0.0	0.0	48.28
0.0	0.0	48.32
0.0	0.0	48.36
0.0	0.0	48.4
0.0	0.0	48.44
0.0	0.0	48.48
0.0	0.0	48.52
0.0	0.0	48.56
0.0	0.0	48.6
0.0	0.0	48.64
0.0	0.0	48.68
0.0	0.0	48.72
0.0	0.0	48.76
0.0	0.0	48.8
0.0	0.0	48.84
0.0	0.0	48.88
0.0	0.0	48.92
0.0	0.0	48.96
0.0	0.0	49.0
0.0	0.0	49.04
0.0	0.0	49.08
0.0	0.0	49.12
0.0	0.0	49.16
0.0	0.0	49.2
0.0	0.0	49.24
0.0	0.0	49.28
0.0	0.0	49.32
0.0	0.0	49.36
0.0	0.0	49.4
0.0	0.0	49.44
0.0	0.0	49.48
0.0	0.0	49.52
0.0	0.0	49.56
0.0	0.0	49.6
0.0	0.0	49.64
0.0	0.0	49.68
0.0	0.0	49.72
0.0	0.0	49.76
0.0	0.0	49.8
0.0	0.0	49.84
0.0	0.0	49.88
0.0	0.0	49.92
0.0	0.0	49.96
0.0	0.0	50.0
0.0	0.0	50.04
0.0	0.0	50.08
0.0	0.0	50.12
0.0	0.0	50.16
0.0	0.0	50.2
0.0	0.0	50.24
0.0	0.0	50.28
0.0	0.0	50.32
0.0	0.0	50.36
0.0	0.0	50.4
0.0	0.0	50.44
0.0	0.0	50.48
0.0	0.0	50.52
0.0	0.0	50.56
0.0	0.0	50.6
0.0	0.0	50.64
0.0	0.0	50.68
0.0	0.0	50.72
0.0	0.0	50.76
0.0	0.0	50.8
0.0	0.0	50.84
0.0	0.0	50.88
0.0	0.0	50.92
1714.0748294029477	1407.5064323091083	50.96
1701.1823002325966	1407.1136020056838	51.0
1695.8840202672582	1408.3080652801946	51.04
1699.2934781041536	1409.1451562522063	51.08
1703.2112828604959	1414.2840940068008	51.12
1706.6235383835133	1413.687048582751	51.16
1715.4036425094152	1421.2688041235656	51.2
1724.3166174685443	1424.8089703563237	51.24
1721.0600410983868	1411.152541733627	51.28
1714.0841449940253	1397.007648425577	51.32
1692.442884763161	1382.8400820281024	51.36
1680.9494414342073	1375.3145789797443	51.4
1675.3488082115089	1368.630609031463	51.44
1672.7193531154455	1367.561884475075	51.48
1669.6377023571727	1365.9077072489558	51.52
1661.1407488452724	1358.8029606418554	51.56
1647.2266700130715	1350.4923109225642	51.6
1628.0017064271067	1336.5529460291982	51.64
1606.9834952379063	1324.5130787991723	51.68
1586.5094330890797	1298.7285308253015	51.72
1565.417139535566	1274.8345781739552	51.76
1518.1182510730155	1223.893574471965	51.8
1206.5449407248939	1096.4803835969303	51.84
1102.5607745749653	1061.073254264208	51.88
1080.291533139647	1057.354280226466	51.92
1144.107712158497	1089.8247101785248	51.96
1139.1020568062759	1091.532105249114	52.0
1153.4200207048627	1133.152565038901	52.04
1186.7866922072826	1166.6783367961139	52.08
1155.1884670965605	1131.1287099678295	52.12
1147.9797360583145	1129.7839524976214	52.16
1405.3557833054388	1127.9482287623348	52.2
1401.8781324396007	1128.0470912840399	52.24
1399.114111925269	1127.5606937647078	52.28
1398.7371103101673	1125.6141374347303	52.32
1397.844670527817	1126.1484772396168	52.36
1399.940138695355	1128.3083141687	52.4
1406.241312166709	1136.0939123159612	52.44
1408.481313746004	1139.5785228315551	52.48
1408.637852619874	1140.0653477236388	52.52
1409.4068308132369	1141.7617826578412	52.56
1408.895584442301	1142.767724977788	52.6
1410.9899596068135	1145.0156764732703	52.64
1410.982095342339	1146.5031559956903	52.68
1411.3758148556226	1146.4359388113219	52.72
1411.8180091681536	1146.9654242333017	52.76
1411.2809263065287	1145.4518065435254	52.8
1411.6367745959276	1146.1691591327417	52.84
1412.8711031599582	1146.8260702529872	52.88
1412.9685461790218	1147.3885612320412	52.92
1411.4664742916113	1147.1700468084289	52.96
1412.0338755467762	1147.9048319629146	53.0
1410.2982637007094	1148.3130248268212	53.04
1412.677406813592	1149.3314624588052	53.08
1413.3974581192356	1149.5455126184436	53.12
1413.9385689362155	1151.569334404526	53.16
1416.4005018416467	1152.806068443624	53.2
1420.6536077676524	1148.7034714037268	53.24
1422.9186219991573	1145.1031239618862	53.28
1423.8669813276413	1145.455469676547	53.32
1427.714564297978	1143.7904516864635	53.36
1429.5015673598496	1140.1347181938597	53.4
1431.055018020097	1137.002013925608	53.44
1431.869824581711	1136.3853813029757	53.48
1430.2120429442632	1138.0938646567067	53.52
1436.767631464287	1143.9605857899144	53.56
1444.9424527877484	1152.9262844556547	53.6
1450.975133211212	1161.2909666463524	53.64
1457.5545978493647	1169.572200949229	53.68
1451.271753313943	1177.5507716134864	53.72
1275.1412880366227	1182.446916410346	53.76
1245.1110622094056	1183.2341187978757	53.8
1227.9573457864053	1183.1408591287466	53.84
1219.8018119516873	1177.4139618725058	53.88
1218.4800167022734	1168.9177963677787	53.92
1236.5583458279523	1156.348921146104	53.96
1321.0218601747224	1148.4316244760446	54.0
1306.3097161037285	1160.029357551025	54.04
1286.0519992872241	1196.8599132441655	54.08
1270.2961417735314	1220.4609526250945	54.12
1261.2649931985907	1233.701205639729	54.16
1222.0508995223533	1250.3942901020828	54.2
1201.3160167855792	1253.464395249182	54.24
1151.2237036401316	1257.3156929917013	54.28
1107.1238912361962	1209.8794505329672	54.32
1089.5959550507266	1204.3231215180413	54.36
1057.3494717148037	1224.0563181990785	54.4
1089.4819265029807	1218.333621418401	54.44
1107.7243829943584	1186.3141319761019	54.48
1120.1432440300196	1189.4301268789973	54.52
1126.2450530950032	1206.6693140789885	54.56
1135.5339479556867	1179.0902762135258	54.6
1138.052296228914	1175.2922274598347	54.64
1124.6720831045247	1158.5380058351345	54.68
1109.8564041895108	1131.91816143358	54.72
1104.5766970781208	1106.1511846878623	54.76
1090.1302242668683	1063.4045793778196	54.8
1070.6548016764705	1043.981944061603	54.84
1042.4328282311042	1008.176232001662	54.88
1012.3823052096953	981.218033668237	54.92
978.7442395055575	952.7026062924479	54.96
946.7943262809117	923.1704493472596	55.0
928.5022646720519	890.168107438975	55.04
908.7208989528858	871.4804535031418	55.08
911.4674610000793	862.8431918906512	55.12
902.4083133388492	847.7002102385288	55.16
887.4319091923338	825.2995846088695	55.2
871.5917673233125	804.0956592991946	55.24
852.5116190557061	782.3449517988239	55.28
846.1550412686119	769.5347919546597	55.32
841.2859871991438	764.6343477497819	55.36
830.78915138588	760.4851554563414	55.4
832.6517273365913	760.317035495196	55.44
834.3961040981965	763.016381317069	55.48
841.1828622111161	766.4167665441269	55.52
840.3329442204878	764.7027702988591	55.56
840.5230157774303	765.7233542487091	55.6
840.4462926375103	763.0650169994722	55.64
841.6766910698362	761.2262668913958	55.68
845.5505375798843	765.1142967219021	55.72
852.3933159630085	773.3555144192356	55.76
855.3529697819148	791.0261837882373	55.8
865.3785711192021	808.3997750010075	55.84
871.1104060520372	823.6851443194196	55.88
877.4994124383816	827.9363582681618	55.92
881.7068186412317	843.2487071893214	55.96
883.6727695651143	852.3178302682718	56.0
882.3000165158229	861.8227201586712	56.04
877.065247215002	869.9979576091449	56.08
874.8797537206068	863.6233634417608	56.12
867.9646163423758	855.5740570894233	56.16
868.1507594174973	849.1345906296514	56.2
866.9997487954209	850.4293476700027	56.24
862.5178438376597	841.5653267104216	56.28
860.3675442082643	840.7446499281195	56.32
855.9327649395431	836.844232520331	56.36
850.6934209343134	825.3676473776851	56.4
836.7003793303605	819.5626808312736	56.44
825.3623208362266	809.5861893890572	56.48
813.5942548828059	794.7369659442928	56.52
807.0309140907688	788.8391353390643	56.56
804.999936738469	794.5078697631374	56.6
799.1149394600283	776.4175890846625	56.64
801.9932990200354	779.9464950570436	56.68
797.1767022297287	773.3850192879727	56.72
793.719976410401	769.027188883435	56.76
796.0492228253341	777.0530969881869	56.8
795.3704853835455	775.7341578507052	56.84
794.5066643493061	776.8006763830006	56.88
795.0562464309544	773.7986078645098	56.92
799.4998317839277	782.3266285682276	56.96
799.2862107268905	775.8510344532295	57.0
801.2726753827566	781.9222926779754	57.04
799.1795894038573	775.7821491521263	57.08
801.2083893491292	778.6146146934717	57.12
800.3115711667106	780.1286131505017	57.16
804.7201193609551	785.842596669251	57.2
809.4155324139538	789.0595060105536	57.24
812.1733450020912	786.7144500082632	57.28
814.4860109878039	791.8357293665632	57.32
818.3287004032619	797.2507334386788	57.36
823.833542213638	809.3981866927645	57.4
827.8041070791287	807.4086347344418	57.44
830.067325684478	816.4030744808738	57.48
830.9619853953238	805.2421534341064	57.52
837.3536315804992	820.8583448166061	57.56
836.6808022793698	820.2024497572894	57.6
839.5368843063702	820.2064386752954	57.64
837.763830151016	825.2314378593397	57.68
838.4742537508038	820.313235103228	57.72
838.3587614697966	827.6272701235845	57.76
835.3715639662563	824.5456715364755	57.8
833.9736605086443	821.8663606826752	57.84
835.9430120981585	828.8804572952288	57.88
833.5800835562208	828.2920608984996	57.92
834.356359600599	823.7631919293731	57.96
833.963591688204	830.6804048116087	58.0
832.3175011109948	822.6537927891899	58.04
827.8710542606499	821.9474889161719	58.08
826.0249246398095	816.6283486369998	58.12
824.3508566527904	809.2633406377095	58.16
823.3306024854845	814.5123186674182	58.2
824.1629731805576	816.0717825419378	58.24
823.4858968026197	812.2795077798496	58.28
825.9526738989999	819.1570609790136	58.32
827.2115647476197	821.1208071534826	58.36
825.5670229033839	820.4310812326125	58.4
826.9229967862098	825.158363873121	58.44
828.08870678393	814.534892154104	58.48
826.9302454847676	827.1500076785869	58.52
829.9810358853624	824.6130593664979	58.56
833.2957151985376	828.3115913358012	58.6
841.159656559992	825.653187506969	58.64
846.9609824444783	837.9241558564217	58.68
847.9209852162386	834.9878585174209	58.72
849.5790108379501	837.042188407632	58.76
849.9637203451625	822.6747590579456	58.8
851.8734503329578	833.0737260142598	58.84
854.338995641327	834.5978623432451	58.88
857.0693181266192	838.8092963018581	58.92
857.9359077508113	835.3539462799371	58.96
848.3618839091554	835.2615839982911	59.0
845.4588277265638	833.6768633669133	59.04
831.8343569971981	828.2028481259122	59.08
825.4723921381631	819.7921143335309	59.12
820.3433609403131	815.1311643021997	59.16
817.7350380377293	815.3388879949141	59.2
809.3939201846985	803.81671414604	59.24
801.1029056625895	789.7496763188147	59.28
797.9688764768858	788.1419080213079	59.32
796.7452385170803	782.3234979387271	59.36
800.895550723765	789.0706657025745	59.4
801.9169115745115	788.7161514955305	59.44
800.702122577864	788.239312473836	59.48
798.4236656771704	785.9030567767386	59.52
798.7585618529389	780.5978337207054	59.56
803.4022548712719	780.4352437889022	59.6
804.4255657763664	779.7433985816972	59.64
801.1878045620024	785.4021575293987	59.68
799.5315987079548	776.3786354352557	59.72
803.1633389396872	786.7371272174975	59.76
801.5418820726122	785.6993863791442	59.8
794.6510574677077	776.6814870185622	59.84
790.6427074264394	769.3305991848177	59.88
789.8366655372473	774.7214893941963	59.92
786.2786974180212	772.6574275914334	59.96
783.3749037981888	765.5573556366871	60.0
777.9635432572993	761.0778391283789	60.04
780.5456012199153	760.4405834735641	60.08
781.1912098369162	757.8674990955765	60.12
786.5552488026606	764.3044229768119	60.16
789.3591967842469	770.568324325012	60.2
791.2561015872825	771.0249697678898	60.24
790.8395981408519	770.6121481481567	60.28
789.3497856106226	764.028554596817	60.32
787.8152190032181	768.5489476640815	60.36
792.032925469923	777.8381522989171	60.4
791.5072783976165	769.9380224728948	60.44
792.7095713084425	772.0940843367755	60.48
796.4343996850844	781.4938494366985	60.52
793.593142071422	779.7279135310611	60.56
797.0539718700197	775.2938161482452	60.6
805.5185425527635	791.0201065337337	60.64
809.4167609588927	787.9456031307411	60.68
817.1129824544022	791.7315735674458	60.72
820.8853231886344	802.4569610973041	60.76
817.0298871173746	796.5616718801286	60.8
816.6115779120626	796.374215818395	60.84
813.9385538416303	796.5977699081843	60.88
812.1587694631357	792.0439503079149	60.92
813.6313621865323	788.256741480875	60.96
814.8549519667956	797.0203414355472	61.0
812.3727431623751	796.8057133532677	61.04
810.0749103033872	796.9493946442761	61.08
809.5244646006413	789.5150894739114	61.12
807.0168537300267	782.9227466342184	61.16
813.8747287286071	792.291939564002	61.2
815.0631708224372	793.9408226919213	61.24
815.6372191930757	797.5503597284534	61.28
815.3062817397799	798.7688602946075	61.32
815.6391055532105	795.9063288911083	61.36
807.4089965383421	786.6809109850738	61.4
808.5601165926403	785.4287758486496	61.44
803.5363588452398	788.2061028887699	61.48
803.411177483623	784.3798426291227	61.52
806.0323430013342	784.9021465346973	61.56
805.9815221446512	786.0653037750556	61.6
807.928007135227	786.9623764998198	61.64
806.225332487366	781.8583621726671	61.68
805.3091849819017	785.0334261402043	61.72
806.3007299437716	788.1604172646149	61.76
805.4743608831221	780.2813569516659	61.8
802.5424804887011	778.8968760308791	61.84
805.7572334585383	790.0778344771927	61.88
805.6757115389338	787.4003144404292	61.92
805.8506074434955	794.5861886287836	61.96
798.3445358098221	780.846109122804	62.0
786.6299726978272	769.0153386630859	62.04
778.4334751898263	750.0837058421982	62.08
775.0342010950366	750.3406390964444	62.12
775.3811713992078	754.9011595842329	62.16
774.8636570029652	747.2563325171503	62.2
776.6964979854795	757.6185771788057	62.24
776.5407331204026	745.5829422778226	62.28
779.0645753433254	756.4917544160143	62.32
781.4000201026205	751.1251856039947	62.36
782.727697530558	752.1404044694532	62.4
782.7295402202689	751.1758676998762	62.44
779.133547591369	747.1868113113409	62.48
770.1068166856144	743.6539067243942	62.52
756.867424473792	714.585276218633	62.56
741.4131728176434	701.1554632170852	62.6
735.9013889835969	687.7112042093099	62.64
727.3652151719258	662.2839830936458	62.68
711.3431092518792	645.3706121127773	62.72
684.829852801174	658.1425694434274	62.76
674.1647007127674	659.8214873879409	62.8
672.8591828141089	680.1261074033155	62.84
681.042625363574	702.9105893960768	62.88
685.9899709843978	703.6055109808431	62.92
693.6473857940698	704.0850874487485	62.96
696.9902917543343	686.4213237069966	63.0
0.0	0.0	63.04
0.0	0.0	63.08
0.0	0.0	63.12
0.0	0.0	63.16
0.0	0.0	63.2
0.0	0.0	63.24
0.0	0.0	63.28
0.0	0.0	63.32
0.0	0.0	63.36
0.0	0.0	63.4
0.0	0.0	63.44
0.0	0.0	63.48
0.0	0.0	63.52
0.0	0.0	63.56
0.0	0.0	63.6
0.0	0.0	63.64
0.0	0.0	63.68
0.0	0.0	63.72
0.0	0.0	63.76
0.0	0.0	63.8
0.0	0.0	63.84
934.8130587345487	894.7536211153664	63.88
933.3041458066989	901.7468409232256	63.92
927.8419272914441	906.836864210031	63.96
918.7322063943285	901.4361454782885	64.0
912.8446901451148	899.802867613455	64.04
903.5783414712146	891.2072524225393	64.08
895.3119772268243	884.0825243099982	64.12
892.9005835433671	881.7232797905071	64.16
891.2543838128094	880.918611754535	64.2
890.0397411580127	877.2731943528809	64.24
889.4107292866394	890.0653758332417	64.28
896.3446035261069	882.782440570656	64.32
905.2991681157191	890.3244219786563	64.36
913.2864685835538	898.8103425889364	64.4
918.0863938483619	903.2097124513647	64.44
915.7890725148062	904.4461209259275	64.48
914.5035490754734	915.2118950954122	64.52
910.1319925482773	908.0215810996942	64.56
904.7674776748656	897.9017689899702	64.6
896.9017637717968	889.7361897888826	64.64
888.2604768833321	887.059087712668	64.68
888.3551674823178	889.1500837746822	64.72
883.8858330724361	883.9182647457769	64.76
878.865615181743	872.5437583140606	64.8
878.1118823226109	877.8727468876111	64.84
880.5052739003615	878.2385863270989	64.88
887.0588281021207	888.5205356995573	64.92
889.6421471734433	897.6169641498581	64.96
901.9320536113502	894.8421613741298	65.0
903.6294746042178	904.4730957166682	65.04
897.4262109459272	888.2285589717161	65.08
892.218421777705	883.2457003265558	65.12
889.2878707057532	884.3071694507502	65.16
890.8129383314454	886.6838849030081	65.2
895.5562239528978	885.7700367439103	65.24
892.5037311977621	890.2705332805097	65.28
896.3857078298272	896.0091000857091	65.32
908.4740734995398	902.5975707289933	65.36
900.2095552110887	901.7228405261509	65.4
904.6180070721537	898.8014070827094	65.44
907.368070074217	914.9475695527192	65.48
909.8454201186795	918.7285339863332	65.52
909.3236718423999	915.3776521373038	65.56
919.2427914301026	924.512969057618	65.6
916.8106081371204	925.2581883671069	65.64
921.8028380172852	925.1070550587485	65.68
930.5148669958035	939.7495957774302	65.72
941.7181073299	943.8873174401554	65.76
949.3225367855802	960.877078859697	65.8
958.6308552187777	959.4427013895809	65.84
966.1228776183791	971.8192849014684	65.88
967.2954355439299	965.4454626892663	65.92
976.9431104714672	987.0835695034789	65.96
985.4843117934972	986.7343363309535	66.0
987.7425510121898	1003.8105134116944	66.04
993.5248611954735	978.7255390086272	66.08
1006.0941149643854	952.7125387098448	66.12
996.1291034676506	946.7648000907809	66.16
989.4221226238103	929.4580223522091	66.2
978.9751651103674	924.731960873682	66.24
961.9241007588548	908.4313250850695	66.28
949.3124791176461	901.2008380413455	66.32
938.3535139894318	894.8490886920628	66.36
933.6702683459455	892.3372474833039	66.4
932.9256994070047	892.8408725461164	66.44
931.324793804754	891.759836880525	66.48
925.6239120872302	888.7471771495649	66.52
923.7978989107514	889.853278183414	66.56
915.7304855464482	882.4903310775385	66.6
912.7663834604282	879.4495255250315	66.64
908.0953198636344	882.2189973692742	66.68
904.8076763535241	882.9061031316054	66.72
899.727224805264	875.8083065016951	66.76
903.5928581390784	878.2941454619956	66.8
909.4677743056067	885.1268045046328	66.84
917.8565529829647	891.6682108932881	66.88
921.6129556986572	893.8541927208109	66.92
923.8795199233281	896.8581735265333	66.96
926.7713671892105	904.6047118758746	67.0
933.7611002459471	908.0096249117379	67.04
938.8497800481824	910.3034124767814	67.08
941.5321176669021	900.602618395379	67.12
939.2611883428456	876.9115268617494	67.16
928.0067655398053	849.1075518800703	67.2
908.765712563082	822.208381428247	67.24
0.0	0.0	67.28
895.5835685439004	799.8143298865872	67.32
935.7198393217685	839.3698052041118	67.36
1027.7714600505058	948.9720615245533	67.4
1129.1440489251952	1114.2680414121369	67.44
1201.5600832863913	1256.4580766091854	67.48
0.0	0.0	67.52
1903.255500148177	1807.8520875332258	67.56
1984.9099530377102	1880.4201997960608	67.6
0.0	0.0	67.64
0.0	0.0	67.68
0.0	0.0	67.72
0.0	0.0	67.76
0.0	0.0	67.8
0.0	0.0	67.84
0.0	0.0	67.88
0.0	0.0	67.92
0.0	0.0	67.96
0.0	0.0	68.0
0.0	0.0	68.04
0.0	0.0	68.08
0.0	0.0	68.12
0.0	0.0	68.16
0.0	0.0	68.2
0.0	0.0	68.24
0.0	0.0	68.28
0.0	0.0	68.32
0.0	0.0	68.36
0.0	0.0	68.4
0.0	0.0	68.44
0.0	0.0	68.48
0.0	0.0	68.52
0.0	0.0	68.56
0.0	0.0	68.6
0.0	0.0	68.64
0.0	0.0	68.68
0.0	0.0	68.72
0.0	0.0	68.76
0.0	0.0	68.8
0.0	0.0	68.84
0.0	0.0	68.88
0.0	0.0	68.92
0.0	0.0	68.96
0.0	0.0	69.0
0.0	0.0	69.04
0.0	0.0	69.08
0.0	0.0	69.12
0.0	0.0	69.16
0.0	0.0	69.2
0.0	0.0	69.24
0.0	0.0	69.28
0.0	0.0	69.32
0.0	0.0	69.36
0.0	0.0	69.4
0.0	0.0	69.44
0.0	0.0	69.48
0.0	0.0	69.52
0.0	0.0	69.56
0.0	0.0	69.6
0.0	0.0	69.64
0.0	0.0	69.68
0.0	0.0	69.72
0.0	0.0	69.76
0.0	0.0	69.8
0.0	0.0	69.84
0.0	0.0	69.88
0.0	0.0	69.92
0.0	0.0	69.96
0.0	0.0	70.0
0.0	0.0	70.04
0.0	0.0	70.08
0.0	0.0	70.12
0.0	0.0	70.16
0.0	0.0	70.2
0.0	0.0	70.24
0.0	0.0	70.28
0.0	0.0	70.32
0.0	0.0	70.36
0.0	0.0	70.4
0.0	0.0	70.44
0.0	0.0	70.48
0.0	0.0	70.52
0.0	0.0	70.56
0.0	0.0	70.6
0.0	0.0	70.64
0.0	0.0	70.68
0.0	0.0	70.72
0.0	0.0	70.76
0.0	0.0	70.8
0.0	0.0	70.84
0.0	0.0	70.88
0.0	0.0	70.92
0.0	0.0	70.96
0.0	0.0	71.0
