Thumb_L	Index_L	Time
0.0	0.0	0.04
0.0	0.0	0.08
0.0	0.0	0.12
0.0	0.0	0.16
0.0	0.0	0.2
0.0	0.0	0.24
0.0	0.0	0.28
0.0	0.0	0.32
0.0	0.0	0.36
0.0	0.0	0.4
0.0	0.0	0.44
0.0	0.0	0.48
0.0	0.0	0.52
0.0	0.0	0.56
0.0	0.0	0.6
0.0	0.0	0.64
0.0	0.0	0.68
0.0	0.0	0.72
0.0	0.0	0.76
0.0	0.0	0.8
0.0	0.0	0.84
0.0	0.0	0.88
0.0	0.0	0.92
0.0	0.0	0.96
0.0	0.0	1.0
0.0	0.0	1.04
0.0	0.0	1.08
0.0	0.0	1.12
0.0	0.0	1.16
0.0	0.0	1.2
0.0	0.0	1.24
0.0	0.0	1.28
0.0	0.0	1.32
0.0	0.0	1.36
0.0	0.0	1.4
0.0	0.0	1.44
0.0	0.0	1.48
0.0	0.0	1.52
0.0	0.0	1.56
0.0	0.0	1.6
0.0	0.0	1.64
0.0	0.0	1.68
0.0	0.0	1.72
0.0	0.0	1.76
0.0	0.0	1.8
0.0	0.0	1.84
0.0	0.0	1.88
0.0	0.0	1.92
983.3369865339556	991.0973894383119	1.96
914.2738001039035	914.9848178745225	2.0
882.9617324070286	872.3345860994069	2.04
860.8060639630829	850.5954830420981	2.08
874.7918044869189	860.6866892942003	2.12
924.5558836355299	862.6939800735325	2.16
969.0061163557891	900.100053761085	2.2
1013.5535368363992	935.3556129341754	2.24
1046.614093959877	964.591209865418	2.28
1063.9474611158025	990.0811085040751	2.32
1067.5624450542412	1011.77907092518	2.36
1064.219504188212	1012.0832841457944	2.4
1059.4379150058185	1009.9826266208702	2.44
1041.9759036406058	997.3800561745051	2.48
1027.1610266009138	994.1279881404555	2.52
1016.6604524642158	990.6797431794699	2.56
1005.4281944073831	982.4122487101628	2.6
1005.6257850694856	982.7817023188271	2.64
1004.8491371007868	980.7537207168575	2.68
1006.7128061084611	979.0455433741013	2.72
1001.6578830069334	973.9904253184936	2.76
991.8758845031957	968.0812173990353	2.8
979.8587572277942	960.1334969163394	2.84
968.7932422903568	955.4205004488665	2.88
961.5853942813461	949.9527068004545	2.92
961.1626191713585	947.85428790705	2.96
962.0231804558966	944.9617446375502	3.0
959.7494673751073	944.7685463520276	3.04
960.4730084724149	952.458529414361	3.08
1105.6020753722307	1099.4028932060296	3.12
966.0978791541637	952.3365033495138	3.16
971.487753093462	959.1313927716637	3.2
975.4815881096329	962.0586226660187	3.24
979.6705136874932	963.2301477608524	3.28
982.4933451901296	965.405121234289	3.32
955.9170764777618	958.1359211781986	3.36
870.5053320490528	892.3988619468429	3.4
771.9620926186249	781.3320277008268	3.44
708.011497471796	720.939963529655	3.48
702.2863773352266	689.9678314976992	3.52
711.7265234049386	690.3233569624679	3.56
734.0188644665132	719.39192421936	3.6
755.2443155405542	726.3215512954056	3.64
773.353287422765	736.0573278394565	3.68
770.401394863379	736.3884098651729	3.72
1161.80821620486	1121.6435496070046	3.76
763.6579930176827	730.0526864378102	3.8
758.9198179150889	723.7361369078494	3.84
754.5981905817217	720.7649947037587	3.88
1178.4895310738116	1118.8005868088817	3.92
773.3767546434975	739.2822695029987	3.96
1193.4782821616332	1126.2269625453691	4.0
771.1594656420399	731.661027012138	4.04
769.6792294341444	729.9803704857683	4.08
761.9766298887657	729.235349180232	4.12
752.3005294627343	722.4942637906379	4.16
741.9782639454555	710.8298966691982	4.2
738.3548087073269	709.2936449256289	4.24
739.3061448104638	710.8925657872704	4.28
750.5505960085062	717.450944905528	4.32
764.2744213877756	724.921809221391	4.36
782.1409509769654	713.615258573033	4.4
792.4548778459256	693.921883106268	4.44
787.8793332004363	678.6126137929645	4.48
795.7166900036516	684.2146058697134	4.52
813.1536199287586	717.3062378874206	4.56
852.1084804329628	791.7360366873065	4.6
912.2687405621342	897.4219379342167	4.64
975.3870458703698	976.6246649323018	4.68
1040.7805539888616	1039.8376027630572	4.72
1089.574402334817	1111.9633312435694	4.76
1123.9657535853578	1059.2350443245475	4.8
1141.3636395462993	1170.4749266711449	4.84
1146.862613845482	1196.2080839947696	4.88
1125.9462617388929	1192.947871334424	4.92
1107.3041554447034	1192.788945915323	4.96
1089.9693785990655	1186.867031059038	5.0
1098.5560800517826	1198.2357095776224	5.04
1103.7348245498083	1212.7998317663075	5.08
1120.1555087862764	1218.5386968896994	5.12
1117.568927298529	1190.2387407722779	5.16
1116.8726206126103	1142.4197347947545	5.2
1086.5517922801216	1094.6209031975773	5.24
1075.6649526879191	1093.1001856727032	5.28
1065.4478521594053	1082.6352860820514	5.32
1072.0863977127376	1078.5617527268469	5.36
1052.551655842436	1052.8754754752283	5.4
1031.338322859617	1023.9475741942757	5.44
1020.56800849868	1036.4511866084483	5.48
1028.4792616302202	1026.3223003874377	5.52
1077.9486879474127	1063.4469739061003	5.56
1087.3598029706934	1103.935100282786	5.6
1129.6785403098959	1145.2590112526957	5.64
1184.8424251335093	1199.864557239401	5.68
1246.4492726137476	1264.0075197398012	5.72
1313.2669298127498	1326.261205187749	5.76
1379.9450505320226	1389.773974449686	5.8
1427.8601138949787	1419.6491599332733	5.84
1446.6421251770835	1415.2868397465036	5.88
1450.4670381026365	1420.9731401287106	5.92
1451.708330899946	1412.088909021101	5.96
1430.3371996138999	1412.5549782124472	6.0
1419.3027802371278	1413.0709483153382	6.04
1395.8941657914645	1415.4929138667292	6.08
1389.9231053370697	1417.8088824174952	6.12
1386.840107657163	1414.5078428733077	6.16
1370.0783006585764	1402.0562967169221	6.2
1358.271753192514	1392.7943434175463	6.24
1346.0247631082375	1371.100209129103	6.28
1308.9043916346438	1317.6373580018246	6.32
1264.0495265134869	1264.2896424597054	6.36
1202.813630914744	1199.1359452705772	6.4
1134.8492003153744	1143.3598645875734	6.44
1068.169294117337	1080.85145090199	6.48
1007.529191221963	1020.5612828095946	6.52
963.1987735819903	972.3038234214447	6.56
929.0267294560249	924.2594755980181	6.6
904.1461505775255	901.2237665917131	6.64
904.6856012660722	884.0133292154775	6.68
897.7170562343802	863.2622010951881	6.72
900.5643320932355	874.8485212744505	6.76
907.1928952443559	877.1210273182882	6.8
919.6134904393884	884.6024805652728	6.84
929.6651589175156	888.5594596045004	6.88
936.2638430184861	898.5363967629912	6.92
942.5337944772153	906.563995399701	6.96
951.6073543850728	913.0751722345003	7.0
954.0388190203972	927.851329777049	7.04
951.820706200153	922.7742845592455	7.08
958.0189524842983	932.3076263494927	7.12
958.8985962477263	935.098224696136	7.16
950.9189706721019	930.9052495187617	7.2
939.5999621028457	920.1017905512266	7.24
931.217053537979	904.276844402609	7.28
925.7543351141503	896.3725868022914	7.32
918.1700567636358	888.3467589456486	7.36
910.5217255786292	887.7878049093875	7.4
907.7751269880797	884.972630719425	7.44
906.7426550447944	883.9836507311092	7.48
903.6490061349828	880.3211161211235	7.52
906.5779206157082	881.6690628294643	7.56
905.6120962997918	881.9912063027152	7.6
904.3575177013408	877.2432860784368	7.64
903.2075862305924	875.7231839464189	7.68
903.7417176397482	878.1541179764134	7.72
906.8307864442163	880.6101208010648	7.76
908.529231842139	879.875385774247	7.8
909.2674584943564	876.6488424133291	7.84
906.8960979304534	874.3479936262381	7.88
905.4045962750777	874.0165584022561	7.92
907.3473466278512	873.8227499229812	7.96
905.5152350477427	867.7413342592057	8.0
903.8900342702417	866.4799521258391	8.04
899.835184257085	863.8298914249646	8.08
902.8887435517421	871.2080021612569	8.12
905.462692758184	867.2998984499831	8.16
904.5362010580022	873.9206635035833	8.2
907.3922765019072	878.1049967684414	8.24
907.4693042799339	885.1548506574316	8.28
909.5581729519556	884.0837047298052	8.32
908.9841483304212	883.3182112510912	8.36
913.8034031517502	884.2721923506085	8.4
912.8226365072998	879.8281285305737	8.44
909.9731591132107	879.7639037828882	8.48
910.9859898043641	883.1330974061119	8.52
914.9116246177738	885.4286439647308	8.56
910.2177880827992	885.3073312835353	8.6
916.9772884070692	890.4225216807296	8.64
923.0753358449124	896.9217181028092	8.68
927.6152943835307	889.1576508668286	8.72
935.2539625090672	887.886232065588	8.76
946.0317857026381	877.5923857686632	8.8
939.259063589244	867.4563957872715	8.84
908.3884278000378	849.3671594842901	8.88
862.5351261413624	862.6174235964857	8.92
853.2652553644422	878.9962837693814	8.96
860.2315839371561	876.397129886681	9.0
871.3372343234208	886.2277058111972	9.04
888.9320431498018	893.6154398151521	9.08
893.144764104361	900.0942280259037	9.12
894.8302072318623	911.5766954417317	9.16
895.9113389757088	910.6914772019196	9.2
897.2064545489602	917.5642375223567	9.24
899.4986106415396	921.8671566540229	9.28
903.3663938882781	929.6457173685948	9.32
910.5616247077772	933.4029632090073	9.36
910.599697203624	934.1526587389027	9.4
919.2174626883452	930.9391683097989	9.44
917.7029332173845	936.6051951115293	9.48
920.8226897490458	933.9269805933922	9.52
918.5882515393431	940.0854944960879	9.56
922.8677058633846	931.6993067817999	9.6
929.3219711501249	931.1914325431925	9.64
934.2517451814884	938.9131779816588	9.68
935.3156996450599	940.9632709496437	9.72
936.952447583569	936.1282387521762	9.76
937.4175290913275	938.1178235713287	9.8
943.8746853108267	928.9216863655679	9.84
920.7080043121387	930.3253217884915	9.88
913.3215177659334	923.4421144239427	9.92
914.1677981214826	928.2409797650065	9.96
918.9646276691209	927.5929352743096	10.0
924.8797168174266	935.5003664433634	10.04
974.7462550084343	931.5217026675907	10.08
990.3658369537418	905.2684649447577	10.12
986.3488624574844	889.0102386760194	10.16
965.166715369398	888.5918750946047	10.2
948.9933701852827	895.2035023580033	10.24
926.2280841429689	894.052382208205	10.28
917.4267365586621	902.3017210308179	10.32
922.1234030983134	907.0147937457941	10.36
925.5782805748925	923.2604468905853	10.4
921.0116884819316	923.860016096243	10.44
923.2668699537514	930.936652922916	10.48
932.435449278863	932.1365610691876	10.52
934.8496499366078	943.3132214692047	10.56
935.3214670246097	951.8889506965331	10.6
936.1070958433628	953.4704764299103	10.64
922.8175966342897	932.6392620766914	10.68
918.6336874819334	897.2424069935304	10.72
917.4559515536216	909.7347893567465	10.76
917.0325973026856	914.7360275994973	10.8
913.4565441505597	931.8780486111353	10.84
902.8038719725844	935.1172775122601	10.88
899.5614135180214	934.6447978813069	10.92
900.5224833840302	963.5243163932035	10.96
917.9640814166271	932.1101517621929	11.0
928.4224425470941	942.5506691649944	11.04
939.4605820727357	950.7663866800041	11.08
935.5394245081843	935.6765653552854	11.12
930.2368465643268	933.9836055885177	11.16
926.2046336291752	927.4630044651526	11.2
925.6224278947091	924.1043175314295	11.24
926.0059845955088	926.3103695000005	11.28
928.5544316308354	932.8203421560273	11.32
929.9814162842987	933.0275691760676	11.36
942.1974567409554	945.3069579021786	11.4
932.4424464044778	942.9840311048865	11.44
933.9321882402094	936.9729962437194	11.48
922.0535885310171	939.9231346821275	11.52
926.7014626946697	937.966394659573	11.56
922.8501665509949	939.9764344162018	11.6
906.6093646945501	934.3707550226626	11.64
897.3684734211289	934.4872490771864	11.68
890.0484513995208	931.3322772368474	11.72
883.4735813078219	940.6851875705612	11.76
885.9839061357948	949.9171308871789	11.8
888.8029786359397	952.8297961235128	11.84
877.7311970735115	944.1089430304019	11.88
929.7441988446359	928.3368264405317	11.92
965.1573834741282	931.8432443073104	11.96
969.3589534042716	916.0718349749092	12.0
957.9367329461152	921.5074330353855	12.04
942.3581296359997	941.8474027629377	12.08
934.9380397880769	963.1499968189535	12.12
941.1691037960632	965.618026006843	12.16
942.8029250435831	972.5507933814167	12.2
949.9487642602509	966.3102588070104	12.24
949.8588284923504	965.7573256566477	12.28
947.1419438519221	960.9225306530673	12.32
943.159197200967	967.6730149971403	12.36
944.0476473233665	968.987794180809	12.4
961.7904207517714	954.1908121819072	12.44
956.8272302973334	970.5962298451983	12.48
945.7882460695625	962.4286479663709	12.52
902.6547283538044	967.2088941748192	12.56
941.9898414350358	972.3314331563539	12.6
965.9740539420067	967.0765275678622	12.64
977.7817470137692	933.3101985065479	12.68
1017.9264583026849	922.8826739112088	12.72
1023.4223833561118	939.872687316372	12.76
990.4049192816601	937.0361781613537	12.8
977.680910204354	959.9003719214943	12.84
974.8186156053555	978.3774185273895	12.88
983.0578449973525	977.1541462669709	12.92
985.8127161952216	979.710018298421	12.96
979.6005336598898	970.7106746756081	13.0
983.9783373166412	982.396059341974	13.04
972.8046279881358	985.2626036146777	13.08
1003.26818793153	977.8015373750529	13.12
1021.7395200966822	943.9295174453957	13.16
1009.2633569753963	950.0614497372245	13.2
984.5091676395591	973.8929738495727	13.24
972.1134580371587	976.6207371121651	13.28
968.7745076689116	973.9535762509003	13.32
968.9425381489534	973.6085730675053	13.36
968.7644895260934	976.1997614032091	13.4
965.2473386023792	966.9663972703595	13.44
961.3431009424754	959.1939186184052	13.48
965.4316083662953	955.840835607125	13.52
957.351595174661	953.9569495386205	13.56
957.5018709589549	955.1289936087135	13.6
961.2733589914574	955.8343858158536	13.64
962.1397357555691	955.259223687738	13.68
957.1228533293396	950.9845241318952	13.72
955.83638109539	949.7585749922928	13.76
944.3198642367083	940.1674417289361	13.8
939.0133334886553	936.8062005839107	13.84
924.5940045994427	923.3672417918938	13.88
880.1572715633382	885.4195624383688	13.92
802.0716357152763	809.9884643991068	13.96
730.0822576987707	752.2804782856311	14.0
727.4372755328353	734.081846575528	14.04
712.0968694937784	719.3881749575705	14.08
720.6174720580971	716.9596391467262	14.12
729.5590703617548	708.9608531166427	14.16
740.186577138248	704.1926738906808	14.2
738.5373393332691	691.8263924153258	14.24
743.9076293617923	685.3461098441041	14.28
749.284580214938	683.2749825449188	14.32
753.3724152015659	688.4574829561672	14.36
763.4002829460403	710.9522139221386	14.4
772.2704739599807	715.2948830997202	14.44
794.1067290766338	740.5946952408394	14.48
834.2751002001795	775.4654787926274	14.52
884.4569348872395	827.1827653555613	14.56
944.0325147298691	897.356314410998	14.6
1009.4223145508051	965.3737316995674	14.64
1072.9815137439439	1023.4753618190886	14.68
1142.809189182155	1136.3829798909082	14.72
1208.70854015635	1191.8270737780158	14.76
1289.7387383580312	1281.6630139023557	14.8
1337.1661349305552	1310.1427345151117	14.84
1356.8221875425031	1356.730820038679	14.88
0.0	0.0	14.92
0.0	0.0	14.96
0.0	0.0	15.0
0.0	0.0	15.04
0.0	0.0	15.08
0.0	0.0	15.12
0.0	0.0	15.16
0.0	0.0	15.2
0.0	0.0	15.24
0.0	0.0	15.28
0.0	0.0	15.32
0.0	0.0	15.36
0.0	0.0	15.4
0.0	0.0	15.44
0.0	0.0	15.48
0.0	0.0	15.52
0.0	0.0	15.56
0.0	0.0	15.6
0.0	0.0	15.64
0.0	0.0	15.68
0.0	0.0	15.72
0.0	0.0	15.76
0.0	0.0	15.8
0.0	0.0	15.84
0.0	0.0	15.88
0.0	0.0	15.92
0.0	0.0	15.96
0.0	0.0	16.0
0.0	0.0	16.04
0.0	0.0	16.08
0.0	0.0	16.12
0.0	0.0	16.16
1477.084635938876	1472.1240319179306	16.2
1388.3044392368556	1401.0832845420107	16.24
1298.0222174777275	1305.5573103931529	16.28
1219.956378598065	1243.2599116545107	16.32
1147.9199736870485	1154.1439121297133	16.36
1107.1813154958004	1115.2794332412193	16.4
1074.8135729004625	1082.902150980606	16.44
1082.3060573694172	1021.6019721837962	16.48
1078.2123482384627	1053.29902091352	16.52
1093.1670426710436	1062.8543401028862	16.56
1076.8880743564773	1038.650683647331	16.6
1066.8022590247008	1029.7044696880744	16.64
1061.1156976521197	1022.8432628622284	16.68
1065.0285794680922	1060.4240497133676	16.72
1068.8604491290014	1059.0722397836753	16.76
1047.5875842887522	1016.3925029087527	16.8
1029.6402400600948	1029.0408914518625	16.84
1011.492423925077	975.7423885834585	16.88
1005.4088057830605	995.8449466837476	16.92
994.0586708659323	972.14010312384	16.96
975.0735103730382	945.4092503329746	17.0
957.3538238807542	937.5828115197547	17.04
935.7651749753744	949.8134916031256	17.08
918.4959082443157	917.6974256646344	17.12
899.6189287252133	882.3846420477623	17.16
877.8360050419207	854.546807099105	17.2
851.9321547535944	856.6972179388187	17.24
834.7150622769439	880.2470644053658	17.28
824.5879428554415	855.5958165985513	17.32
826.0688706703745	815.8675700564665	17.36
832.1927907454209	845.8411188717162	17.4
826.6507238607531	843.5960541120899	17.44
829.4678218954945	845.324859820194	17.48
828.9264639979033	852.278850024311	17.52
830.4875430913108	838.7817562260796	17.56
831.4236738281538	844.6734052571281	17.6
825.6872290496449	820.5690242907315	17.64
827.7001816144606	832.8863533165212	17.68
827.72125455283	861.499822501869	17.72
829.6272508052971	860.5431909077598	17.76
831.9326623644475	912.1248068372947	17.8
842.5176539881336	873.3873119608623	17.84
842.738607872624	866.7621804145407	17.88
841.7030909173209	889.9423712841831	17.92
857.0585307930324	885.9498856793226	17.96
864.2660185807981	882.2812194175225	18.0
878.027018282356	865.3452323247678	18.04
900.8591211149771	958.3412864556238	18.08
922.5962308911445	914.3093866035202	18.12
941.6111987555928	890.338825838767	18.16
958.9980765994776	930.0356094723945	18.2
965.1090519474408	901.015538749267	18.24
974.3498277934452	892.3177956714343	18.28
995.0028888543052	918.7904238416277	18.32
1019.0417420355164	968.2196280768022	18.36
1031.820219845845	963.4562589858282	18.4
1043.322136723675	1030.3763480142297	18.44
1048.6596789211424	1051.5004217490812	18.48
1058.3666580135525	1075.8855438570258	18.52
1077.7897730302968	1092.4468725853772	18.56
1087.881765573294	1106.4476823467724	18.6
1101.1620890108363	1095.355968606155	18.64
1341.559155023406	1183.0651819811121	18.68
1101.7318073271115	1096.3438641572618	18.72
1101.8186544294094	1101.3500255981237	18.76
1087.247068545584	1091.2626218904131	18.8
1074.8251751389616	1069.4205423234937	18.84
1069.8566163583316	1053.844231713519	18.88
1078.0759098687145	1048.664688668096	18.92
1092.6485427939351	1054.4677091547553	18.96
1104.4582845615078	1072.3494021023173	19.0
1114.6696460260657	1078.7642228385773	19.04
1115.5897350589757	1072.4231655647175	19.08
1110.4790440399747	1065.5724864923484	19.12
1105.4140528356313	1058.8541148623842	19.16
1102.1632161143318	1056.9948799347876	19.2
1100.5511197084954	1065.9704755875769	19.24
1096.001805410771	1052.3968199992562	19.28
1089.100682480134	1047.3938014713945	19.32
1081.7361576527082	1039.7949061493928	19.36
1072.959483646434	1031.8976229536665	19.4
1063.3687914457205	1027.836379477858	19.44
1055.1395435307486	1018.3142395730869	19.48
1045.5272929101795	1015.1850608659628	19.52
1041.4035857706806	1001.6044918419175	19.56
1035.7180765260036	1002.2531701001551	19.6
1035.1543281219444	989.468218289723	19.64
1032.6963913068623	986.6404044047201	19.68
1032.4424911685917	990.4588198234418	19.72
1034.227786816909	995.9712659955381	19.76
1036.022912239501	995.4916349472043	19.8
1035.3117226831712	997.0298963712039	19.84
1035.64693844523	997.5747712037245	19.88
1036.1331505146234	1000.674959936421	19.92
1035.5415058731962	1006.4694366373358	19.96
1037.0516064854803	1000.3015265233511	20.0
1035.6257833692932	1000.5916394431022	20.04
1037.1811893428614	1003.0366096188246	20.08
1036.3628567531946	999.4424040779284	20.12
1035.6523768331629	997.5369006937557	20.16
1037.0704008165892	994.305308726442	20.2
1036.293117791536	990.1665422134705	20.24
1037.5689154787215	989.2338503336883	20.28
1035.6338731339974	989.8149415059212	20.32
1035.2263988301142	986.7522504417275	20.36
1033.3279335174525	984.2904078700471	20.4
1034.354717200485	985.6832808816664	20.44
1035.2702708068516	984.0096306662763	20.48
1033.6527727947334	986.1984448201617	20.52
1032.1888521361718	989.9577890530356	20.56
1031.593611632462	978.1584157842257	20.6
1032.4316712691862	982.9278070232912	20.64
1032.3447210257348	994.4768484200913	20.68
1031.7404958465984	993.8398457143013	20.72
1032.3952592866524	977.8107234826305	20.76
1030.8408350260697	993.6958846407856	20.8
1029.267543899999	994.182400764523	20.84
1030.8574923574558	990.2781250369779	20.88
1030.9983908859572	990.1464544894691	20.92
1031.330875327547	980.4199016553948	20.96
1029.3980127566613	988.97685524662	21.0
1035.0222353850381	991.8420493662239	21.04
1033.3039635401574	983.7602823396435	21.08
1032.5359268415855	991.5885688625381	21.12
1033.51285529059	996.471477933052	21.16
1033.530900305365	997.8388882692835	21.2
1033.895284938462	995.938792395577	21.24
1032.6696428848004	996.0437767650087	21.28
1034.6428938413126	992.5968188167109	21.32
1035.7547519526668	1005.420086793891	21.36
1033.397346268617	1005.6451384207784	21.4
1036.38110284128	997.8896258490454	21.44
1038.1906197306928	999.5897374430873	21.48
1040.6826231392433	1000.7279960276529	21.52
1041.7460667902922	1005.4469575409689	21.56
1040.1664306814514	1002.2023647874266	21.6
1040.5952184817104	1006.2626704766362	21.64
1041.4138564959937	1003.5263037415057	21.68
1043.3419855196519	1009.987022374528	21.72
1042.9783541192749	1012.4669222346183	21.76
1046.039760625418	1005.125439063985	21.8
1039.900697009815	1020.751356066293	21.84
1040.4463361509088	1016.7007084819854	21.88
1033.8429068183677	1025.2005428530165	21.92
1037.6142763708522	1015.2756163058028	21.96
1035.2295200744118	1017.9713517913647	22.0
1035.7115411519237	1008.2882554544269	22.04
1035.8041196237643	1020.9595555714516	22.08
1037.202513170542	1010.6960637087042	22.12
1037.4137916216803	1020.6387160584912	22.16
1037.3196778031147	1010.8127384738601	22.2
1035.9208481421738	1021.3106237387846	22.24
1036.9858213094785	1019.569239342065	22.28
1039.2355345703152	1032.3678292616214	22.32
1046.467323878743	1029.9410992113042	22.36
1050.2936374929018	1041.2635065717677	22.4
1054.187137272907	1053.5072281942773	22.44
1059.5272745501366	1048.707700879132	22.48
1063.425014083763	1056.847894813509	22.52
1070.1335736966448	1073.224891134513	22.56
1073.3006916560985	1071.145027849906	22.6
1082.1956398620168	1087.526543183369	22.64
1088.7642015354288	1087.5016504811585	22.68
1092.480985414977	1079.6538501740142	22.72
1096.0136156352214	1070.2686416160016	22.76
1096.514356622884	1060.620820683062	22.8
1103.5604314206778	1064.6280754436916	22.84
1110.9184865772768	1060.0975768076541	22.88
1129.326474890804	1074.2782063810255	22.92
1157.3145046935624	1099.8575893754335	22.96
1193.5938748730011	1133.1414700361713	23.0
1227.9248914155821	1163.7027277633852	23.04
1258.0390703960684	1185.7945912252972	23.08
1289.991255396696	1214.156391099873	23.12
1299.8838932258343	1228.103772505678	23.16
1301.2616022619188	1227.1915461862386	23.2
1304.3664842061607	1224.8503233871356	23.24
1301.0372207521755	1225.7412115702107	23.28
1299.6652172201157	1231.643403108021	23.32
1296.5696824295019	1229.2865277185267	23.36
1296.1080993921382	1240.8288197959116	23.4
1291.3348079750588	1231.3807211403318	23.44
1285.1953267952697	1228.6282107271627	23.48
1279.6772042937594	1228.7174378786076	23.52
1271.2013458468161	1229.275677896366	23.56
1259.776350360484	1232.7565867263322	23.6
1247.2725499332246	1314.4563386195325	23.64
1243.2177959929224	1211.9014153517055	23.68
1249.4886203443314	1193.8538082372875	23.72
1268.8841863747882	1242.4450188735968	23.76
1262.4394346913364	1263.9956338058948	23.8
1269.9271472874857	1242.7275409155172	23.84
1248.6238796562918	1226.1646911542464	23.88
1218.8286126156308	1198.5486120423768	23.92
1188.1628242715349	1158.3302785547824	23.96
1149.9591282230556	1123.1399623591265	24.0
1126.4787272016945	1101.8238945894932	24.04
1108.444332623334	1088.8500836760695	24.08
1121.1084163526752	1106.7374259435073	24.12
1158.9529376121886	1150.5369065929021	24.16
1189.3871599775287	1189.006634227793	24.2
1215.6820661269865	1213.4565102914887	24.24
1220.6469865642857	1223.298112859351	24.28
1206.5589499441294	1212.2233891399471	24.32
1184.5682687907442	1197.3210994610215	24.36
1191.7007960654837	1186.1832779476904	24.4
1192.4704418635142	1202.9430736294412	24.44
1190.613673979373	1217.1054669727644	24.48
1187.7972735437986	1212.356947231178	24.52
1191.6038493477452	1218.8726498907254	24.56
1199.7070586069642	1258.2470872235926	24.6
1204.8696265341314	1298.6132077666891	24.64
1209.8198111261245	1306.486502622883	24.68
1201.7172150833428	1321.790538786896	24.72
1189.8469548092696	1304.7123601840353	24.76
1185.430837160855	1284.5447608940501	24.8
1169.515137683426	1241.5259577673799	24.84
1164.362880601645	1215.904888522781	24.88
1172.636164044166	1258.0037782886764	24.92
1180.7020422304956	1260.2955070483358	24.96
1183.1520416233955	1240.5365055135244	25.0
1171.2540992143063	1240.095419237502	25.04
1169.6136511306647	1246.5924116794722	25.08
1169.3223604778125	1231.993196077218	25.12
1170.6167199596048	1244.3880779766027	25.16
1179.2815195549163	1232.6603382890407	25.2
1179.5536101999385	1231.866543464688	25.24
1179.6793918621336	1252.1960450454847	25.28
1179.9529388944086	1221.1936634460371	25.32
1188.4568179318226	1225.006104972601	25.36
1183.6265819476998	1240.1865439153446	25.4
1183.531008053762	1236.5073288738042	25.44
1185.1586085025783	1247.1916987602142	25.48
1181.5921847226632	1227.9414599339286	25.52
1181.849624003764	1234.5924996840108	25.56
1182.349165541589	1225.1941425341577	25.6
1189.7059234719848	1229.4613002876604	25.64
1185.2366161724422	1226.133569243544	25.68
1186.9243828297658	1234.1427159946165	25.72
1181.9946785925313	1232.5557821123589	25.76
1180.7068631444981	1232.0188814957896	25.8
1179.3194446572509	1226.3133313876217	25.84
1179.170181794199	1226.570349213342	25.88
1177.9714436327424	1220.5393135924542	25.92
1179.899371963275	1224.2458284214458	25.96
1174.8252910127708	1215.5665417582663	26.0
1170.080649805645	1213.4544120410087	26.04
1166.277293880474	1218.5932216864878	26.08
1167.4228933663449	1206.2649325793623	26.12
1166.9383167997612	1212.1226216257862	26.16
1167.3337390671559	1201.1571706576792	26.2
1170.4001887594698	1210.0475431812108	26.24
1168.5781221191246	1202.5319034956665	26.28
1166.9069884559813	1199.6515367309457	26.32
1167.042588609402	1203.2606000191606	26.36
1166.4712202401508	1201.0203818570385	26.4
1165.413272659836	1199.2399147920453	26.44
1163.8794370210367	1194.321557450402	26.48
1160.2309169092323	1199.6659156069295	26.52
1161.1215997269114	1205.8824023188654	26.56
1161.7003723230207	1201.6737815178865	26.6
1160.9610026602636	1202.3820323911084	26.64
1160.738203490548	1213.3148394646294	26.68
1162.685786542325	1200.54700658472	26.72
1160.4050546373594	1199.0296760233043	26.76
1158.873605159308	1216.9994206454035	26.8
1156.8666884911559	1216.9839823479895	26.84
1156.7848733347425	1208.9112565488133	26.88
1154.7021601820807	1204.6014900756763	26.92
1151.913979780608	1199.6435279433413	26.96
1153.1756755572171	1198.769744232627	27.0
1153.3486719302664	1205.748615790875	27.04
1157.1792759560115	1186.1858922685103	27.08
1156.2007009871336	1213.8716781508074	27.12
1160.8479905565691	1211.6011063831672	27.16
1160.336328649726	1196.295644983414	27.2
1162.082691558247	1208.876983172598	27.24
1161.2687345515938	1207.264104359163	27.28
1163.1495451045666	1198.4535155394215	27.32
1160.1366418510895	1212.7517855195135	27.36
1162.1960245903967	1210.7579984242475	27.4
1160.0473373847806	1204.379493230894	27.44
1162.7948648267386	1225.7223477588775	27.48
1162.4930644692297	1219.0782225879866	27.52
1160.9390754333006	1227.2692051110723	27.56
1160.277136413751	1224.5141264609604	27.6
1161.1055696288147	1218.7664622422114	27.64
1157.845355828102	1202.2574259636697	27.68
1161.7308473536682	1205.5749716446833	27.72
1156.7216195015149	1216.4938298643667	27.76
1157.9797315278247	1210.3446598420533	27.8
1158.2358378695792	1206.4121193192268	27.84
1159.7546347352493	1205.571510625406	27.88
1157.930445307401	1216.9472202178115	27.92
1155.9721932043503	1211.1733991179494	27.96
1156.3304516316564	1202.6002386559753	28.0
1156.4800123640143	1193.9397679042686	28.04
1157.5676408250656	1206.288768304976	28.08
1161.0508442988369	1197.582184362327	28.12
1158.3108486155056	1222.4706730463124	28.16
1157.525280772006	1218.3506871007996	28.2
1156.191926792212	1219.8771735236362	28.24
1157.7493456843422	1206.7653080459907	28.28
1160.69747651487	1207.5459379310148	28.32
1159.6123566133708	1211.3540546309343	28.36
1157.6624963090999	1207.331191674905	28.4
1162.2742590693153	1205.9864586841593	28.44
1160.984820254491	1207.7567825210203	28.48
1162.8279320143724	1206.457673102173	28.52
1166.9623170655684	1199.289484805524	28.56
1169.156714130104	1196.3083884694547	28.6
1162.9458583737216	1205.4308888126625	28.64
1166.2116866292265	1196.3930619858327	28.68
1167.0674902277458	1201.7826138246644	28.72
1166.7617259681801	1205.7575542613235	28.76
1163.2495148445475	1209.3735543758971	28.8
1167.705582842895	1204.3090690920742	28.84
1162.6557648100138	1209.5359707771242	28.88
1159.742319403978	1205.8858002781128	28.92
1159.2177517232187	1202.6948454547464	28.96
1156.1861321641652	1195.1734561709297	29.0
1162.6054519868114	1188.6774347287592	29.04
1165.568238475339	1200.183229979271	29.08
1169.712409577878	1201.656667979993	29.12
1170.6449309625414	1211.0339562313532	29.16
1167.7976547821916	1204.8031298301892	29.2
1172.3119677576437	1193.2407019600141	29.24
1169.2846976634892	1206.6542906398533	29.28
1170.5842263291674	1189.8727021495026	29.32
1171.7228261588743	1206.7034662062686	29.36
1168.3528865612534	1207.0705423515126	29.4
1164.7712513836345	1201.5922352218795	29.44
1171.8866800371763	1204.951745790575	29.48
1166.1661624086844	1206.1539426432864	29.52
1164.4519891701584	1203.283430780358	29.56
1168.9602047591316	1189.87025609639	29.6
1163.7976218687024	1213.6499130967293	29.64
1163.7720317957292	1212.80651065038	29.68
1160.010568863311	1220.8622360905745	29.72
1158.940944084188	1207.1462869190598	29.76
1157.4407633883081	1195.4608736459847	29.8
1152.4963104303656	1194.4571286397143	29.84
1163.7264385125477	1199.1550152609766	29.88
1171.5805719959553	1152.654194149761	29.92
1155.603827816824	1136.7961156716124	29.96
1095.8627179635375	1061.540977035845	30.0
1007.8830812750118	950.1835411473567	30.04
913.3321088495095	878.9367273057268	30.08
841.8912919715433	794.6465684426385	30.12
818.6292641113608	723.6817031318651	30.16
813.2679112372713	709.2277457362253	30.2
836.270745248133	716.0056510160209	30.24
866.9783630642779	741.0453230339712	30.28
880.460461638491	765.2097768771852	30.32
884.268341524896	794.1360846473234	30.36
873.6624527366357	815.7885226966818	30.4
860.6442011865871	820.9725101221427	30.44
853.4293583809801	832.2012244878108	30.48
856.2747974592095	843.4946118457873	30.52
860.1977105626569	840.842657643524	30.56
881.6013609625475	841.1893214414223	30.6
894.7245197211914	829.9395784048405	30.64
872.2106411592199	803.7392804787656	30.68
0.0	0.0	30.72
0.0	0.0	30.76
0.0	0.0	30.8
0.0	0.0	30.84
0.0	0.0	30.88
0.0	0.0	30.92
0.0	0.0	30.96
0.0	0.0	31.0
0.0	0.0	31.04
0.0	0.0	31.08
0.0	0.0	31.12
0.0	0.0	31.16
0.0	0.0	31.2
999.9449531753781	916.1074950547664	31.24
1073.0899226500194	1010.5814624490523	31.28
1143.6629455610343	1081.5186600190414	31.32
1175.8406180407392	1103.7286006914374	31.36
1179.7337899881254	1092.301587102731	31.4
1176.7524153969478	1169.2022846213165	31.44
1176.2322207703749	1206.0069538096132	31.48
1170.6578423258957	1175.0917585966988	31.52
1159.5434399281985	1127.6259343931836	31.56
1145.7850972882832	1151.456497615459	31.6
1138.6710245793465	1134.4550772589287	31.64
1132.9862758792133	1148.0255869308899	31.68
1118.580763109877	1125.7488787430514	31.72
1102.3757296704339	1108.2046361931893	31.76
1085.1526835242803	1091.116287399373	31.8
1064.563798610082	1072.5886574861354	31.84
1056.013262183153	1073.3097418199118	31.88
1044.1924223417031	1043.2195763238283	31.92
1035.3343851765478	1045.8419612246573	31.96
1031.9500040963474	1011.8114057029019	32.0
1028.9387403331252	1033.0781939403623	32.04
1027.8367677110843	1024.9439597539097	32.08
1024.3056891311005	1025.214552435292	32.12
1016.0251903030112	1009.0066959177831	32.16
1011.5124968584432	1010.1706845904091	32.2
1002.490879163685	1004.6336970272133	32.24
991.9380488737295	986.402645151872	32.28
986.000810920916	974.5692582249192	32.32
978.8676566893324	981.3435497373391	32.36
969.9407145929323	958.1134858525584	32.4
967.8395893071884	960.5087056577936	32.44
966.3142971033401	971.0849878323739	32.48
965.3964844522479	957.5831562688601	32.52
962.6658270155167	971.0775472718964	32.56
960.0157256867994	956.688922846915	32.6
956.8202279621314	977.0020168155481	32.64
955.2061821541081	959.4539305953263	32.68
955.7238640151112	962.0014354848036	32.72
956.2578399566306	952.4238599270773	32.76
953.8144909173969	942.1854344429017	32.8
952.0111623945875	947.3347871559037	32.84
953.6154113280382	949.6136693993793	32.88
950.8146714605894	947.1170857490089	32.92
952.0067768680743	950.5366343262154	32.96
949.8209657717924	938.3004203995732	33.0
946.4835286157725	943.0035353020901	33.04
946.0371367138549	938.8617447277818	33.08
945.6156439387083	969.6767073481907	33.12
948.0403360340916	956.497098221887	33.16
948.0539230849073	938.8040619894249	33.2
950.0516637219107	943.7810371504899	33.24
948.9572111444885	964.4446811904236	33.28
948.3462424112796	949.058400760158	33.32
950.470544881808	947.7015865546243	33.36
949.0786156374537	958.0564859276169	33.4
949.4157340035573	951.493867100329	33.44
947.6077728790685	969.086269819711	33.48
954.1600622611526	960.0298121910803	33.52
952.7052256301879	962.4782999080971	33.56
956.1562373333425	979.4191651085032	33.6
970.912253264268	1015.9756805720194	33.64
1000.3841275715728	1043.4681156147233	33.68
1013.5344697399498	1055.0930066346682	33.72
1027.7489711076032	1079.6631143161712	33.76
1045.5401365260861	1074.5438120296287	33.8
1042.2746066994273	1072.9206041978855	33.84
1037.8131080971768	1010.297913278028	33.88
1034.9718630520201	1014.5546873461604	33.92
1042.284052772191	1018.2206177985901	33.96
1048.9346934324053	1020.1921259406532	34.0
1061.5267488263723	1098.8368775262056	34.04
1076.2732860351773	1134.7708597872727	34.08
1088.6772526173854	1154.274157119586	34.12
1111.2378128999007	1171.7489444847483	34.16
1141.2473437790936	1216.2337077973675	34.2
1198.5307821326544	1278.1289444760137	34.24
1255.1713918323755	1349.5073760515097	34.28
1305.9857334062172	1412.2661301061603	34.32
1345.0576490797548	1470.7355076287051	34.36
1383.2362562528283	1490.9770045263517	34.4
1409.374414466569	1507.906351824335	34.44
1429.413340978151	1509.1546095129133	34.48
1430.0731519720662	1423.2230783478547	34.52
1427.2440167963807	1412.2477716293827	34.56
1353.3373746434504	1331.2869099630989	34.6
1231.0658192385517	1199.5062986047521	34.64
1095.4342722561864	1079.3465257834462	34.68
989.1725728135392	961.2688914201331	34.72
919.9408845825153	886.6162121036344	34.76
904.6656318613776	853.3829988823823	34.8
869.4536659612313	844.5478154402782	34.84
848.6318312635904	834.8909178687417	34.88
819.2187529921578	828.2938974826881	34.92
807.055975002276	815.8773023356258	34.96
787.4630770244628	797.6856414987299	35.0
778.8955721730753	779.8025106549752	35.04
771.05265081095	752.7165061564802	35.08
759.8479334576766	723.7063170426144	35.12
759.006835551871	703.8194766827837	35.16
759.699433558898	708.5518647365079	35.2
761.0254750565857	686.2288155142602	35.24
767.5270843623508	636.379829751911	35.28
796.0135409302795	574.4125379487513	35.32
836.1596320786181	671.584920871149	35.36
916.2573094831789	806.1712243026097	35.4
995.6240353802235	901.6487466250877	35.44
1056.344867532215	941.2508582086576	35.48
1096.3136517487608	960.9028124495702	35.52
1096.5509288599328	971.8614762566604	35.56
1116.9485227063262	971.1025790852436	35.6
1110.532376259092	973.0873853751734	35.64
1103.0296183455703	966.89719618332	35.68
1096.2907290579408	961.8991771020043	35.72
1091.642444722082	954.0640850202583	35.76
1088.136434191684	948.2086264444307	35.8
1082.0089846492317	942.6795336585967	35.84
1080.3820597599918	935.0474184715791	35.88
1081.2070418416508	932.6748916518422	35.92
1079.2650988850105	931.414861141083	35.96
1083.2680614409967	931.6178642078625	36.0
1084.2733031733621	929.9485626163889	36.04
1082.6671604437836	930.9014772281859	36.08
1084.5477509276072	930.6762427330368	36.12
1083.0940594830513	930.4451863894998	36.16
1083.340628535274	928.662726246711	36.2
1085.534804347457	928.4743577764624	36.24
1087.2772815298856	930.22945753789	36.28
1088.1864061766596	930.5233320258453	36.32
1088.7576756586734	929.8663968869462	36.36
1088.5378961573592	927.7959613441889	36.4
1088.52452583807	929.2580232588988	36.44
1087.8838878534266	931.9789446381703	36.48
1086.1214194303068	929.7436314011462	36.52
1087.1786388228034	931.1509597235697	36.56
1086.2145066080295	926.6279079764413	36.6
1086.0262496499267	927.4656219749119	36.64
1084.7990896435604	927.3130029093963	36.68
1087.400009218798	928.1011569886709	36.72
1087.3891333053768	927.9629797988742	36.76
1092.1752285372977	929.466034535241	36.8
1093.623709304742	932.233179569862	36.84
1093.3768244054145	932.2150645388609	36.88
1093.9698877992118	934.0484031180569	36.92
1093.0135805278544	936.448101856813	36.96
1095.5756432467476	938.0088632318623	37.0
1095.8517701035107	939.0901671114017	37.04
1092.4829165808	938.798154662249	37.08
1093.2933188248408	938.3399473008703	37.12
1089.887819176946	936.3836197541377	37.16
1090.64545381958	938.8945285773729	37.2
1086.3402456286494	937.0889009365253	37.24
1087.1437666437027	937.4059267848494	37.28
1084.6489715514401	935.3819645585143	37.32
1082.3150231026425	932.1159260720743	37.36
1079.3112654211366	927.6263636766267	37.4
1077.8256386088074	925.3600536849376	37.44
1079.3444902348656	925.1349446633894	37.48
1080.6393249478838	926.2030058645603	37.52
1081.4254591198712	925.5622744873431	37.56
1081.8400303557714	927.9007927281299	37.6
1080.170546938571	927.7852552676843	37.64
1076.9016236426487	930.3332466231607	37.68
1076.7358623340315	928.8200161530443	37.72
1077.2954467370894	929.0678714544814	37.76
1077.9996709146246	931.9141170135846	37.8
1077.9040863996615	931.5888263261485	37.84
1077.1728576443056	931.3476170548261	37.88
1075.168285063421	929.2307706621941	37.92
1074.9307240673209	927.8991673199105	37.96
1073.451705589016	927.3780585508661	38.0
1074.0095866646843	925.6687078815946	38.04
1077.3643514951445	926.1227346760293	38.08
1074.5622200332712	926.9928996777364	38.12
1075.7955984970556	925.9825177410239	38.16
1074.0956289446785	924.0789796591939	38.2
1073.2687017858784	925.8362313847342	38.24
1074.0077685007288	929.0175541561284	38.28
1073.9716218086262	926.1276572379891	38.32
1074.4082979218495	928.1892963534616	38.36
1074.2560546673976	927.3404488509394	38.4
1074.6063477970595	927.6281061976714	38.44
1074.8377350762416	928.0934433208315	38.48
1074.2455688414875	926.9705927329109	38.52
1071.7208714161488	923.5281106691549	38.56
1070.5405447515882	923.371256086017	38.6
1067.7646343021363	921.8274935804617	38.64
1065.6667054621646	920.5755896690325	38.68
1062.0227494855799	916.4343377784404	38.72
1061.5411370007978	914.9517099518469	38.76
1060.6745097919297	915.3117872057775	38.8
1059.4041518009547	913.9654404267881	38.84
1059.68865678992	913.5243835494155	38.88
1064.2493977911593	913.1578521288524	38.92
1059.4221997423235	910.753655065992	38.96
1059.7078537007878	908.5055805429616	39.0
1061.286900944734	909.2210815961758	39.04
1062.6350119083122	911.243393012016	39.08
1062.2147456225614	912.41422856108	39.12
1061.8558644448112	909.969126466202	39.16
1061.7950831635394	907.9651862988984	39.2
1062.1729223611615	909.1971602090051	39.24
1065.4882973523208	908.2156187142956	39.28
1062.4633480519292	907.6854036749872	39.32
1058.3546143435426	907.375606882384	39.36
1060.6300544579883	906.359713882843	39.4
1058.6966912797025	908.5608180476627	39.44
1060.4373171797913	904.1788273847039	39.48
1057.1127418819385	906.6496257153389	39.52
1050.856923678883	903.5199213971867	39.56
1047.6151509544238	900.5074086789278	39.6
1054.6135897473107	898.4578810647632	39.64
1052.993542290838	900.2348176178198	39.68
1052.7464690723489	902.3182669385648	39.72
1050.5390803589726	902.4337862571848	39.76
1050.396469502212	900.6854678044593	39.8
1051.6058138355836	903.3310095878884	39.84
1052.3144641430058	900.2634558446097	39.88
1046.032119258729	897.6832619354066	39.92
1044.8939550050698	894.258053121539	39.96
1036.5774356825088	888.1265664122981	40.0
1036.6411922188795	882.0471238870697	40.04
1027.16394361959	878.8215852167996	40.08
1024.1928632376416	866.0419080346418	40.12
1015.7426709737507	860.0894170700507	40.16
1015.382381112968	856.9592782084657	40.2
1009.2351285029097	845.9358618527751	40.24
999.59058990927	841.2270432461673	40.28
984.4410957947235	828.343124088947	40.32
971.7239861726798	809.6842024373648	40.36
964.1535979620735	799.5676558798629	40.4
960.6307970820296	805.4124969228925	40.44
948.600058802336	782.1299009484384	40.48
946.8438295750516	790.4646275271355	40.52
954.3177092314207	788.3081264859155	40.56
958.6052855117066	773.1941513912473	40.6
961.5642688693268	794.8501563746325	40.64
954.2955141753472	789.9793427530709	40.68
952.3390866231917	798.0196927713091	40.72
948.1177830062188	789.6332266311686	40.76
0.0	0.0	40.8
783.9950209903229	696.6466080334249	40.84
0.0	0.0	40.88
0.0	0.0	40.92
0.0	0.0	40.96
0.0	0.0	41.0
799.1211577317661	731.2404145671707	41.04
0.0	0.0	41.08
778.1746442174543	715.3888442558828	41.12
0.0	0.0	41.16
0.0	0.0	41.2
0.0	0.0	41.24
743.7000377103391	698.9067615154801	41.28
746.7842975806417	698.6734708590243	41.32
0.0	0.0	41.36
791.7706370469942	723.1791034795956	41.4
0.0	0.0	41.44
0.0	0.0	41.48
0.0	0.0	41.52
0.0	0.0	41.56
0.0	0.0	41.6
0.0	0.0	41.64
0.0	0.0	41.68
0.0	0.0	41.72
0.0	0.0	41.76
812.4104904547837	741.5051988823479	41.8
0.0	0.0	41.84
0.0	0.0	41.88
0.0	0.0	41.92
0.0	0.0	41.96
0.0	0.0	42.0
757.2810317357739	697.1008477541105	42.04
0.0	0.0	42.08
0.0	0.0	42.12
0.0	0.0	42.16
770.5887204292354	697.7578000740236	42.2
0.0	0.0	42.24
0.0	0.0	42.28
0.0	0.0	42.32
0.0	0.0	42.36
0.0	0.0	42.4
0.0	0.0	42.44
767.7056104925796	700.5965215432195	42.48
0.0	0.0	42.52
789.8393393507756	739.6829159713038	42.56
0.0	0.0	42.6
0.0	0.0	42.64
0.0	0.0	42.68
0.0	0.0	42.72
0.0	0.0	42.76
0.0	0.0	42.8
0.0	0.0	42.84
0.0	0.0	42.88
0.0	0.0	42.92
0.0	0.0	42.96
0.0	0.0	43.0
0.0	0.0	43.04
0.0	0.0	43.08
0.0	0.0	43.12
0.0	0.0	43.16
0.0	0.0	43.2
756.9673225731574	698.7255050072001	43.24
0.0	0.0	43.28
0.0	0.0	43.32
0.0	0.0	43.36
0.0	0.0	43.4
0.0	0.0	43.44
0.0	0.0	43.48
0.0	0.0	43.52
0.0	0.0	43.56
0.0	0.0	43.6
0.0	0.0	43.64
0.0	0.0	43.68
0.0	0.0	43.72
0.0	0.0	43.76
734.8303200707618	632.4634921571558	43.8
727.3116112544476	660.719812217869	43.84
694.9581073718097	619.2571868203161	43.88
699.2626793266271	619.3929689945041	43.92
0.0	0.0	43.96
0.0	0.0	44.0
0.0	0.0	44.04
0.0	0.0	44.08
0.0	0.0	44.12
0.0	0.0	44.16
0.0	0.0	44.2
0.0	0.0	44.24
0.0	0.0	44.28
0.0	0.0	44.32
0.0	0.0	44.36
0.0	0.0	44.4
0.0	0.0	44.44
0.0	0.0	44.48
0.0	0.0	44.52
0.0	0.0	44.56
658.6399017883758	646.6010983390953	44.6
0.0	0.0	44.64
0.0	0.0	44.68
0.0	0.0	44.72
0.0	0.0	44.76
0.0	0.0	44.8
0.0	0.0	44.84
0.0	0.0	44.88
0.0	0.0	44.92
0.0	0.0	44.96
758.6308157780651	670.1953889823383	45.0
0.0	0.0	45.04
717.9576712398472	657.7733065976466	45.08
0.0	0.0	45.12
0.0	0.0	45.16
0.0	0.0	45.2
0.0	0.0	45.24
0.0	0.0	45.28
0.0	0.0	45.32
0.0	0.0	45.36
0.0	0.0	45.4
0.0	0.0	45.44
0.0	0.0	45.48
0.0	0.0	45.52
0.0	0.0	45.56
0.0	0.0	45.6
0.0	0.0	45.64
0.0	0.0	45.68
689.9398518138314	643.2087522705209	45.72
0.0	0.0	45.76
0.0	0.0	45.8
0.0	0.0	45.84
0.0	0.0	45.88
0.0	0.0	45.92
0.0	0.0	45.96
0.0	0.0	46.0
0.0	0.0	46.04
0.0	0.0	46.08
694.659468375658	638.8740919600751	46.12
0.0	0.0	46.16
0.0	0.0	46.2
0.0	0.0	46.24
0.0	0.0	46.28
0.0	0.0	46.32
661.0957766575522	644.2288293377712	46.36
0.0	0.0	46.4
0.0	0.0	46.44
0.0	0.0	46.48
0.0	0.0	46.52
0.0	0.0	46.56
0.0	0.0	46.6
0.0	0.0	46.64
0.0	0.0	46.68
0.0	0.0	46.72
0.0	0.0	46.76
0.0	0.0	46.8
0.0	0.0	46.84
726.7746852454376	661.0240251789987	46.88
0.0	0.0	46.92
0.0	0.0	46.96
0.0	0.0	47.0
0.0	0.0	47.04
0.0	0.0	47.08
757.7982612077644	685.6836197517539	47.12
0.0	0.0	47.16
0.0	0.0	47.2
0.0	0.0	47.24
0.0	0.0	47.28
0.0	0.0	47.32
0.0	0.0	47.36
0.0	0.0	47.4
0.0	0.0	47.44
0.0	0.0	47.48
0.0	0.0	47.52
0.0	0.0	47.56
0.0	0.0	47.6
0.0	0.0	47.64
0.0	0.0	47.68
0.0	0.0	47.72
0.0	0.0	47.76
659.651606204717	669.2131726592264	47.8
0.0	0.0	47.84
0.0	0.0	47.88
0.0	0.0	47.92
0.0	0.0	47.96
0.0	0.0	48.0
0.0	0.0	48.04
0.0	0.0	48.08
0.0	0.0	48.12
0.0	0.0	48.16
0.0	0.0	48.2
730.8465076325424	670.5138472021845	48.24
0.0	0.0	48.28
0.0	0.0	48.32
0.0	0.0	48.36
0.0	0.0	48.4
0.0	0.0	48.44
0.0	0.0	48.48
0.0	0.0	48.52
0.0	0.0	48.56
0.0	0.0	48.6
0.0	0.0	48.64
0.0	0.0	48.68
0.0	0.0	48.72
0.0	0.0	48.76
0.0	0.0	48.8
0.0	0.0	48.84
786.7218205091066	706.1338359197924	48.88
0.0	0.0	48.92
836.2344369045171	747.3581460553943	48.96
0.0	0.0	49.0
851.2848048075601	795.6027547324242	49.04
851.2285299018794	778.0926880995489	49.08
831.9297669454604	767.049361194289	49.12
0.0	0.0	49.16
0.0	0.0	49.2
0.0	0.0	49.24
0.0	0.0	49.28
0.0	0.0	49.32
0.0	0.0	49.36
0.0	0.0	49.4
0.0	0.0	49.44
0.0	0.0	49.48
0.0	0.0	49.52
0.0	0.0	49.56
0.0	0.0	49.6
0.0	0.0	49.64
0.0	0.0	49.68
0.0	0.0	49.72
1084.240231557006	956.0890546412544	49.76
1113.5950271232505	986.3073123329932	49.8
1157.5611540074299	1020.7918676215243	49.84
1184.935536206622	1038.0969310064945	49.88
1189.5415445089502	1048.585985299752	49.92
1189.4217685706606	1053.7692886952016	49.96
1186.9465784613656	1047.7522801344426	50.0
1182.9665206986817	1041.9010184073834	50.04
1179.007989361076	1043.9953267906687	50.08
1178.0236974854802	1044.0797252780887	50.12
1177.2702014049316	1043.990536493058	50.16
1173.6757837834639	1041.5828702500435	50.2
1175.2342358661135	1040.4410279755227	50.24
1172.3930516040728	1038.0530788951712	50.28
1172.4308801836612	1037.2805238151273	50.32
1173.4415314625955	1036.1154814286592	50.36
1171.6896594950226	1033.7993965861622	50.4
1164.4897960749422	1026.3670124369094	50.44
1149.7813380784632	1016.3609406456414	50.48
1134.2911697024101	1003.861346053043	50.52
1121.0500614898926	988.5005472848169	50.56
1107.0931030909649	975.3219358029687	50.6
1096.654769753454	963.4429957417314	50.64
1086.1450248251444	948.4780839325038	50.68
1083.8326988941637	928.6363742995798	50.72
1079.9060481699032	919.1606253718671	50.76
1078.837772460479	920.0114458911441	50.8
1087.4182464960072	964.2478869223324	50.84
1108.3544869383925	1035.2839251806142	50.88
1152.6862475684882	1106.9334656557673	50.92
1199.2236585019484	1165.4011402785904	50.96
1241.1991948714895	1188.391387207451	51.0
1256.8946329221678	1199.6046471727834	51.04
1242.5720972696736	1212.7983326734814	51.08
1236.2144329591974	1235.83854065517	51.12
1212.9781228459944	1209.9984530402994	51.16
1180.6200123760136	1170.9255668473984	51.2
1142.9014174435438	1141.2200420701301	51.24
1104.114988792351	1142.436011782029	51.28
1075.9857043852833	1126.415342938726	51.32
1061.589851644322	1135.940829990399	51.36
1047.1854880163758	1081.4379006285878	51.4
1029.4935504789842	1067.4297094551662	51.44
1035.014487741143	1079.7823304069236	51.48
1033.3602010897011	1073.874843637193	51.52
1036.30935760929	1071.8983016931502	51.56
1024.913462790567	1043.4817948576085	51.6
1018.1533359710221	1030.4303333302682	51.64
989.3435136222312	1001.4456907526106	51.68
973.7671516472482	964.3263180158294	51.72
930.9188011342559	933.3820204301552	51.76
895.9335438699542	900.5730365590958	51.8
834.0383244745854	819.7078193164022	51.84
804.0474970994435	782.3965091887666	51.88
793.5544639959741	780.0453025249556	51.92
792.2106274048779	777.5274099123105	51.96
796.0743167079886	797.422455333515	52.0
0.0	0.0	52.04
0.0	0.0	52.08
0.0	0.0	52.12
0.0	0.0	52.16
0.0	0.0	52.2
0.0	0.0	52.24
1024.3248197506002	1040.6993817520438	52.28
1944.0118913427586	1897.3548738591019	52.32
1965.450573309585	1908.952666410225	52.36
1968.5721864864697	1918.884409678864	52.4
1047.4585969270609	1091.3185510022784	52.44
1071.49796725572	1104.7454769791998	52.48
1066.2034771171927	1122.8617324987415	52.52
1085.4198783636875	1122.1863442650422	52.56
1083.8212889982667	1132.208441928498	52.6
1092.2595877150798	1143.8702936319087	52.64
1094.368316818751	1140.418890183511	52.68
1096.7971830157317	1128.2177143845938	52.72
1090.4826026051537	1139.068706388024	52.76
1083.0216202013667	1123.1299210675227	52.8
1067.9474278666019	1094.46235668214	52.84
1066.7614317723517	1103.567321833596	52.88
1059.759808560878	1098.2165965761624	52.92
1050.4171159876646	1074.0521523005768	52.96
1058.02943678647	1085.9802807302456	53.0
1046.8890786569627	1072.7631708823283	53.04
1048.1833295041877	1075.2721190615623	53.08
1055.738673291194	1086.4482719253463	53.12
1047.4445231933296	1077.1365681616687	53.16
1044.2434597756132	1076.7049230339624	53.2
1047.9800859021786	1077.4551673646824	53.24
1039.5612131218052	1073.0118569433841	53.28
1042.9146413941937	1079.1293784590723	53.32
1044.2098205807113	1077.4642178194047	53.36
1042.8899106387958	1073.848445646105	53.4
1038.1687864910664	1062.5175863645527	53.44
1036.5073538244412	1063.5559318331816	53.48
1034.2580349188736	1077.7491093837577	53.52
1034.0573507375188	1067.4701179994174	53.56
1032.0496483944653	1067.4055101395934	53.6
1029.8960173159537	1071.1819401255011	53.64
1021.5837864760333	1065.50512986194	53.68
1019.3559201711183	1062.4338818388856	53.72
1015.8961472369214	1060.553144627453	53.76
1012.787903030805	1060.3118375550025	53.8
1016.8640674722537	1062.965375220938	53.84
1014.6022356100498	1063.6045839298638	53.88
1013.5641487600981	1047.3114238586006	53.92
1010.3193455578032	1047.23173222022	53.96
1007.3249543319835	1049.4149077473123	54.0
1006.6798001140374	1040.6526347098616	54.04
1004.5767880382939	1044.5235944771205	54.08
1003.6678224767572	1044.8845402887875	54.12
993.9620082429444	1046.3942050608298	54.16
996.0826795599407	1051.6171523130863	54.2
996.588881116269	1053.3699465993868	54.24
997.1370206450035	1054.8349996602872	54.28
996.8733169077495	1049.2303835260575	54.32
999.8736531256312	1054.849547561203	54.36
1007.0211051135352	1063.8946992717918	54.4
1007.8107923731033	1063.6047801136608	54.44
1003.644838093409	1057.3910659571443	54.48
1007.0883870494608	1059.7659349366677	54.52
1002.3942296495832	1058.9237718261404	54.56
998.3635375730406	1051.19923965788	54.6
999.7854132868796	1053.427384975175	54.64
1001.4159828379636	1048.7549023449649	54.68
995.8927761442063	1051.7786314154134	54.72
990.4789567282891	1047.5079087985748	54.76
986.4424340787464	1044.2154895520048	54.8
985.0922199185989	1040.223590403471	54.84
979.28074705837	1042.0151121477504	54.88
975.6765114631619	1028.076477200399	54.92
973.0055508210356	1031.9514825379158	54.96
970.89882458056	1028.7149110768437	55.0
964.6241039349272	1027.946121105195	55.04
963.2791953194767	1036.7688550821774	55.08
970.2315237318637	1038.8326527213355	55.12
971.1285707546068	1052.5311104640637	55.16
970.1345999431016	1037.2965180392978	55.2
963.5800237494628	1042.162826006209	55.24
970.1920739516598	1040.7415711300507	55.28
966.511223893404	1040.5840055634933	55.32
967.0870278947793	1043.284581919134	55.36
963.2641552352309	1044.9787916582115	55.4
963.1525742348457	1043.3690340831727	55.44
971.1062202942408	1043.791336302608	55.48
971.7357911299634	1049.6032590814066	55.52
962.9963959838004	1052.9986404134283	55.56
964.4798867021705	1058.4814742964058	55.6
960.6851466515776	1050.9413835426851	55.64
965.8070305601119	1050.8949484304237	55.68
963.1371882700606	1056.2048716641893	55.72
972.3914213128791	1059.9007869621412	55.76
968.4806100932459	1059.6419646253855	55.8
971.1735953495771	1059.6299581464236	55.84
976.0657221854292	1063.9656091638294	55.88
980.8810997112029	1058.8083485178577	55.92
982.9030241272574	1062.2261647437556	55.96
985.3778666124475	1056.8542293756543	56.0
979.3556156498149	1060.530713133425	56.04
978.1518461087215	1058.2189249435812	56.08
975.9975535844899	1057.967210518155	56.12
981.9538291961126	1054.8902355846053	56.16
982.1273966978838	1057.7338604261208	56.2
987.6277442168434	1062.6882422569663	56.24
987.8407219521116	1062.7861143667824	56.28
989.237197698459	1062.028628041911	56.32
990.9629617979233	1063.2716611070607	56.36
995.5917730939258	1064.7677951502167	56.4
995.3389416741493	1064.3892272566054	56.44
1001.8066776934855	1070.2877881122606	56.48
1005.1847463497996	1076.3074692626312	56.52
1006.6837846459895	1079.5117986156724	56.56
1012.4444566865551	1084.1538241238031	56.6
1006.0822176571054	1075.863445463897	56.64
992.4573001502147	1063.9658308758792	56.68
999.1544658872808	1068.2129402073306	56.72
1010.1962481397193	1075.7557515714288	56.76
1014.4724875596775	1081.0518955715897	56.8
1017.8393777697502	1091.2625621619538	56.84
1004.1633310382887	1076.3128291358498	56.88
992.8961414455928	1072.1241617864619	56.92
992.7304072675952	1060.8347738656626	56.96
997.9963935001092	1071.0561216297729	57.0
1007.8710929585012	1058.4105381187478	57.04
1012.0802628348056	1063.111312906507	57.08
1009.309972833068	1055.016317874114	57.12
1007.416435236577	1050.8945843685506	57.16
1002.0182762558154	1050.9161597621755	57.2
999.4969118598457	1043.1513584020597	57.24
989.8658310379818	1034.632342997672	57.28
985.7867635640783	1038.0150605605902	57.32
988.295620533006	1034.677871006375	57.36
991.4115232300244	1039.8823655562198	57.4
991.0083695141639	1040.1908226855926	57.44
989.7115047355992	1027.5402129574534	57.48
986.9467918302878	1038.5923157812692	57.52
986.9223860845799	1034.295013507204	57.56
984.2968786084149	1023.8133057144307	57.6
987.7958500167347	1039.6328714067222	57.64
992.9104666910833	1052.7808684112135	57.68
999.2817919830742	1054.438348031749	57.72
1005.5796422464158	1053.6014583241968	57.76
1012.4546490771211	1067.3049716703943	57.8
1014.7133787773131	1076.3157369269	57.84
1017.7671887606368	1074.0536378776312	57.88
1024.6607961242953	1088.5250491317174	57.92
1027.6680070948444	1080.2614173514824	57.96
1034.8600226463075	1090.335616603708	58.0
1042.1905362955083	1095.8005462039123	58.04
1046.8195708758863	1098.3997674576833	58.08
1044.2494608684203	1101.3987246957613	58.12
1040.9459418907782	1095.8728033573082	58.16
1038.2743163116425	1100.8803689007636	58.2
1038.9674914506888	1104.9609512281525	58.24
1042.640025746936	1101.0224838806753	58.28
1041.7154320346308	1101.2857316602065	58.32
1038.7354695052013	1100.287643462765	58.36
1034.5203081693567	1095.015709789641	58.4
1032.5194333254385	1093.2924123652433	58.44
1030.4196568426908	1092.5870332552215	58.48
1030.6636075029387	1095.25959848706	58.52
1028.7421365414123	1089.234726576525	58.56
1023.8864991703537	1087.0048093768842	58.6
1024.4734026852639	1094.207708113969	58.64
1029.431688821441	1101.797077210984	58.68
1031.9471943483593	1103.3969440687654	58.72
1027.8975382709332	1100.9635209545343	58.76
1026.8142683204196	1095.5686718243323	58.8
1021.3112906900095	1093.797463558544	58.84
1020.7517483566845	1091.7428533559378	58.88
1019.5463003033609	1093.6897062889245	58.92
1021.3746708641728	1088.1495528967023	58.96
1027.1279066681543	1098.3307402755659	59.0
1035.1824556200024	1101.3160437119502	59.04
1033.7306027499537	1098.1088273960843	59.08
1030.0019319660637	1099.6539432635716	59.12
1025.0490891284423	1092.2389741800553	59.16
1021.9563701216433	1088.7561595545276	59.2
1023.9889460446562	1087.648951593773	59.24
1026.915809343338	1095.8171522623577	59.28
1026.6661367112538	1100.8164713258664	59.32
1025.4056408836393	1089.609530933547	59.36
1022.7035516559702	1091.622524971149	59.4
1019.9158553647698	1095.1357017668265	59.44
1024.7383411159633	1098.4922163123206	59.48
1028.7788480216175	1104.2068485703705	59.52
1033.2855139296316	1106.1850575050526	59.56
1028.75172502858	1103.228639266241	59.6
1026.6538898986498	1102.729197303984	59.64
1031.9033302649639	1100.1592464070998	59.68
1032.3562903250374	1102.6709926810167	59.72
1028.9689783183958	1102.6625006940906	59.76
1026.5962514796504	1094.471961230476	59.8
1026.6684048206948	1092.1748542668631	59.84
1025.7251220936857	1093.5840060636153	59.88
1025.408231470279	1092.0691539027512	59.92
1023.7382277327625	1083.2202518561994	59.96
1023.589418637812	1085.243272762331	60.0
1021.6249754393147	1079.8053998801013	60.04
1024.1335183578535	1072.9050481025542	60.08
1023.9378618026608	1077.6224222620401	60.12
1021.5486441288416	1077.7539139628702	60.16
1024.2657672499977	1081.0875837526494	60.2
1025.8197122851072	1078.4778535489866	60.24
1023.4756262879531	1069.872731716449	60.28
1026.2220327227983	1080.3879315235997	60.32
1018.8489846523522	1084.1249564099614	60.36
1014.3221515263087	1070.5375352352505	60.4
1013.1935082677901	1075.0091819201878	60.44
1012.7837227011701	1069.8448539411415	60.48
1010.9640661170071	1070.5575841151324	60.52
1007.8344006324829	1061.1244012862653	60.56
1005.7393315769981	1054.1042117649997	60.6
1008.63253848142	1052.38801478052	60.64
1014.9859332030203	1052.0246246006047	60.68
1009.5670130522449	1052.5061097055254	60.72
1009.6210867550959	1062.030576596735	60.76
1013.6729698181198	1050.9637161412452	60.8
1016.8174400157839	1057.0461152872558	60.84
1017.2128455314975	1068.1618994235002	60.88
1015.3458733846231	1067.5090519284781	60.92
1014.2118416966554	1070.59363220458	60.96
1013.4398103427568	1075.378061580301	61.0
1011.3333185203522	1073.4183696070484	61.04
1012.1454093787477	1080.0917816100632	61.08
1013.2418730849323	1066.126413765486	61.12
1011.2906910390011	1070.3530171436237	61.16
1009.0884342236252	1062.097356640398	61.2
1010.8163651222219	1069.6064882055575	61.24
1009.867207371575	1056.8527105265948	61.28
1011.0470919176026	1061.6554171896084	61.32
1010.6109459345132	1059.4212763846826	61.36
1010.3402704121506	1062.8400116954895	61.4
1008.6484691300855	1061.5980279910139	61.44
1001.0933791219258	1068.4086571723587	61.48
993.0953658290874	1060.4034716240344	61.52
994.8587241445831	1064.905585724799	61.56
999.2465626062753	1066.8141039941709	61.6
996.3658593324591	1046.681693492134	61.64
991.454370348621	1035.6016954419283	61.68
