Thumb_L	Index_L	Time
0.0	0.0	0.04
0.0	0.0	0.08
0.0	0.0	0.12
0.0	0.0	0.16
0.0	0.0	0.2
0.0	0.0	0.24
0.0	0.0	0.28
0.0	0.0	0.32
0.0	0.0	0.36
0.0	0.0	0.4
0.0	0.0	0.44
0.0	0.0	0.48
0.0	0.0	0.52
0.0	0.0	0.56
0.0	0.0	0.6
0.0	0.0	0.64
0.0	0.0	0.68
0.0	0.0	0.72
0.0	0.0	0.76
0.0	0.0	0.8
0.0	0.0	0.84
0.0	0.0	0.88
0.0	0.0	0.92
0.0	0.0	0.96
0.0	0.0	1.0
0.0	0.0	1.04
0.0	0.0	1.08
0.0	0.0	1.12
0.0	0.0	1.16
0.0	0.0	1.2
0.0	0.0	1.24
0.0	0.0	1.28
0.0	0.0	1.32
0.0	0.0	1.36
0.0	0.0	1.4
0.0	0.0	1.44
0.0	0.0	1.48
0.0	0.0	1.52
0.0	0.0	1.56
0.0	0.0	1.6
0.0	0.0	1.64
0.0	0.0	1.68
0.0	0.0	1.72
0.0	0.0	1.76
0.0	0.0	1.8
0.0	0.0	1.84
0.0	0.0	1.88
0.0	0.0	1.92
0.0	0.0	1.96
0.0	0.0	2.0
0.0	0.0	2.04
0.0	0.0	2.08
0.0	0.0	2.12
0.0	0.0	2.16
0.0	0.0	2.2
0.0	0.0	2.24
0.0	0.0	2.28
0.0	0.0	2.32
0.0	0.0	2.36
0.0	0.0	2.4
1962.0394123090616	1783.8993663442668	2.44
0.0	0.0	2.48
0.0	0.0	2.52
0.0	0.0	2.56
0.0	0.0	2.6
0.0	0.0	2.64
0.0	0.0	2.68
0.0	0.0	2.72
0.0	0.0	2.76
0.0	0.0	2.8
433.9257317156128	426.3382618084342	2.84
470.9228698514672	455.3778325652141	2.88
517.2649277826721	492.9338297883269	2.92
583.9483880776415	585.295518867347	2.96
685.7187809497769	679.4153998666038	3.0
806.6009235354226	780.251442654119	3.04
904.5624756812488	847.0643731236727	3.08
956.33168645282	891.9801723166962	3.12
992.2514719052652	933.1432713338904	3.16
1003.1106092717614	948.5291195633793	3.2
989.0734509872898	943.991335750294	3.24
979.399271835614	936.3637425771109	3.28
963.8552614880531	926.1432074964162	3.32
945.1619561079805	916.8273961227777	3.36
932.4191172389438	910.1631364332831	3.4
921.6687940910027	912.9754218147677	3.44
920.4963314565384	920.2655193902275	3.48
932.0852748309399	936.1618728088324	3.52
969.7250223623662	942.166575794915	3.56
964.8435719358985	940.6776819870834	3.6
957.2906888835673	927.7261044716511	3.64
951.5408122858469	933.5707797456812	3.68
949.4383571980293	934.2535881712134	3.72
942.0426024935051	913.3778993143218	3.76
921.8558494372312	915.7228345836108	3.8
914.2434798320327	911.8531519242428	3.84
908.8651866657913	903.1532685334698	3.88
895.2203653270177	891.0704346049412	3.92
836.6268134497817	879.2654094655363	3.96
739.6455464192334	780.7047133203604	4.0
672.5675253608176	681.1705554169333	4.04
670.1961098092477	635.7561770592761	4.08
684.4800795402502	628.9780009998581	4.12
694.8246810221294	644.2422360518766	4.16
714.5000920783314	661.6068468475415	4.2
730.891367847091	679.9947195947401	4.24
754.9837462639774	704.3480157895063	4.28
783.4842347890351	737.8813897746677	4.32
803.96502905147	765.4431639309543	4.36
813.3695122495286	776.4823086768286	4.4
817.8945637610149	780.1502034776767	4.44
827.6208253487926	794.9313649222136	4.48
843.5514747251684	805.8809731680145	4.52
851.3534510890954	812.3942305014546	4.56
855.2695152019834	812.070491989069	4.6
844.8203492201347	799.8685336374948	4.64
835.6714396377917	783.7034374335725	4.68
824.0693274152106	761.6951104297202	4.72
810.2882161143899	732.6124075074483	4.76
800.1110547089224	717.4051866369937	4.8
808.1615197479979	724.5695828454551	4.84
834.0207018051495	770.1766855919933	4.88
875.8436005242714	860.4139987094851	4.92
940.856942460602	931.8306860881355	4.96
964.1421955051187	981.0787280816439	5.0
984.1408632464904	998.7094322030575	5.04
984.1484673673967	1018.2575303244922	5.08
986.0624344388686	1014.8961053994146	5.12
988.6173478198752	1003.133034487227	5.16
987.9585808207613	1019.208432267441	5.2
977.9459587952747	1025.6439663551887	5.24
988.4493369128844	1005.793538447025	5.28
993.4769106473257	1080.9901141752355	5.32
1000.3637392733198	1097.2618599496361	5.36
1011.1480820201645	1096.0670454257852	5.4
1013.4736589294452	1109.1529830031666	5.44
1014.1155437665533	1116.8744032599386	5.48
1009.9334120779693	1123.8658358912278	5.52
1020.9602259352704	1132.832727621176	5.56
1025.8202147096747	1132.376084153434	5.6
1033.1584927870117	1099.3577394449014	5.64
1025.4376530731383	1018.3185270255036	5.68
1019.878766092254	1082.4517724971765	5.72
1002.3290079795514	1073.7509022992856	5.76
994.2743756421371	1039.3318460762914	5.8
992.5268527956714	1021.3365514018276	5.84
986.4179768452607	970.9325049463166	5.88
975.332955782454	976.0226335075632	5.92
940.6760544730066	928.6954627696782	5.96
873.5779234746401	770.8486083839889	6.0
812.6087499112098	706.5883375365593	6.04
772.1943962189494	712.9992338444266	6.08
714.4810503860037	729.9581727707279	6.12
0.0	0.0	6.16
0.0	0.0	6.2
0.0	0.0	6.24
0.0	0.0	6.28
0.0	0.0	6.32
0.0	0.0	6.36
0.0	0.0	6.4
0.0	0.0	6.44
0.0	0.0	6.48
0.0	0.0	6.52
0.0	0.0	6.56
0.0	0.0	6.6
0.0	0.0	6.64
722.4076851144235	786.9941767299161	6.68
734.2506359129079	796.5615549077114	6.72
739.5437525359547	810.2436770866184	6.76
741.8101291099968	803.5661336063232	6.8
756.5727533946133	820.9637334265539	6.84
785.9379513273515	818.811547996185	6.88
838.4418260690023	844.2083939893165	6.92
854.6409452579627	856.5612714711261	6.96
857.7383573617174	882.8435134902569	7.0
854.9829725471703	861.4349948005165	7.04
851.0286361354871	890.299319429801	7.08
836.0957289070572	871.5607079822933	7.12
817.6378273325869	889.5837964537054	7.16
796.505944992746	838.9502407678124	7.2
778.6293959521072	837.466457175869	7.24
774.0315244220658	802.2705160126254	7.28
772.2355381527091	812.6861650204912	7.32
772.9807890848566	806.1682416762875	7.36
769.6803229476432	805.4131101856292	7.4
764.6016134012654	801.3432314768045	7.44
766.9072043728731	805.9293996481666	7.48
765.0244994788442	799.3055864557984	7.52
762.8583384607973	799.4101751671792	7.56
764.3026935825015	801.7613370939561	7.6
763.8251958927294	796.655660077224	7.64
763.1731246181398	795.4561636686393	7.68
760.3474593206724	795.5592853262273	7.72
762.7242587877062	801.6610655303438	7.76
763.9701308962391	801.5240243847379	7.8
769.5936043637704	804.6895786349165	7.84
772.1405197231562	803.8568420484829	7.88
772.2618006708232	816.6928570370277	7.92
777.9031536250494	813.4880103441783	7.96
782.3185181032858	824.8758040344476	8.0
783.3157151672067	822.4512497704259	8.04
789.210959135268	833.706642517662	8.08
789.1134633556949	835.2364375098077	8.12
791.56975898576	837.9701725543501	8.16
791.9068628586007	837.4398184428594	8.2
792.1911225103102	835.2197111270939	8.24
792.0949040210471	835.1699757536118	8.28
792.4293207148314	828.6720007507267	8.32
792.3850126847923	831.3187438703752	8.36
796.4449881681993	842.7835353583241	8.4
797.2968772441594	835.4100454318749	8.44
798.3645916139964	836.1735100860815	8.48
798.9275001842057	845.6649936162682	8.52
799.8242420782717	848.845846220364	8.56
797.1152228665647	837.6694345682322	8.6
801.890567222871	843.682298984806	8.64
802.7849972657017	845.4049285211852	8.68
804.5216571835127	853.473239221536	8.72
803.1821460127431	850.008306956201	8.76
801.0605157409892	850.529141069255	8.8
800.2598094065113	849.8892994822005	8.84
798.3326437353682	845.176778679323	8.88
797.0460103140027	844.5058612888809	8.92
796.8764858741935	838.1132175000333	8.96
796.0428847877319	842.0319238476599	9.0
795.359727435422	833.8875649134478	9.04
797.8904518705489	838.5696282524818	9.08
802.0608881041325	845.8134249991798	9.12
800.3429657129427	841.439330861726	9.16
803.9837756396956	841.6257033518386	9.2
799.3080296383791	839.8375653509743	9.24
807.185427000699	843.6145076802244	9.28
806.8154256415806	847.2187483483402	9.32
806.2252242582858	845.811384890436	9.36
805.8286705219084	845.7415011577064	9.4
804.751406092255	848.3559492418094	9.44
805.6391267357311	849.2184690452494	9.48
799.2266087080023	846.429992564863	9.52
803.75769936136	860.6454596072417	9.56
806.8472127979234	856.6616599319564	9.6
808.3408946322746	862.4980528521561	9.64
804.3620286476948	859.3545094699562	9.68
803.2499454064246	858.2837788376065	9.72
802.609000247587	858.25541366104	9.76
803.751662004848	849.4753699398135	9.8
802.4929862746744	853.0523337248595	9.84
806.6734154661324	858.9578323648027	9.88
816.0116449414968	851.2245936649101	9.92
819.6308044625019	848.9732709155685	9.96
830.9361010063225	847.5726402524311	10.0
838.347316537575	849.1664639792749	10.04
836.5003945575097	850.9079008007294	10.08
836.576004478848	843.2326797454106	10.12
823.5354431837267	841.0129215831556	10.16
812.9269009784429	853.3285780486625	10.2
798.8680169801175	842.0132693442523	10.24
778.4554505932716	820.6238833109933	10.28
765.3097458575883	817.5193920610478	10.32
759.6391100873275	809.9521508676872	10.36
757.505943598162	803.8552037924394	10.4
757.5123250105362	809.3761101967883	10.44
757.0239539422521	809.5758724546098	10.48
757.7149944982891	804.9119729600284	10.52
765.3275678463708	805.2354125624366	10.56
762.9325555370623	802.8722286217969	10.6
761.4305381330719	801.980970532926	10.64
756.1279339906768	796.91539147088	10.68
738.9419397160802	790.504908124701	10.72
742.569093823264	780.6892436505372	10.76
738.8813757884893	782.6315953199892	10.8
748.3240548487154	793.8623217619041	10.84
755.9756694408874	791.4686508735898	10.88
738.4362340686605	788.659147406721	10.92
739.1048628482183	791.081161405925	10.96
745.097967718718	789.8647684934992	11.0
752.5766713317512	796.6477780433396	11.04
753.8021026039639	799.5053237148893	11.08
752.5244151596837	803.8452060380675	11.12
753.1106100098879	801.9379074038848	11.16
749.6948400731221	789.7670679763979	11.2
757.637646335161	792.0641964779161	11.24
759.7708111455136	797.7913805860771	11.28
770.0297282098134	801.4349923340028	11.32
762.4567227384933	793.5320108238125	11.36
767.4937819561376	802.6572090969738	11.4
773.8669184372906	802.4537253470485	11.44
771.7623321087199	804.0004594465427	11.48
775.1094319030622	800.1123462683081	11.52
771.1773972465081	813.3680935326445	11.56
770.9669918145706	824.126481896561	11.6
765.2702047804771	814.1690355778463	11.64
763.3596211562507	806.3268210663042	11.68
759.1606311740362	802.8328848722025	11.72
763.3184266948242	817.3408641617423	11.76
755.3044534297998	817.4509556783341	11.8
749.4818373516123	800.835950364409	11.84
749.3163006480778	801.9178227160489	11.88
744.5221541900161	805.84925033304	11.92
742.8589352314197	797.1951166536384	11.96
744.8224195428735	804.9397826462442	12.0
742.5936394476589	800.4539059486243	12.04
724.9678424657918	773.1321677960606	12.08
680.0532449184083	754.6897509651627	12.12
660.7090666273758	751.5615447349396	12.16
688.6035064465964	780.7880985044575	12.2
712.0596245921269	782.3001484964243	12.24
716.0759747211707	772.5191511374202	12.28
710.9087813988946	762.4630773832438	12.32
698.5066831618553	751.8048643812178	12.36
697.457947721446	749.8056850161598	12.4
693.4201293756225	745.7583189041909	12.44
698.0264659945386	750.4801707548712	12.48
700.8748852767233	746.6160215263205	12.52
703.6557291907541	747.6422529192768	12.56
719.3718789083172	755.9884659410236	12.6
726.1924340470214	760.0028549369586	12.64
743.9213886961867	773.6337919676085	12.68
755.0094002447956	787.6569997904218	12.72
1684.8061814985188	1666.3463054985552	12.76
808.7221704555407	815.6853862472008	12.8
1765.0613827120376	1736.4682920524936	12.84
844.9014340476762	846.0703743911004	12.88
845.491351410447	870.7706604574846	12.92
837.9742927062567	871.4415443884493	12.96
828.7011643485215	856.9328197484207	13.0
831.276555717615	866.6807822205568	13.04
1767.0522553855021	1688.4426648235187	13.08
1789.66458873147	1689.174218804417	13.12
872.9664297674364	910.7985317983718	13.16
879.1306812967166	913.9411935311053	13.2
884.3720492386828	917.3649626262235	13.24
898.2698767899941	917.9265759792319	13.28
895.217306524403	922.4325228300759	13.32
892.1058965184974	911.6609532991849	13.36
905.5591402506668	917.7603118145602	13.4
909.0429330078534	916.2792326755118	13.44
907.0907767521219	933.0192268945046	13.48
909.8454293208354	923.113851361185	13.52
912.7041669185744	924.4984165102237	13.56
920.5391923708279	920.1838074473004	13.6
939.8197334310903	940.5154429151348	13.64
925.6975003839706	966.6084965189048	13.68
926.79522226553	972.9006209552434	13.72
923.4137028810542	948.4981110652778	13.76
914.7601166593818	901.0374706959877	13.8
905.1203309919167	870.077897318751	13.84
895.3870277396306	817.9075835797738	13.88
902.0931280779521	804.5960047371233	13.92
900.4814354859058	808.3744183796946	13.96
908.8357411027532	904.8326374104338	14.0
912.9252602229293	921.0689834384176	14.04
918.2765510217929	919.137717081717	14.08
919.8783547215955	943.1399016977382	14.12
912.2307586758873	952.3187172665356	14.16
914.0631065756403	943.9810256236123	14.2
923.509957782897	952.2622153870718	14.24
933.0350113643633	956.6952598618242	14.28
932.9518036694657	956.4438068866853	14.32
922.9562212201371	966.6258086021328	14.36
912.4652399142462	994.8974808966501	14.4
896.8358261587694	968.1184208147739	14.44
885.5344437597718	972.4150638755962	14.48
863.4253423737518	966.6128704706815	14.52
838.5043125891118	952.0342366112646	14.56
832.101611566631	932.8691451964597	14.6
819.5087004141709	907.6067557308975	14.64
810.6735213229518	915.3331629201404	14.68
796.5636108050599	910.4997283008747	14.72
778.1869162223476	883.097067030166	14.76
773.3029326801337	874.6739250912466	14.8
765.7199735242104	871.3418374905311	14.84
750.5960262657306	880.1062153719647	14.88
751.8038424291852	885.8840084235862	14.92
751.8541943814332	869.7430068455586	14.96
747.0573651579698	860.4934485425724	15.0
747.0260859275926	850.8933829609114	15.04
744.0189064608744	870.0866195560519	15.08
743.5778668839315	868.2816490554275	15.12
745.997980177213	852.843963484102	15.16
745.600069314648	861.1877013492302	15.2
746.2273617384229	861.1550768341222	15.24
749.4428082878657	876.7847326743203	15.28
752.1935685513254	856.421830351016	15.32
750.7191353945014	881.5929726147389	15.36
759.4345084856141	852.8820465836341	15.4
762.2896884774918	878.8415201247722	15.44
763.3140709635935	878.7590071750514	15.48
769.8188488098564	870.5854800771506	15.52
785.168427275318	859.4067671164523	15.56
781.6898284015708	882.0932022949474	15.6
821.6169190742245	881.2185738636074	15.64
857.1666450267088	938.9480286117351	15.68
912.8214881645321	965.4025942834909	15.72
950.8918358768138	991.0407735362912	15.76
989.2889131819092	1032.405772067572	15.8
1007.4843859689313	1021.6643344976676	15.84
1028.663492148362	1060.9121621742845	15.88
1043.8294701803036	1109.96467954998	15.92
1053.5481869272091	1067.7699190588935	15.96
1058.722316220839	1042.2217442264703	16.0
1084.9150514099447	1111.6482138384536	16.04
1107.0572844811452	1133.9985428760313	16.08
1119.6303276208607	1142.1660279363418	16.12
1127.7848200201483	1147.4008248299276	16.16
1138.6205649064896	1149.9951810641896	16.2
1137.0485339186134	1150.9238828278108	16.24
1138.4203456976736	1150.1680865809185	16.28
1135.6031183017906	1163.0408039878437	16.32
1132.239705539521	1161.535790876347	16.36
1124.831116245564	1150.6979186152932	16.4
1120.8929729118297	1163.696425798048	16.44
1114.0328738087687	1165.5168070667337	16.48
1109.3203742678147	1154.7916927488252	16.52
1106.2571924954134	1158.5905171150469	16.56
1104.1077678051697	1152.322055241512	16.6
1100.491407069556	1144.9660515889414	16.64
1095.8403397912234	1143.8581866966447	16.68
1093.5089870822264	1139.3308300634444	16.72
1093.1200300657597	1137.6487476464579	16.76
1091.7134989048184	1139.7383392489132	16.8
1091.9212976439578	1147.1473207909298	16.84
1090.8658287571068	1144.7320762623438	16.88
1088.5719291876053	1132.9786096054581	16.92
1087.3975871713853	1128.7290773758716	16.96
1091.650058069254	1128.5258658497346	17.0
1094.123106219399	1125.746828561322	17.04
1095.1039156255574	1123.9817287850174	17.08
1097.093856365806	1121.1064817274223	17.12
1096.8043546693339	1132.0219617806981	17.16
1098.6379492536591	1131.8424019931394	17.2
1101.0505818178121	1134.089427816382	17.24
1102.8070450125254	1146.581866622988	17.28
1102.3657886082879	1150.7265819298016	17.32
1100.049517111455	1129.4474679119608	17.36
1098.4887906052047	1133.7117976061363	17.4
1102.7138554981811	1142.1103238426072	17.44
1100.156099707954	1140.6441423777972	17.48
1101.306477460912	1133.0263957640043	17.52
1103.7553799037403	1139.2336348423894	17.56
1103.0005086637866	1146.2747362346363	17.6
1104.7246943194289	1150.0952567579386	17.64
1109.2170051315497	1145.3469429667064	17.68
1111.4526635577533	1150.6506151955539	17.72
1109.044063468106	1158.1976335861984	17.76
1111.0641573189034	1176.2200066169294	17.8
1110.1471485076243	1149.8429639299504	17.84
1111.0075676011825	1159.0335934743553	17.88
1112.4436062433194	1155.3285557829788	17.92
1109.5232064341683	1150.345008433576	17.96
1108.980102423901	1141.6649444103516	18.0
1116.6539572652548	1158.0639482682172	18.04
1112.1221203397356	1156.565949119082	18.08
1109.5433037017738	1139.719312849397	18.12
1108.3935420320956	1144.8519695741422	18.16
1108.8078912114863	1132.2088551744553	18.2
1107.7895027975028	1144.7846106495224	18.24
1108.9421719416516	1138.159935191183	18.28
1103.6416227610737	1121.442064227587	18.32
1104.301915118929	1138.457577966464	18.36
1104.0696515840987	1139.9868923048573	18.4
1106.275548675308	1144.1093425987183	18.44
1102.8518447510523	1121.8363302023183	18.48
1105.5324774026672	1141.8328977260765	18.52
1107.7423586649613	1151.8771965197232	18.56
1107.8776300810491	1139.3167026628298	18.6
1110.1812435410393	1150.1026968841886	18.64
1110.3976138838834	1136.6012303227446	18.68
1108.650731014406	1142.6401010922195	18.72
1105.4468846421548	1141.374980958696	18.76
1108.814202517353	1145.505633209838	18.8
1110.0439193442683	1145.4567781773326	18.84
1108.6659132645377	1150.2187172485474	18.88
1109.4446893691127	1149.6999003750354	18.92
1111.5404845190542	1158.9396737827901	18.96
1111.0286266656221	1158.0461715567562	19.0
1114.5239391587804	1153.9077378961467	19.04
1109.5554031640006	1142.5049166091808	19.08
1113.0814009355108	1146.2407828904006	19.12
1114.5213242042587	1145.085358447815	19.16
1111.2164739933874	1132.6840963002799	19.2
1111.8984044828098	1144.3307332785978	19.24
1111.4968591378665	1149.2590969227729	19.28
1115.2125122640264	1155.8835843179502	19.32
1116.7636791132393	1165.4941863864433	19.36
1117.4131768404563	1163.396601198444	19.4
1114.5823816652407	1156.8782064071027	19.44
1118.4565476799655	1156.9766893010099	19.48
1116.1671597017828	1147.9475800860444	19.52
1117.4244890266111	1160.6374300373193	19.56
1117.095082290086	1157.3857309221373	19.6
1115.4363533038584	1153.0102870459102	19.64
1115.5316778420322	1157.4488195497443	19.68
1118.918186651767	1156.9298680918173	19.72
1117.8696057184172	1157.4558733531262	19.76
1120.2934004889048	1161.4680683589652	19.8
1121.7361346688192	1162.6892845802604	19.84
1122.1474293730835	1166.1341824949475	19.88
1123.8982189267817	1168.12273057541	19.92
1122.8904067696578	1156.8322088603563	19.96
1122.10133159907	1158.6938857207756	20.0
1122.4553990331456	1173.2446395520178	20.04
1119.590772132456	1156.3416184801665	20.08
1117.8664662831152	1135.6196599920966	20.12
1120.3258351798165	1132.1934801600307	20.16
1116.814752572656	1141.8051006040894	20.2
1120.0639333349648	1130.3267081199144	20.24
1117.720393494533	1103.5888245044964	20.28
1115.8730743835542	1098.5135263304308	20.32
1121.3278134167717	1097.837122095932	20.36
1130.9725136758343	1142.1315292546483	20.4
1132.8379699655063	1150.8114331527563	20.44
1133.905316143244	1155.6932865789727	20.48
1140.8303434669756	1155.5370647447223	20.52
1141.1925022901103	1166.6417738378614	20.56
1136.9472468418312	1149.279621162973	20.6
1133.4504482577552	1165.1146639047035	20.64
1131.690816385161	1169.212941977999	20.68
1138.0725841683886	1154.0983323081332	20.72
1150.947917974009	1186.6783014832047	20.76
1160.7604120642761	1209.3465159987131	20.8
1169.994561194051	1213.3716124010132	20.84
1176.667260689897	1224.7186694165491	20.88
1184.3991509405894	1235.8133578399527	20.92
1190.0853829077682	1233.691840262164	20.96
1188.4052285194025	1215.6645642866904	21.0
1188.4348467021484	1214.0900460765113	21.04
1178.6442300194228	1206.924861297052	21.08
1168.3287677605367	1174.2178863996428	21.12
1156.017124693015	1180.5436553729842	21.16
1141.1986931938757	1174.8733350582847	21.2
1120.3113525855424	1155.218511139077	21.24
1092.5876528959818	1140.8032308755844	21.28
1076.0319441920342	1129.6549311964366	21.32
1064.2801881601213	1115.3549028814175	21.36
1058.5422094209077	1092.2838800529018	21.4
1064.8874689671072	1072.870255772164	21.44
1054.02189439497	1069.1490401522262	21.48
1041.6582312612625	1049.2123257102376	21.52
1026.297757495397	1039.881253586041	21.56
1012.4982128842493	1003.0398015279358	21.6
1010.6633460687792	1008.1322897404965	21.64
1008.0795415924315	1020.3915748775071	21.68
1003.8130648786012	963.6823572751294	21.72
1006.1335962823505	1007.3942059080487	21.76
1003.3896573073285	1034.448173459436	21.8
1000.7235458649221	1019.471143327585	21.84
1001.8262942570383	1027.633029159565	21.88
1001.6850175241566	1030.092128257269	21.92
1015.4737569043081	1026.9890296760325	21.96
1030.443291136357	1032.7878214352058	22.0
1056.4479833266032	1070.6707750117462	22.04
1078.4781036821635	1093.4707626446882	22.08
1093.513248399523	1121.6649689173066	22.12
1110.620218367204	1150.9468985179262	22.16
1123.4666022864878	1183.156195916332	22.2
1126.2375082265394	1218.9372225144687	22.24
1144.5282387675452	1250.2042696035505	22.28
1162.6131358431135	1268.7839938392185	22.32
1176.8692223240807	1279.0903349421276	22.36
1189.1534920021004	1304.4784487982743	22.4
1202.8519829619968	1304.1219532139348	22.44
1209.6219363510718	1291.879638952465	22.48
1220.5792119794999	1279.8013328177315	22.52
1232.3136915292737	1305.9250610685087	22.56
1238.5852266907561	1333.1389853073713	22.6
1242.3118787602855	1348.4153898639345	22.64
1248.633457011778	1357.6896364792606	22.68
1252.6990199204674	1332.6850781413848	22.72
1263.2036217126995	1333.351897901209	22.76
1270.0402144574753	1342.2050368566663	22.8
1276.1818216990757	1343.6916726819697	22.84
1280.9651509632854	1346.4212849907865	22.88
1281.6870631728411	1378.1219357943692	22.92
1283.083080038001	1358.3335627663953	22.96
1282.8170289437967	1347.1973438229004	23.0
1283.480184483546	1373.4754816894754	23.04
1285.3293826403233	1379.7399238248097	23.08
1284.831699782459	1384.8124377645784	23.12
1281.5867435688342	1396.3503516101523	23.16
1279.550973347906	1396.3230775305565	23.2
1278.7433916598568	1386.8701477684353	23.24
1277.5277925904127	1390.7467650159651	23.28
1275.231071842682	1398.1996465917296	23.32
1270.7910984577015	1377.5965279513407	23.36
1271.0198750533336	1370.5589281111509	23.4
1271.991598425871	1396.290598212604	23.44
1276.564407238678	1382.7208180850437	23.48
1280.341487568854	1395.9125549556647	23.52
1279.706166380642	1388.3081952928906	23.56
1277.4911464085983	1385.911347880836	23.6
1287.2581178220496	1385.3227542044112	23.64
1306.6597281557151	1394.042478658098	23.68
1311.5633861290175	1402.2255723445105	23.72
1308.5854466684893	1412.4179538453452	23.76
1300.809734579659	1413.6791428435333	23.8
1302.8946104285085	1409.0428848589875	23.84
1303.422574586065	1402.4985049518928	23.88
1328.1103090516822	1397.9695649383425	23.92
1333.8240473372462	1400.0852315304223	23.96
1332.3087572307584	1406.946538590313	24.0
1327.548803749082	1397.1569668288441	24.04
1316.1265966708772	1378.5957695095008	24.08
1304.6902910766103	1388.9685696777474	24.12
1299.6073828666715	1390.2327912712647	24.16
1294.9504773259318	1380.4289892843035	24.2
1291.3286419759936	1367.887372332019	24.24
1268.0434995193696	1342.7610553372408	24.28
1225.9846997857285	1267.6014944405345	24.32
1177.345332436495	1213.454758674618	24.36
1118.2338257881654	1145.1145522944767	24.4
1073.6299017342453	1072.2785818882498	24.44
1035.0777799329676	1017.6412593177174	24.48
1004.6804608670808	980.6750359861057	24.52
985.02253726194	955.9592365006296	24.56
966.5257925334663	924.4990641705978	24.6
953.3972119255842	937.9084144882781	24.64
939.5613002161075	958.8428473492129	24.68
925.198014325075	927.5086044101391	24.72
901.4093615584495	924.237471199744	24.76
887.0473115398444	960.7701256623714	24.8
874.8243866990312	953.8181455017775	24.84
860.3169813221344	871.5210844609488	24.88
850.8518559697653	893.4177792564326	24.92
839.4525028002411	912.7791530949539	24.96
843.5424701927624	908.2994168244217	25.0
848.7742437782935	926.4434570200726	25.04
834.5066531936476	919.0926664469519	25.08
828.3905699730934	898.2411909728748	25.12
824.847412056832	920.7441162768771	25.16
809.5083393644959	899.2257543727877	25.2
808.9811932043897	905.0043995464656	25.24
803.3446881992394	896.3544489313705	25.28
802.5372379732381	892.0304976657326	25.32
795.3689855604247	894.5499481094116	25.36
796.2213624308417	898.7924458688669	25.4
795.9462944963763	898.7522401570953	25.44
791.6605180092846	890.455210939061	25.48
796.4271069683202	884.7726042289271	25.52
796.1492214653794	874.4370514007201	25.56
794.1892534622596	879.1126139644614	25.6
802.5596132980078	875.4400392612258	25.64
802.5389585449603	884.2078869179411	25.68
801.6273579642532	881.573698655153	25.72
799.5116003813552	882.6864720093807	25.76
793.4392479621888	870.1158639543175	25.8
787.3135549824691	869.6562935295441	25.84
785.9057332682443	874.716486273532	25.88
785.0941996509221	866.7659670492258	25.92
787.8319422890636	852.435269508616	25.96
781.1376274494803	853.6955813061367	26.0
773.6671857979123	858.7528060555182	26.04
779.3514520395038	857.5413981918402	26.08
785.2246010711702	855.6275487486924	26.12
776.7098512026073	868.6939720097205	26.16
776.5362937706401	865.1104157893914	26.2
783.8988591514667	866.6811742481844	26.24
781.9663036216342	865.9504042261203	26.28
785.6599239008065	867.8720569481004	26.32
780.27866708889	853.9184173705995	26.36
784.3497098521718	870.952720417236	26.4
788.143669875173	859.7847860316177	26.44
791.3385531856609	864.3630379645125	26.48
791.8638576941092	861.8542309908014	26.52
794.5462497762829	873.5225127938204	26.56
800.4609499009775	874.7322628841537	26.6
798.0513406704578	870.7641645029028	26.64
797.4330329809671	872.6580724848694	26.68
797.4102769592866	871.86867173262	26.72
797.8404911355964	875.7372561226966	26.76
796.9461676107696	865.9566142110008	26.8
799.0601770372804	864.8489350569529	26.84
797.9612679217621	861.1599384831148	26.88
801.8627738068459	859.9820192720509	26.92
800.5723178255672	863.7245594722264	26.96
801.054470772614	862.3465037555726	27.0
807.496324602958	875.8490494629737	27.04
806.2198458672752	879.1833102778227	27.08
811.8723831265622	880.4969137628372	27.12
812.1077424741416	879.4087567994286	27.16
814.1874392605073	887.1331493509904	27.2
822.3441148998879	905.2366344115593	27.24
829.4644809261256	897.4661304887882	27.28
839.6173101248426	909.9143826178517	27.32
841.4422463260562	901.3702287171117	27.36
845.754673350228	888.9426495611433	27.4
835.6948106530934	867.0215278673426	27.44
828.4924907646862	882.1782222524762	27.48
815.5215643271938	879.587701089033	27.52
812.7608646369416	836.7641297276243	27.56
809.0281029965694	822.7475409321747	27.6
806.3923765346516	809.0630592892553	27.64
827.0183366930653	822.3780616339664	27.68
844.9925605146581	866.6187265393094	27.72
875.6274558301429	898.0404113078413	27.76
901.9677405757254	933.5125985907242	27.8
930.2314260713114	953.0067791761836	27.84
952.6987825677978	958.096913696823	27.88
979.6636126764697	1005.3185941508699	27.92
1009.1684187838435	1002.9071369678084	27.96
1032.994421549485	1016.1325261209497	28.0
1045.7407326893283	1030.9266525766022	28.04
1046.8579449187625	1043.0859429005282	28.08
1066.6411209369712	1078.0602613451383	28.12
1072.696693178651	1103.739873612358	28.16
1096.2284965407912	1121.9508363481877	28.2
1139.2903882405503	1157.0313949416884	28.24
1191.0164605158088	1204.0212896643777	28.28
1247.9478947168943	1272.837888187486	28.32
1298.9912948537947	1330.8262848683055	28.36
1340.5287552628267	1375.5251269016	28.4
1373.0560620078013	1434.3159834639773	28.44
1408.2971030742603	1452.1186335412683	28.48
1435.896830934295	1476.1493052288938	28.52
1451.2237816170427	1470.2404957578074	28.56
1460.7370021649926	1446.8315269797765	28.6
1470.7110436323842	1487.6005570407472	28.64
1512.4013796146241	1395.0672320986353	28.68
1737.9376065604092	1534.894426734826	28.72
1629.4571512473296	1630.770854948954	28.76
1689.5902287732517	1642.4782491245178	28.8
0.0	0.0	28.84
0.0	0.0	28.88
0.0	0.0	28.92
0.0	0.0	28.96
0.0	0.0	29.0
0.0	0.0	29.04
0.0	0.0	29.08
0.0	0.0	29.12
0.0	0.0	29.16
0.0	0.0	29.2
0.0	0.0	29.24
0.0	0.0	29.28
0.0	0.0	29.32
0.0	0.0	29.36
0.0	0.0	29.4
0.0	0.0	29.44
0.0	0.0	29.48
0.0	0.0	29.52
0.0	0.0	29.56
0.0	0.0	29.6
0.0	0.0	29.64
0.0	0.0	29.68
0.0	0.0	29.72
0.0	0.0	29.76
0.0	0.0	29.8
0.0	0.0	29.84
0.0	0.0	29.88
0.0	0.0	29.92
0.0	0.0	29.96
0.0	0.0	30.0
0.0	0.0	30.04
0.0	0.0	30.08
0.0	0.0	30.12
0.0	0.0	30.16
0.0	0.0	30.2
0.0	0.0	30.24
0.0	0.0	30.28
0.0	0.0	30.32
0.0	0.0	30.36
0.0	0.0	30.4
0.0	0.0	30.44
0.0	0.0	30.48
0.0	0.0	30.52
0.0	0.0	30.56
0.0	0.0	30.6
0.0	0.0	30.64
0.0	0.0	30.68
0.0	0.0	30.72
0.0	0.0	30.76
0.0	0.0	30.8
0.0	0.0	30.84
0.0	0.0	30.88
0.0	0.0	30.92
0.0	0.0	30.96
0.0	0.0	31.0
0.0	0.0	31.04
0.0	0.0	31.08
0.0	0.0	31.12
0.0	0.0	31.16
0.0	0.0	31.2
0.0	0.0	31.24
0.0	0.0	31.28
0.0	0.0	31.32
0.0	0.0	31.36
0.0	0.0	31.4
0.0	0.0	31.44
0.0	0.0	31.48
0.0	0.0	31.52
0.0	0.0	31.56
0.0	0.0	31.6
0.0	0.0	31.64
0.0	0.0	31.68
0.0	0.0	31.72
0.0	0.0	31.76
0.0	0.0	31.8
0.0	0.0	31.84
0.0	0.0	31.88
0.0	0.0	31.92
0.0	0.0	31.96
1142.6387273387134	1114.0581567088623	32.0
1165.93942375215	1117.0260886070268	32.04
1172.3141917279079	1123.6354490694134	32.08
1173.857845422884	1125.9311404685711	32.12
1186.480199752629	1131.8128200850986	32.16
1189.2460176352959	1142.4198243180226	32.2
1235.6259140978057	1143.0607697080093	32.24
1302.5117242770334	1151.828371168287	32.28
1276.5796293221265	1151.7318803973824	32.32
1255.1141394817237	1150.4746052035835	32.36
1275.7886011001042	1148.2144123197206	32.4
1249.2594799106357	1144.6668078637347	32.44
1263.2707175106525	1141.3210571549646	32.48
1247.2732192068643	1144.2481166052444	32.52
1265.622353931877	1142.2970479330502	32.56
1266.3455210482075	1146.606781488331	32.6
1252.1088171727527	1146.386051307805	32.64
1259.133377378613	1144.5678487678458	32.68
1270.0512894212118	1149.1931207566129	32.72
1247.2570287790063	1147.80255020595	32.76
1271.3947373881701	1147.341223963934	32.8
1262.9677547808465	1145.7796074005473	32.84
1270.3932606774406	1143.4248311289405	32.88
1290.347575718273	1143.741803496409	32.92
1257.5476924255736	1145.2133217314001	32.96
1274.1921348857497	1139.4849856375126	33.0
1294.7504817673687	1142.9485628498342	33.04
1237.852500277417	1139.1777130442945	33.08
1281.3133907236702	1136.8660740709836	33.12
1254.6791898296249	1138.5010890283481	33.16
1285.1891713989962	1134.5025113247584	33.2
1252.5117549429726	1134.9523927737466	33.24
1305.6108464281729	1132.4806681571176	33.28
1277.1317237220949	1132.8484937455153	33.32
1295.6599760252939	1135.7173214971526	33.36
1254.4113364812285	1132.8158075297208	33.4
1289.7453574289857	1132.9833250942884	33.44
1256.5890039465437	1133.7395477348973	33.48
1286.3268071117159	1132.340447237492	33.52
1246.2594141678596	1131.8006734147366	33.56
1280.2358637787972	1129.481849726067	33.6
1247.6066166858448	1130.4992321146258	33.64
1281.0864885377096	1127.8226854292504	33.68
1245.9929588912794	1129.2422328193843	33.72
1284.9090292182173	1128.296024554504	33.76
1254.9579388269867	1127.4610484639068	33.8
1296.17154995462	1125.1929228473432	33.84
1246.5292458198003	1124.3525873114056	33.88
1267.1028894907022	1120.062879075732	33.92
1218.6426007173407	1119.6818579344292	33.96
1225.4695984541372	1111.255048490499	34.0
1226.677265004905	1110.6816059171658	34.04
1267.6007810966278	1109.520267363561	34.08
1226.9936607181392	1104.2552976745685	34.12
1214.7175346037245	1096.9066303232937	34.16
1192.7156677559701	1094.0868499940368	34.2
1180.281832973774	1087.6877929553252	34.24
1200.903410281964	1090.2315428089942	34.28
1185.4275072871317	1086.0091779061543	34.32
1206.7032003373893	1087.4497473382762	34.36
1244.1725125635896	1084.597317898082	34.4
1196.1101587652122	1073.2396883563558	34.44
1189.6454884802595	1058.684483797579	34.48
1190.1446363763444	1048.3731599329512	34.52
1158.4558718489352	1039.7146707065922	34.56
1171.3745758357672	1034.5282776431823	34.6
1165.5022545791983	1032.8343720821706	34.64
1177.5792158241518	1032.9500951829896	34.68
1174.966109257779	1029.4247762297423	34.72
1199.9341696813697	1029.9543184921451	34.76
1174.84086001055	1023.4181336691769	34.8
1160.4941851115618	1015.5600083693676	34.84
1146.366475331496	1011.3206111480806	34.88
1148.281588988829	999.1829995543247	34.92
1133.1777314632716	997.8582150440014	34.96
1107.5447660076968	994.394192305645	35.0
1109.0461390698663	995.1788693899844	35.04
1110.8260198825838	988.9570704079667	35.08
1106.5663400616793	987.2825333725698	35.12
1107.3957478195707	982.5059498771994	35.16
1095.7759269759852	981.4320656875963	35.2
1081.2215931082126	978.9112797614482	35.24
1081.8446497125892	975.927816157596	35.28
1082.1280768095883	977.4059538466252	35.32
1075.7721775378043	978.1839319432838	35.36
1067.8948591367403	978.9555293635518	35.4
1056.9302196857598	980.0194713654897	35.44
1053.6582596446924	976.5401792605278	35.48
1056.7767681325545	982.0560208286973	35.52
1058.4201014069533	983.3670956336063	35.56
1065.762275408266	984.4582462996968	35.6
1066.0521821594534	986.135371167473	35.64
1062.4981001603242	991.3538164111588	35.68
1068.0489380347813	991.3129242682277	35.72
1074.413700539966	996.254603652296	35.76
1069.5710396124002	994.7719058444501	35.8
1075.2289595010432	996.8097919228718	35.84
1062.7165143405623	995.7060850129797	35.88
1072.5785496274375	997.2780236106062	35.92
1071.8176156663658	995.9018940486883	35.96
1077.4743809992506	1006.0194934971913	36.0
1080.6986629347398	1012.7293864915623	36.04
1048.3434647445395	1013.4617465100995	36.08
1062.8390714862257	1011.4560978791874	36.12
1058.7108639928724	1010.6115917857594	36.16
1059.7036869578828	1006.6504573694531	36.2
1065.9343568784902	1002.8371282884941	36.24
1057.6767609827536	995.8094411780864	36.28
1052.9124527003935	996.6220662667114	36.32
1040.6417232987947	1001.8249602962284	36.36
1068.3293581822054	1004.1826857533761	36.4
1034.6191480094112	1004.087442344599	36.44
1035.346800932477	1001.2118737996225	36.48
1037.1365456816852	999.366099338113	36.52
1049.5005757631425	1002.6638809957452	36.56
1037.4120424736177	1001.7148312955939	36.6
1043.711245509805	1005.753586411193	36.64
0.0	0.0	36.68
0.0	0.0	36.72
0.0	0.0	36.76
0.0	0.0	36.8
0.0	0.0	36.84
0.0	0.0	36.88
0.0	0.0	36.92
0.0	0.0	36.96
0.0	0.0	37.0
0.0	0.0	37.04
0.0	0.0	37.08
0.0	0.0	37.12
0.0	0.0	37.16
0.0	0.0	37.2
0.0	0.0	37.24
0.0	0.0	37.28
0.0	0.0	37.32
0.0	0.0	37.36
0.0	0.0	37.4
0.0	0.0	37.44
0.0	0.0	37.48
0.0	0.0	37.52
0.0	0.0	37.56
0.0	0.0	37.6
0.0	0.0	37.64
0.0	0.0	37.68
0.0	0.0	37.72
0.0	0.0	37.76
0.0	0.0	37.8
0.0	0.0	37.84
0.0	0.0	37.88
0.0	0.0	37.92
0.0	0.0	37.96
0.0	0.0	38.0
0.0	0.0	38.04
0.0	0.0	38.08
0.0	0.0	38.12
0.0	0.0	38.16
0.0	0.0	38.2
0.0	0.0	38.24
0.0	0.0	38.28
0.0	0.0	38.32
0.0	0.0	38.36
0.0	0.0	38.4
0.0	0.0	38.44
0.0	0.0	38.48
0.0	0.0	38.52
0.0	0.0	38.56
0.0	0.0	38.6
0.0	0.0	38.64
0.0	0.0	38.68
0.0	0.0	38.72
0.0	0.0	38.76
0.0	0.0	38.8
0.0	0.0	38.84
0.0	0.0	38.88
0.0	0.0	38.92
0.0	0.0	38.96
0.0	0.0	39.0
0.0	0.0	39.04
0.0	0.0	39.08
0.0	0.0	39.12
0.0	0.0	39.16
0.0	0.0	39.2
0.0	0.0	39.24
0.0	0.0	39.28
0.0	0.0	39.32
0.0	0.0	39.36
0.0	0.0	39.4
0.0	0.0	39.44
0.0	0.0	39.48
0.0	0.0	39.52
0.0	0.0	39.56
0.0	0.0	39.6
0.0	0.0	39.64
0.0	0.0	39.68
0.0	0.0	39.72
0.0	0.0	39.76
0.0	0.0	39.8
0.0	0.0	39.84
0.0	0.0	39.88
0.0	0.0	39.92
0.0	0.0	39.96
0.0	0.0	40.0
0.0	0.0	40.04
0.0	0.0	40.08
0.0	0.0	40.12
0.0	0.0	40.16
0.0	0.0	40.2
0.0	0.0	40.24
0.0	0.0	40.28
0.0	0.0	40.32
0.0	0.0	40.36
0.0	0.0	40.4
0.0	0.0	40.44
0.0	0.0	40.48
0.0	0.0	40.52
0.0	0.0	40.56
0.0	0.0	40.6
0.0	0.0	40.64
0.0	0.0	40.68
0.0	0.0	40.72
0.0	0.0	40.76
0.0	0.0	40.8
0.0	0.0	40.84
0.0	0.0	40.88
0.0	0.0	40.92
0.0	0.0	40.96
0.0	0.0	41.0
0.0	0.0	41.04
0.0	0.0	41.08
0.0	0.0	41.12
0.0	0.0	41.16
0.0	0.0	41.2
0.0	0.0	41.24
0.0	0.0	41.28
0.0	0.0	41.32
0.0	0.0	41.36
0.0	0.0	41.4
0.0	0.0	41.44
0.0	0.0	41.48
0.0	0.0	41.52
0.0	0.0	41.56
0.0	0.0	41.6
0.0	0.0	41.64
0.0	0.0	41.68
0.0	0.0	41.72
0.0	0.0	41.76
0.0	0.0	41.8
0.0	0.0	41.84
0.0	0.0	41.88
0.0	0.0	41.92
0.0	0.0	41.96
0.0	0.0	42.0
0.0	0.0	42.04
0.0	0.0	42.08
0.0	0.0	42.12
0.0	0.0	42.16
0.0	0.0	42.2
0.0	0.0	42.24
0.0	0.0	42.28
0.0	0.0	42.32
0.0	0.0	42.36
0.0	0.0	42.4
0.0	0.0	42.44
0.0	0.0	42.48
0.0	0.0	42.52
0.0	0.0	42.56
0.0	0.0	42.6
0.0	0.0	42.64
0.0	0.0	42.68
0.0	0.0	42.72
0.0	0.0	42.76
0.0	0.0	42.8
0.0	0.0	42.84
0.0	0.0	42.88
0.0	0.0	42.92
0.0	0.0	42.96
0.0	0.0	43.0
0.0	0.0	43.04
0.0	0.0	43.08
0.0	0.0	43.12
0.0	0.0	43.16
0.0	0.0	43.2
0.0	0.0	43.24
0.0	0.0	43.28
0.0	0.0	43.32
0.0	0.0	43.36
0.0	0.0	43.4
0.0	0.0	43.44
0.0	0.0	43.48
0.0	0.0	43.52
0.0	0.0	43.56
0.0	0.0	43.6
0.0	0.0	43.64
0.0	0.0	43.68
0.0	0.0	43.72
0.0	0.0	43.76
0.0	0.0	43.8
0.0	0.0	43.84
0.0	0.0	43.88
0.0	0.0	43.92
0.0	0.0	43.96
0.0	0.0	44.0
0.0	0.0	44.04
0.0	0.0	44.08
0.0	0.0	44.12
0.0	0.0	44.16
0.0	0.0	44.2
0.0	0.0	44.24
0.0	0.0	44.28
0.0	0.0	44.32
0.0	0.0	44.36
0.0	0.0	44.4
0.0	0.0	44.44
0.0	0.0	44.48
0.0	0.0	44.52
0.0	0.0	44.56
0.0	0.0	44.6
0.0	0.0	44.64
0.0	0.0	44.68
0.0	0.0	44.72
0.0	0.0	44.76
0.0	0.0	44.8
0.0	0.0	44.84
0.0	0.0	44.88
0.0	0.0	44.92
0.0	0.0	44.96
0.0	0.0	45.0
0.0	0.0	45.04
0.0	0.0	45.08
0.0	0.0	45.12
0.0	0.0	45.16
0.0	0.0	45.2
0.0	0.0	45.24
0.0	0.0	45.28
0.0	0.0	45.32
0.0	0.0	45.36
0.0	0.0	45.4
0.0	0.0	45.44
0.0	0.0	45.48
0.0	0.0	45.52
0.0	0.0	45.56
0.0	0.0	45.6
0.0	0.0	45.64
0.0	0.0	45.68
0.0	0.0	45.72
0.0	0.0	45.76
0.0	0.0	45.8
0.0	0.0	45.84
0.0	0.0	45.88
0.0	0.0	45.92
0.0	0.0	45.96
0.0	0.0	46.0
0.0	0.0	46.04
0.0	0.0	46.08
0.0	0.0	46.12
0.0	0.0	46.16
0.0	0.0	46.2
0.0	0.0	46.24
0.0	0.0	46.28
0.0	0.0	46.32
0.0	0.0	46.36
0.0	0.0	46.4
0.0	0.0	46.44
0.0	0.0	46.48
0.0	0.0	46.52
0.0	0.0	46.56
0.0	0.0	46.6
0.0	0.0	46.64
0.0	0.0	46.68
0.0	0.0	46.72
0.0	0.0	46.76
0.0	0.0	46.8
0.0	0.0	46.84
0.0	0.0	46.88
0.0	0.0	46.92
0.0	0.0	46.96
0.0	0.0	47.0
0.0	0.0	47.04
0.0	0.0	47.08
0.0	0.0	47.12
842.1115863783433	834.8918525367537	47.16
877.2427073532822	846.8166207221864	47.2
891.2419735888501	873.6965248299907	47.24
892.1478137660074	875.3733089728304	47.28
892.0256099348302	882.0476134159226	47.32
891.8312683276671	875.4073210102416	47.36
890.7951201109493	886.5261727927765	47.4
886.033017485279	885.5597657068856	47.44
886.9297388981677	869.7732707096982	47.48
880.7385856319141	857.27158744394	47.52
876.3163828559353	861.217405883396	47.56
875.0857862340368	848.1432135411725	47.6
871.0729734541194	849.2722021173256	47.64
868.0265727779374	852.1236628882233	47.68
870.8786020539454	851.6163399266792	47.72
866.090259166307	840.1830092039393	47.76
858.8961363527592	850.3310124868095	47.8
848.6816431709707	857.063257601765	47.84
833.6852409158618	866.602500491608	47.88
814.2326395644413	864.5982270537714	47.92
810.9669813313554	847.0115846747422	47.96
798.9805534026281	851.4560024006598	48.0
796.6664541115092	845.1746912137628	48.04
788.7088012630658	837.0913588589217	48.08
799.2403757660254	859.7227748916449	48.12
797.4173926127676	844.0883857430821	48.16
804.6295262263292	863.3311138078293	48.2
805.3917640492854	853.0853565216341	48.24
799.1560093813328	855.6140138367603	48.28
800.5229678237363	849.0103054317283	48.32
788.0084129084395	818.7835855251263	48.36
777.2739091537136	795.1657862804803	48.4
766.981431418475	787.4077148467379	48.44
757.1889357136	771.4709826099961	48.48
767.2460106903543	779.0405920572376	48.52
753.7183816337543	789.0270913291416	48.56
760.5465718529274	780.0826714664635	48.6
762.3806291283136	777.4115892038317	48.64
756.5683038898383	780.3611022905719	48.68
758.2907258232035	792.3741083433837	48.72
763.0866057214074	780.0901530148258	48.76
751.4251333933914	797.5632599737628	48.8
752.4287847105617	772.1880975410179	48.84
742.2193985648441	781.8825266341183	48.88
743.4553478213984	766.7572425716671	48.92
744.2145433067825	766.1405019644561	48.96
735.9566747951075	768.796047434689	49.0
743.5757926961675	766.2653750729069	49.04
738.696929932855	766.611695179457	49.08
727.1193565631746	779.4928499223854	49.12
727.5343272884318	776.6622139730429	49.16
726.5439778546759	779.6793669334362	49.2
736.0093583553997	794.4179647321168	49.24
764.602980472992	801.1490721825637	49.28
762.6332380059821	825.3054766419392	49.32
748.9891648155166	823.2742403826973	49.36
751.3916544952208	787.9381097671236	49.4
729.9068161230197	778.6975083470633	49.44
736.964847930142	777.5204833865913	49.48
728.1615902735208	767.3863604157149	49.52
737.524267174401	783.4533554769812	49.56
731.3163119696129	784.5350079392334	49.6
729.9711214797504	774.4878484321657	49.64
731.745742941486	782.0600994696398	49.68
728.0086457492746	780.2080528346911	49.72
737.3293854152301	783.430251500918	49.76
724.8046768818203	781.6115879937201	49.8
727.7215610596368	787.9384969239114	49.84
723.3150476812066	789.6585423386367	49.88
710.8920393572322	784.2129380463173	49.92
718.9289346251434	772.4761846527163	49.96
696.6498062920907	783.5318741131168	50.0
707.637514878754	769.0951215409727	50.04
704.7490321734468	775.0950778933103	50.08
700.6799993070913	772.8624600150819	50.12
696.7389053354739	769.5369134399838	50.16
693.4223583290143	784.2897140157228	50.2
692.4816686307292	763.6329850380669	50.24
697.6054346580596	771.6675840266759	50.28
697.1885302276944	769.0245613019647	50.32
692.1777963895743	776.6021654370028	50.36
690.6525924383886	758.343928866192	50.4
689.699118154414	765.6939774164708	50.44
687.0601522324303	765.0871140226807	50.48
691.4750883362028	763.7869280861879	50.52
697.5045717673588	760.9242990423388	50.56
691.7404402692985	763.406435405839	50.6
692.1121597921228	753.6335873508096	50.64
689.7012006087625	754.7179519219986	50.68
693.0780045192297	759.7794645663041	50.72
697.061608068082	764.9352655050112	50.76
689.4943868281235	780.8564295756869	50.8
686.2881653233745	779.075294482202	50.84
686.2962295398522	783.1194679571659	50.88
687.8281196342737	779.9244625967208	50.92
691.9436396524478	786.5537592150599	50.96
690.678080559309	764.8894118031619	51.0
688.7456402952972	772.5147614519524	51.04
692.1313117924698	763.4314391123116	51.08
693.971687206503	768.3261323989066	51.12
692.9695250877647	775.6660714994829	51.16
702.0795046472856	760.619689958794	51.2
696.43617566404	773.7232173346127	51.24
693.191055489466	763.6359277482007	51.28
684.020965619276	766.583685269294	51.32
683.93652911686	768.0356173853585	51.36
686.2722893586204	764.1260087346042	51.4
691.1656248516031	749.6110217486896	51.44
686.7369271706486	754.0667347468404	51.48
687.395589837992	750.3260385223331	51.52
685.3704995149967	761.5134386339812	51.56
683.5258656669465	755.3746072251569	51.6
683.9331735641381	753.7796698044309	51.64
683.0268605974993	759.2360128645985	51.68
686.1542387369705	762.9685574952646	51.72
690.6845176675519	760.3914761276313	51.76
692.0110823403023	764.7281460878888	51.8
693.4566776425361	762.6955095413482	51.84
697.422738712973	768.9975078914955	51.88
703.1483233344538	770.6921182722796	51.92
700.3208701860864	775.756246843362	51.96
705.646370991403	775.9010219758035	52.0
708.5706332239065	775.622514490591	52.04
705.0386382834345	786.1917170386673	52.08
703.8005111870614	761.3986368993633	52.12
698.0480894937407	769.6182687631366	52.16
698.2229352312565	759.1367365440643	52.2
698.0319254028218	770.8114814559616	52.24
698.1356550006008	767.4261512048097	52.28
699.6192685747202	763.6985617461904	52.32
705.9226265928917	776.7780315461569	52.36
701.4338468941916	774.53607208057	52.4
702.348550591824	777.1112283811949	52.44
707.8841166790022	791.7060337703164	52.48
707.4487719471991	788.5465061877286	52.52
677.8233006490699	725.6610913215737	52.56
664.1864991856434	721.9336370088071	52.6
686.8893729201645	742.4965486686059	52.64
707.9630219680914	749.8025923354166	52.68
699.3801288475503	745.972267478756	52.72
695.1213849503786	746.6829448692373	52.76
697.1719329905375	732.9159435951111	52.8
698.6426988933056	725.1215308064524	52.84
702.2750715773444	720.0186262469574	52.88
712.3927369522872	718.8921245043464	52.92
718.6646687153865	731.8865714220037	52.96
720.8520495024029	749.0954921968448	53.0
720.8069962518463	747.4219044409163	53.04
744.1107425960779	771.1061850547179	53.08
773.4810401510484	826.2889461974066	53.12
788.5282953578399	848.943479492589	53.16
804.1371350450863	850.4802920502451	53.2
806.6269817747736	834.7843043740666	53.24
810.2881213256029	836.830784611275	53.28
820.7284160837295	817.5586873378888	53.32
826.0312054505462	824.9396232262869	53.36
835.8296011975044	831.952651349554	53.4
838.8729192958391	841.6354562899426	53.44
839.9688514231478	825.4713145791507	53.48
847.0659949556604	826.6874293696003	53.52
850.7047874970378	828.7698753748188	53.56
849.0597471006304	829.7119691394357	53.6
836.1016614476862	825.8922723095873	53.64
826.4609958316393	812.6969114743944	53.68
816.4179549684592	812.0908585340534	53.72
811.4732209723979	821.6410855550421	53.76
820.5332006702006	840.8957205393635	53.8
831.4185995228491	848.7227047294928	53.84
844.588394435599	862.5804157738082	53.88
862.4219860279944	871.2671738720793	53.92
876.171871617286	887.3164465618524	53.96
882.5943214914681	912.2012312424276	54.0
894.2358134038523	933.2960575823017	54.04
903.8678267417013	936.8198510074269	54.08
910.6148822484818	942.57622500288	54.12
915.4081521876118	958.0814460983567	54.16
909.4812982491632	946.3119659699468	54.2
901.9101101719442	946.8300350023611	54.24
893.1525224287351	964.8312337520221	54.28
884.762372442432	961.6343419080606	54.32
1057.2999076622643	1082.4049232061034	54.36
1089.6637335189068	1118.4787735274147	54.4
848.7992793903536	914.1983347242168	54.44
828.6379873800792	889.3886385921037	54.48
818.2692129611721	874.8388876440373	54.52
804.966041311862	882.0044188814579	54.56
799.628709383948	864.7404722631829	54.6
789.2247914849892	864.0135262993748	54.64
779.9432573070059	864.0559801208509	54.68
764.7547264170383	849.6960738988558	54.72
755.1878465265868	856.3310044668888	54.76
740.6255670610409	842.3017271816067	54.8
723.4208831395166	815.0346107053191	54.84
708.2806321806158	815.189780157479	54.88
692.4241083849636	793.3068040524389	54.92
679.866418093875	761.5879300986976	54.96
675.0878762191935	758.2064890482011	55.0
671.4297825585708	767.6215867744676	55.04
681.9985282775992	765.7823344263537	55.08
680.8143472813645	769.4875993818919	55.12
679.779673525341	764.5016765086638	55.16
671.3302339979105	762.7931726701553	55.2
655.1967556207686	749.2571300952075	55.24
642.96868350922	739.3949094950624	55.28
632.7980452987413	738.0665700145786	55.32
622.6759523233886	734.8426917270574	55.36
620.7285439732606	748.807324384477	55.4
611.4422044410497	743.6789002962315	55.44
610.7026555392299	738.0265267114884	55.48
619.9109131871285	745.274117863622	55.52
625.9715321746703	756.0082502527114	55.56
626.5751008658727	747.5020480219464	55.6
634.4557076983964	754.0218810099366	55.64
639.267250672879	745.4347220823346	55.68
643.6058441316144	748.7614866755098	55.72
658.529560517184	778.6777905772854	55.76
676.6159409736857	779.852857100445	55.8
708.2896210912663	806.3275239774661	55.84
730.3514520540078	825.9184982120446	55.88
717.4666351793234	817.9493473037983	55.92
717.4216535851182	803.697882683984	55.96
719.0733248271097	809.3020246962831	56.0
731.3281597240299	818.2032599829894	56.04
742.1133628906524	824.8060938236451	56.08
749.2792003324223	833.5502366496253	56.12
751.7302272367916	842.4494388994376	56.16
752.1483042872081	840.3484603532498	56.2
747.8996866246637	838.0650389700239	56.24
747.9665120586135	842.6241011115037	56.28
740.3282023510387	843.9082264826237	56.32
744.0124466360405	848.3465681511807	56.36
755.5378161118789	835.4324316434476	56.4
762.1032905752148	848.5661659633288	56.44
767.7785712481138	853.5327690948669	56.48
769.5731958679382	865.6210912257807	56.52
771.724276417276	864.3454426609744	56.56
778.8286285488302	856.6639035589806	56.6
776.0217342214303	881.6733590939439	56.64
772.4222608667875	861.373248208159	56.68
767.9066321834495	855.3093753384825	56.72
770.0147645718563	863.3768526004037	56.76
770.4802786769989	850.7233836144902	56.8
765.5611979197796	867.0863060663846	56.84
762.0775677312292	860.5948868820868	56.88
765.5715732749802	865.5886794197469	56.92
790.0721496037221	870.4070952681624	56.96
828.425416094964	875.1906940097263	57.0
848.8782447247902	880.0409170090849	57.04
849.286242214437	876.4318682962751	57.08
848.6538841428832	851.3988598372987	57.12
840.6760703693628	829.4826524895898	57.16
828.4333900547223	803.7215272893764	57.2
810.3557251265539	786.9566938746551	57.24
794.9557304357102	762.4027812212962	57.28
779.4248229022345	755.3560060206025	57.32
775.1310997988571	750.8607115178238	57.36
765.2319954415206	741.5558935643239	57.4
758.1148538441308	733.8402945077279	57.44
744.9846808075691	720.9333950729695	57.48
732.8446861869669	712.2918726224556	57.52
724.456419033369	705.4489216507324	57.56
727.1600439389362	710.7955113764107	57.6
728.8974409630323	715.2489498615217	57.64
735.4336318886591	716.3686336016256	57.68
738.0311652760385	719.3239974330685	57.72
745.683105651829	723.9820245376715	57.76
754.221671146097	736.3672997187497	57.8
763.5110608186951	740.4745192345265	57.84
774.9153415132223	744.6454500056694	57.88
779.7304818970576	742.8990522842707	57.92
787.1078882041147	739.8386240360785	57.96
795.4045171076842	734.2055479730035	58.0
770.5325481544139	709.7309259713086	58.04
738.222315285089	695.3047128817855	58.08
731.5544113631925	678.5761182569825	58.12
735.0931345718018	678.4649340087865	58.16
777.4753255105833	718.6813343242295	58.2
849.2838877802874	811.7289968723513	58.24
1019.6144171613606	957.7335034934741	58.28
0.0	0.0	58.32
0.0	0.0	58.36
0.0	0.0	58.4
0.0	0.0	58.44
1408.4961057819814	1419.96718558061	58.48
0.0	0.0	58.52
0.0	0.0	58.56
0.0	0.0	58.6
0.0	0.0	58.64
0.0	0.0	58.68
0.0	0.0	58.72
0.0	0.0	58.76
0.0	0.0	58.8
0.0	0.0	58.84
0.0	0.0	58.88
0.0	0.0	58.92
0.0	0.0	58.96
0.0	0.0	59.0
0.0	0.0	59.04
0.0	0.0	59.08
0.0	0.0	59.12
0.0	0.0	59.16
0.0	0.0	59.2
0.0	0.0	59.24
0.0	0.0	59.28
0.0	0.0	59.32
0.0	0.0	59.36
0.0	0.0	59.4
0.0	0.0	59.44
0.0	0.0	59.48
0.0	0.0	59.52
0.0	0.0	59.56
0.0	0.0	59.6
0.0	0.0	59.64
0.0	0.0	59.68
0.0	0.0	59.72
0.0	0.0	59.76
0.0	0.0	59.8
0.0	0.0	59.84
0.0	0.0	59.88
0.0	0.0	59.92
0.0	0.0	59.96
0.0	0.0	60.0
0.0	0.0	60.04
0.0	0.0	60.08
0.0	0.0	60.12
0.0	0.0	60.16
0.0	0.0	60.2
0.0	0.0	60.24
0.0	0.0	60.28
