Thumb_L	Index_L	Time
0.0	0.0	0.04
0.0	0.0	0.08
0.0	0.0	0.12
0.0	0.0	0.16
0.0	0.0	0.2
0.0	0.0	0.24
0.0	0.0	0.28
0.0	0.0	0.32
0.0	0.0	0.36
0.0	0.0	0.4
0.0	0.0	0.44
0.0	0.0	0.48
0.0	0.0	0.52
0.0	0.0	0.56
0.0	0.0	0.6
0.0	0.0	0.64
0.0	0.0	0.68
0.0	0.0	0.72
0.0	0.0	0.76
0.0	0.0	0.8
0.0	0.0	0.84
0.0	0.0	0.88
0.0	0.0	0.92
0.0	0.0	0.96
0.0	0.0	1.0
0.0	0.0	1.04
0.0	0.0	1.08
0.0	0.0	1.12
0.0	0.0	1.16
0.0	0.0	1.2
0.0	0.0	1.24
0.0	0.0	1.28
0.0	0.0	1.32
0.0	0.0	1.36
0.0	0.0	1.4
0.0	0.0	1.44
0.0	0.0	1.48
0.0	0.0	1.52
0.0	0.0	1.56
0.0	0.0	1.6
0.0	0.0	1.64
0.0	0.0	1.68
0.0	0.0	1.72
0.0	0.0	1.76
0.0	0.0	1.8
0.0	0.0	1.84
0.0	0.0	1.88
0.0	0.0	1.92
1683.0131332667456	1706.1695849665216	1.96
1621.8487760229223	1646.619605074773	2.0
1568.9421480902415	1597.2961463803904	2.04
1517.6600714464694	1540.0016313109675	2.08
1469.523466030547	1479.598025586024	2.12
1419.0514122565364	1424.5262241917849	2.16
1374.3092098040797	1375.2276694118393	2.2
1327.92884467516	1320.1292907961201	2.24
1286.7580888741631	1259.8228105436356	2.28
1242.0366164485897	1205.124704073071	2.32
1201.8254367526106	1151.077015795188	2.36
1174.140204046628	1103.6023376860785	2.4
1144.279995588253	1073.252504777639	2.44
1123.231136002724	1049.2742167482925	2.48
1104.0476468357795	1025.9817865644825	2.52
1085.3074305570308	1018.4492049075279	2.56
1077.260981684974	1023.5786379723403	2.6
1076.1693604924192	1029.3013206456455	2.64
1074.6098758281726	1037.9338116722226	2.68
1069.3469079385973	1037.499616787227	2.72
1061.8585382064139	1031.4969428141912	2.76
1060.2301097734799	1025.626032733243	2.8
1052.1792268161319	1018.4969037915771	2.84
1046.6241251457784	1011.0286159289086	2.88
1041.8405049607911	1005.319326421224	2.92
1037.6328868034493	1003.4693065380104	2.96
1039.1127459114975	1002.9707995170754	3.0
1039.3178698559902	998.2979656409931	3.04
1041.9171644793623	996.810262802563	3.08
1042.6526939326213	994.7610884477277	3.12
1037.5813052838294	999.6580303052144	3.16
1039.5661311300528	998.2095935650831	3.2
1037.42360389961	999.7139609531074	3.24
1035.2095202593534	1000.4653849434675	3.28
1032.178892214962	999.8469250599055	3.32
1038.9734527777057	1001.578184756428	3.36
1041.410329278956	1005.1964219443057	3.4
1047.7651427597755	1009.981217470396	3.44
1051.0701476342097	1015.0998974475198	3.48
1054.9915618727819	1018.2218990214681	3.52
1052.5197440982406	1020.8181910227587	3.56
1054.5602052798708	1022.4913900469808	3.6
1059.3893651141154	1023.4313710723482	3.64
1064.0283176767525	1028.524332395836	3.68
1067.1044214714805	1033.3182888150677	3.72
1072.327626599879	1037.3934486380967	3.76
1077.4793373661312	1042.087368020009	3.8
1076.8330608951376	1044.5931247387289	3.84
1075.4358234166937	1045.1594351719507	3.88
1077.393921540191	1046.4663312562684	3.92
1077.8158354870234	1048.3709687302844	3.96
1079.7197257084965	1047.903260671045	4.0
1082.5772011173535	1050.7245806067913	4.04
1086.282044008523	1055.260631269881	4.08
1111.8057777466365	1075.7663735635215	4.12
1157.2345223574146	1129.168494975977	4.16
1217.450545728248	1187.3659644753086	4.2
1265.9103542739917	1237.2765760116981	4.24
1291.0029865940662	1262.2920573944377	4.28
1292.4823966105143	1261.347435892904	4.32
1280.7745947772619	1249.6511497394868	4.36
1266.9998066933342	1234.1982144731678	4.4
1257.9416418934595	1226.4043657410825	4.44
1253.0053267219032	1222.7475349850813	4.48
1246.346431397167	1212.3005377154916	4.52
1242.02016797314	1203.9187642360682	4.56
1221.9164733665089	1188.0559822115072	4.6
1195.2340605287022	1163.9727640666633	4.64
1167.6753716309684	1135.7319291940387	4.68
1139.214756130943	1114.9263364339292	4.72
1118.0574317061742	1089.658027008055	4.76
1101.0130371742448	1071.601940864889	4.8
1092.03986453301	1062.8257292100723	4.84
1109.2303876685194	1087.0274195325012	4.88
1139.2244788120322	1124.9039142746842	4.92
1173.662862709604	1159.4616151767707	4.96
1203.9127106334824	1188.0014442968868	5.0
1232.6777036687995	1215.7007551732866	5.04
1253.0995406390555	1238.2576050403252	5.08
1269.658896163796	1252.027804865841	5.12
1280.0464601894985	1260.1747162764468	5.16
1281.8016107252472	1261.5168245173782	5.2
1285.7779674917676	1263.4912816148292	5.24
1290.9341494831156	1266.8311397526982	5.28
1290.2200919320007	1266.735938162272	5.32
1288.4198888631033	1263.617553413188	5.36
1289.677420585777	1260.8871637805164	5.4
1288.8221115647953	1256.263292100907	5.44
1290.286164532413	1257.418734507184	5.48
1295.2692063347722	1262.0934084994533	5.52
1300.6009179265398	1265.0280857673358	5.56
1303.0410417671835	1267.4290432274743	5.6
1307.409771272069	1270.4508187904285	5.64
1307.1725858751558	1270.2322071865167	5.68
1309.4359386086937	1274.8973932465133	5.72
1310.8782932591998	1276.0898962792971	5.76
1303.027453786351	1271.8474484866738	5.8
1301.4413952509692	1270.7476147919315	5.84
1298.3157866502231	1267.2630040759695	5.88
1284.6989451912882	1263.8063455548827	5.92
1268.1329946742849	1249.8436160571227	5.96
1248.988770570558	1231.1785401052946	6.0
1228.4214555478954	1211.1639144143478	6.04
1199.6345213859322	1184.9886518307044	6.08
1174.8238680017446	1160.832937561973	6.12
1151.3821969188996	1139.7165396010807	6.16
1133.217885307402	1122.0842834558487	6.2
1121.0079335479618	1108.069537607514	6.24
1112.80783288824	1095.7868089808776	6.28
1102.5230305282173	1088.345791186007	6.32
1096.4401813203688	1083.5119559038314	6.36
1096.0926510487916	1082.0887168676147	6.4
1097.2344641300353	1086.614010854013	6.44
1095.8067842547255	1090.8816012093216	6.48
1097.949754078732	1096.1359622379002	6.52
1106.0647669671441	1113.6684233544827	6.56
1116.5477812616778	1125.628667218562	6.6
1128.4684378744537	1139.891333458318	6.64
1140.4153178787271	1135.2546146037764	6.68
1144.4460186020021	1143.1284352404502	6.72
1150.6945135471265	1151.2344135371006	6.76
1157.7794347084364	1161.42452587918	6.8
1159.4485137219147	1169.0002975899088	6.84
1160.471450664017	1168.8904298518125	6.88
1166.0435162074543	1166.7457072982486	6.92
1169.8336581659478	1170.0093337225217	6.96
1171.3573485720974	1171.6648669532724	7.0
1169.329495393611	1160.7102047838525	7.04
1165.6250067368178	1158.9400651761173	7.08
1162.918644746372	1155.9395481217682	7.12
1159.6802389801799	1155.4584646720716	7.16
1156.608640106416	1149.3943094709905	7.2
1155.0582842305898	1145.3168992110893	7.24
1158.6893315499685	1146.544293833263	7.28
1164.7095303339654	1157.0673133576802	7.32
1170.453127608865	1152.2100260697302	7.36
1171.4959245376422	1155.2970939745064	7.4
1175.9684445959494	1154.912181113288	7.44
1176.922359823959	1153.4510284467383	7.48
1168.4579385889847	1147.9677565523698	7.52
1159.1618370716894	1134.2865188894336	7.56
1148.5411582680226	1126.1263912429226	7.6
1139.923439901698	1114.2262341392295	7.64
1129.363481275031	1102.2233253247225	7.68
1117.5848452796204	1088.9174675965037	7.72
1107.9847539284542	1078.518246561891	7.76
1093.5315623246297	1066.8045114964498	7.8
1086.3521560129425	1057.4694208481014	7.84
1082.1572164224917	1049.741726390335	7.88
1075.0186399333697	1048.0268482993506	7.92
1071.0987264360415	1043.904011798263	7.96
1068.1695535515885	1042.8832554112987	8.0
1063.5080824040429	1042.2431745904257	8.04
1062.5544149901677	1040.2537576180366	8.08
1057.5491776391314	1038.7923877419867	8.12
1057.5273653554625	1037.191910902421	8.16
1054.2786653484216	1034.2826727595518	8.2
1050.517813769983	1026.738425975604	8.24
1049.2515565655815	1026.5093651908035	8.28
1048.5294646412628	1024.8905760776397	8.32
1050.0357728434924	1023.931851003262	8.36
1049.5536227476975	1024.8248129730764	8.4
1047.4150702524848	1024.196442311351	8.44
1048.001759848402	1023.3232023513126	8.48
1048.4293254570648	1025.04765414989	8.52
1047.3192383273752	1022.2572682239548	8.56
1047.5032673067979	1023.2106575174242	8.6
1047.5067069073584	1026.1085467162252	8.64
1046.6081315568192	1023.3077819515494	8.68
1041.319531975153	1018.1169085449727	8.72
1039.4838367024117	1017.9407581182118	8.76
1034.1608417542996	1014.5043713944531	8.8
1032.2985763915917	1012.2841471567962	8.84
1033.5610916699884	1011.3418214281548	8.88
1037.9723795319653	1012.9277389267339	8.92
1038.1615305531657	1014.1289900498734	8.96
1036.6117819656556	1017.9920783536459	9.0
1038.3962505435763	1018.6987869009436	9.04
1040.7025616166006	1021.0484926423917	9.08
1040.845935716094	1022.1583476908273	9.12
1040.569880533492	1025.0374437687817	9.16
1044.9744605848773	1027.6944076024365	9.2
1047.6590792534294	1029.7904150334973	9.24
1050.9509486530037	1032.79219377608	9.28
1052.8606448343935	1032.1953349139587	9.32
1055.9183495362313	1035.629166513636	9.36
1055.5479584242507	1034.5129326173378	9.4
1051.6428228779107	1033.8550629984525	9.44
1051.8254881726682	1030.4938235742486	9.48
1053.1481919584044	1029.9137100295907	9.52
1052.4501047322692	1028.9924906277286	9.56
1053.3051572934023	1027.8321941861368	9.6
1052.3431987978913	1028.9964910421295	9.64
1052.8389741316007	1029.9876236271584	9.68
1049.2228647186917	1037.1000297471846	9.72
1045.4605558870949	1039.4783426046556	9.76
1041.9633971258095	1049.0777429584916	9.8
1037.7934532540044	1051.7412449488006	9.84
1034.6327874578792	1055.1105395226734	9.88
1035.8603469860502	1057.4789725736923	9.92
1037.4720632810695	1054.956690204152	9.96
1036.3411371215218	1061.9887888931896	10.0
1033.8885272971559	1075.89705414097	10.04
1038.5515435621967	1091.8009100561833	10.08
1034.1124388027915	1106.0212299327895	10.12
1024.836263742449	1001.7666102460571	10.16
1026.4612724184392	1007.8409747314568	10.2
1036.4763522971962	1016.6771946009519	10.24
1040.2269512914227	1022.893267419037	10.28
1040.811631006038	1025.9881415336974	10.32
1042.0713694580043	1024.526755014138	10.36
1045.5680172177895	1025.3544838654907	10.4
1042.1138098512756	1026.9326389386158	10.44
1034.9621549265185	1043.0812587057062	10.48
1028.2837649066932	1043.3007413784896	10.52
1023.2629930161276	1065.8701308189293	10.56
1015.2414411976547	1118.0251428280892	10.6
1024.2088336884867	1126.9715032450006	10.64
1045.601151264585	1128.7526299738038	10.68
1028.6470945248018	1121.822665849859	10.72
1049.0722413874487	1078.4522421199881	10.76
1051.9016148177648	1011.1970406113052	10.8
1022.5960053774079	999.1318091200886	10.84
1029.1380152905288	1003.1920537446051	10.88
1030.012335478717	1010.0315076120804	10.92
1031.413358263976	1012.9030244191791	10.96
1028.1707672755547	1015.9297706464365	11.0
1025.6894232644854	1013.5028455286424	11.04
1020.2569498378784	1015.0494278288799	11.08
1017.0807935308653	1016.6180136756349	11.12
1013.74277482696	1013.5156343434318	11.16
1005.1277655848464	1010.5280805378435	11.2
1001.8762399028985	1011.3442227985265	11.24
1007.3263152800288	1022.6095741557439	11.28
1005.0463703582793	1084.037127589736	11.32
1004.3915012455619	1097.8144481054514	11.36
995.9502470903661	1094.453451789424	11.4
991.2550379064643	1094.9519388481797	11.44
1009.1944990272806	1082.8592352280793	11.48
1023.7705618207076	1079.4046674693266	11.52
1020.9280093097286	984.9168497467925	11.56
1011.2394706874031	968.0809741823081	11.6
1017.7240408434454	969.2000447217691	11.64
1026.6037462374836	991.6029651515431	11.68
1027.417279109714	989.6697525636878	11.72
1023.293322471712	994.2665203514604	11.76
1027.7106854079505	1003.5518476857229	11.8
1022.7374381620384	1009.9619324366322	11.84
1011.781951153822	1017.7290838368334	11.88
1016.6160296240762	1066.0232446113203	11.92
1026.9965170488192	1072.7384053745777	11.96
1021.2159661271692	1075.166694322635	12.0
1016.5387855600625	1095.445540176136	12.04
1015.2314972127572	976.616981052854	12.08
1016.6890448930963	977.7600282199207	12.12
1018.179714389446	995.8280991586005	12.16
1024.8736204568809	1004.1408854401326	12.2
1022.5019083069801	998.1256284875603	12.24
1020.6671293079089	999.9342971354256	12.28
1022.0794951756186	1002.3459821574105	12.32
1021.4919292652789	997.3763448788154	12.36
1024.4109354016396	994.8953959775484	12.4
1019.947651373037	990.8591311089305	12.44
1018.6799339388363	994.8289826057389	12.48
1033.1856895277076	1004.9242961329743	12.52
1044.0434663590445	1021.4145323204642	12.56
1046.7445364099465	1030.0704361226947	12.6
1049.5386365364284	1032.9545506063555	12.64
1056.6701539565686	1040.0903959225475	12.68
1075.5223700317497	1058.5508860945595	12.72
1110.4372594936124	1092.2968819901298	12.76
1142.7031696649713	1122.163961077273	12.8
1147.9998182430074	1120.4432737062775	12.84
1128.9955313289659	1105.8583936202706	12.88
1112.3311576802898	1081.7892694972336	12.92
1100.6051873906445	1072.3404226458958	12.96
1101.1645198457459	1073.863970978259	13.0
1102.569497127021	1073.3166133399368	13.04
1100.6006216596338	1072.3903696282441	13.08
1102.6100156425648	1074.3687041738242	13.12
1098.7538059931037	1076.7023983095162	13.16
1094.330477478621	1074.6089156555495	13.2
1097.3393642604835	1087.8066452111862	13.24
1114.7286645645672	1104.3613073675128	13.28
1124.0263708426207	1116.9281784937068	13.32
1142.0696990038016	1134.720279770372	13.36
1145.1999437249754	1146.2665696108968	13.4
1150.4942362561517	1153.9594961964178	13.44
1153.2992990466216	1156.5802638735306	13.48
1154.0359861287986	1157.3602126526694	13.52
1162.7309872687586	1162.554084134185	13.56
1172.4875642499899	1170.4983518881875	13.6
1183.8064569005246	1180.9298863817576	13.64
1200.376480113706	1193.1729521495156	13.68
1208.2010178686319	1194.2420080275451	13.72
1223.7160227706277	1196.0312364253116	13.76
1234.846695347047	1207.8729485808135	13.8
1237.955889840849	1217.8824221453451	13.84
1250.040366087209	1218.1317587784717	13.88
1259.1118841131592	1208.1884066784687	13.92
1276.3439203268629	1215.0616824669157	13.96
1273.9023916127119	1223.8845025565456	14.0
1265.7383910162566	1238.8988393141553	14.04
1262.3812355309772	1257.9514443229791	14.08
1263.3628575162397	1280.1874357849167	14.12
1253.8753105254095	1289.3636687370104	14.16
1248.6222113288027	1290.070144318147	14.2
1243.860890467325	1281.10315530442	14.24
1238.652492072903	1273.318553272227	14.28
1224.0639218147883	1255.0503321722938	14.32
1209.0419005720446	1233.8354242905843	14.36
1200.1676374174763	1211.9603940942854	14.4
1192.922610954868	1203.625739508229	14.44
1190.441628019562	1189.9894877077195	14.48
1172.870704633867	1173.2010317834292	14.52
1160.7402462735308	1151.8579976152523	14.56
1143.4811053671776	1124.8990067972416	14.6
1128.9670859963446	1112.1504323158615	14.64
1114.6055243352234	1094.2243024589295	14.68
1099.431533070962	1086.9690558931668	14.72
1092.7575411091887	1082.1246118173099	14.76
1086.850062826006	1081.2850894930589	14.8
1091.2594545861684	1086.7546317166334	14.84
1092.9673183898235	1091.72983265353	14.88
1094.3303102461664	1092.4310499337068	14.92
1089.1038491786883	1094.0866334333398	14.96
1092.4797483464044	1100.8215468018288	15.0
1096.8244469146023	1101.8799253278721	15.04
1097.5691124382954	1103.0945462256698	15.08
1107.760085667665	1110.0359653067121	15.12
1110.0642658134736	1116.5606464390744	15.16
1108.2091449424895	1115.8905346806175	15.2
1114.0125636454363	1118.4330537904536	15.24
1109.1129341282126	1107.2907395972868	15.28
1112.2453679804846	1100.5283383650255	15.32
1113.0167422368681	1089.4207279307536	15.36
1116.5142652322925	1074.365378888545	15.4
1115.8188626681283	1062.0458491278127	15.44
1122.8729106704147	1060.0878697134783	15.48
1124.0896071381317	1039.4152165608557	15.52
1125.0260378745172	1049.237169795886	15.56
1121.0317507950049	1039.1079047081173	15.6
1117.100586688542	1035.9566680927544	15.64
1111.0828268601028	1029.8841216965855	15.68
1102.6889597819998	1022.5409905177996	15.72
1093.3484865577616	1016.3352565762673	15.76
1105.4841321128165	1018.4271665611466	15.8
1116.6084679482947	1036.9262462470144	15.84
1123.8408956983017	1044.8760014966435	15.88
1128.7572723263984	1052.1845561533908	15.92
1133.4870519703077	1058.9270537889565	15.96
1137.612370381272	1062.6696991719973	16.0
1131.5167516278364	1057.405875473544	16.04
1119.6751815228888	1050.421764650804	16.08
1109.3870057165636	1045.3318251114842	16.12
1099.7754723570065	1044.102502306781	16.16
1095.0323555806651	1039.3908932374222	16.2
1094.6091096523744	1041.0148496083543	16.24
1092.7081429580915	1041.4393606378183	16.28
1098.1752414368473	1046.7548939899552	16.32
1096.9030223480938	1047.6616432772232	16.36
1096.5352411381502	1050.2888476345008	16.4
1097.4838704186557	1051.6212137835244	16.44
1097.8533347982157	1051.8697180161666	16.48
1098.3188204225785	1053.8654722147494	16.52
1098.793302489049	1057.0996274831866	16.56
1097.299002365777	1055.4215611714012	16.6
1100.464995986335	1058.024922636894	16.64
1102.307053673372	1060.430807095377	16.68
1102.1495156868275	1060.2253552665984	16.72
1099.8931417290617	1061.7611279565153	16.76
1099.7449208698367	1060.6794908873094	16.8
1101.566258138336	1062.7639897866159	16.84
1100.2259859919216	1063.1444994680603	16.88
1100.9499180169248	1065.5194742469207	16.92
1101.976539832037	1066.5089276199067	16.96
1103.5085379045215	1065.405060266659	17.0
1103.2946331143755	1065.4830767399405	17.04
1104.4022854120642	1064.9428049793962	17.08
1102.515489049836	1065.4601263408347	17.12
1101.7802627029605	1065.757121943938	17.16
1101.5261745853168	1064.9853404344997	17.2
1101.1663471123102	1068.6021439126775	17.24
1102.8711034862615	1067.1170437272901	17.28
1101.6150971302156	1067.3800475599269	17.32
1101.8338840800195	1067.56270441417	17.36
1101.5593249671579	1069.1021938660003	17.4
1100.6081978156908	1067.6275039714715	17.44
1101.9152166152692	1069.2981465454232	17.48
1102.883835553593	1069.6458724732822	17.52
1102.404119604683	1070.0709426542794	17.56
1105.3277409000407	1070.274006538666	17.6
1103.4126444387061	1068.4248154236902	17.64
1103.4416173423708	1070.6768331030967	17.68
1103.887056806703	1068.5181349821123	17.72
1103.4881074429538	1070.4880377159438	17.76
1100.398801539457	1073.068961543144	17.8
1105.8067712829838	1071.4454646563838	17.84
1104.9644491397894	1071.4156184002627	17.88
1101.2930274567093	1071.320689747989	17.92
1104.6439248250344	1072.7542856272732	17.96
1104.333508834046	1073.9857730664328	18.0
1103.0019222080805	1074.7264524211603	18.04
1104.1263663301966	1073.1330482116152	18.08
1104.492630433182	1075.8446846992244	18.12
1103.5141640615661	1077.9552244661127	18.16
1108.0102272744589	1074.8771570957483	18.2
1106.415553649289	1077.191826086534	18.24
1106.373861792531	1075.3813822547388	18.28
1109.0265411687215	1076.3627440155392	18.32
1107.2891841899952	1072.7893605851589	18.36
1114.0117697264486	1067.1436734595068	18.4
1123.6299739933565	1061.3779910182573	18.44
1134.0685188400655	1056.0226650963089	18.48
1151.0038113356688	1065.8812429397976	18.52
1169.6004983663943	1063.3586626538297	18.56
1187.4908440413121	1065.5385229316425	18.6
1207.887369239676	1074.3212644684556	18.64
1227.6174501833561	1085.178663603754	18.68
1245.1376882774043	1095.576631323404	18.72
1266.7105404593717	1102.3671936779758	18.76
1278.251980476586	1108.4891327102334	18.8
1288.711258449455	1106.1099599327415	18.84
1288.8693205588495	1105.8928231139357	18.88
1283.8118283110239	1090.9060096678527	18.92
1279.5674768970578	1078.0254095029243	18.96
1267.6808730565654	1064.97969362022	19.0
1260.5438123727133	1051.7923486174411	19.04
1255.4313568684597	1049.7129049356058	19.08
1252.3361964630271	1039.0655920330225	19.12
1249.4842829110173	1032.9360991816686	19.16
1240.6138799774344	1036.2765696458932	19.2
1240.1197248119347	1036.3523648489816	19.24
1240.310243709962	1035.8044949283446	19.28
1230.728336449649	1039.8307633603913	19.32
1225.4131293535058	1032.3104272283333	19.36
1215.2729255098634	1022.9366022640368	19.4
1211.3450562115238	1020.6296512915487	19.44
1205.5984797950503	1015.7032710686906	19.48
1202.2597033974553	1018.7652296916128	19.52
1199.9754950794727	1019.3911210879428	19.56
1201.9262471771171	1021.3521390082525	19.6
1202.053530724655	1023.1619476468138	19.64
1202.5135878766946	1026.9995832056277	19.68
1204.5840003238447	1029.317959480496	19.72
1203.24520924145	1027.164573065684	19.76
1207.301250718656	1028.2000017993646	19.8
1209.4412162426042	1030.1968753209019	19.84
1209.9908108159962	1028.9913267591442	19.88
1209.3549938918538	1026.5114013623752	19.92
1211.154832899028	1027.1443481232623	19.96
1211.6869640069533	1026.205825556987	20.0
1212.985989762243	1027.100802979118	20.04
1211.9897198371982	1027.965615174306	20.08
1214.8236925168965	1029.7901082187564	20.12
1211.7146387543423	1025.6395642389296	20.16
1212.5307971465168	1026.5077268679656	20.2
1213.914746555955	1026.7811830456037	20.24
1213.972123479863	1025.6124255062869	20.28
1214.64092241429	1030.5995861417175	20.32
1213.7524949427047	1027.5039777233796	20.36
1214.4660191253017	1029.451263457633	20.4
1214.0142853186728	1031.4677312111448	20.44
1213.6548014426394	1029.4864270296052	20.48
1212.893608686198	1027.7957246166918	20.52
1213.1747253443498	1028.5356209597662	20.56
1213.428744778032	1026.830873924194	20.6
1214.8374850786452	1031.952418994545	20.64
1213.092154966487	1028.6248186253458	20.68
1211.9470995807633	1028.559022839331	20.72
1212.3921993611996	1028.9569292088354	20.76
1212.0399156707167	1027.3010183176182	20.8
1212.12398301063	1027.4411521096345	20.84
1211.5377826150789	1028.1981342566567	20.88
1211.6186103900707	1028.5728138194497	20.92
1212.0988269368245	1026.5717301776815	20.96
1211.9488593732347	1028.6291930098537	21.0
1213.60673292856	1026.696935592848	21.04
1211.3458863106987	1030.2186079821486	21.08
1213.7064748326475	1030.5008241976764	21.12
1215.484144735493	1028.3813350540925	21.16
1214.6952938366273	1028.3576748689622	21.2
1214.1718043901858	1029.193184388722	21.24
1213.1697202903351	1029.432524839888	21.28
1211.6915214050634	1026.4156982415343	21.32
1211.6122416207597	1030.1486848460634	21.36
1209.5307023132498	1023.8430378863386	21.4
1214.780125954131	1028.8107156773056	21.44
1208.5914758555853	1023.5171190282701	21.48
1216.8681484147241	1026.3505602725263	21.52
1211.1573157676194	1027.2164704815075	21.56
1215.4416337541472	1029.0543023244923	21.6
1217.488879853617	1026.6610671602477	21.64
1216.5771911672643	1028.8196937147504	21.68
1215.6196065039894	1027.705902238876	21.72
1214.2616690704524	1027.5945909094664	21.76
1217.2549874524798	1029.0840716132468	21.8
1218.5418770852357	1030.5609433563052	21.84
1218.667267815159	1032.9597537386956	21.88
1214.9266465281585	1033.15842907254	21.92
1217.3392198383922	1033.3569350991545	21.96
1215.9599745246444	1033.5665198139643	22.0
1221.2711783225488	1034.255395256235	22.04
1215.9544526474301	1037.4030072057994	22.08
1219.859803554964	1036.2090564828222	22.12
1215.6114810980596	1035.8220602015526	22.16
1216.8746505673018	1036.351342712481	22.2
1216.318498686852	1035.1484594374701	22.24
1217.5551336046703	1037.1442492409938	22.28
1218.15845545909	1037.889387402803	22.32
1221.4570394833604	1037.695272426339	22.36
1220.523829237274	1039.9073412376424	22.4
1218.5243694111696	1041.0252219729482	22.44
1225.5978000033863	1042.602777771667	22.48
1226.847899303666	1043.4963712646472	22.52
1223.9920397095761	1044.7937796580793	22.56
1231.09826430266	1048.389000632318	22.6
1233.0897964938006	1049.783267345675	22.64
1231.9069266924523	1050.3252645710343	22.68
1232.3609574576876	1051.5406095116598	22.72
1234.2050214817873	1053.1766680563608	22.76
1230.5274379661832	1054.8743437281591	22.8
1236.3216803810544	1056.5621979456341	22.84
1236.4620435993322	1056.456673940668	22.88
1237.8797585321897	1059.2816392073287	22.92
1239.3996208008446	1060.2063030570182	22.96
1239.4217224873037	1063.6719918260808	23.0
1241.1691760072351	1064.785942309772	23.04
1235.1392723583008	1065.0605582358155	23.08
1237.98477955941	1065.7214192616552	23.12
1236.4114533701033	1067.8438523817629	23.16
1239.1298935042978	1070.549229172812	23.2
1243.7696600113657	1073.5889851501765	23.24
1246.117206525826	1079.107613456172	23.28
1253.113927772116	1090.1169312242228	23.32
1265.8400804813402	1107.5184572502212	23.36
1282.3868906197165	1128.858499243146	23.4
1302.1754107276465	1154.5976333969943	23.44
1323.1667391088645	1181.5789274907218	23.48
1343.717160256071	1213.8259757404032	23.52
1359.592052856806	1235.74498961482	23.56
1381.7409139451415	1262.2126318159662	23.6
1396.729794333733	1281.7821217180406	23.64
1408.9311292118553	1300.1928001290214	23.68
1413.928699600342	1308.8810881697527	23.72
1420.5453922927247	1317.1964845258856	23.76
1418.6249397338393	1320.0500472397982	23.8
1423.7783421162758	1323.7493017311874	23.84
1424.656260872298	1324.5099366056825	23.88
1425.128627245086	1325.865817763867	23.92
1425.9550575807518	1330.219158810185	23.96
1426.2305523159205	1329.765892899812	24.0
1427.032964614621	1330.9025920746737	24.04
1428.7876464156973	1333.883927376873	24.08
1427.7168287478396	1331.7091301454761	24.12
1426.8912911427378	1333.849843687045	24.16
1428.3225302460928	1333.6116358582476	24.2
1428.1718055604417	1332.9242576446093	24.24
1427.8307790432514	1330.3557300299535	24.28
1423.1984802910795	1329.4700574334959	24.32
1424.2402178509558	1330.3260625376113	24.36
1425.562586042773	1330.0094379674813	24.4
1425.5290789926316	1330.6280512508806	24.44
1424.598376655317	1331.0912042721382	24.48
1423.9719765790796	1329.4095824045437	24.52
1422.7229641661297	1330.6749884353087	24.56
1423.2263740314827	1329.7029105619727	24.6
1421.7298474690776	1331.5997935380701	24.64
1424.8673743916693	1331.8462142515398	24.68
1426.016836274532	1331.6437949252534	24.72
1426.166814372552	1333.1975108734603	24.76
1427.6994694286966	1333.6256887936843	24.8
1428.202888108448	1332.9191656641187	24.84
1427.3299110319106	1333.1343925689187	24.88
1429.1993977133368	1334.7473559851585	24.92
1430.5852851415582	1335.8698317398034	24.96
1429.0244687693048	1334.7691213502671	25.0
1429.486715374014	1336.2157793755075	25.04
1430.7642303648333	1337.5905469170095	25.08
1432.5239646635775	1337.054980274791	25.12
1432.6836552612695	1340.571621038727	25.16
1433.5841770048278	1342.3586376358844	25.2
1433.3214009378894	1340.5496440577012	25.24
1431.562955746743	1341.2346784933425	25.28
1430.19955126862	1341.684049532342	25.32
1432.24610032634	1344.136582922286	25.36
1433.9941166879912	1344.154569919517	25.4
1433.354919907737	1343.5930476696392	25.44
1436.0205905652083	1343.6864139889074	25.48
1436.552159752173	1346.2920796056824	25.52
1436.686078989961	1346.4851699510805	25.56
1437.250580208363	1349.8707883070128	25.6
1440.9160277618985	1348.4144536753163	25.64
1438.4631420975827	1350.5995523887852	25.68
1442.1816447971926	1349.9483419632027	25.72
1441.2864902447154	1345.0046671543114	25.76
1444.4293723915564	1348.5745525858279	25.8
1441.5286140934993	1348.7864610696508	25.84
1438.6647647791556	1347.294188681596	25.88
1437.6427856431912	1345.0902588307627	25.92
1437.8637035411077	1346.563968637613	25.96
1436.9073226172277	1347.7420571507841	26.0
1443.0287084181878	1346.9573133463737	26.04
1441.4438130786752	1348.329316119879	26.08
1441.421375528149	1347.1782384563376	26.12
1442.2102058804703	1346.835749907142	26.16
1442.724937544653	1347.7302560492797	26.2
1440.5717263641604	1346.2189036092811	26.24
1443.675175187557	1346.0511097312944	26.28
1441.4816293865379	1346.8740559050898	26.32
1440.9975188248225	1345.5563632776336	26.36
1441.4208143946837	1345.9390664801742	26.4
1439.9533834459385	1345.2428341572058	26.44
1442.0071475369125	1347.4353460158209	26.48
1444.8290535928375	1348.2227304267612	26.52
1443.4016177851079	1347.219774849162	26.56
1441.9405875751597	1345.6639213610438	26.6
1440.651465360537	1345.7073828834023	26.64
1442.2390216786935	1348.435605558583	26.68
1440.6204310752153	1347.9917511275805	26.72
1440.8020985379158	1350.2401959418405	26.76
1439.591857740115	1349.9503575362182	26.8
1441.1857977455218	1348.3625736573606	26.84
1440.1729193020917	1346.7494921394205	26.88
1441.9983129544532	1347.5187700626084	26.92
1441.8438938301324	1345.8614446000215	26.96
1439.5512499182332	1347.4176986581172	27.0
1440.8430322795325	1347.8341303137097	27.04
1438.3912437606957	1345.9129503090035	27.08
1438.6012174541513	1343.6350892190424	27.12
1437.87953076443	1345.4429506407737	27.16
1437.6521353587482	1343.638442281996	27.2
1439.472301593356	1345.5156443054937	27.24
1436.9728695663691	1345.4207524580663	27.28
1438.8523413817338	1344.7357325137218	27.32
1434.5675323288938	1342.5718501384383	27.36
1436.0948766792296	1343.7618876552206	27.4
1436.2656335190397	1342.7053056005118	27.44
1435.2378616385286	1342.92612084661	27.48
1435.7900002330102	1344.0217293455687	27.52
1436.7335172692685	1343.7132514860957	27.56
1436.3696110014992	1342.7517655384436	27.6
1436.1943208165537	1345.3431463125141	27.64
1435.3134507963432	1344.0958695959948	27.68
1436.3340350450426	1343.3412085436696	27.72
1435.248052189885	1344.251618236712	27.76
1435.6286424991818	1341.3321300526493	27.8
1436.313122190949	1343.8221587213009	27.84
1437.59104307062	1343.9319042961545	27.88
1436.5228058693938	1341.2688194444122	27.92
1436.2794509223702	1343.9445414309132	27.96
1434.6575827489826	1342.290154642539	28.0
1433.0393830065825	1338.0306650558412	28.04
1434.3148010127452	1339.6444521694184	28.08
1433.9656587950474	1340.8039860791712	28.12
1432.0541833449179	1341.4782067867277	28.16
1434.0811455930707	1343.1204659032921	28.2
1435.5268602553795	1342.0378707276861	28.24
1436.6189428313485	1343.0488167816284	28.28
1437.8160864059716	1342.2836735723617	28.32
1435.9298526443122	1342.3514495292034	28.36
1437.8744430692568	1342.482687707895	28.4
1433.7708129597559	1341.3460313025919	28.44
1436.5810906719878	1341.6332424690436	28.48
1433.7472542559526	1340.0498748092202	28.52
1437.1772264588146	1339.552646189921	28.56
1438.220437312936	1342.9209894481435	28.6
1435.5425087027156	1341.5363031142533	28.64
1437.0456291795376	1342.6922141618759	28.68
1435.588831169683	1341.9788964619968	28.72
1435.8754218638637	1344.3500475531705	28.76
1435.9720154348079	1343.0019908249935	28.8
1436.5022477346406	1344.3095732438117	28.84
1434.2903292977076	1344.3251722976058	28.88
1436.0215042097784	1340.9369174902804	28.92
1434.9381150971965	1341.6010256708203	28.96
1436.7646296690648	1340.4640655258884	29.0
1434.8860918624566	1337.1185282124077	29.04
1435.1130590412085	1338.514790829321	29.08
1434.4796131219434	1338.6643527598708	29.12
1433.5646315294748	1337.7127914478583	29.16
1434.9443094701387	1340.3870945761655	29.2
1433.5715952311784	1337.8899609565099	29.24
1434.0816421905988	1339.0242158567064	29.28
1437.2216846592898	1342.4243461966385	29.32
1437.2885378476656	1342.068616670649	29.36
1437.2657865097626	1340.9685867079684	29.4
1437.7108436900985	1342.2362970267443	29.44
1435.7584730487554	1340.0455524422807	29.48
1437.0588689902954	1342.1199307958234	29.52
1436.5176203359408	1338.5790360055964	29.56
1436.6742444295987	1341.1434230378677	29.6
1440.208079991159	1342.0170076896065	29.64
1439.245554391815	1339.9701302912263	29.68
1437.6261702393297	1339.68546604624	29.72
1437.506760930147	1340.7363889179346	29.76
1439.4159636117076	1346.4033965583985	29.8
1439.1453532970213	1344.550132167923	29.84
1437.769849138357	1342.6902040494006	29.88
1437.1675311317447	1342.3258507909948	29.92
1436.9263996629925	1341.3965150554648	29.96
1436.4817359894557	1339.5922033559316	30.0
1436.8754812078325	1343.40977190126	30.04
1436.4777157043447	1340.2457663971325	30.08
1433.4044249018739	1336.152975965642	30.12
1432.5913303782377	1335.4208116866982	30.16
1434.4190523203224	1340.169179348274	30.2
1432.9329375457926	1338.6889369268251	30.24
1432.9697623890397	1336.0542908158372	30.28
1433.6365024728686	1339.278763170385	30.32
1431.653507869118	1340.2811771251295	30.36
1430.3648366292489	1339.6841054483616	30.4
1432.2274464227964	1340.1003580174709	30.44
1430.9837964497526	1336.0877790163038	30.48
1430.2538541105412	1332.2365519848174	30.52
1431.1655734582157	1328.712471256081	30.56
1430.6695529123333	1328.1378208090966	30.6
1431.1757662130813	1328.4138878422752	30.64
1430.2315215715528	1328.7257493105872	30.68
1429.5790658898763	1327.5671556650736	30.72
1429.3782232277856	1325.630616762247	30.76
1426.5593587686349	1322.9796889278118	30.8
1422.6206663079372	1318.6377137866766	30.84
1419.646366903268	1318.8026363087615	30.88
1417.3494713130613	1316.3609172106394	30.92
1410.6887417397875	1309.5367258840733	30.96
1392.6898353643135	1295.393089503413	31.0
1370.3746498949315	1279.1999047227434	31.04
1346.6225283279919	1258.6090859964092	31.08
1319.974128787255	1233.698879322041	31.12
1295.8979780559916	1213.6868453121165	31.16
1265.6335350971715	1188.0700964400512	31.2
1239.4469859283631	1161.0644058884955	31.24
1212.4744555123323	1146.8640705127511	31.28
1194.1612188484144	1130.6541281200955	31.32
1173.8018708180687	1115.5640884180164	31.36
1157.1275336621577	1102.7755602858863	31.4
1138.8004420129835	1086.2711252803367	31.44
1119.5278686475801	1067.9245863360081	31.48
1102.8009274946453	1044.082155636973	31.52
1081.830412359	1026.980892102104	31.56
1065.9036485531221	1015.2736946582793	31.6
1053.885955469054	1004.6580077995465	31.64
1046.4118587956623	1001.0607756755116	31.68
1034.769181078937	996.9164384546418	31.72
1022.1754922451895	992.0320602327623	31.76
1015.4851836674621	986.9144731933973	31.8
1007.5550748279544	983.9184809747372	31.84
1006.565441072401	975.6395216958258	31.88
999.4737922238155	972.0075593119074	31.92
997.531764262389	970.2784293004927	31.96
1001.1754112830229	966.5231857930662	32.0
995.9294415780253	965.6619027644224	32.04
1000.4671683302479	967.8659237157646	32.08
996.1257061103172	969.4189620264597	32.12
999.4758511768993	968.4722175476089	32.16
997.4300835070242	968.1568250463546	32.2
996.0717264721609	966.8341847402783	32.24
1000.886826383459	971.0872491256165	32.28
997.9681258147201	972.4236298994524	32.32
1002.0311371667138	977.7521709896182	32.36
1001.6173351607496	982.3802496212522	32.4
1005.2982100701772	983.7874258966416	32.44
1002.3309075136649	982.905246922047	32.48
1003.1805892202822	981.5229265697807	32.52
1003.5689963795749	982.9158995527957	32.56
999.3169728079977	982.1177646557855	32.6
997.3146511176707	979.7688166535579	32.64
1000.2838719445328	982.0710199657509	32.68
994.8875195928932	980.786920043388	32.72
994.4342768230979	980.3993708139113	32.76
998.1503454072293	979.3743102917198	32.8
995.7798453507454	979.7779591611608	32.84
994.5092700347186	976.470235169989	32.88
993.5430695631901	975.7099523643126	32.92
987.4899497406027	977.6387097281267	32.96
986.1168174236865	978.010461257019	33.0
985.9827956315955	978.1191080589352	33.04
984.0450292468964	976.9637470470587	33.08
986.1739169866026	977.2573802728288	33.12
986.2725847347903	977.5179333349713	33.16
987.3959183418759	977.933909764158	33.2
988.6133709589133	979.1069847046816	33.24
985.9853692725765	981.1469473911231	33.28
989.6653509655854	982.2904243008311	33.32
990.9990715425657	983.3137923237604	33.36
994.014297578421	983.6085597851823	33.4
988.1265464593323	986.2497567022622	33.44
994.1030181425697	984.1690031838402	33.48
987.5801136194109	985.1955683100324	33.52
985.4810339183068	984.5304849783446	33.56
992.4629137542357	984.8550308394855	33.6
993.3653493122416	985.6684177151282	33.64
994.7325232562962	984.0971187514036	33.68
994.8338049839825	983.8923549793703	33.72
996.1486134185503	984.0400661470863	33.76
999.8963783852345	985.9460977493131	33.8
994.1094931439771	985.5481711998966	33.84
993.8738505473177	985.9736407675138	33.88
997.514826380673	988.4981329383979	33.92
995.0983242667156	987.2748207306242	33.96
996.6960860755796	991.2256554168436	34.0
995.375957883433	993.0579979089733	34.04
1001.370530353669	996.0282611555954	34.08
1000.6079483039533	995.1284166102763	34.12
1000.9887306531616	991.9443848432834	34.16
1001.5855595337019	995.8291595730697	34.2
999.8267911989793	993.0606187853414	34.24
1001.6832528252829	996.5457724166985	34.28
1001.0679868329167	995.5517983635033	34.32
1000.8836452198046	993.1768388359831	34.36
999.7331455583717	991.200921580447	34.4
1006.2773974248544	993.3445312843223	34.44
1004.0110982555606	994.4479419597263	34.48
1008.0791243389413	998.6132004502246	34.52
1009.0698425153086	998.9015186450085	34.56
1013.6609870247876	1002.3227834026287	34.6
1016.1510070274825	998.137430436447	34.64
1012.9344844407052	999.5818617691343	34.68
1017.5788974963313	999.963081685344	34.72
1015.7061592842462	999.3108046354107	34.76
1012.3383177371282	1001.0976996146778	34.8
1014.4995060989219	1002.8517370111545	34.84
1015.868227763506	1008.0447779898572	34.88
1015.9047046326436	1002.2390027213344	34.92
1017.7177659553224	1006.1017557881214	34.96
1015.8268414270149	1010.607590413536	35.0
1015.5650349608668	1011.9909718876369	35.04
1015.8894649411945	1012.0330252521453	35.08
1014.8233843828086	1015.717205700696	35.12
1015.029437974747	1013.9344320957805	35.16
1014.5103003401708	1013.8707618462902	35.2
1017.7232497730313	1018.3435205859178	35.24
1020.2811190444725	1018.3844275726974	35.28
1031.6222236624478	1016.0611112902648	35.32
1041.4929453923053	1008.4899112876988	35.36
1044.671271308378	1007.4533308700453	35.4
1058.7913455320183	1018.5903720026478	35.44
1113.891628263511	1054.325186851072	35.48
1142.9598243137002	1083.404953648749	35.52
1185.6874445001997	1119.7866763809393	35.56
1233.1955946929504	1163.1080150707485	35.6
1276.4117389886237	1208.3592787715293	35.64
1321.3669821522071	1258.336153203695	35.68
1373.5169188926996	1296.154605322549	35.72
1430.805477947711	1334.4063230786385	35.76
1472.1272298943913	1366.6426845343472	35.8
1488.5878283153495	1406.1314333276362	35.84
1493.8046261197342	1402.0616158795403	35.88
1494.1446549784655	1387.3405227850294	35.92
1493.6531049659168	1370.2838086147754	35.96
1491.5935690300307	1343.231374528561	36.0
1494.1524969165487	1325.955701145915	36.04
1490.6979503711127	1319.2708889390117	36.08
1467.2041658141695	1308.8834954586591	36.12
1456.8407290647954	1307.079239816155	36.16
1435.2497117975981	1294.8476782047528	36.2
1411.9291420068316	1282.694109780943	36.24
1393.894006324184	1273.6165300425635	36.28
1380.1845907987358	1266.427472249151	36.32
1399.1186705589573	1294.6003884552852	36.36
1399.0363311825906	1318.7407176785969	36.4
1388.5078396427377	1295.7936464572467	36.44
1395.2180602854642	1285.8550213438318	36.48
1381.452441075738	1277.1742901766772	36.52
1378.424625571781	1254.8370170780188	36.56
1360.0476861308941	1249.4489796765886	36.6
1356.9115418453225	1214.921595278477	36.64
1341.752573233095	1182.8688306086735	36.68
1355.1215952864575	1178.1709310723531	36.72
1353.893158428278	1167.296012307156	36.76
1357.118808560389	1135.893126711196	36.8
1324.0957034086064	1151.295923447487	36.84
1335.5190315867217	1143.354448641903	36.88
1257.390271699663	1183.9971241918602	36.92
1235.861385113115	1120.2438145036867	36.96
1242.0400514707949	1098.214436464641	37.0
1272.9100484572273	1077.2760032823103	37.04
1311.4567256791154	1066.8785339828944	37.08
1340.5575080056294	1051.5373225531166	37.12
1377.42329111104	1060.3596544964998	37.16
1394.6463169374097	1066.3377746649835	37.2
1402.5691162888952	1072.6910126424848	37.24
1408.0479043987448	1075.6715160829592	37.28
0.0	0.0	37.32
0.0	0.0	37.36
0.0	0.0	37.4
0.0	0.0	37.44
0.0	0.0	37.48
1387.4915957565652	1040.4969854153067	37.52
1386.136083276601	1037.2374323892843	37.56
1385.3660010068688	1030.8871337666944	37.6
1381.8373485196398	1033.0308665476516	37.64
1380.2363405544975	1033.3120864194423	37.68
1376.9403339957837	1031.4525882283135	37.72
1377.3220869507256	1033.5503632363568	37.76
1376.0717371409348	1032.4864564710329	37.8
1371.5377526899035	1033.0478372864077	37.84
1370.4855487299149	1031.4948842350655	37.88
1369.7623910676518	1032.078782581536	37.92
1370.5280622665225	1033.0152317298268	37.96
0.0	0.0	38.0
1373.3915014038466	1033.282719459789	38.04
1371.976912863915	1032.856353266039	38.08
1371.0708966934071	1031.355916962125	38.12
1367.5927984370542	1028.527259175291	38.16
1363.4717863951291	1026.6932339894015	38.2
1363.9910417091148	1028.912631398775	38.24
1365.0911378741737	1028.3933398746237	38.28
1368.729383886387	1028.4919756471836	38.32
1371.715086586944	1029.1590482652439	38.36
1370.2662737535686	1027.552851494537	38.4
1371.1528748080777	1028.9961705009352	38.44
0.0	0.0	38.48
0.0	0.0	38.52
0.0	0.0	38.56
0.0	0.0	38.6
1214.0884439173994	1113.8282642604604	38.64
1260.397809376129	1142.5867216600334	38.68
1222.510308904922	1124.0113627773696	38.72
1188.1351075055643	1127.8790799455246	38.76
1272.9246647122784	1106.6214694721273	38.8
1215.390565993448	1077.0170013939733	38.84
0.0	0.0	38.88
1227.4909856555494	1091.5613334331229	38.92
0.0	0.0	38.96
1198.7931595805276	1124.5690509143722	39.0
1188.5842026326095	1122.963394266125	39.04
1077.7109275053363	1098.793376258738	39.08
1220.18334843543	1121.5126097331677	39.12
0.0	0.0	39.16
0.0	0.0	39.2
1220.2664313479204	1124.6514563575827	39.24
1153.1721254080815	1121.3055578890496	39.28
1206.5961692974713	1112.05812856159	39.32
1197.1791103437579	1133.043338907417	39.36
0.0	0.0	39.4
0.0	0.0	39.44
0.0	0.0	39.48
0.0	0.0	39.52
0.0	0.0	39.56
0.0	0.0	39.6
0.0	0.0	39.64
0.0	0.0	39.68
0.0	0.0	39.72
0.0	0.0	39.76
0.0	0.0	39.8
0.0	0.0	39.84
0.0	0.0	39.88
993.0867442683897	1042.9235707110922	39.92
0.0	0.0	39.96
0.0	0.0	40.0
1125.3096147275603	1039.1566393728597	40.04
1058.1189322187417	1006.4246368640379	40.08
1113.6556242905167	1019.5249867616461	40.12
1112.6647065189586	1007.1228170866482	40.16
1086.817680999765	1006.2219971784027	40.2
1119.793039653349	984.4711522539236	40.24
1115.715795784269	974.3835587188725	40.28
1119.009508414918	978.8546898996248	40.32
1116.7887397334134	973.4179202812118	40.36
1108.4958611808272	976.2869171737138	40.4
1110.3708356040472	981.6863820722901	40.44
1112.0206074085884	977.1211402933845	40.48
1120.6396315848078	982.9155877893036	40.52
1113.4844761666134	982.1499613969103	40.56
1115.717043751808	981.06060258872	40.6
1116.221697766659	982.865649177742	40.64
1119.382823518587	983.9661305156181	40.68
1117.2854023737098	979.3241168842685	40.72
1106.9119247856922	984.1555773899258	40.76
1117.2613606501998	985.3326768851972	40.8
1108.1110385121124	988.7446078142747	40.84
1119.4636979221893	988.6188568528311	40.88
1114.4881371264457	986.6512891155434	40.92
1113.2728218869515	986.4956056553121	40.96
1118.9028738279314	986.4331344137618	41.0
1120.8654399903485	985.712983229181	41.04
1122.4637543787358	982.7187958273573	41.08
1120.4046529061677	985.7986522075716	41.12
1120.305874107697	983.7155019632154	41.16
1120.5883188542796	983.6484826235791	41.2
1124.9009579994008	982.931947949936	41.24
1123.7404825705994	984.2395259837045	41.28
1117.1373394197658	987.8940667432139	41.32
1112.8492493168048	983.6080430840804	41.36
1125.3289149415357	987.6772679589067	41.4
1128.3311320118733	978.9368904902237	41.44
1121.8634420317903	969.9616774751379	41.48
1124.2982329636527	982.9116965661286	41.52
1116.9894894659865	980.7254384905249	41.56
1125.30511245968	984.4354283716929	41.6
1118.419534948854	985.7788571864111	41.64
1119.7558640312254	971.7634014616675	41.68
1116.2482373843955	981.2752597474529	41.72
1123.21977613875	977.5067550106103	41.76
1123.2191840290016	977.0386919660456	41.8
1127.5082408952014	979.1386923574489	41.84
1127.3163731073935	977.1412572682333	41.88
1120.773136898015	977.5161196366222	41.92
1126.667067610213	980.8223273419085	41.96
1123.2836576622622	977.9585256190886	42.0
1122.7519109737193	977.7238784828589	42.04
1126.7613512561848	982.6439749050479	42.08
1126.9693369546947	980.0759746307618	42.12
1135.226991647263	979.038222258553	42.16
1133.168277901773	981.7815469996875	42.2
1129.3674042932819	980.0819125927666	42.24
1127.693958175749	981.2605482036743	42.28
1132.2817554689736	977.0487240510209	42.32
1134.9525034173257	978.4024174766595	42.36
1136.4304636851336	978.697082517529	42.4
1131.8382429318087	978.4808556853965	42.44
1127.6668139912679	980.6244805147566	42.48
1120.9451633870185	993.8324740777314	42.52
1085.253259235534	993.390023706059	42.56
1114.9230984099047	985.8614570041068	42.6
1125.6400170654933	988.4700996641684	42.64
1104.364288456127	984.4853062882069	42.68
1058.9780429140555	997.3913407136989	42.72
1104.1135965145158	996.0279935954895	42.76
1057.3994533507769	975.4636220636324	42.8
1100.4322961010553	986.5207740484867	42.84
1133.7195966000563	974.0497331093825	42.88
1122.150769767428	975.5260484066188	42.92
1120.4511916642443	980.4779228020967	42.96
1112.563585397163	985.2444791179241	43.0
1104.2935238494515	977.2143288089196	43.04
1099.8641795082838	984.8197144482117	43.08
1088.8175577743193	1004.1118214267824	43.12
1111.5762187794646	967.131550955069	43.16
1121.5468343925438	969.4661815871916	43.2
1108.993572926906	978.3178688567511	43.24
1041.9508137012826	963.9900462428549	43.28
1114.1897359601446	1001.4681521923642	43.32
1059.9962951662328	971.2594001782566	43.36
1078.5769034083764	992.6417250693514	43.4
1078.7642383169518	972.6445372602984	43.44
1098.1925300263586	967.5398963543955	43.48
1003.5236029913711	958.6429478297446	43.52
1106.9653695197135	977.6766671048888	43.56
1111.123691997073	961.8858854715226	43.6
1093.0005412787966	952.853717882962	43.64
1092.766878561686	958.8070966631392	43.68
1070.4838746903897	934.5498455025423	43.72
1020.1494202103692	934.0948517366833	43.76
0.0	0.0	43.8
939.8241323639437	880.2496756446786	43.84
944.1316886893628	874.7986522934091	43.88
0.0	0.0	43.92
839.2229316182559	797.0481745304459	43.96
847.0361624628114	771.0428606906296	44.0
0.0	0.0	44.04
753.218224749107	696.1765279290578	44.08
0.0	0.0	44.12
657.7174376415404	627.3059566805221	44.16
633.6054095823325	600.8242055695822	44.2
587.4889263869479	598.2497327624565	44.24
573.8450524109043	590.7195852371264	44.28
544.8105661652469	580.3992313595251	44.32
543.5680806736138	568.2648833614395	44.36
507.042102000345	576.9535893638268	44.4
522.6277079502966	554.795132301639	44.44
0.0	0.0	44.48
492.4066590745048	568.8411534545766	44.52
502.84104662464483	565.0947987550626	44.56
484.41747681487465	579.772397353689	44.6
494.46627934093306	569.2738722335457	44.64
478.56109793651166	565.0819850394266	44.68
475.75145659635103	569.1739676492343	44.72
456.58867897548987	576.97887005752	44.76
451.5753326785209	538.0853829759606	44.8
461.48171279329375	554.180205233005	44.84
456.52290972182396	553.906115128453	44.88
452.8694990595612	563.9326387357507	44.92
439.4977315795382	557.6209134331496	44.96
431.57488738501604	538.8650221711279	45.0
428.1213866075338	532.8224349061414	45.04
443.65507678852265	541.7773132312093	45.08
447.3769956621005	550.7751910374457	45.12
447.92047286771077	576.5336406489919	45.16
458.38744969000993	574.6118379664571	45.2
449.4986813689696	551.1467468846414	45.24
436.7737105188908	579.2839027195488	45.28
436.54656670854473	538.6531380548421	45.32
0.0	0.0	45.36
471.64995862908484	584.1591294978001	45.4
433.4370290692879	530.8504101260793	45.44
445.09343289723694	565.3514561703436	45.48
432.7882671040875	559.1940820141282	45.52
421.2297688032105	546.5693709328899	45.56
420.09231377212905	560.9211167906764	45.6
493.18908875510164	595.5699309134242	45.64
420.7387795452863	536.7202663419613	45.68
414.90775576071565	541.4875147115582	45.72
0.0	0.0	45.76
421.1904383533471	547.2731358176222	45.8
417.29609994169584	566.9590707807733	45.84
426.2760181486396	562.21077842207	45.88
406.8612236741649	556.4290292829821	45.92
438.1860390521596	576.0327281228535	45.96
408.36860383396095	546.5393930954734	46.0
411.3580016215655	553.758668854161	46.04
408.0249616670793	541.5857978262412	46.08
409.79963422681453	555.3852454890583	46.12
408.75605919605215	541.7616481827775	46.16
413.62285013805223	551.0594737686677	46.2
416.30411716288194	547.7348106095744	46.24
428.360950007142	561.3570761938217	46.28
423.65235639263943	551.1126533552225	46.32
425.9916161471158	565.1947452419176	46.36
425.44324579778214	561.4792620144174	46.4
426.6578180770585	560.5011893042583	46.44
427.95416084722984	564.944940757024	46.48
435.22152779958003	568.7574106767794	46.52
434.97035395473347	574.2776934105373	46.56
438.0269220373285	564.9576551351248	46.6
443.7965511757286	578.4205695221228	46.64
438.94100321715166	570.9989346653555	46.68
442.86426887863183	571.3452774688909	46.72
443.2837881569156	577.3621590101941	46.76
442.6661719512978	574.0186429760805	46.8
442.04730470769726	576.1499974491727	46.84
437.32167512179217	578.8531802859476	46.88
435.05841815435934	576.0176064541256	46.92
442.539321321747	580.4096242627339	46.96
441.2182218687838	579.5497431931404	47.0
441.3493226272792	564.2024622675535	47.04
440.9845752209328	572.47084079036	47.08
439.497203998153	567.3361064575782	47.12
437.0368599145871	572.5045838139921	47.16
432.8492031282977	568.7240409268505	47.2
444.54026058103034	561.462169830717	47.24
443.31839311198405	570.0446577382954	47.28
441.80981957989565	567.91689499849	47.32
445.26460350280405	569.8576669105496	47.36
445.5800140746703	568.1903250558338	47.4
442.3714361747926	577.7687855557301	47.44
439.83706107738016	572.3255988992478	47.48
444.62607452451283	587.4131248077823	47.52
446.8683825751285	598.3192999822121	47.56
435.9972799039282	584.1992425894124	47.6
440.77300204608156	577.0754664224969	47.64
438.7800220710186	569.3432769470886	47.68
437.5169244066752	571.603736989434	47.72
439.5708340304444	581.3208584973362	47.76
442.4498200045838	569.5424545242337	47.8
440.6180708735784	576.7473534669595	47.84
0.0	0.0	47.88
437.36161680771613	578.0718327085531	47.92
451.02066125150145	584.5718789996092	47.96
438.89079968925887	583.2795826804943	48.0
438.07631614047114	574.7273041823688	48.04
440.42194854975986	570.8834872000629	48.08
442.99988275734296	569.0896052671102	48.12
443.8544026682405	581.2165245564305	48.16
442.4030029684376	580.0030032783052	48.2
443.12126390585104	583.6972604234844	48.24
445.57122519006947	584.1529525967132	48.28
454.5241162989632	583.1409714598431	48.32
453.1297176894292	576.7774936135282	48.36
0.0	0.0	48.4
446.45074968639733	590.8519158152717	48.44
447.60747600747266	590.3493002728342	48.48
453.7141754153685	587.8787166803547	48.52
462.9526575497898	573.567298974951	48.56
462.84526661634544	581.8480012802153	48.6
458.4660513555695	594.5224286650432	48.64
456.00966068525827	588.5778137560447	48.68
465.04470229346055	590.2014765814716	48.72
465.81773428530875	587.8766417789012	48.76
461.57874703430537	593.1382233444892	48.8
462.8332211328308	595.6209149727579	48.84
462.02667701493647	590.8513783797588	48.88
460.39607789630725	591.666528435691	48.92
462.10144964727687	587.4582769137975	48.96
0.0	0.0	49.0
465.65259722560467	597.7653201386765	49.04
466.09959465372924	595.8578922066741	49.08
465.53332622901615	606.5967318935282	49.12
464.4514431936179	602.6562361574158	49.16
461.2407739756976	605.1921876133528	49.2
465.13404248568685	598.4529534585174	49.24
461.89931419439637	594.2163460329255	49.28
472.9402079944668	589.8858884396187	49.32
469.93477387871025	601.6048380881247	49.36
467.1580071134863	586.6450354153166	49.4
464.5905157028591	592.0901580298682	49.44
462.8241191052537	600.6099001004465	49.48
461.0625904963906	596.3852486721837	49.52
458.5230710167065	591.7828610911077	49.56
465.1237362445776	591.0801020653832	49.6
466.88020308184036	595.3213182536063	49.64
465.00055045030234	601.2815159941741	49.68
467.68618665258515	603.2858781765533	49.72
461.3577791792769	597.5731487213034	49.76
465.62030092699644	591.9226099630134	49.8
461.64558795891867	596.1955657916312	49.84
465.446052024275	595.073246765284	49.88
470.41028317389896	597.931686055281	49.92
468.0273239911015	590.9519496911948	49.96
472.77170535781096	588.2196904168878	50.0
466.48801298597886	599.7294774103669	50.04
464.41222557938	599.9434785665037	50.08
467.58649706291726	607.4009627914384	50.12
0.0	0.0	50.16
465.6512130731776	595.1068710768604	50.2
462.31388149577407	593.4283457186788	50.24
465.4382669787148	594.4378650939761	50.28
469.56054457373887	586.7827415587548	50.32
465.1972185928888	598.978992184464	50.36
458.0190333071254	595.5889716571328	50.4
463.3220713633796	585.8380898535569	50.44
465.7954662159387	591.7028101508139	50.48
461.7635742671051	588.9806047916679	50.52
462.5663474257653	592.8241794449265	50.56
462.3221932195346	591.0073571243139	50.6
464.97878406868364	582.4820804668122	50.64
467.1278362070291	595.4767987264293	50.68
461.1147295742847	590.3922759168928	50.72
469.9663816164666	597.1867708273497	50.76
465.17008508154055	593.445588937852	50.8
463.6057441249497	588.4829313739622	50.84
467.76941959107637	591.1155497025321	50.88
468.4464347736689	594.8420910105176	50.92
0.0	0.0	50.96
464.5400172058905	604.635360007917	51.0
461.64234257600435	597.2953273714031	51.04
462.31053167696604	601.7818732397751	51.08
470.1816608895373	613.493671121738	51.12
463.0097122290741	604.9689835014221	51.16
465.1205226822171	600.3634288467628	51.2
469.59341889177034	598.2523643599277	51.24
466.7941961359098	596.7400328030475	51.28
477.65863154354895	606.4306493231571	51.32
467.83081892730195	594.8165012579403	51.36
470.79936548054997	615.9558481516616	51.4
468.19247064086295	604.8293327333516	51.44
466.4421840133006	608.6018676057873	51.48
467.65444146300933	602.6857128768862	51.52
467.91955848798716	602.8031722944837	51.56
468.31318088705024	597.420478067631	51.6
473.2913100421123	591.6872315834373	51.64
471.48110129740246	596.219107268472	51.68
467.5596116312555	594.7599253265812	51.72
469.99281021405335	593.9144820764412	51.76
469.43580088926495	591.1712281218335	51.8
463.36780276508523	600.3724217150584	51.84
462.8066648131005	595.8841605009097	51.88
465.10470889058627	590.9780671916634	51.92
465.3471809286229	591.4454603759403	51.96
472.0198813624072	590.3521215352177	52.0
0.0	0.0	52.04
468.96088315345384	599.0685712725168	52.08
470.7020787348554	591.5270473753703	52.12
483.047474895524	580.4396960876734	52.16
485.3568670263428	585.92934222404	52.2
494.37507938862296	601.0453776825018	52.24
491.84762202438344	600.5376473476467	52.28
489.82676613793683	599.1611957480025	52.32
491.73170630917963	587.8170825556344	52.36
492.43330165741924	595.9764039582019	52.4
496.9573544019353	602.5777257825677	52.44
499.7380489107484	596.727199599195	52.48
0.0	0.0	52.52
512.4051932665761	613.2600187578474	52.56
0.0	0.0	52.6
546.8362157539668	628.8518633837958	52.64
579.4569322879029	642.9984157522883	52.68
0.0	0.0	52.72
653.7719027267815	695.3114824981049	52.76
722.5452151592201	720.6643810927278	52.8
760.8109609227931	744.2570870859153	52.84
1278.6693674055737	1057.349321095063	52.88
1376.7713556755266	1057.5323197985629	52.92
0.0	0.0	52.96
0.0	0.0	53.0
0.0	0.0	53.04
0.0	0.0	53.08
0.0	0.0	53.12
0.0	0.0	53.16
0.0	0.0	53.2
0.0	0.0	53.24
0.0	0.0	53.28
0.0	0.0	53.32
0.0	0.0	53.36
0.0	0.0	53.4
0.0	0.0	53.44
0.0	0.0	53.48
0.0	0.0	53.52
0.0	0.0	53.56
0.0	0.0	53.6
0.0	0.0	53.64
0.0	0.0	53.68
0.0	0.0	53.72
0.0	0.0	53.76
0.0	0.0	53.8
0.0	0.0	53.84
0.0	0.0	53.88
0.0	0.0	53.92
0.0	0.0	53.96
0.0	0.0	54.0
0.0	0.0	54.04
0.0	0.0	54.08
0.0	0.0	54.12
0.0	0.0	54.16
0.0	0.0	54.2
0.0	0.0	54.24
0.0	0.0	54.28
0.0	0.0	54.32
0.0	0.0	54.36
0.0	0.0	54.4
0.0	0.0	54.44
0.0	0.0	54.48
0.0	0.0	54.52
0.0	0.0	54.56
0.0	0.0	54.6
0.0	0.0	54.64
0.0	0.0	54.68
0.0	0.0	54.72
0.0	0.0	54.76
0.0	0.0	54.8
0.0	0.0	54.84
0.0	0.0	54.88
0.0	0.0	54.92
0.0	0.0	54.96
0.0	0.0	55.0
0.0	0.0	55.04
0.0	0.0	55.08
0.0	0.0	55.12
0.0	0.0	55.16
0.0	0.0	55.2
0.0	0.0	55.24
0.0	0.0	55.28
0.0	0.0	55.32
0.0	0.0	55.36
0.0	0.0	55.4
0.0	0.0	55.44
0.0	0.0	55.48
0.0	0.0	55.52
0.0	0.0	55.56
0.0	0.0	55.6
0.0	0.0	55.64
0.0	0.0	55.68
0.0	0.0	55.72
0.0	0.0	55.76
0.0	0.0	55.8
0.0	0.0	55.84
0.0	0.0	55.88
0.0	0.0	55.92
1522.5694500538152	1219.5260023332185	55.96
1457.6914488310963	1212.3900022523426	56.0
1409.4450865827466	1207.9769532942637	56.04
1350.6768981572013	1184.164099892194	56.08
1303.8332495721502	1148.283049501372	56.12
1303.9366287456196	1165.9904875812592	56.16
1346.9254508604768	1174.862013945002	56.2
1369.7085175066002	1229.5087089399951	56.24
0.0	0.0	56.28
0.0	0.0	56.32
1273.6275029009944	1231.3795328874492	56.36
1226.9743556315602	1312.1818149540443	56.4
1217.4878350037661	1315.4209348062345	56.44
1263.4228733280006	1272.5946065269777	56.48
1230.8319712642403	1191.0322516998278	56.52
0.0	0.0	56.56
0.0	0.0	56.6
0.0	0.0	56.64
0.0	0.0	56.68
0.0	0.0	56.72
0.0	0.0	56.76
0.0	0.0	56.8
0.0	0.0	56.84
0.0	0.0	56.88
0.0	0.0	56.92
0.0	0.0	56.96
0.0	0.0	57.0
0.0	0.0	57.04
1378.2335567905866	1303.3466229023559	57.08
1361.9479740189759	1332.770647355603	57.12
1243.0130412623625	1293.0257261403306	57.16
1182.2093905774586	1200.7660926791775	57.2
1157.0086563820028	1143.0539378690364	57.24
1163.5170928069747	1131.329187201778	57.28
1153.1873282547754	1126.6888529009295	57.32
1141.111198557767	1104.994090216029	57.36
1121.3471199029857	1083.3579288370445	57.4
1109.5326897809057	1068.9084055221572	57.44
1102.7795465909107	1059.9901453036125	57.48
1105.4019765337653	1061.2239239765765	57.52
1113.1198870873757	1077.5305094421312	57.56
1126.5770702223442	1106.0130762019999	57.6
1137.8463502755956	1130.3246672468974	57.64
1150.2362776726438	1146.5485986024858	57.68
1157.1781332824248	1156.1302217819596	57.72
1170.32995791696	1168.112393019667	57.76
1186.450837215732	1172.7968329929877	57.8
1205.3426544863373	1179.8550967804745	57.84
1210.3952405901493	1187.4195196687806	57.88
1201.7054550916941	1175.2711582815616	57.92
1177.1285839065852	1148.8862835662408	57.96
1151.0947801963127	1122.3695010673227	58.0
1124.8242214385816	1090.1518959705277	58.04
1097.8701212475319	1065.4223953896076	58.08
1083.17623555993	1047.3521059274422	58.12
1071.2642877781873	1042.7792139306612	58.16
1059.5127143855645	1028.8481060531778	58.2
1051.204669596075	1020.320251398828	58.24
1047.1783511948258	1012.7633621418194	58.28
1039.6730693744807	1005.8221699356844	58.32
1035.2648838942869	1003.2725899712225	58.36
1035.6975769610792	1002.2056881378874	58.4
1032.6091234097632	998.0603375371029	58.44
1025.770868566897	993.1844998146317	58.48
1021.390142692726	985.3206755361788	58.52
1016.5741501718735	982.8697906719244	58.56
1012.5591137708242	979.3574863110608	58.6
1009.8767219516219	977.7860939349457	58.64
1008.3397418195544	973.5507034993245	58.68
1003.2515985275694	969.9155325777112	58.72
998.6697797925527	965.213930123501	58.76
996.2033482730321	963.1931331626681	58.8
996.370284697957	962.1438077525792	58.84
996.8114305795325	957.5043582058607	58.88
994.1137870512104	959.9534345397362	58.92
996.4185161285493	960.9363730946098	58.96
997.1001600259088	960.0534263203042	59.0
997.2850253634317	962.3354133608907	59.04
997.2231431073837	964.2042639953733	59.08
997.4455363581219	964.5725415623879	59.12
996.7170944785983	964.4124903704405	59.16
994.8442383246943	965.6056423326299	59.2
992.4310140369673	969.1872094893877	59.24
991.758025642387	962.6485951233623	59.28
993.4117814537301	962.9562500127482	59.32
992.4609614010185	963.1840983862668	59.36
991.2989882186641	962.6179863375004	59.4
992.8268962030875	965.6218820163156	59.44
991.1975860565433	965.8441132645099	59.48
992.1081644015375	970.2746569020712	59.52
995.1283363695165	973.1846012010835	59.56
999.7740639386951	975.0968761062162	59.6
1004.6076143792465	980.8558937690726	59.64
1003.6355677136494	982.0455679709779	59.68
1004.7122362076118	983.4005202481418	59.72
1004.1398712525224	984.021623062038	59.76
1002.6243891065197	981.7606570176118	59.8
1000.0220275730541	983.7968787459384	59.84
997.8287108610493	979.4949578274227	59.88
994.0882652492317	966.0143903579752	59.92
999.7484924988507	962.4209457734238	59.96
1010.0075281257537	972.7958245690184	60.0
1038.2607886468948	977.2516183328096	60.04
1069.3601838060904	994.0479000356437	60.08
1078.4205967316009	1003.1709061422756	60.12
1070.8834589900498	1074.9922959780404	60.16
1061.2575696389908	1057.5983547588273	60.2
1030.8296552196807	1059.4321207721202	60.24
1013.2086822982733	1060.8898440559065	60.28
1009.4572418206861	1047.7433605750366	60.32
1009.9113720096242	1038.4251097788022	60.36
1010.5707409423005	1039.4963436774494	60.4
1013.5674357244262	1034.0694202323414	60.44
1015.6107933104909	1030.7987825111204	60.48
1015.7827828916933	1019.9419587061384	60.52
1026.5245018175433	1007.8653370818092	60.56
1028.194638742667	994.8090980688798	60.6
1033.7738475676078	987.2004820288308	60.64
1035.6780986667595	991.2309699294279	60.68
1030.165626870886	1004.8934858061042	60.72
1027.574357475337	999.4794236561262	60.76
1008.3362267515894	984.6179614723661	60.8
996.7627622169988	975.48185459067	60.84
1009.4375645232459	982.5379383259666	60.88
1010.0209861915951	1051.2088193205686	60.92
1011.060074747323	1039.631076204641	60.96
993.9382716282944	1054.8734503631783	61.0
983.5043036321799	1034.7250355563694	61.04
987.7736358188488	1015.7127942722192	61.08
997.9658423223319	984.0150390982601	61.12
1000.2031709594977	968.8218550995042	61.16
993.1497840747197	957.3784875508579	61.2
988.8570714273714	965.0335406804421	61.24
989.9702315668753	971.2792817082151	61.28
988.0133788441337	967.2342261871107	61.32
975.6355285902212	943.1545231190371	61.36
962.2373439721054	932.7209996510527	61.4
958.3933010466837	932.4867652475847	61.44
963.2677097877719	999.8563008334111	61.48
956.4398860667644	1013.2844102804838	61.52
945.1599525227274	1004.6212103098499	61.56
948.0169241807056	1008.2770147883552	61.6
955.8227671039904	981.6239352068769	61.64
974.3609114870877	967.8387700729032	61.68
986.1413972287995	961.6798868275671	61.72
980.7146413765565	954.4280232992154	61.76
983.6085675895597	958.7365719012083	61.8
994.9253652266916	969.2700960564208	61.84
998.5685327657403	969.2536635926878	61.88
991.1034596383455	943.8387497092219	61.92
974.4523592533009	946.9631943779219	61.96
982.9470685403236	965.914518834728	62.0
968.9077477021725	1049.7126524669573	62.04
955.0038205895922	1043.405642030329	62.08
951.9373079431482	1013.9885162929576	62.12
965.3939000149409	976.6796990674784	62.16
981.3831609896853	968.5461229980651	62.2
981.8410741282241	965.1920981841615	62.24
988.9959580722029	978.7222152729515	62.28
996.1280146187589	1000.5238996181488	62.32
1002.7379268734052	995.5125190177984	62.36
1012.2420639158358	1003.3507562386334	62.4
1021.152439612838	1011.4990830738274	62.44
1030.708016831	1018.4048922346145	62.48
1034.5195706023512	1009.450510293882	62.52
1029.3795126219486	1008.8731299015594	62.56
1021.9753356049326	994.2154846500694	62.6
1015.885048343831	999.2126976851131	62.64
1012.5896395945301	1066.5349766509971	62.68
1007.8403622968708	1042.3405749196222	62.72
1006.4095717905427	1063.740459329222	62.76
992.250282078049	1070.429794261438	62.8
997.5461505719371	1071.1365566887698	62.84
1003.3313072019206	1052.1836173483182	62.88
1006.1355179452108	1056.5012735555465	62.92
1010.073820144045	1015.9549973053623	62.96
1013.0324694469583	1013.5366344777921	63.0
1012.7796954419738	1012.5461276349018	63.04
1018.5825380893396	1009.6413489323398	63.08
1021.5707991084313	996.5990311415967	63.12
1026.9043580207772	990.3139754313288	63.16
1034.7209376700214	993.9987042843059	63.2
1035.9673567504399	999.7933481840579	63.24
1034.7009616704265	1004.3582911048746	63.28
1036.7523936486064	1001.9371424579147	63.32
1036.586258121504	988.563043745892	63.36
1049.4190948296941	984.0529690391799	63.4
1058.4984457645603	1001.006014608379	63.44
1073.0270596231117	990.1474601331225	63.48
1087.0088245204106	997.4569694215064	63.52
1068.5684031554476	1063.0071412973314	63.56
1032.2722058736877	1075.4910021877197	63.6
1011.179741140142	1094.4481872733904	63.64
1010.2248070944041	1091.8176825859787	63.68
1012.9922310688931	1094.2817172317596	63.72
1021.6027867559667	1046.1822286420922	63.76
1027.2016000189033	1034.7171221724288	63.8
1031.459866516104	1036.932112553416	63.84
1038.2348265756914	1029.8904964023736	63.88
1044.057803561204	1028.130092244575	63.92
1047.6337579352105	1033.7602814655504	63.96
1052.9568872761904	1042.9327468723247	64.0
1069.2379146853484	1053.2038434559852	64.04
1090.5388164403182	1077.323896824498	64.08
1104.6659308567375	1094.201865849721	64.12
1114.5615835190858	1103.742556202618	64.16
1124.117270999233	1108.4831286147269	64.2
1121.642646021481	1113.1694070329931	64.24
1111.6748801294593	1103.280845662931	64.28
1101.1822219269068	1097.0065983921027	64.32
1096.9570535380567	1099.0261407639355	64.36
1088.8570380345716	1092.0416081148642	64.4
1074.379434049306	1081.565063820443	64.44
1071.7193532851384	1077.5336109228406	64.48
1067.5287240907378	1070.7873335857287	64.52
1084.6260368233554	1067.850670382667	64.56
1081.8598707715107	1077.1330082773152	64.6
1074.3225529000892	1100.2264698161987	64.64
1079.3018694671127	1059.5534067400113	64.68
1088.6985507409852	1063.8894450998828	64.72
1075.1502867578322	1068.0073356117953	64.76
1073.8768731342218	1049.8640371822012	64.8
1079.720259081535	1039.207669340829	64.84
1091.3182039616026	1046.967290319092	64.88
1098.9529354527788	1092.317597510225	64.92
1108.9983167191403	1086.7683810703604	64.96
1130.3210736746696	1112.7423966410684	65.0
1145.7440840289744	1128.7545884702793	65.04
1165.6115982263839	1141.2913851659123	65.08
1187.9747517008998	1156.9776043846355	65.12
1215.03082939745	1175.9821463869596	65.16
1240.0679008972277	1192.1249845665398	65.2
1267.1528863689127	1196.5293643774794	65.24
1295.1931540127966	1201.531432386814	65.28
1302.7623776595708	1205.5191029896828	65.32
1292.25945498399	1199.9194992650666	65.36
1268.0273817700645	1191.1589853858754	65.4
1244.9852379271558	1180.13404095392	65.44
1234.9896393517588	1169.2832616252797	65.48
1225.92756151302	1162.4553321380686	65.52
1215.761108803238	1155.1311383083307	65.56
1207.0934886257537	1149.0316682294806	65.6
1199.075424640654	1150.253093795533	65.64
1196.2527552006068	1150.9918288703457	65.68
1199.1559511336693	1159.6875190072462	65.72
1207.8429040241774	1167.0330158253237	65.76
1210.2176172122324	1164.9232944659545	65.8
1209.8926563474652	1160.5884090623526	65.84
1200.8955298378182	1157.1766050611157	65.88
1184.9391479882147	1149.356044612337	65.92
1174.6880396689323	1130.8027487293339	65.96
1162.813500305758	1116.8567316805922	66.0
1145.6084913650934	1101.995830682857	66.04
1127.2465789818434	1080.592829624139	66.08
1108.1052742487857	1053.7283713517932	66.12
1086.6332274436957	1034.7707817439305	66.16
1079.1102752160903	1019.1215142562114	66.2
1070.069365328092	1003.5025531581423	66.24
1064.8569035880782	1003.0035262104376	66.28
1060.5899362360403	996.4791554040954	66.32
1064.4181402123634	993.6166247082795	66.36
1056.0898255645857	990.2470062860333	66.4
1055.8436834648105	981.779244676783	66.44
1050.6597045985184	981.7569073032255	66.48
1048.042219255884	979.2154623820492	66.52
1045.6909235791588	979.4827895178006	66.56
1041.9607666278491	969.4910228152365	66.6
1041.1534313550453	982.1469299346875	66.64
1036.9018169755673	976.3581101472515	66.68
1026.7342253572378	962.3969705312363	66.72
1020.4855638851997	958.5389927446275	66.76
1010.8662305268984	958.1393063036887	66.8
1004.6078908572305	947.7232057212469	66.84
997.6208144053467	943.78760582372	66.88
986.6140207124388	937.7621942403985	66.92
982.7606819080528	938.7715267795962	66.96
983.8288697185417	938.7971276607303	67.0
983.9779729357411	939.1384760545569	67.04
984.6022733293496	937.585600215053	67.08
986.6760852435829	937.1629252279608	67.12
983.2577597897244	936.6448642013679	67.16
978.5131693175639	932.1646692064794	67.2
981.1291862124541	931.205386708506	67.24
984.0080738012348	933.0289627065699	67.28
985.2525608048866	934.2549309836799	67.32
984.778337213063	937.9826184492581	67.36
985.8148907669793	938.9471929464491	67.4
988.2283432702718	939.4216969753568	67.44
991.2276927361777	943.0541653110811	67.48
993.7990318981107	943.9180929603114	67.52
995.5433193121041	948.0916433018444	67.56
997.6007821206736	952.2196749431986	67.6
1001.2506182542454	957.876749884514	67.64
1006.1190878746896	966.4643375761999	67.68
1011.2008764567853	971.8494810903487	67.72
1016.3629605944035	973.7754546736132	67.76
1016.1594559498545	974.7971255937483	67.8
1016.7988737398491	976.1391278990253	67.84
1016.32319874155	975.9630689623024	67.88
1017.3734065711437	977.4209974466437	67.92
1013.9230998850247	974.0454786180018	67.96
1009.1799445149687	970.7445966734861	68.0
1009.901875796168	972.056481963668	68.04
1008.2178129124397	969.6090030351611	68.08
1006.1124104665058	967.2917192177055	68.12
1007.5082550139556	967.0143832715513	68.16
1007.8620775535875	966.5654743613628	68.2
1008.8187601098624	964.3996425657767	68.24
1011.3854929755548	965.6499057962554	68.28
1013.3215323018298	968.0351235993572	68.32
1014.128913805498	969.3423938365734	68.36
1014.6870256129987	968.1973620149445	68.4
1016.1930917750373	971.1786776193678	68.44
1015.5616327188922	972.0046408083534	68.48
1012.7179509529368	971.3848207600143	68.52
1014.7407404532829	971.187519622842	68.56
1012.2255778690653	973.049478426405	68.6
1019.6678597412451	982.5939011521019	68.64
1027.2521108993556	993.3192318542066	68.68
1038.3957360482868	1004.931448736804	68.72
1047.9971299863626	1017.0019594493612	68.76
1051.445633346984	1026.4480876755817	68.8
1050.6483382102142	1028.5255509076292	68.84
1047.6394088303662	1026.2399261086916	68.88
1040.8083332056701	1019.6851453694642	68.92
1036.1154758260175	1013.7517612628818	68.96
1033.3077484868932	1011.4293646342198	69.0
1029.8690221569984	1007.8066270277135	69.04
1028.6046570171989	1005.3541738925701	69.08
1025.9305275976164	1001.765071237772	69.12
1026.4328502062176	1000.3645632558673	69.16
1023.5759035469587	999.3735886577666	69.2
1017.5673411172304	995.2103089589364	69.24
1014.509551946105	991.2023587559336	69.28
1012.8050309610188	989.5011872250052	69.32
1012.1888951270589	987.8795302931832	69.36
1015.0842964838808	986.4824577394876	69.4
1016.5606295834395	986.8735936390773	69.44
1018.8585260296425	987.8692743025068	69.48
1022.499615661588	987.5654584296583	69.52
1026.0447702965278	983.9486201999895	69.56
1028.3122131056755	984.0372333490104	69.6
1033.3314135688695	985.4712290227051	69.64
1035.3999979825696	983.5304435191729	69.68
1037.8271562144266	982.2812275506911	69.72
1040.9181458196722	980.5841293051359	69.76
1040.9515235269444	976.2066626536232	69.8
1036.5300703999153	975.2189785975836	69.84
1035.975830463725	971.4546106430781	69.88
1048.1886791621098	975.0990655776773	69.92
1066.107882330848	983.2629005251728	69.96
1080.188710531527	995.1367204028087	70.0
1094.0444542395683	1008.4783493235695	70.04
1105.6131279995352	1028.6245733070486	70.08
1117.1341446489978	1057.056584117653	70.12
1146.3670945383549	1097.2385104219784	70.16
1189.5795011425366	1139.919441515728	70.2
1248.9985480116788	1192.3580430462853	70.24
1319.1858764573494	1259.2797320518446	70.28
1403.2321278595186	1338.151410999208	70.32
1503.8665235503381	1434.2329638889282	70.36
1608.1477822986183	1539.8205420197537	70.4
258.370256292238	354.8473668456755	70.44
1824.2671719006714	1754.1036145909727	70.48
1913.0641294972922	1853.3929008455361	70.52
0.0	0.0	70.56
0.0	0.0	70.6
0.0	0.0	70.64
0.0	0.0	70.68
0.0	0.0	70.72
0.0	0.0	70.76
0.0	0.0	70.8
0.0	0.0	70.84
0.0	0.0	70.88
0.0	0.0	70.92
0.0	0.0	70.96
0.0	0.0	71.0
0.0	0.0	71.04
0.0	0.0	71.08
0.0	0.0	71.12
0.0	0.0	71.16
0.0	0.0	71.2
0.0	0.0	71.24
0.0	0.0	71.28
0.0	0.0	71.32
0.0	0.0	71.36
1632.6381499166532	1642.1438943516087	71.4
1583.390968593527	1598.9328116642826	71.44
1546.1725435713274	1553.8668359863277	71.48
1515.2861444276916	1521.1084462667568	71.52
1486.3095840043168	1491.9578702489307	71.56
1463.1803294153442	1467.7996234335023	71.6
1441.3514485443102	1444.1461766558516	71.64
1424.7132882773017	1425.5900745914378	71.68
1410.7585653238914	1406.3426111843914	71.72
1397.8581246598167	1392.2330994415206	71.76
1388.7308415641137	1379.4735668582068	71.8
1386.2001691238765	1371.3242149670216	71.84
1384.2601716776223	1366.729730347526	71.88
1385.3895487067268	1364.6639835182787	71.92
1385.958940245661	1361.221398214432	71.96
1385.9259081079094	1358.5378683688969	72.0
1382.5720653156147	1354.1418482580975	72.04
1386.3699697135917	1354.6078260004087	72.08
1388.4658820548136	1355.5705568688275	72.12
1387.1813921682638	1355.3809240047578	72.16
1388.6244973933549	1354.592638989878	72.2
1389.8200603256428	1355.2248630069741	72.24
1390.6839296732037	1355.2130921753749	72.28
1390.028525620893	1355.123391098761	72.32
1390.4426291522902	1356.151157239422	72.36
1391.1934856534633	1355.8486116115553	72.4
1389.9312180287402	1354.5153142586341	72.44
1394.0451931396917	1357.0616840793816	72.48
1397.289521709801	1366.40474862637	72.52
1400.994456636454	1384.0007445751112	72.56
1401.4538290938715	1397.2822536693725	72.6
1399.035114311122	1402.9964970665487	72.64
1397.3792869571937	1402.0935796628646	72.68
1397.9957688018067	1399.2148841551607	72.72
1397.3606746025057	1390.4490383634209	72.76
1394.2616357251957	1371.4277447132856	72.8
1390.985069494216	1358.6876611593275	72.84
1388.3695220262366	1353.046967332857	72.88
1385.5647987065568	1350.1545543155507	72.92
1387.2470104938898	1354.4728851772152	72.96
1387.102050532434	1368.9634845052178	73.0
1389.0031671985737	1378.561126877484	73.04
1392.9632937111874	1386.3755355074954	73.08
1397.0686945752075	1387.4143315659105	73.12
1396.2564892998312	1385.3565290250824	73.16
1396.1446256701852	1383.6367795857366	73.2
1396.394426554706	1384.6186293474755	73.24
1397.163042084452	1388.4278256033488	73.28
1394.4041676729266	1400.2087399302995	73.32
1392.6789811646788	1410.3126158908801	73.36
1393.5907156451067	1417.185564101424	73.4
1394.8844222226091	1412.828639576085	73.44
1393.1054149765823	1401.441049534202	73.48
1391.3862020086142	1389.112647515833	73.52
1389.4235896504208	1384.4471881721586	73.56
1388.8616031776317	1384.680352650208	73.6
1388.1133662216123	1387.3983121478939	73.64
1387.7377296220407	1388.7924760184785	73.68
1386.7660932266544	1387.5898465146806	73.72
1387.2034560135592	1387.5011527871523	73.76
1389.1877708578913	1385.9208736382932	73.8
1388.5900152184051	1385.1051576966952	73.84
1388.2283506277722	1384.5952123598722	73.88
1387.4892258530879	1384.5744951193922	73.92
1386.8069525293415	1383.8378486551312	73.96
1386.9290776360974	1383.9025043581626	74.0
1386.9878220453375	1384.0864766357943	74.04
1388.773277124633	1385.4401391664558	74.08
1390.827228442669	1390.7652126400283	74.12
1390.7881032364473	1398.4011979598001	74.16
1389.169322267361	1401.9179983823817	74.2
1388.1127347556069	1397.8303297829411	74.24
1387.452989225308	1385.6454139732587	74.28
1387.0782922704932	1370.324275695998	74.32
1386.4220127304272	1358.7275692945652	74.36
1385.4954765760383	1354.073020523197	74.4
1385.6984787737592	1355.3342790528686	74.44
1385.6218236001682	1363.6444946369986	74.48
1385.213464662314	1371.8773639771864	74.52
1386.5947597577106	1377.8575605941512	74.56
1386.8737587851138	1373.8855129253964	74.6
1385.101982289048	1363.768746985835	74.64
1381.4604736089266	1355.5965946866293	74.68
1380.9353136845732	1351.7426391096465	74.72
1382.000158885696	1350.9371790416553	74.76
1382.9211585279868	1350.1677398877027	74.8
1382.3796820404784	1350.0039127967568	74.84
1383.1638982327154	1350.6089510736765	74.88
1381.2433279295708	1347.7515916874531	74.92
1382.3197325672668	1348.7435981263563	74.96
1382.6705233229081	1348.0875355065143	75.0
1381.8945748053516	1345.905743408488	75.04
1380.974940020878	1344.580354764998	75.08
1383.508808859459	1347.4503959354952	75.12
1389.2851825489463	1350.932785723331	75.16
0.0	0.0	75.2
0.0	0.0	75.24
0.0	0.0	75.28
