Thumb_L	Index_L	Time
0.0	0.0	0.04
0.0	0.0	0.08
0.0	0.0	0.12
0.0	0.0	0.16
0.0	0.0	0.2
0.0	0.0	0.24
0.0	0.0	0.28
0.0	0.0	0.32
0.0	0.0	0.36
0.0	0.0	0.4
0.0	0.0	0.44
0.0	0.0	0.48
0.0	0.0	0.52
0.0	0.0	0.56
0.0	0.0	0.6
0.0	0.0	0.64
0.0	0.0	0.68
0.0	0.0	0.72
0.0	0.0	0.76
0.0	0.0	0.8
0.0	0.0	0.84
0.0	0.0	0.88
0.0	0.0	0.92
0.0	0.0	0.96
0.0	0.0	1.0
0.0	0.0	1.04
0.0	0.0	1.08
0.0	0.0	1.12
0.0	0.0	1.16
0.0	0.0	1.2
0.0	0.0	1.24
0.0	0.0	1.28
0.0	0.0	1.32
0.0	0.0	1.36
0.0	0.0	1.4
0.0	0.0	1.44
0.0	0.0	1.48
0.0	0.0	1.52
0.0	0.0	1.56
0.0	0.0	1.6
0.0	0.0	1.64
0.0	0.0	1.68
0.0	0.0	1.72
0.0	0.0	1.76
1641.4502567433965	1641.4502567433965	1.8
1548.4356460649758	1548.4356460649758	1.84
1465.1085323144537	1465.1085323144537	1.88
1393.9452453394974	1393.9452453394974	1.92
1331.4952190330503	1331.4952190330503	1.96
1281.5949856830402	1281.5949856830402	2.0
1241.150151975498	1241.150151975498	2.04
1203.9710569435513	1203.9710569435513	2.08
1173.769846514518	1173.769846514518	2.12
1149.8336990525804	1149.8336990525804	2.16
1138.4428536843336	1138.4428536843336	2.2
1127.0374268197274	1127.0374268197274	2.24
1127.3428684970013	1127.3428684970013	2.28
1130.397963109506	1130.397963109506	2.32
1123.20236088875	1123.20236088875	2.36
1116.4592605143487	1116.4592605143487	2.4
1106.7352821531658	1106.7352821531658	2.44
1102.8746442031802	1102.8746442031802	2.48
1102.9548970532765	1102.9548970532765	2.52
1106.0999192970496	1106.0999192970496	2.56
1110.4081347767237	1110.4081347767237	2.6
1119.4043403967703	1119.4043403967703	2.64
1126.61241078983	1126.61241078983	2.68
1124.4299123623305	1124.4299123623305	2.72
1124.1477534647975	1124.1477534647975	2.76
1120.828209112261	1120.828209112261	2.8
1122.8182354428425	1122.8182354428425	2.84
1122.6521882990237	1122.6521882990237	2.88
1122.469680507007	1122.469680507007	2.92
1120.36398480383	1120.36398480383	2.96
1118.5591144783107	1118.5591144783107	3.0
1116.3356630221126	1116.3356630221126	3.04
1117.0687100914688	1117.0687100914688	3.08
1118.4123134853044	1118.4123134853044	3.12
1117.6430070828164	1117.6430070828164	3.16
1119.7203801633232	1119.7203801633232	3.2
1123.4568596237468	1123.4568596237468	3.24
1150.0797605488256	1150.0797605488256	3.28
1196.216574728885	1196.216574728885	3.32
1236.0011075352027	1236.0011075352027	3.36
1267.1300874470644	1267.1300874470644	3.4
1276.6490867845216	1276.6490867845216	3.44
1272.3113273978051	1272.3113273978051	3.48
1269.8938366983327	1269.8938366983327	3.52
1273.3578484912466	1273.3578484912466	3.56
1287.5261900352955	1287.5261900352955	3.6
1298.624495072035	1298.624495072035	3.64
1307.3318606212972	1307.3318606212972	3.68
1313.72134668998	1313.72134668998	3.72
1340.7427808375496	1340.7427808375496	3.76
1367.598134424679	1367.598134424679	3.8
1395.4382736889638	1395.4382736889638	3.84
1423.97601988323	1423.97601988323	3.88
1448.1235953703683	1448.1235953703683	3.92
1463.5022135886607	1463.5022135886607	3.96
1480.7881063901375	1480.7881063901375	4.0
1491.3748685815126	1491.3748685815126	4.04
1511.299309022284	1511.299309022284	4.08
1526.9753805973323	1526.9753805973323	4.12
1538.4246582726964	1538.4246582726964	4.16
1550.3887430019752	1550.3887430019752	4.2
1557.80391873884	1557.80391873884	4.24
1567.2580525062262	1567.2580525062262	4.28
1571.0152680354186	1571.0152680354186	4.32
1569.3914618325186	1569.3914618325186	4.36
1566.53334045017	1566.53334045017	4.4
1563.0648345270006	1563.0648345270006	4.44
1557.577464985395	1557.577464985395	4.48
1548.0277103681603	1548.0277103681603	4.52
1543.429731205699	1543.429731205699	4.56
1551.4437613729315	1551.4437613729315	4.6
1556.8380841723729	1556.8380841723729	4.64
1563.1636087013112	1563.1636087013112	4.68
1560.0821270735744	1560.0821270735744	4.72
1545.0363986805442	1545.0363986805442	4.76
1521.0054573608732	1521.0054573608732	4.8
1496.0794398988403	1496.0794398988403	4.84
1466.7740183141743	1466.7740183141743	4.88
1439.536320230499	1439.536320230499	4.92
1406.4947922505899	1406.4947922505899	4.96
1367.2494093212517	1367.2494093212517	5.0
1323.2597087634517	1323.2597087634517	5.04
1284.1777077522286	1284.1777077522286	5.08
1252.8159127443691	1252.8159127443691	5.12
1224.7362772782467	1224.7362772782467	5.16
1203.3766785740895	1203.3766785740895	5.2
1192.936394860679	1192.936394860679	5.24
1188.586419110133	1188.586419110133	5.28
1184.8917888177368	1184.8917888177368	5.32
1181.1570625692482	1181.1570625692482	5.36
1175.4697001724662	1175.4697001724662	5.4
1171.1704726253747	1171.1704726253747	5.44
1168.309378976552	1168.309378976552	5.48
1168.9528739979905	1168.9528739979905	5.52
1178.66707710094	1178.66707710094	5.56
1180.6263032885777	1180.6263032885777	5.6
1185.7921340039086	1185.7921340039086	5.64
1187.3795051919255	1187.3795051919255	5.68
1193.371196639416	1193.371196639416	5.72
1201.9602756337003	1201.9602756337003	5.76
1200.1058038489014	1200.1058038489014	5.8
1190.2070915680495	1190.2070915680495	5.84
1177.696051112074	1177.696051112074	5.88
1167.6406728808724	1167.6406728808724	5.92
1152.2806071603488	1152.2806071603488	5.96
1144.2138848828477	1144.2138848828477	6.0
1133.2847144020202	1133.2847144020202	6.04
1121.677685146765	1121.677685146765	6.08
1114.6616819094293	1114.6616819094293	6.12
1106.0934243992026	1106.0934243992026	6.16
1102.7416384787764	1102.7416384787764	6.2
1098.2575360478509	1098.2575360478509	6.24
1086.5133834753817	1086.5133834753817	6.28
1078.2455851811035	1078.2455851811035	6.32
1072.2274572573838	1072.2274572573838	6.36
1070.3284377997438	1070.3284377997438	6.4
1071.8252650837942	1071.8252650837942	6.44
1068.6074928323715	1068.6074928323715	6.48
1070.8796026960179	1070.8796026960179	6.52
1073.3692155548665	1073.3692155548665	6.56
1076.4695776080246	1076.4695776080246	6.6
1075.4841047263367	1075.4841047263367	6.64
1077.0744393264333	1077.0744393264333	6.68
1075.4180338104734	1075.4180338104734	6.72
1074.942748380543	1074.942748380543	6.76
1073.8726877771455	1073.8726877771455	6.8
1075.0694476625151	1075.0694476625151	6.84
1075.5754507935021	1075.5754507935021	6.88
1078.0639141360195	1078.0639141360195	6.92
1075.675209254245	1075.675209254245	6.96
1074.7823546070133	1074.7823546070133	7.0
1075.6886449473354	1075.6886449473354	7.04
1073.096415460595	1073.096415460595	7.08
1073.414972915707	1073.414972915707	7.12
1071.6113143061932	1071.6113143061932	7.16
1073.4219686516267	1073.4219686516267	7.2
1070.968512750099	1070.968512750099	7.24
1075.3803781182153	1075.3803781182153	7.28
1073.9510961271594	1073.9510961271594	7.32
1072.6106746430114	1072.6106746430114	7.36
1071.41261221028	1071.41261221028	7.4
1075.330786119032	1075.330786119032	7.44
1071.9537281335026	1071.9537281335026	7.48
1067.8658222380066	1067.8658222380066	7.52
1068.4227478644025	1068.4227478644025	7.56
1067.6498232468139	1067.6498232468139	7.6
1068.870633389367	1068.870633389367	7.64
1069.6315869553646	1069.6315869553646	7.68
1072.3768369805452	1072.3768369805452	7.72
1072.8424530355824	1072.8424530355824	7.76
1071.9004170213943	1071.9004170213943	7.8
1068.5069634498573	1068.5069634498573	7.84
1069.8787784715123	1069.8787784715123	7.88
1076.3659778057172	1076.3659778057172	7.92
1076.0168476568538	1076.0168476568538	7.96
1075.6654235823262	1075.6654235823262	8.0
1076.0098599708606	1076.0098599708606	8.04
1076.6975446588526	1076.6975446588526	8.08
1080.7047990690373	1080.7047990690373	8.12
1083.0981191317699	1083.0981191317699	8.16
1085.2125851861717	1085.2125851861717	8.2
1083.3849623233289	1083.3849623233289	8.24
1082.8107483407373	1082.8107483407373	8.28
1084.3496107402486	1084.3496107402486	8.32
1080.8854108987548	1080.8854108987548	8.36
1079.3763336119541	1079.3763336119541	8.4
1079.8893667836167	1079.8893667836167	8.44
1088.8349327175124	1088.8349327175124	8.48
1080.9715016857274	1080.9715016857274	8.52
1094.3448315476353	1094.3448315476353	8.56
1088.0128206621694	1088.0128206621694	8.6
1081.563774933399	1081.563774933399	8.64
1072.9442968543678	1072.9442968543678	8.68
1069.6267827740635	1069.6267827740635	8.72
1062.7498587496323	1062.7498587496323	8.76
1070.4423339393259	1070.4423339393259	8.8
1087.884624470204	1087.884624470204	8.84
1058.5807832700723	1058.5807832700723	8.88
1024.8108474918167	1024.8108474918167	8.92
1019.9713945204925	1019.9713945204925	8.96
1025.2531457053597	1025.2531457053597	9.0
1023.4565443013942	1023.4565443013942	9.04
1014.6277527940325	1014.6277527940325	9.08
1005.5474384694274	1005.5474384694274	9.12
1003.496473047302	1003.496473047302	9.16
1003.4507891562884	1003.4507891562884	9.2
988.7978311735657	988.7978311735657	9.24
970.1753126128225	970.1753126128225	9.28
961.4275674907648	961.4275674907648	9.32
955.3924046045555	955.3924046045555	9.36
976.706058865879	976.706058865879	9.4
996.9316536855433	996.9316536855433	9.44
1012.8212750214038	1012.8212750214038	9.48
989.1326579489003	989.1326579489003	9.52
998.244619596708	998.244619596708	9.56
1007.5984075556261	1007.5984075556261	9.6
1005.802552455486	1005.802552455486	9.64
1013.9589495843329	1013.9589495843329	9.68
1009.0520255284594	1009.0520255284594	9.72
1002.0101973848706	1002.0101973848706	9.76
1000.8850608033033	1000.8850608033033	9.8
994.7591132294954	994.7591132294954	9.84
995.8434807761674	995.8434807761674	9.88
996.1440299409718	996.1440299409718	9.92
1006.9527552555169	1006.9527552555169	9.96
1028.104720406925	1028.104720406925	10.0
1054.4150323195088	1054.4150323195088	10.04
1043.4655712346967	1043.4655712346967	10.08
1035.220060871731	1035.220060871731	10.12
1028.7582183187776	1028.7582183187776	10.16
1032.328726820648	1032.328726820648	10.2
1028.9161507169563	1028.9161507169563	10.24
1019.2989470882766	1019.2989470882766	10.28
1026.308030390152	1026.308030390152	10.32
1022.9803132788717	1022.9803132788717	10.36
1021.4122055251405	1021.4122055251405	10.4
1027.8391871578383	1027.8391871578383	10.44
1042.2132092704167	1042.2132092704167	10.48
1023.8666779944288	1023.8666779944288	10.52
1006.4212593537329	1006.4212593537329	10.56
1012.1252815460742	1012.1252815460742	10.6
1012.2267363013586	1012.2267363013586	10.64
1014.453790079355	1014.453790079355	10.68
1017.6046396590747	1017.6046396590747	10.72
1008.8756867118456	1008.8756867118456	10.76
1010.5334567130437	1010.5334567130437	10.8
1011.7426233307513	1011.7426233307513	10.84
1008.0778407666496	1008.0778407666496	10.88
1013.4851150927665	1013.4851150927665	10.92
1009.6547280612851	1009.6547280612851	10.96
1011.5189594378809	1011.5189594378809	11.0
1012.0049448093808	1012.0049448093808	11.04
1014.9099963395065	1014.9099963395065	11.08
1016.4965478979755	1016.4965478979755	11.12
1011.2866549515761	1011.2866549515761	11.16
1007.8091912370764	1007.8091912370764	11.2
1004.5397679156349	1004.5397679156349	11.24
1001.251566200597	1001.251566200597	11.28
1004.15419103647	1004.15419103647	11.32
1007.1625237964389	1007.1625237964389	11.36
1007.9524658371455	1007.9524658371455	11.4
1017.8583721841486	1017.8583721841486	11.44
1021.7230413498767	1021.7230413498767	11.48
1030.087253336089	1030.087253336089	11.52
1059.7219700782512	1059.7219700782512	11.56
1117.75936076403	1117.75936076403	11.6
1161.9371938700422	1161.9371938700422	11.64
1189.131850613579	1189.131850613579	11.68
1206.0203186613915	1206.0203186613915	11.72
1219.4560762059184	1219.4560762059184	11.76
1225.1472007006334	1225.1472007006334	11.8
1227.9017128354003	1227.9017128354003	11.84
1225.937679953194	1225.937679953194	11.88
1224.560052303252	1224.560052303252	11.92
1225.282609963376	1225.282609963376	11.96
1238.9838552985016	1238.9838552985016	12.0
1246.6345213652291	1246.6345213652291	12.04
1258.184364184368	1258.184364184368	12.08
1278.1744156107318	1278.1744156107318	12.12
1286.208794307835	1286.208794307835	12.16
1296.8360606098693	1296.8360606098693	12.2
1310.918289071131	1310.918289071131	12.24
1326.6018874193035	1326.6018874193035	12.28
1329.0473646794783	1329.0473646794783	12.32
1329.9739071698496	1329.9739071698496	12.36
1330.1401304052629	1330.1401304052629	12.4
1334.7521285835526	1334.7521285835526	12.44
1343.8906437453682	1343.8906437453682	12.48
1348.5660612937074	1348.5660612937074	12.52
1351.6674258434039	1351.6674258434039	12.56
1344.458255362956	1344.458255362956	12.6
1316.9593196911933	1316.9593196911933	12.64
1272.5465556450345	1272.5465556450345	12.68
1238.6620594702042	1238.6620594702042	12.72
1216.3150044646218	1216.3150044646218	12.76
1192.9974571579885	1192.9974571579885	12.8
1171.6921792218318	1171.6921792218318	12.84
1159.274775907275	1159.274775907275	12.88
1171.6707810922978	1171.6707810922978	12.92
1184.3183728570775	1184.3183728570775	12.96
1195.6753769365719	1195.6753769365719	13.0
1190.9380807073112	1190.9380807073112	13.04
1172.5758206626422	1172.5758206626422	13.08
1151.0299370892856	1151.0299370892856	13.12
1135.281865002937	1135.281865002937	13.16
1129.1772272384146	1129.1772272384146	13.2
1110.6210826108763	1110.6210826108763	13.24
1102.494308140432	1102.494308140432	13.28
1096.4849069505005	1096.4849069505005	13.32
1085.3749565221037	1085.3749565221037	13.36
1064.5839341128049	1064.5839341128049	13.4
1058.1216109600416	1058.1216109600416	13.44
1040.96755841331	1040.96755841331	13.48
1033.3759492680233	1033.3759492680233	13.52
1055.7775688400664	1055.7775688400664	13.56
1062.6720051258033	1062.6720051258033	13.6
1049.9706424689414	1049.9706424689414	13.64
1047.327650632748	1047.327650632748	13.68
1038.707561915966	1038.707561915966	13.72
1015.7667762903957	1015.7667762903957	13.76
1017.1726039579897	1017.1726039579897	13.8
1025.4467913554129	1025.4467913554129	13.84
1027.8680275227716	1027.8680275227716	13.88
1027.1794249302625	1027.1794249302625	13.92
1021.3966146340612	1021.3966146340612	13.96
1011.5659938516011	1011.5659938516011	14.0
1009.9742061330043	1009.9742061330043	14.04
1001.2432144955541	1001.2432144955541	14.08
992.5393500380625	992.5393500380625	14.12
986.570055021914	986.570055021914	14.16
996.5750116247502	996.5750116247502	14.2
1014.7285909341284	1014.7285909341284	14.24
1033.2052812779575	1033.2052812779575	14.28
1047.9655928689938	1047.9655928689938	14.32
1056.380292004345	1056.380292004345	14.36
1070.499385588949	1070.499385588949	14.4
1074.281766461491	1074.281766461491	14.44
1081.8117951202594	1081.8117951202594	14.48
1083.176819305606	1083.176819305606	14.52
1086.8544449446806	1086.8544449446806	14.56
1086.7162617841543	1086.7162617841543	14.6
1084.959310565024	1084.959310565024	14.64
1080.4549927788516	1080.4549927788516	14.68
1076.951260609639	1076.951260609639	14.72
1074.7620450959462	1074.7620450959462	14.76
1074.634203917335	1074.634203917335	14.8
1075.4548898003266	1075.4548898003266	14.84
1080.3860239747153	1080.3860239747153	14.88
1081.5443206551727	1081.5443206551727	14.92
1077.4033102777457	1077.4033102777457	14.96
1074.3393971138385	1074.3393971138385	15.0
1074.1848626917156	1074.1848626917156	15.04
1074.4891771516218	1074.4891771516218	15.08
1074.3890927038838	1074.3890927038838	15.12
1075.0435312297834	1075.0435312297834	15.16
1074.4200655334628	1074.4200655334628	15.2
1072.0131604798075	1072.0131604798075	15.24
1073.643206820071	1073.643206820071	15.28
1072.9641409330318	1072.9641409330318	15.32
1073.0458291880511	1073.0458291880511	15.36
1071.2042256830816	1071.2042256830816	15.4
1071.271422830738	1071.271422830738	15.44
1072.3617065879941	1072.3617065879941	15.48
1070.545784195974	1070.545784195974	15.52
1073.6144799820422	1073.6144799820422	15.56
1070.830835707449	1070.830835707449	15.6
1072.9139721081035	1072.9139721081035	15.64
1073.1181405646182	1073.1181405646182	15.68
1076.0320710669264	1076.0320710669264	15.72
1082.6414049115228	1082.6414049115228	15.76
1091.9902007810706	1091.9902007810706	15.8
1114.0257485391385	1114.0257485391385	15.84
1138.830333120573	1138.830333120573	15.88
1173.8241942540035	1173.8241942540035	15.92
1221.8394647775315	1221.8394647775315	15.96
1267.7812582131328	1267.7812582131328	16.0
1313.1834969516722	1313.1834969516722	16.04
1341.0002413187667	1341.0002413187667	16.08
1352.908540982338	1352.908540982338	16.12
1365.9750135094073	1365.9750135094073	16.16
1373.3848408471913	1373.3848408471913	16.2
1383.5850022308991	1383.5850022308991	16.24
1396.028702824216	1396.028702824216	16.28
1408.167550806705	1408.167550806705	16.32
1413.3623641643612	1413.3623641643612	16.36
1416.7725413430808	1416.7725413430808	16.4
1414.905964472339	1414.905964472339	16.44
1411.8110014662498	1411.8110014662498	16.48
1408.9171199693683	1408.9171199693683	16.52
1398.9766463893689	1398.9766463893689	16.56
1393.7293286239938	1393.7293286239938	16.6
1388.6611796238888	1388.6611796238888	16.64
1391.7891682729314	1391.7891682729314	16.68
1382.5361865705654	1382.5361865705654	16.72
1378.2029742176844	1378.2029742176844	16.76
1377.5513436861308	1377.5513436861308	16.8
1368.3776655807521	1368.3776655807521	16.84
1360.761582579036	1360.761582579036	16.88
1350.0134740753485	1350.0134740753485	16.92
1341.6022760439466	1341.6022760439466	16.96
1326.024049192082	1326.024049192082	17.0
1323.9523036061642	1323.9523036061642	17.04
1315.7907689772103	1315.7907689772103	17.08
1303.6351300515469	1303.6351300515469	17.12
1288.779555210849	1288.779555210849	17.16
1275.885095601271	1275.885095601271	17.2
1267.2986258782605	1267.2986258782605	17.24
1258.6109754410743	1258.6109754410743	17.28
1254.8525850448355	1254.8525850448355	17.32
1251.0421750627354	1251.0421750627354	17.36
1244.8273116380155	1244.8273116380155	17.4
1245.0828240202418	1245.0828240202418	17.44
1233.4578499773413	1233.4578499773413	17.48
1225.742317406299	1225.742317406299	17.52
1211.4782726140113	1211.4782726140113	17.56
1204.3399085247588	1204.3399085247588	17.6
1196.1404590797006	1196.1404590797006	17.64
1191.2341783989632	1191.2341783989632	17.68
1186.2537802789846	1186.2537802789846	17.72
1185.443752095406	1185.443752095406	17.76
1175.9359554275763	1175.9359554275763	17.8
1178.5784743989677	1178.5784743989677	17.84
1182.0340511469426	1182.0340511469426	17.88
1181.3872113510656	1181.3872113510656	17.92
1178.7874074735832	1178.7874074735832	17.96
1175.9916141425458	1175.9916141425458	18.0
1176.423961840058	1176.423961840058	18.04
1173.5815395887903	1173.5815395887903	18.08
1172.3718403734279	1172.3718403734279	18.12
1170.0505105683733	1170.0505105683733	18.16
1165.5046808660002	1165.5046808660002	18.2
1166.930170162756	1166.930170162756	18.24
1166.852110869238	1166.852110869238	18.28
1171.0613592469067	1171.0613592469067	18.32
1174.3866225508439	1174.3866225508439	18.36
1170.7282605400433	1170.7282605400433	18.4
1169.5418949867237	1169.5418949867237	18.44
1169.7224779496264	1169.7224779496264	18.48
1169.6002322291693	1169.6002322291693	18.52
1170.4315667536573	1170.4315667536573	18.56
1167.9401996293248	1167.9401996293248	18.6
1169.461091912371	1169.461091912371	18.64
1170.1549510904053	1170.1549510904053	18.68
1170.8512603847191	1170.8512603847191	18.72
1170.7005547697777	1170.7005547697777	18.76
1174.5890920865215	1174.5890920865215	18.8
1172.6354109660276	1172.6354109660276	18.84
1173.354689257508	1173.354689257508	18.88
1174.2920290140194	1174.2920290140194	18.92
1175.8370004112776	1175.8370004112776	18.96
1177.0659315343694	1177.0659315343694	19.0
1175.7904928553057	1175.7904928553057	19.04
1174.5734283559837	1174.5734283559837	19.08
1179.835069464353	1179.835069464353	19.12
1179.059548533521	1179.059548533521	19.16
1180.3826104782827	1180.3826104782827	19.2
1177.7997582622536	1177.7997582622536	19.24
1179.4281323330374	1179.4281323330374	19.28
1182.5530556459778	1182.5530556459778	19.32
1184.2057398488032	1184.2057398488032	19.36
1185.8843485329082	1185.8843485329082	19.4
1185.1266013413763	1185.1266013413763	19.44
1185.2214273559205	1185.2214273559205	19.48
1182.9257924566823	1182.9257924566823	19.52
1185.6024045748263	1185.6024045748263	19.56
1186.898161356472	1186.898161356472	19.6
1190.2203385558807	1190.2203385558807	19.64
1188.5712752571674	1188.5712752571674	19.68
1190.0140699600586	1190.0140699600586	19.72
1188.3089759839554	1188.3089759839554	19.76
1187.171605606257	1187.171605606257	19.8
1184.6399996378423	1184.6399996378423	19.84
1183.9415473209165	1183.9415473209165	19.88
1186.392302993409	1186.392302993409	19.92
1189.1993518467361	1189.1993518467361	19.96
1191.7133694375161	1191.7133694375161	20.0
1195.612309165342	1195.612309165342	20.04
1192.8380905759689	1192.8380905759689	20.08
1193.0091293332455	1193.0091293332455	20.12
1190.5173370055584	1190.5173370055584	20.16
1196.4843411209147	1196.4843411209147	20.2
1202.76227894592	1202.76227894592	20.24
1203.1301891814032	1203.1301891814032	20.28
1203.4802926663367	1203.4802926663367	20.32
1209.2083644233524	1209.2083644233524	20.36
1218.0616290701	1218.0616290701	20.4
1218.7598320439383	1218.7598320439383	20.44
1223.4077013304752	1223.4077013304752	20.48
1220.3627844071343	1220.3627844071343	20.52
1208.291759209595	1208.291759209595	20.56
1204.0931320046354	1204.0931320046354	20.6
1186.6967783477162	1186.6967783477162	20.64
1178.3747260651362	1178.3747260651362	20.68
1159.8224872223825	1159.8224872223825	20.72
1150.802519199131	1150.802519199131	20.76
1139.2583040926454	1139.2583040926454	20.8
1122.1506706962655	1122.1506706962655	20.84
1114.3372662620066	1114.3372662620066	20.88
1106.165248880103	1106.165248880103	20.92
1101.654369011081	1101.654369011081	20.96
1100.7083983907366	1100.7083983907366	21.0
1103.1033692082856	1103.1033692082856	21.04
1104.1746495959721	1104.1746495959721	21.08
1107.3329167123754	1107.3329167123754	21.12
1101.261041292231	1101.261041292231	21.16
1100.6532167691955	1100.6532167691955	21.2
1097.679577957138	1097.679577957138	21.24
1096.2180015154483	1096.2180015154483	21.28
1093.8615717487905	1093.8615717487905	21.32
1095.9694531752268	1095.9694531752268	21.36
1095.8143430159162	1095.8143430159162	21.4
1101.363654069272	1101.363654069272	21.44
1107.0911999431396	1107.0911999431396	21.48
1116.0116126183448	1116.0116126183448	21.52
1122.7753807749218	1122.7753807749218	21.56
1132.1607736922545	1132.1607736922545	21.6
1146.9238732551246	1146.9238732551246	21.64
1165.0628037078795	1165.0628037078795	21.68
1187.820970389115	1187.820970389115	21.72
1208.2284992776788	1208.2284992776788	21.76
1226.691850455569	1226.691850455569	21.8
1246.2829046532227	1246.2829046532227	21.84
1266.534135189771	1266.534135189771	21.88
1301.185052270033	1301.185052270033	21.92
1333.6110048468486	1333.6110048468486	21.96
1361.1719224939864	1361.1719224939864	22.0
1390.65570592513	1390.65570592513	22.04
1414.648107993356	1414.648107993356	22.08
1442.1382246059088	1442.1382246059088	22.12
1467.7481376309493	1467.7481376309493	22.16
1493.8548612534491	1493.8548612534491	22.2
1517.1474666316628	1517.1474666316628	22.24
1544.5071204565274	1544.5071204565274	22.28
1563.3175412160465	1563.3175412160465	22.32
1581.0316611659664	1581.0316611659664	22.36
1592.683872983365	1592.683872983365	22.4
1596.082599140837	1596.082599140837	22.44
1601.580683788622	1601.580683788622	22.48
1605.134852315719	1605.134852315719	22.52
1604.330732830204	1604.330732830204	22.56
1603.345228516593	1603.345228516593	22.6
1603.2475768292604	1603.2475768292604	22.64
1606.7239629552505	1606.7239629552505	22.68
1612.44852895047	1612.44852895047	22.72
1615.1103962113364	1615.1103962113364	22.76
1617.4524882163814	1617.4524882163814	22.8
1616.3288843659823	1616.3288843659823	22.84
1618.466435141412	1618.466435141412	22.88
1618.2079547911821	1618.2079547911821	22.92
1619.8068041355414	1619.8068041355414	22.96
1617.6716501177323	1617.6716501177323	23.0
1616.2741342775657	1616.2741342775657	23.04
1620.7090156691154	1620.7090156691154	23.08
1620.2427479377102	1620.2427479377102	23.12
1625.2122399307339	1625.2122399307339	23.16
1628.7875614298214	1628.7875614298214	23.2
1625.0296456944207	1625.0296456944207	23.24
1625.078732621596	1625.078732621596	23.28
1626.017967965553	1626.017967965553	23.32
1624.2564759101203	1624.2564759101203	23.36
1628.823956024955	1628.823956024955	23.4
1626.5538052845493	1626.5538052845493	23.44
1627.5403419407294	1627.5403419407294	23.48
1621.8849999837466	1621.8849999837466	23.52
1626.7938735978537	1626.7938735978537	23.56
1626.4685510933823	1626.4685510933823	23.6
1627.492856546974	1627.492856546974	23.64
1627.0887987132055	1627.0887987132055	23.68
1624.33110450053	1624.33110450053	23.72
1625.8499319560199	1625.8499319560199	23.76
1627.14149473246	1627.14149473246	23.8
1627.7362203215553	1627.7362203215553	23.84
1621.031846631423	1621.031846631423	23.88
1622.7284859068843	1622.7284859068843	23.92
1626.2732543613058	1626.2732543613058	23.96
1625.805430695645	1625.805430695645	24.0
1628.2015750675173	1628.2015750675173	24.04
1628.5207882543075	1628.5207882543075	24.08
1630.9661939903463	1630.9661939903463	24.12
1631.5262550741143	1631.5262550741143	24.16
1630.3971577004752	1630.3971577004752	24.2
1627.9724818340626	1627.9724818340626	24.24
1623.994360280845	1623.994360280845	24.28
1624.7926939344732	1624.7926939344732	24.32
1621.5945087267942	1621.5945087267942	24.36
1612.5116128148957	1612.5116128148957	24.4
1621.6368698913961	1621.6368698913961	24.44
1618.5851781345975	1618.5851781345975	24.48
1616.0298701986512	1616.0298701986512	24.52
1615.8057290005822	1615.8057290005822	24.56
1615.9304157076951	1615.9304157076951	24.6
1618.51984671944	1618.51984671944	24.64
1621.7600674998205	1621.7600674998205	24.68
1623.9698415896937	1623.9698415896937	24.72
1621.4118538664643	1621.4118538664643	24.76
1621.195093815881	1621.195093815881	24.8
1620.2586049779977	1620.2586049779977	24.84
1618.6705767841013	1618.6705767841013	24.88
1623.7552039367667	1623.7552039367667	24.92
1623.2136805732575	1623.2136805732575	24.96
1620.3185427683609	1620.3185427683609	25.0
1618.0247685803563	1618.0247685803563	25.04
1624.0431508056388	1624.0431508056388	25.08
1625.3395879510567	1625.3395879510567	25.12
1625.567974044981	1625.567974044981	25.16
1623.6210190793086	1623.6210190793086	25.2
1621.9218325133718	1621.9218325133718	25.24
1622.8956160332154	1622.8956160332154	25.28
1622.654084555442	1622.654084555442	25.32
1623.5327985185506	1623.5327985185506	25.36
1626.7785018780776	1626.7785018780776	25.4
1624.71506651218	1624.71506651218	25.44
1625.6628501120106	1625.6628501120106	25.48
1624.0530607802875	1624.0530607802875	25.52
1623.7521169869954	1623.7521169869954	25.56
1624.7891610101083	1624.7891610101083	25.6
1624.1672170111715	1624.1672170111715	25.64
1625.4045330917322	1625.4045330917322	25.68
1627.849809971293	1627.849809971293	25.72
1628.5727172974723	1628.5727172974723	25.76
1626.4801739003653	1626.4801739003653	25.8
1631.2713258558797	1631.2713258558797	25.84
1630.6112977762439	1630.6112977762439	25.88
1626.1879857819595	1626.1879857819595	25.92
1627.13755657037	1627.13755657037	25.96
1625.9416939311466	1625.9416939311466	26.0
1626.9164364842009	1626.9164364842009	26.04
1624.2995723091665	1624.2995723091665	26.08
1629.1609112002486	1629.1609112002486	26.12
1626.125166220908	1626.125166220908	26.16
1627.8524374805284	1627.8524374805284	26.2
1627.309193468877	1627.309193468877	26.24
1623.0369834822654	1623.0369834822654	26.28
1625.901090718489	1625.901090718489	26.32
1625.549336439764	1625.549336439764	26.36
1622.8645995678728	1622.8645995678728	26.4
1625.9198076894056	1625.9198076894056	26.44
1627.448823350338	1627.448823350338	26.48
1629.6379351873086	1629.6379351873086	26.52
1628.3471458571494	1628.3471458571494	26.56
1624.284502810183	1624.284502810183	26.6
1626.015697222839	1626.015697222839	26.64
1623.3412522355216	1623.3412522355216	26.68
1624.7619606526596	1624.7619606526596	26.72
1622.377957457484	1622.377957457484	26.76
1620.350584749353	1620.350584749353	26.8
1625.4319585025257	1625.4319585025257	26.84
1624.6655889172973	1624.6655889172973	26.88
1626.748325308638	1626.748325308638	26.92
1625.235140699015	1625.235140699015	26.96
1626.6712101185853	1626.6712101185853	27.0
1630.2174983975583	1630.2174983975583	27.04
1629.273131350234	1629.273131350234	27.08
1628.5221767545156	1628.5221767545156	27.12
1633.3841814382354	1633.3841814382354	27.16
1631.7913871364378	1631.7913871364378	27.2
1628.5008925697396	1628.5008925697396	27.24
1623.5814684297793	1623.5814684297793	27.28
1626.928932871616	1626.928932871616	27.32
1628.4171705818615	1628.4171705818615	27.36
1627.0099130451858	1627.0099130451858	27.4
1626.9190243943988	1626.9190243943988	27.44
1632.6614122923204	1632.6614122923204	27.48
1630.4490792372858	1630.4490792372858	27.52
1629.3966154523666	1629.3966154523666	27.56
1628.7085051226009	1628.7085051226009	27.6
1632.1209028535015	1632.1209028535015	27.64
1628.095598857202	1628.095598857202	27.68
1626.9690207271617	1626.9690207271617	27.72
1624.6288547329186	1624.6288547329186	27.76
1624.4516083961828	1624.4516083961828	27.8
1628.4667938824425	1628.4667938824425	27.84
1628.8452305672713	1628.8452305672713	27.88
1624.2428499517066	1624.2428499517066	27.92
1629.6081388557116	1629.6081388557116	27.96
1629.3758430928683	1629.3758430928683	28.0
1628.4837111106176	1628.4837111106176	28.04
1627.2230274434894	1627.2230274434894	28.08
1624.9625537938377	1624.9625537938377	28.12
1626.6724110455962	1626.6724110455962	28.16
1629.6840881956505	1629.6840881956505	28.2
1628.1667657035212	1628.1667657035212	28.24
1631.5436129503187	1631.5436129503187	28.28
1628.2080670160747	1628.2080670160747	28.32
1630.1467404924076	1630.1467404924076	28.36
1628.5031582132358	1628.5031582132358	28.4
1630.1687653624806	1630.1687653624806	28.44
1628.8610215616845	1628.8610215616845	28.48
1630.9767339139862	1630.9767339139862	28.52
1629.3181824688545	1629.3181824688545	28.56
1633.8764186368937	1633.8764186368937	28.6
1633.299786645685	1633.299786645685	28.64
1626.7609422698595	1626.7609422698595	28.68
1628.7377037848644	1628.7377037848644	28.72
1632.0266669183975	1632.0266669183975	28.76
1629.7007031854907	1629.7007031854907	28.8
1626.0683149335596	1626.0683149335596	28.84
1626.3048257697048	1626.3048257697048	28.88
1628.1537223335877	1628.1537223335877	28.92
1627.4684716989145	1627.4684716989145	28.96
1626.7833311083896	1626.7833311083896	29.0
1628.9713884588357	1628.9713884588357	29.04
1631.026465092089	1631.026465092089	29.08
1625.5143453712415	1625.5143453712415	29.12
1627.2346643833337	1627.2346643833337	29.16
1628.9738872356231	1628.9738872356231	29.2
1627.001984786358	1627.001984786358	29.24
1623.8412480293437	1623.8412480293437	29.28
1622.8467273527458	1622.8467273527458	29.32
1613.8657840549638	1613.8657840549638	29.36
1610.287287954736	1610.287287954736	29.4
1596.8162677929195	1596.8162677929195	29.44
1572.882433161851	1572.882433161851	29.48
1532.696830450477	1532.696830450477	29.52
1487.5949091295317	1487.5949091295317	29.56
1435.1569704330568	1435.1569704330568	29.6
1382.965008498807	1382.965008498807	29.64
1333.6092248105042	1333.6092248105042	29.68
1291.8320597965571	1291.8320597965571	29.72
1248.2435206522962	1248.2435206522962	29.76
1209.0465770958288	1209.0465770958288	29.8
1176.7618161051337	1176.7618161051337	29.84
1156.773914194382	1156.773914194382	29.88
1138.680066036804	1138.680066036804	29.92
1127.782242390532	1127.782242390532	29.96
1112.7178818731593	1112.7178818731593	30.0
1103.044192443252	1103.044192443252	30.04
1094.1067952168396	1094.1067952168396	30.08
1088.215395430463	1088.215395430463	30.12
1081.6928964655842	1081.6928964655842	30.16
1083.29482296177	1083.29482296177	30.2
1081.767679805955	1081.767679805955	30.24
1081.59316885005	1081.59316885005	30.28
1082.421754916649	1082.421754916649	30.32
1081.0467760968588	1081.0467760968588	30.36
1082.192937463663	1082.192937463663	30.4
1083.7363229742357	1083.7363229742357	30.44
1082.8180161750365	1082.8180161750365	30.48
1082.8421864474658	1082.8421864474658	30.52
1083.4828267007929	1083.4828267007929	30.56
1088.1040305518084	1088.1040305518084	30.6
1088.810795503482	1088.810795503482	30.64
1089.361165752426	1089.361165752426	30.68
1087.5028880816496	1087.5028880816496	30.72
1088.8855323929783	1088.8855323929783	30.76
1089.7529746333264	1089.7529746333264	30.8
1089.8128990066543	1089.8128990066543	30.84
1091.4476449543008	1091.4476449543008	30.88
1090.399981468292	1090.399981468292	30.92
1090.1598767285338	1090.1598767285338	30.96
1090.5684943979975	1090.5684943979975	31.0
1092.1348199307765	1092.1348199307765	31.04
1091.3020611297518	1091.3020611297518	31.08
1090.4384492813438	1090.4384492813438	31.12
1089.8986333424227	1089.8986333424227	31.16
1088.0263050922065	1088.0263050922065	31.2
1088.906776394247	1088.906776394247	31.24
1085.925453430361	1085.925453430361	31.28
1087.6150855240578	1087.6150855240578	31.32
1089.1722270118944	1089.1722270118944	31.36
1090.1064663502586	1090.1064663502586	31.4
1091.1504143754953	1091.1504143754953	31.44
1093.4237011010564	1093.4237011010564	31.48
1093.2078124440675	1093.2078124440675	31.52
1094.082746323496	1094.082746323496	31.56
1094.784903250229	1094.784903250229	31.6
1093.0381457298809	1093.0381457298809	31.64
1093.0214104225809	1093.0214104225809	31.68
1093.357416783212	1093.357416783212	31.72
1094.8028171166743	1094.8028171166743	31.76
1095.4664221476548	1095.4664221476548	31.8
1097.8654524523936	1097.8654524523936	31.84
1098.2322949497996	1098.2322949497996	31.88
1099.013286309039	1099.013286309039	31.92
1099.0700640101331	1099.0700640101331	31.96
1100.7991087670027	1100.7991087670027	32.0
1102.1110394911364	1102.1110394911364	32.04
1100.5104943160275	1100.5104943160275	32.08
1101.8205498054876	1101.8205498054876	32.12
1103.6692297087354	1103.6692297087354	32.16
1105.3139634637955	1105.3139634637955	32.2
1108.2350560081043	1108.2350560081043	32.24
1120.7746014627958	1120.7746014627958	32.28
1124.4478369477022	1124.4478369477022	32.32
1127.8655526191694	1127.8655526191694	32.36
1132.1439495180146	1132.1439495180146	32.4
1136.2401909159062	1136.2401909159062	32.44
1139.2285329462263	1139.2285329462263	32.48
1140.2722108922444	1140.2722108922444	32.52
1141.839701520241	1141.839701520241	32.56
1147.6452734989114	1147.6452734989114	32.6
1155.1238747539464	1155.1238747539464	32.64
1161.427466033512	1161.427466033512	32.68
1169.2193883274183	1169.2193883274183	32.72
1185.1783314486727	1185.1783314486727	32.76
1203.2985103270394	1203.2985103270394	32.8
1225.4552460500622	1225.4552460500622	32.84
1242.5524923470243	1242.5524923470243	32.88
1259.6904093628289	1259.6904093628289	32.92
1277.2765914398963	1277.2765914398963	32.96
1291.7784974562376	1291.7784974562376	33.0
1293.633289793093	1293.633289793093	33.04
1310.2451128712848	1310.2451128712848	33.08
1325.7560281734181	1325.7560281734181	33.12
1361.3553558006583	1361.3553558006583	33.16
1405.140907043191	1405.140907043191	33.2
1446.8727678720845	1446.8727678720845	33.24
1491.171552035054	1491.171552035054	33.28
1525.0535569346255	1525.0535569346255	33.32
1543.994064003601	1543.994064003601	33.36
1558.9228818088177	1558.9228818088177	33.4
1549.8247422976706	1549.8247422976706	33.44
1514.3154325350586	1514.3154325350586	33.48
1485.3237937621034	1485.3237937621034	33.52
1441.613937652469	1441.613937652469	33.56
1383.9163938360914	1383.9163938360914	33.6
1303.6348803898813	1303.6348803898813	33.64
1311.340493271938	1311.340493271938	33.68
1289.2948674001832	1289.2948674001832	33.72
1273.3815019554652	1273.3815019554652	33.76
1275.199794064823	1275.199794064823	33.8
1271.1828102238997	1271.1828102238997	33.84
1283.3875003028509	1283.3875003028509	33.88
1279.3339532100715	1279.3339532100715	33.92
1277.4657896886567	1277.4657896886567	33.96
1271.716678525582	1271.716678525582	34.0
1264.7602393531056	1264.7602393531056	34.04
1259.7550949159067	1259.7550949159067	34.08
1247.2689028711334	1247.2689028711334	34.12
1246.8864927074032	1246.8864927074032	34.16
1246.6486249909042	1246.6486249909042	34.2
1242.8069737159867	1124.5868800588023	34.24
1236.8513895991541	1099.8901689809618	34.28
1235.1759580218006	1076.5421566566174	34.32
1237.7301334077865	1066.6493902416362	34.36
1241.2931502874324	1066.3153261942603	34.4
1244.8215435941272	1067.0379195282412	34.44
1244.278343730047	1244.278343730047	34.48
1243.8276284834271	1060.1211723046954	34.52
1241.197503942072	1241.197503942072	34.56
1237.5462663838641	1237.5462663838641	34.6
1233.4361578603948	1233.4361578603948	34.64
1230.0333340245998	1230.0333340245998	34.68
1227.1858879696556	1031.71965632204	34.72
1225.1375870146558	1225.1375870146558	34.76
1223.3443680148002	1025.311878711767	34.8
1222.682892522059	1222.682892522059	34.84
1222.8297936378854	1024.0014050874968	34.88
1222.6651734687248	1222.6651734687248	34.92
1222.4331145225701	1022.7757629164258	34.96
1222.3641708271343	1222.3641708271343	35.0
1219.1490088414612	1219.1490088414612	35.04
1221.7229583076223	1221.7229583076223	35.08
1220.7931186557953	1023.99620014408	35.12
1223.6254492954133	1223.6254492954133	35.16
1222.613640214521	1222.613640214521	35.2
1223.5884417609348	1223.5884417609348	35.24
1222.1082672599566	1019.9481169405088	35.28
1222.8618295828705	1018.6686240619516	35.32
1222.0700331154342	1222.0700331154342	35.36
1222.279118080402	1222.279118080402	35.4
0.0	0.0	35.44
0.0	0.0	35.48
1059.6110318015008	960.578042927807	35.52
1127.0772249480754	1127.0772249480754	35.56
1078.955792524767	1078.955792524767	35.6
0.0	0.0	35.64
1089.1072744763485	963.5948004413776	35.68
0.0	0.0	35.72
0.0	0.0	35.76
0.0	0.0	35.8
0.0	0.0	35.84
1076.1022557887788	1076.1022557887788	35.88
0.0	0.0	35.92
0.0	0.0	35.96
1133.6954875160266	1133.6954875160266	36.0
0.0	0.0	36.04
0.0	0.0	36.08
0.0	0.0	36.12
1026.3877449882916	1026.3877449882916	36.16
0.0	0.0	36.2
0.0	0.0	36.24
0.0	0.0	36.28
0.0	0.0	36.32
0.0	0.0	36.36
1092.0030525071709	1092.0030525071709	36.4
1077.486098678773	1077.486098678773	36.44
1071.4250035127857	1071.4250035127857	36.48
0.0	0.0	36.52
1058.1828293567755	1058.1828293567755	36.56
1049.4895805719461	1049.4895805719461	36.6
1040.2041512636265	1040.2041512636265	36.64
1042.3856291203729	1042.3856291203729	36.68
1038.4255710633931	1038.4255710633931	36.72
1035.2452482609942	1035.2452482609942	36.76
1028.1568618550527	1028.1568618550527	36.8
1023.7414177097642	1023.7414177097642	36.84
1014.0503470718112	1014.0503470718112	36.88
1006.9446945336531	1006.9446945336531	36.92
1013.126235111615	1013.126235111615	36.96
1008.0414735607242	1008.0414735607242	37.0
1005.8863620956182	1005.8863620956182	37.04
1014.3424382387187	1014.3424382387187	37.08
1008.3822362445703	1008.3822362445703	37.12
1004.9047111644704	1004.9047111644704	37.16
1003.7346002213666	1003.7346002213666	37.2
1004.7431921326312	1004.7431921326312	37.24
1000.904131282145	1000.904131282145	37.28
983.4228668927842	941.3938358312922	37.32
1009.3288152189255	919.9001205721416	37.36
998.7137493562888	998.7137493562888	37.4
995.0154001843548	942.0971367342692	37.44
984.5652881424031	957.794907755789	37.48
0.0	0.0	37.52
0.0	0.0	37.56
993.6510479171477	962.4127560435669	37.6
0.0	0.0	37.64
0.0	0.0	37.68
0.0	0.0	37.72
0.0	0.0	37.76
0.0	0.0	37.8
0.0	0.0	37.84
0.0	0.0	37.88
0.0	0.0	37.92
0.0	0.0	37.96
973.2567010023494	944.8501850507841	38.0
0.0	0.0	38.04
0.0	0.0	38.08
0.0	0.0	38.12
0.0	0.0	38.16
0.0	0.0	38.2
0.0	0.0	38.24
0.0	0.0	38.28
0.0	0.0	38.32
0.0	0.0	38.36
0.0	0.0	38.4
0.0	0.0	38.44
999.445653948521	977.970317959519	38.48
0.0	0.0	38.52
0.0	0.0	38.56
0.0	0.0	38.6
0.0	0.0	38.64
0.0	0.0	38.68
0.0	0.0	38.72
0.0	0.0	38.76
0.0	0.0	38.8
0.0	0.0	38.84
1051.8090332259483	992.6716420288226	38.88
0.0	0.0	38.92
0.0	0.0	38.96
1039.8380003369473	967.0694596837235	39.0
0.0	0.0	39.04
1062.0520317385713	993.4465610424428	39.08
0.0	0.0	39.12
0.0	0.0	39.16
0.0	0.0	39.2
0.0	0.0	39.24
0.0	0.0	39.28
0.0	0.0	39.32
0.0	0.0	39.36
0.0	0.0	39.4
0.0	0.0	39.44
0.0	0.0	39.48
0.0	0.0	39.52
0.0	0.0	39.56
0.0	0.0	39.6
0.0	0.0	39.64
0.0	0.0	39.68
0.0	0.0	39.72
0.0	0.0	39.76
0.0	0.0	39.8
0.0	0.0	39.84
1060.5181353630755	1060.5181353630755	39.88
0.0	0.0	39.92
0.0	0.0	39.96
0.0	0.0	40.0
0.0	0.0	40.04
0.0	0.0	40.08
0.0	0.0	40.12
1055.362120027816	1055.362120027816	40.16
0.0	0.0	40.2
0.0	0.0	40.24
0.0	0.0	40.28
0.0	0.0	40.32
1052.882510312122	1052.882510312122	40.36
0.0	0.0	40.4
0.0	0.0	40.44
0.0	0.0	40.48
1041.6657715919082	1041.6657715919082	40.52
1037.8842655450785	1037.8842655450785	40.56
1046.2984471761822	1046.2984471761822	40.6
1044.8887134988415	1044.8887134988415	40.64
1035.8651859691652	1035.8651859691652	40.68
0.0	0.0	40.72
1039.5159721508878	1039.5159721508878	40.76
1031.4241548793825	1031.4241548793825	40.8
1016.5403508883736	1016.5403508883736	40.84
1040.9675695680494	1040.9675695680494	40.88
1018.5612944142684	1018.5612944142684	40.92
1036.6139142146576	1036.6139142146576	40.96
1036.8721812794029	1036.8721812794029	41.0
1026.508190708575	1026.508190708575	41.04
1027.0644074042114	1027.0644074042114	41.08
1017.1098121109145	1017.1098121109145	41.12
1007.3822149028849	1007.3822149028849	41.16
990.252189510438	990.252189510438	41.2
976.1698424672169	976.1698424672169	41.24
966.5312182391746	966.5312182391746	41.28
952.3853592342657	952.3853592342657	41.32
925.9788959636976	925.9788959636976	41.36
912.0090389018894	912.0090389018894	41.4
884.3477084563725	884.3477084563725	41.44
859.9590804512799	859.9590804512799	41.48
835.8956897184116	835.8956897184116	41.52
802.1921284397303	802.1921284397303	41.56
783.6867807559166	783.6867807559166	41.6
769.6866749453048	769.6866749453048	41.64
747.1602112995698	747.1602112995698	41.68
0.0	0.0	41.72
709.0882949139077	709.0882949139077	41.76
719.0461414164841	719.0461414164841	41.8
727.6931001417105	727.6931001417105	41.84
732.438799204125	732.438799204125	41.88
726.4906666299221	726.4906666299221	41.92
695.5310827056476	695.5310827056476	41.96
708.3864362614892	708.3864362614892	42.0
699.6169235865664	699.6169235865664	42.04
697.3207114140661	697.3207114140661	42.08
0.0	0.0	42.12
695.0296159206155	695.0296159206155	42.16
0.0	0.0	42.2
673.2225596165634	673.2225596165634	42.24
0.0	0.0	42.28
661.5273568242836	661.5273568242836	42.32
655.2981288202368	655.2981288202368	42.36
648.5190795228623	648.5190795228623	42.4
665.2714802260082	665.2714802260082	42.44
0.0	0.0	42.48
646.4044660712266	646.4044660712266	42.52
649.4164974407524	649.4164974407524	42.56
638.4641161333037	638.4641161333037	42.6
640.5884834623477	640.5884834623477	42.64
644.6377738925011	644.6377738925011	42.68
640.1175682771321	640.1175682771321	42.72
622.239091326346	622.239091326346	42.76
623.9212625924316	623.9212625924316	42.8
616.4458611202485	616.4458611202485	42.84
627.7478979800547	627.7478979800547	42.88
616.7302815562302	616.7302815562302	42.92
625.9797454136469	625.9797454136469	42.96
609.9079501089423	609.9079501089423	43.0
617.4574816241521	617.4574816241521	43.04
0.0	0.0	43.08
0.0	0.0	43.12
0.0	0.0	43.16
0.0	0.0	43.2
0.0	0.0	43.24
607.4771929676783	607.4771929676783	43.28
0.0	0.0	43.32
626.2714327443088	626.2714327443088	43.36
0.0	0.0	43.4
0.0	0.0	43.44
638.8623353733044	638.8623353733044	43.48
0.0	0.0	43.52
0.0	0.0	43.56
623.3185728672939	623.3185728672939	43.6
0.0	0.0	43.64
622.5258446852508	622.5258446852508	43.68
635.614489224085	635.614489224085	43.72
0.0	0.0	43.76
0.0	0.0	43.8
627.327683189697	627.327683189697	43.84
629.365305674722	629.365305674722	43.88
630.0344827998684	630.0344827998684	43.92
637.1005138472931	637.1005138472931	43.96
0.0	0.0	44.0
0.0	0.0	44.04
0.0	0.0	44.08
622.3801842432702	622.3801842432702	44.12
616.2205204683161	616.2205204683161	44.16
0.0	0.0	44.2
0.0	0.0	44.24
0.0	0.0	44.28
617.5346111097256	617.5346111097256	44.32
0.0	0.0	44.36
615.4024920384918	615.4024920384918	44.4
0.0	0.0	44.44
0.0	0.0	44.48
0.0	0.0	44.52
608.1874681652112	608.1874681652112	44.56
0.0	0.0	44.6
0.0	0.0	44.64
603.686394331031	603.686394331031	44.68
0.0	0.0	44.72
0.0	0.0	44.76
0.0	0.0	44.8
0.0	0.0	44.84
0.0	0.0	44.88
0.0	0.0	44.92
0.0	0.0	44.96
0.0	0.0	45.0
605.9219180401118	605.9219180401118	45.04
609.7394232786909	609.7394232786909	45.08
0.0	0.0	45.12
0.0	0.0	45.16
0.0	0.0	45.2
0.0	0.0	45.24
0.0	0.0	45.28
0.0	0.0	45.32
0.0	0.0	45.36
606.9378023764066	606.9378023764066	45.4
0.0	0.0	45.44
600.29191245082	600.29191245082	45.48
0.0	0.0	45.52
0.0	0.0	45.56
0.0	0.0	45.6
0.0	0.0	45.64
0.0	0.0	45.68
0.0	0.0	45.72
0.0	0.0	45.76
0.0	0.0	45.8
606.5710529566281	606.5710529566281	45.84
0.0	0.0	45.88
0.0	0.0	45.92
0.0	0.0	45.96
592.6108313673064	592.6108313673064	46.0
0.0	0.0	46.04
0.0	0.0	46.08
603.5887157113613	603.5887157113613	46.12
0.0	0.0	46.16
0.0	0.0	46.2
0.0	0.0	46.24
0.0	0.0	46.28
0.0	0.0	46.32
0.0	0.0	46.36
602.9047658396426	602.9047658396426	46.4
0.0	0.0	46.44
0.0	0.0	46.48
0.0	0.0	46.52
0.0	0.0	46.56
0.0	0.0	46.6
0.0	0.0	46.64
0.0	0.0	46.68
0.0	0.0	46.72
0.0	0.0	46.76
0.0	0.0	46.8
0.0	0.0	46.84
0.0	0.0	46.88
0.0	0.0	46.92
0.0	0.0	46.96
0.0	0.0	47.0
0.0	0.0	47.04
610.7587291741723	610.7587291741723	47.08
0.0	0.0	47.12
0.0	0.0	47.16
0.0	0.0	47.2
0.0	0.0	47.24
606.8120212805234	606.8120212805234	47.28
0.0	0.0	47.32
0.0	0.0	47.36
0.0	0.0	47.4
0.0	0.0	47.44
609.6091491731438	609.6091491731438	47.48
0.0	0.0	47.52
0.0	0.0	47.56
0.0	0.0	47.6
0.0	0.0	47.64
0.0	0.0	47.68
0.0	0.0	47.72
0.0	0.0	47.76
0.0	0.0	47.8
0.0	0.0	47.84
0.0	0.0	47.88
622.7454842466957	622.7454842466957	47.92
0.0	0.0	47.96
621.6778091622606	621.6778091622606	48.0
0.0	0.0	48.04
0.0	0.0	48.08
0.0	0.0	48.12
0.0	0.0	48.16
0.0	0.0	48.2
0.0	0.0	48.24
0.0	0.0	48.28
611.1128508042533	611.1128508042533	48.32
618.5490596650264	618.5490596650264	48.36
0.0	0.0	48.4
0.0	0.0	48.44
627.3977000991551	627.3977000991551	48.48
0.0	0.0	48.52
0.0	0.0	48.56
0.0	0.0	48.6
0.0	0.0	48.64
0.0	0.0	48.68
0.0	0.0	48.72
0.0	0.0	48.76
0.0	0.0	48.8
0.0	0.0	48.84
0.0	0.0	48.88
0.0	0.0	48.92
0.0	0.0	48.96
0.0	0.0	49.0
0.0	0.0	49.04
0.0	0.0	49.08
0.0	0.0	49.12
0.0	0.0	49.16
0.0	0.0	49.2
0.0	0.0	49.24
0.0	0.0	49.28
0.0	0.0	49.32
0.0	0.0	49.36
0.0	0.0	49.4
0.0	0.0	49.44
0.0	0.0	49.48
0.0	0.0	49.52
0.0	0.0	49.56
0.0	0.0	49.6
0.0	0.0	49.64
0.0	0.0	49.68
0.0	0.0	49.72
0.0	0.0	49.76
0.0	0.0	49.8
0.0	0.0	49.84
0.0	0.0	49.88
0.0	0.0	49.92
0.0	0.0	49.96
0.0	0.0	50.0
0.0	0.0	50.04
0.0	0.0	50.08
0.0	0.0	50.12
0.0	0.0	50.16
0.0	0.0	50.2
0.0	0.0	50.24
0.0	0.0	50.28
0.0	0.0	50.32
0.0	0.0	50.36
0.0	0.0	50.4
0.0	0.0	50.44
0.0	0.0	50.48
0.0	0.0	50.52
0.0	0.0	50.56
0.0	0.0	50.6
0.0	0.0	50.64
674.2928682161485	674.2928682161485	50.68
0.0	0.0	50.72
753.2056851849122	753.2056851849122	50.76
0.0	0.0	50.8
805.832662678866	805.832662678866	50.84
813.1893246810232	813.1893246810232	50.88
0.0	0.0	50.92
875.0863808916074	875.0863808916074	50.96
893.9173011226782	893.9173011226782	51.0
914.3920030714577	914.3920030714577	51.04
0.0	0.0	51.08
0.0	0.0	51.12
0.0	0.0	51.16
0.0	0.0	51.2
0.0	0.0	51.24
0.0	0.0	51.28
0.0	0.0	51.32
0.0	0.0	51.36
0.0	0.0	51.4
0.0	0.0	51.44
0.0	0.0	51.48
0.0	0.0	51.52
0.0	0.0	51.56
0.0	0.0	51.6
0.0	0.0	51.64
0.0	0.0	51.68
0.0	0.0	51.72
0.0	0.0	51.76
0.0	0.0	51.8
0.0	0.0	51.84
0.0	0.0	51.88
0.0	0.0	51.92
0.0	0.0	51.96
0.0	0.0	52.0
0.0	0.0	52.04
0.0	0.0	52.08
0.0	0.0	52.12
0.0	0.0	52.16
0.0	0.0	52.2
1162.4810983475918	1162.4810983475918	52.24
1258.6616260769515	1258.6616260769515	52.28
1289.7026661648113	1289.7026661648113	52.32
1260.5585317957748	1260.5585317957748	52.36
1234.816188699289	1234.816188699289	52.4
1217.972776515604	1217.972776515604	52.44
1227.2154792994093	1227.2154792994093	52.48
1224.6651393523978	1224.6651393523978	52.52
1211.1952089893598	1211.1952089893598	52.56
1219.6124334566691	1219.6124334566691	52.6
1204.9902443339056	1204.9902443339056	52.64
1196.1804393015032	1196.1804393015032	52.68
1188.328935517548	1188.328935517548	52.72
1187.4106956601224	1187.4106956601224	52.76
1188.0538947438083	1188.0538947438083	52.8
1192.0434387174532	1192.0434387174532	52.84
1192.0777734214807	1192.0777734214807	52.88
1184.0821382243032	1184.0821382243032	52.92
1182.290761175411	1182.290761175411	52.96
1159.3916429210342	1159.3916429210342	53.0
1146.4767636310496	1146.4767636310496	53.04
1140.228892772012	1140.228892772012	53.08
1133.1395218282992	1133.1395218282992	53.12
1131.997379745512	1131.997379745512	53.16
1132.1073838678617	1132.1073838678617	53.2
1141.7243823877438	1141.7243823877438	53.24
1172.050477104291	1172.050477104291	53.28
1175.7581696005836	1175.7581696005836	53.32
1165.2092482417809	1165.2092482417809	53.36
1176.0048183499123	1176.0048183499123	53.4
1183.3360758566705	1183.3360758566705	53.44
1182.07840553314	1182.07840553314	53.48
1194.048833311975	1194.048833311975	53.52
1194.859979429362	1194.859979429362	53.56
1184.1513225150986	1184.1513225150986	53.6
1173.4139049065318	1173.4139049065318	53.64
1159.9424848541337	1159.9424848541337	53.68
1163.7853825337238	1163.7853825337238	53.72
1164.1505764034089	1164.1505764034089	53.76
1183.2601809891883	1183.2601809891883	53.8
1209.8472569539506	1209.8472569539506	53.84
1238.158741748306	1238.158741748306	53.88
1265.2845805489926	1265.2845805489926	53.92
1291.5632778227334	1291.5632778227334	53.96
1308.5981560956586	1308.5981560956586	54.0
1312.1106650353913	1312.1106650353913	54.04
1317.4278092515167	1317.4278092515167	54.08
1317.8971218410213	1317.8971218410213	54.12
1311.3321874508752	1311.3321874508752	54.16
1286.4406162959756	1286.4406162959756	54.2
1268.9914181414158	1268.9914181414158	54.24
1252.7882492576312	1252.7882492576312	54.28
1237.7554330191472	1237.7554330191472	54.32
1238.1424652185153	1238.1424652185153	54.36
1238.2160359546779	1238.2160359546779	54.4
1246.304132120678	1246.304132120678	54.44
1262.5256893483831	1262.5256893483831	54.48
1285.0624902131701	1285.0624902131701	54.52
1307.5679152925372	1307.5679152925372	54.56
1317.8830895610063	1317.8830895610063	54.6
1308.8964999222287	1308.8964999222287	54.64
1285.9218988379084	1285.9218988379084	54.68
1255.895406836803	1255.895406836803	54.72
1232.144218962398	1232.144218962398	54.76
1205.9264363955238	1205.9264363955238	54.8
1193.8738181769038	1193.8738181769038	54.84
1197.7930732295158	1197.7930732295158	54.88
1202.0664468719892	1202.0664468719892	54.92
1207.395477575011	1207.395477575011	54.96
1207.3301152469182	1207.3301152469182	55.0
1200.3098730370127	1200.3098730370127	55.04
1200.4799629120948	1200.4799629120948	55.08
1196.553769923073	1196.553769923073	55.12
1188.1181785120364	1188.1181785120364	55.16
1185.9566060065283	1185.9566060065283	55.2
1179.7097544146286	1179.7097544146286	55.24
1174.3372562381157	1174.3372562381157	55.28
1169.5290597594608	1169.5290597594608	55.32
1164.5051312891906	1164.5051312891906	55.36
1151.1735699676517	1151.1735699676517	55.4
1146.0072723245137	1146.0072723245137	55.44
1141.2064580759918	1141.2064580759918	55.48
1138.1156804100135	1138.1156804100135	55.52
1130.8399552241358	1130.8399552241358	55.56
1130.6420004226597	1130.6420004226597	55.6
1129.5252579630267	1129.5252579630267	55.64
1123.492178571969	1123.492178571969	55.68
1117.5785048996427	1117.5785048996427	55.72
1116.3434395213003	1116.3434395213003	55.76
1123.047765232161	1123.047765232161	55.8
1125.6129363619063	1125.6129363619063	55.84
1128.0924950185329	1128.0924950185329	55.88
1132.8417469581937	1132.8417469581937	55.92
1131.1609552106265	1131.1609552106265	55.96
1136.836428593548	1136.836428593548	56.0
1132.9175165557117	1132.9175165557117	56.04
1132.267427131408	1132.267427131408	56.08
1131.3760589317324	1131.3760589317324	56.12
1131.0650502170076	1131.0650502170076	56.16
1127.2640680511722	1127.2640680511722	56.2
1125.7223563935227	1125.7223563935227	56.24
1125.4876164996401	1125.4876164996401	56.28
1123.455806869013	1123.455806869013	56.32
1118.6530105440017	1118.6530105440017	56.36
1117.66087147323	1117.66087147323	56.4
1111.7360776215548	1111.7360776215548	56.44
1108.7033616518886	1108.7033616518886	56.48
1108.5167034420235	1108.5167034420235	56.52
1103.425099072395	1103.425099072395	56.56
1102.6053564704166	1102.6053564704166	56.6
1103.6422136866001	1103.6422136866001	56.64
1106.2604900354845	1106.2604900354845	56.68
1103.1511432584612	1103.1511432584612	56.72
1098.811363259934	1098.811363259934	56.76
1095.818750613534	1095.818750613534	56.8
1095.4409808941125	1095.4409808941125	56.84
1091.8097877901935	1091.8097877901935	56.88
1092.0035762198925	1092.0035762198925	56.92
1091.559676820024	1091.559676820024	56.96
1090.5720490050091	1090.5720490050091	57.0
1086.5093569620108	1086.5093569620108	57.04
1086.7795237072273	1086.7795237072273	57.08
1082.8934524598187	1082.8934524598187	57.12
1088.7918142508722	1088.7918142508722	57.16
1085.1848757147923	1085.1848757147923	57.2
1085.3388070779056	1085.3388070779056	57.24
1083.6629438860682	1083.6629438860682	57.28
1082.3736955917252	1082.3736955917252	57.32
1082.0934836734273	1082.0934836734273	57.36
1086.339738798658	1086.339738798658	57.4
1087.129467483438	1087.129467483438	57.44
1068.3965686006102	1068.3965686006102	57.48
1049.3394909625147	1049.3394909625147	57.52
1035.6013938471344	1035.6013938471344	57.56
1031.488195788363	1031.488195788363	57.6
1032.370961459166	1032.370961459166	57.64
1035.7175350738837	1035.7175350738837	57.68
1036.015671770087	1036.015671770087	57.72
1038.7676543761133	1038.7676543761133	57.76
1045.1066561324828	1045.1066561324828	57.8
1041.568744637126	1041.568744637126	57.84
1043.4176618334413	1043.4176618334413	57.88
1042.5357356393731	1042.5357356393731	57.92
1046.2408261958728	1046.2408261958728	57.96
1048.5026629028814	1048.5026629028814	58.0
1040.6328949114522	1040.6328949114522	58.04
1065.9336494297156	1065.9336494297156	58.08
1054.1143373443506	1054.1143373443506	58.12
1053.4941533360818	1053.4941533360818	58.16
1049.644504005089	1049.644504005089	58.2
1035.710818856379	1035.710818856379	58.24
1030.6848741565773	1030.6848741565773	58.28
1029.4788822780176	1029.4788822780176	58.32
1032.62104204511	1032.62104204511	58.36
1051.4058227345604	1051.4058227345604	58.4
1064.663843826935	1064.663843826935	58.44
1048.936286882713	1048.936286882713	58.48
1051.4680072543824	1051.4680072543824	58.52
1050.2302042653412	1050.2302042653412	58.56
1073.9857776710978	1073.9857776710978	58.6
1051.3915160415877	1051.3915160415877	58.64
1047.3644578260905	1047.3644578260905	58.68
1046.9506848856522	1046.9506848856522	58.72
1039.9651464398191	1039.9651464398191	58.76
1039.5283091467488	1039.5283091467488	58.8
1042.6490921336947	1042.6490921336947	58.84
1047.1312811418068	1047.1312811418068	58.88
1025.4429180117324	1025.4429180117324	58.92
1012.2878520516807	1012.2878520516807	58.96
1012.8103409512789	1012.8103409512789	59.0
1022.3622254151261	1022.3622254151261	59.04
1039.7352384785413	1039.7352384785413	59.08
1044.2913728553501	1044.2913728553501	59.12
1043.2560917702654	1043.2560917702654	59.16
1042.6211408343784	1042.6211408343784	59.2
1065.6223866185364	1065.6223866185364	59.24
1054.554942635821	1054.554942635821	59.28
1044.8213568292108	1044.8213568292108	59.32
1024.8410683849668	1024.8410683849668	59.36
1028.222512606511	1028.222512606511	59.4
1024.24170508963	1024.24170508963	59.44
1013.6704094331332	1013.6704094331332	59.48
1027.2180641287675	1027.2180641287675	59.52
1034.5642312298864	1034.5642312298864	59.56
1047.421566617656	1047.421566617656	59.6
1055.4096756037784	1055.4096756037784	59.64
1061.5362587093023	1061.5362587093023	59.68
1062.8378634422313	1062.8378634422313	59.72
1055.8331857186085	1055.8331857186085	59.76
1049.5374069095178	1049.5374069095178	59.8
1048.1827655043637	1048.1827655043637	59.84
1045.2777132103083	1045.2777132103083	59.88
1030.1597141990526	1030.1597141990526	59.92
1044.725032831383	1044.725032831383	59.96
1048.3306907584745	1048.3306907584745	60.0
1049.087344613189	1049.087344613189	60.04
1056.8777914667116	1056.8777914667116	60.08
1067.345332229244	1067.345332229244	60.12
1075.7511466074907	1075.7511466074907	60.16
1091.0765631766067	1091.0765631766067	60.2
1110.3264308907997	1110.3264308907997	60.24
1116.1717483876923	1116.1717483876923	60.28
1118.5282523531757	1118.5282523531757	60.32
1115.6250843213336	1115.6250843213336	60.36
1128.528642325428	1128.528642325428	60.4
1144.7971562642213	1144.7971562642213	60.44
1164.0927071116357	1164.0927071116357	60.48
1162.81573037498	1162.81573037498	60.52
1168.956361706083	1168.956361706083	60.56
1165.4307930011373	1165.4307930011373	60.6
1164.472071451458	1164.472071451458	60.64
1160.1342909523316	1160.1342909523316	60.68
1157.343267128855	1157.343267128855	60.72
1155.661627696858	1155.661627696858	60.76
1152.4074494794218	1152.4074494794218	60.8
1152.8866077155815	1152.8866077155815	60.84
1154.5538486619464	1154.5538486619464	60.88
1173.6356937752826	1173.6356937752826	60.92
1195.6112585709636	1195.6112585709636	60.96
1227.8235931751954	1227.8235931751954	61.0
1270.157976934736	1270.157976934736	61.04
1314.2075585154942	1314.2075585154942	61.08
1356.5881445065127	1356.5881445065127	61.12
1392.270668309033	1392.270668309033	61.16
1405.6093326648383	1405.6093326648383	61.2
1407.1790496230174	1407.1790496230174	61.24
1403.4447629357485	1403.4447629357485	61.28
1388.8945185943007	1388.8945185943007	61.32
1367.889488443163	1367.889488443163	61.36
1338.1111853439602	1338.1111853439602	61.4
1311.6265395031467	1311.6265395031467	61.44
1291.376350152654	1291.376350152654	61.48
1273.6117658482733	1273.6117658482733	61.52
1257.8827196266845	1257.8827196266845	61.56
1244.7285815832965	1244.7285815832965	61.6
1224.5301805195427	1224.5301805195427	61.64
1216.597242060745	1216.597242060745	61.68
1207.782263271578	1207.782263271578	61.72
1206.7555455977972	1206.7555455977972	61.76
1200.856688194016	1200.856688194016	61.8
1197.7240328021246	1197.7240328021246	61.84
1195.7674826233217	1195.7674826233217	61.88
1189.329778052592	1189.329778052592	61.92
1177.956470239977	1177.956470239977	61.96
1169.6518673128126	1169.6518673128126	62.0
1157.6280920847935	1157.6280920847935	62.04
1150.0972893878109	1150.0972893878109	62.08
1154.6356106331232	1154.6356106331232	62.12
1168.5069615842865	1168.5069615842865	62.16
1177.3649547286668	1177.3649547286668	62.2
1183.973459818382	1183.973459818382	62.24
1178.1227766557092	1178.1227766557092	62.28
1174.7057013247793	1174.7057013247793	62.32
1169.278205587323	1169.278205587323	62.36
1161.4358496305417	1161.4358496305417	62.4
1153.5337268526944	1153.5337268526944	62.44
1148.8419108672126	1148.8419108672126	62.48
1146.611007113008	1146.611007113008	62.52
1139.1519964610857	1139.1519964610857	62.56
1140.3054441100087	1140.3054441100087	62.6
1135.0261633790137	1135.0261633790137	62.64
1132.576374999102	1132.576374999102	62.68
1126.496921102186	1126.496921102186	62.72
1126.258251971033	1126.258251971033	62.76
1118.6183735962043	1118.6183735962043	62.8
1118.0123505174815	1118.0123505174815	62.84
1113.3157042556122	1113.3157042556122	62.88
1110.4033817007123	1110.4033817007123	62.92
1107.648329606477	1107.648329606477	62.96
1108.7799800300943	1108.7799800300943	63.0
1106.2798119707545	1106.2798119707545	63.04
1101.4985416685379	1101.4985416685379	63.08
1099.2810800313152	1099.2810800313152	63.12
1100.6184735597612	1100.6184735597612	63.16
1096.464227559382	1096.464227559382	63.2
1093.4893377058106	1093.4893377058106	63.24
1096.1335184158095	1096.1335184158095	63.28
1096.3585116345082	1096.3585116345082	63.32
1095.722400701689	1095.722400701689	63.36
1090.4623381055833	1090.4623381055833	63.4
1088.9458189110167	1088.9458189110167	63.44
1083.3052748638531	1083.3052748638531	63.48
1077.3529242653917	1077.3529242653917	63.52
1078.0133102643913	1078.0133102643913	63.56
1081.6417210016346	1081.6417210016346	63.6
1082.4706905224482	1082.4706905224482	63.64
1087.9943528186682	1087.9943528186682	63.68
1096.6236329517058	1096.6236329517058	63.72
1105.609011615645	1105.609011615645	63.76
1112.3934552314145	1112.3934552314145	63.8
1117.6593493716541	1117.6593493716541	63.84
1123.8574654341032	1123.8574654341032	63.88
1132.9504432187725	1132.9504432187725	63.92
1144.8418236326502	1144.8418236326502	63.96
1153.8685760024723	1153.8685760024723	64.0
1163.280785245076	1163.280785245076	64.04
1171.7959862557163	1171.7959862557163	64.08
1179.8358547874159	1179.8358547874159	64.12
1182.2391289282123	1182.2391289282123	64.16
1179.672713666358	1179.672713666358	64.2
1178.1483673602272	1178.1483673602272	64.24
1180.0508252568186	1180.0508252568186	64.28
1186.8300380136989	1186.8300380136989	64.32
1193.6245233254276	1193.6245233254276	64.36
1199.864916180434	1199.864916180434	64.4
1206.2066112099621	1206.2066112099621	64.44
1214.021173451369	1214.021173451369	64.48
1223.484939017618	1223.484939017618	64.52
1246.170499915689	1246.170499915689	64.56
1280.365557719048	1280.365557719048	64.6
1332.1140615562908	1332.1140615562908	64.64
1395.8730559610067	1395.8730559610067	64.68
1473.2747680117607	1473.2747680117607	64.72
1557.7994695634322	1557.7994695634322	64.76
1643.6266292141738	1643.6266292141738	64.8
1770.1908013555262	1756.1267452846516	64.84
1801.1951962170021	1776.4578221754643	64.88
0.0	0.0	64.92
0.0	0.0	64.96
0.0	0.0	65.0
0.0	0.0	65.04
0.0	0.0	65.08
0.0	0.0	65.12
0.0	0.0	65.16
0.0	0.0	65.2
0.0	0.0	65.24
0.0	0.0	65.28
0.0	0.0	65.32
0.0	0.0	65.36
0.0	0.0	65.4
0.0	0.0	65.44
0.0	0.0	65.48
0.0	0.0	65.52
1445.5174696788786	1445.5174696788786	65.56
1401.2294315065337	1401.2294315065337	65.6
1361.4612555852382	1361.4612555852382	65.64
1331.6460617214605	1331.6460617214605	65.68
1307.54326976694	1307.54326976694	65.72
1288.9629717454566	1288.9629717454566	65.76
1276.7907222245506	1276.7907222245506	65.8
1271.4589809190522	1271.4589809190522	65.84
1268.8248858739216	1268.8248858739216	65.88
1265.4356419013343	1265.4356419013343	65.92
1270.3359914119637	1270.3359914119637	65.96
1272.0695816434122	1272.0695816434122	66.0
1275.906632617412	1275.906632617412	66.04
1277.0776071975959	1277.0776071975959	66.08
1276.6920518840338	1276.6920518840338	66.12
1278.69581861264	1278.69581861264	66.16
1279.4831980573085	1279.4831980573085	66.2
1283.1406499931877	1283.1406499931877	66.24
1286.5381868219804	1286.5381868219804	66.28
1289.3142763245696	1289.3142763245696	66.32
1291.0288838997317	1291.0288838997317	66.36
1291.052309512864	1291.052309512864	66.4
1293.0946167047464	1293.0946167047464	66.44
1294.3465324970916	1294.3465324970916	66.48
1297.5384940250203	1297.5384940250203	66.52
1302.4777329182277	1302.4777329182277	66.56
1306.2355666502688	1306.2355666502688	66.6
1308.6121109447442	1308.6121109447442	66.64
1309.8949503752663	1309.8949503752663	66.68
1312.6056237190746	1312.6056237190746	66.72
1314.1508178453857	1314.1508178453857	66.76
1313.3336585907323	1313.3336585907323	66.8
1316.7039553593406	1316.7039553593406	66.84
1321.979032750301	1321.979032750301	66.88
1324.979974513466	1324.979974513466	66.92
1322.5118487135237	1322.5118487135237	66.96
1313.1971382602458	1313.1971382602458	67.0
1304.7907099745737	1304.7907099745737	67.04
1299.241604077986	1299.241604077986	67.08
1293.9924791777657	1293.9924791777657	67.12
1287.2460724825667	1287.2460724825667	67.16
1278.0287281050107	1278.0287281050107	67.2
1268.5813509500713	1268.5813509500713	67.24
1256.4362919500438	1256.4362919500438	67.28
1245.4680792976465	1245.4680792976465	67.32
1233.3079450143537	1233.3079450143537	67.36
1218.4740600523257	1218.4740600523257	67.4
1206.4422190977018	1206.4422190977018	67.44
1195.296497139623	1195.296497139623	67.48
1182.002870863335	1182.002870863335	67.52
1173.4484764367378	1173.4484764367378	67.56
1166.947129268048	1166.947129268048	67.6
1165.3331135650105	1165.3331135650105	67.64
1164.190503882835	1164.190503882835	67.68
1165.063221004304	1165.063221004304	67.72
1166.8289288356334	1166.8289288356334	67.76
1165.6522941340234	1165.6522941340234	67.8
1165.2537534115652	1165.2537534115652	67.84
1165.0651696289751	1165.0651696289751	67.88
1166.4711813876354	1166.4711813876354	67.92
1167.1583946535955	1167.1583946535955	67.96
1165.6788141872935	1165.6788141872935	68.0
1163.8171008676763	1163.8171008676763	68.04
1160.373980376106	1160.373980376106	68.08
1159.7826386088345	1159.7826386088345	68.12
1158.2463689717179	1158.2463689717179	68.16
1159.2159780565323	1159.2159780565323	68.2
1161.4847455849363	1161.4847455849363	68.24
1164.919470628056	1164.919470628056	68.28
1167.696443560332	1167.696443560332	68.32
1171.9114290078194	1171.9114290078194	68.36
1175.8855302145282	1175.8855302145282	68.4
1178.2970858600122	1178.2970858600122	68.44
1180.414323055173	1180.414323055173	68.48
1185.4816817637618	1185.4816817637618	68.52
1189.126624758554	1189.126624758554	68.56
1193.0094402782368	1193.0094402782368	68.6
1196.8731721085314	1196.8731721085314	68.64
1201.6267057484313	1201.6267057484313	68.68
1205.2785527360966	1205.2785527360966	68.72
1209.110557695444	1209.110557695444	68.76
1212.3432196245142	1212.3432196245142	68.8
1216.081878448641	1216.081878448641	68.84
1219.3888859680337	1219.3888859680337	68.88
1223.1679761412377	1223.1679761412377	68.92
1226.4947371185833	1226.4947371185833	68.96
1230.529482865977	1230.529482865977	69.0
1234.9965138202524	1234.9965138202524	69.04
1239.1856573964574	1239.1856573964574	69.08
1242.4791866072003	1242.4791866072003	69.12
1243.7081355107432	1243.7081355107432	69.16
1246.097238675254	1246.097238675254	69.2
1248.659367593962	1248.659367593962	69.24
1250.5905990911663	1250.5905990911663	69.28
1254.3863765184492	1254.3863765184492	69.32
1257.6460153056025	1257.6460153056025	69.36
0.0	0.0	69.4
0.0	0.0	69.44
