Thumb_L	Index_L	Time
0.0	0.0	0.04
0.0	0.0	0.08
0.0	0.0	0.12
0.0	0.0	0.16
0.0	0.0	0.2
0.0	0.0	0.24
0.0	0.0	0.28
0.0	0.0	0.32
0.0	0.0	0.36
0.0	0.0	0.4
0.0	0.0	0.44
0.0	0.0	0.48
0.0	0.0	0.52
0.0	0.0	0.56
0.0	0.0	0.6
0.0	0.0	0.64
0.0	0.0	0.68
0.0	0.0	0.72
0.0	0.0	0.76
0.0	0.0	0.8
0.0	0.0	0.84
0.0	0.0	0.88
0.0	0.0	0.92
0.0	0.0	0.96
0.0	0.0	1.0
0.0	0.0	1.04
0.0	0.0	1.08
0.0	0.0	1.12
0.0	0.0	1.16
0.0	0.0	1.2
0.0	0.0	1.24
0.0	0.0	1.28
0.0	0.0	1.32
0.0	0.0	1.36
0.0	0.0	1.4
0.0	0.0	1.44
0.0	0.0	1.48
0.0	0.0	1.52
0.0	0.0	1.56
1310.158783463286	1343.5683550080064	1.6
1176.5012830067315	1206.8386082886914	1.64
1085.4792320258252	1102.4350439710931	1.68
1004.2133923540233	1036.1458984439705	1.72
971.1303103673489	980.3540990255926	1.76
1003.7652942953727	950.3558612906704	1.8
1039.2817250818366	943.1844375377984	1.84
1053.4602604956863	958.0305560716706	1.88
1067.6458631205007	976.6091933919035	1.92
1075.1993486647937	984.8284297084484	1.96
1069.8185036051937	986.7732273596054	2.0
1063.5378802067298	999.2043019735124	2.04
1051.2052951531246	1004.7625133212912	2.08
1040.2083473886787	997.3818211996341	2.12
1037.3632411600727	999.7904855147925	2.16
1040.3921842236805	1001.9222134370738	2.2
1041.1720666871001	1002.6032711442596	2.24
1041.8538914880394	1009.1841351771195	2.28
1032.8961993903888	1007.8025036378114	2.32
1019.8954747476997	1004.0957217846507	2.36
1003.3683780848875	974.0332124520564	2.4
995.7741769111013	964.8395009165092	2.44
1000.143137786055	962.1285559428853	2.48
1010.4706694375969	967.0555462848116	2.52
1012.3562941368235	972.884812494916	2.56
1004.9305655364094	976.6084314343611	2.6
999.8934893661539	977.2425498392126	2.64
993.7640812211683	985.9095057041995	2.68
983.2718331091305	989.8091498750903	2.72
974.45065847434	985.6888761922943	2.76
968.5379615401702	983.6097275565517	2.8
961.8664132990335	984.4803176362042	2.84
963.0766209733189	968.9267880186376	2.88
967.679970557897	972.48512134727	2.92
973.788321145303	983.7840531465139	2.96
980.5551382042684	987.363527017376	3.0
981.6240023346002	990.5226391166078	3.04
984.8257535783777	991.9604928334675	3.08
988.4896572166899	991.2133104418995	3.12
989.3909399435661	1003.2687732323858	3.16
991.7606021918871	997.4647997321302	3.2
992.794368983429	1002.8014292649004	3.24
966.6269411668785	996.6975237611211	3.28
925.9693030489553	971.0761540966707	3.32
898.3370015064335	953.0378162685043	3.36
900.7421618104491	981.7757336074083	3.4
906.5890865621815	972.384698473196	3.44
909.2944589770295	950.7602526738258	3.48
904.4791242538283	959.4809190777778	3.52
895.363950910145	936.0137755210119	3.56
894.4802366883031	954.6191822479112	3.6
895.9371571246311	976.5793248467818	3.64
904.559230115297	950.5290893001887	3.68
902.4620197738388	978.9611633284676	3.72
904.5570791946739	942.414428124029	3.76
900.2036180236754	939.8669710269737	3.8
905.3145899084037	952.54614249985	3.84
910.1442437683842	972.3130673382117	3.88
911.1267067506773	971.4973885949394	3.92
908.5688316448236	963.4436063966916	3.96
904.9106336075806	978.6792964413659	4.0
899.4420234402877	943.5309519538141	4.04
894.7687519666648	962.1825347656572	4.08
891.7207445966886	935.3452153884095	4.12
890.8803007638461	930.8241963404739	4.16
892.7366655795081	926.5449159170036	4.2
895.7829565640717	916.9072811328728	4.24
898.4335360337805	933.186529859401	4.28
900.1536499489935	950.658531914496	4.32
900.6947932125539	936.7100988763299	4.36
896.8333458712455	943.9992575854467	4.4
897.3851324848848	936.5862607487906	4.44
888.9629163550775	942.292037846746	4.48
885.3900257937138	937.4889420323407	4.52
879.0472985284862	930.9836907027217	4.56
874.35139978129	919.7120780679562	4.6
861.728573102892	894.7813985208813	4.64
860.8961062993442	887.7111322359203	4.68
856.6992758093406	890.8170362809176	4.72
857.9938886323623	904.8558833329193	4.76
863.4370602281037	902.5530510011349	4.8
865.9536278362848	922.1748193770322	4.84
870.817766206497	898.7114586884388	4.88
868.0482750468321	915.7645704851329	4.92
871.3340545728463	909.6531845954886	4.96
869.7491349422938	902.50357988369	5.0
866.5465603003005	891.631650821479	5.04
853.6013374582623	886.6035913593693	5.08
840.0561185338383	875.2798776840716	5.12
834.9980821156186	870.4131057451679	5.16
824.7288957383827	854.567673224708	5.2
815.9518246577071	843.941995020007	5.24
807.2999287562794	829.0493854770156	5.28
801.2668293936395	826.8895195295692	5.32
796.3995413224503	818.7895959894786	5.36
796.6996865137868	823.3847974893736	5.4
803.9979070718456	836.5365565840035	5.44
813.1549400094553	829.5934129490204	5.48
818.7027725035513	847.5076816852435	5.52
824.9840262162298	852.8605629804111	5.56
824.9481748144409	845.2444951964181	5.6
828.2910514762368	847.4067750137764	5.64
829.3439857420666	846.0204943277297	5.68
833.4025788224216	852.0164622709898	5.72
838.8120077254648	857.973893212316	5.76
842.8203713336297	875.9655973530599	5.8
850.18121055054	882.6817610039207	5.84
851.4200943226447	885.9534585978986	5.88
852.43180163773	882.4195640526095	5.92
855.016058486115	907.1550036227027	5.96
861.3981902942145	915.7618948827528	6.0
864.6491678546857	913.7880189401619	6.04
866.3541002390429	916.3652416049854	6.08
869.020922309457	904.2071123134368	6.12
867.4872680285354	900.7315702708972	6.16
868.96024841092	901.2330671189042	6.2
870.94965823506	896.5342681981172	6.24
871.7046051040653	892.1944985780497	6.28
870.0503730570426	890.2360023688996	6.32
864.1618185096486	881.5492079814286	6.36
857.5553969629491	886.0932768157872	6.4
849.457111334039	880.3760494959682	6.44
845.9193669540973	870.2201671598733	6.48
843.2282363534307	861.6915211013514	6.52
843.0621462721283	855.870342695141	6.56
840.8264649864495	857.7777931437297	6.6
842.1764047935932	859.5374099367133	6.64
843.4701918327702	860.238629990808	6.68
841.4384108937425	853.245308114493	6.72
841.9695812942457	851.8797661561472	6.76
840.704044706743	855.4328397715497	6.8
840.7188450953995	853.7810838681073	6.84
841.6813736640901	854.1652153136156	6.88
841.5371873880289	853.0764875269206	6.92
843.1728336541961	862.4765997151748	6.96
844.6894875587024	856.7769157902696	7.0
845.3635789115837	855.5913223766103	7.04
845.1994447418788	852.9921427602072	7.08
847.0255363166527	862.7494507212571	7.12
848.4549861153818	858.6415278615723	7.16
847.731758014104	858.3343939785165	7.2
846.5724294469883	861.3213651861813	7.24
846.0395091057767	858.5391863787744	7.28
847.9798103388312	867.5488241176089	7.32
846.7488942930293	860.5840067847089	7.36
846.2826964618339	866.1063050983588	7.4
845.4790400830276	860.6980116911434	7.44
846.6098514147177	855.9738418019281	7.48
846.1052840314053	856.5341840359413	7.52
847.8905862646534	860.8645691814584	7.56
846.8455606141978	858.7542490963483	7.6
845.8574082735253	861.6772836932529	7.64
846.4227893307922	860.2654532705714	7.68
849.5738857978939	868.0187233368732	7.72
849.3233300979034	857.4291632499392	7.76
849.7395339302967	870.0961760374382	7.8
852.333228772409	869.8792841409934	7.84
854.0320159575203	867.8810712287617	7.88
851.5638580727806	866.6640023608571	7.92
850.0348437339914	866.8552213440596	7.96
849.3013914282668	867.4023878042642	8.0
852.1655106879485	868.3279260897154	8.04
852.1701442795211	867.3089411122451	8.08
853.874087668527	869.1652688472308	8.12
853.9319889696544	868.394100689757	8.16
855.1205104824521	867.7119358975392	8.2
853.4965811873601	865.7451017313814	8.24
854.93108355807	864.7160266092288	8.28
858.7399703918319	873.7546149953563	8.32
860.6686457181619	873.8438748228583	8.36
863.992566991176	875.8997724226742	8.4
866.7302857399783	879.0048641104158	8.44
864.1476494920595	873.5731162020568	8.48
868.0930915582403	879.465365460701	8.52
873.1944115412041	894.9006038910678	8.56
878.8988217185067	893.7617475716289	8.6
881.5819382570992	895.9846781001887	8.64
885.5285487507546	899.2135578449146	8.68
889.2807959995622	900.0860632111788	8.72
891.7535767410197	905.4996302315606	8.76
892.6449782279426	902.8310830870053	8.8
891.9117686084127	903.4179665491724	8.84
891.0452854163925	900.2135514187065	8.88
892.1901682941348	905.0255109175209	8.92
893.7808007247763	904.447717591744	8.96
895.4542275869078	906.129929449336	9.0
896.0389234296954	909.7981634365942	9.04
898.3128051521755	910.0797329768267	9.08
900.4653941302489	907.8684360269433	9.12
902.6149946964339	910.4658146506428	9.16
905.7010586684274	915.9181741113537	9.2
909.5690465718457	911.4699641079475	9.24
915.736687911783	913.8980539818853	9.28
919.078295573208	920.7160215101254	9.32
920.1012715668052	929.9733511797369	9.36
922.2779233041829	931.802841178177	9.4
925.508089757375	933.669971395636	9.44
924.5454247446954	938.4839756047857	9.48
918.7875535694902	927.9706718938951	9.52
913.0157225546895	922.9685765401684	9.56
909.2319507217957	914.9798872891076	9.6
908.0989313924368	920.9194850226962	9.64
907.088580237786	917.2516560712747	9.68
905.5212039743856	914.0230433753499	9.72
906.6088008634518	919.5965350190228	9.76
908.897923510283	923.7429615924306	9.8
908.2829664654744	922.8554110183362	9.84
902.5631563688034	911.4363625938256	9.88
901.1728096338851	915.9247126995132	9.92
901.5931243283039	915.6288681659146	9.96
902.5410331369303	910.4085406451984	10.0
901.4451655403675	909.0238416557157	10.04
899.093143555519	904.5823809359359	10.08
897.961227667671	903.9981134585186	10.12
901.3387234337692	901.4247480250522	10.16
907.1593651542803	903.9365213266046	10.2
910.599880155022	908.4853605310782	10.24
912.1487599272982	919.971882775288	10.28
912.6785835989151	920.242624240622	10.32
917.0587683214693	928.7934425903371	10.36
914.2628422811307	917.6084478106206	10.4
911.7477302233038	913.1802904937638	10.44
913.3646064596287	918.9314868390819	10.48
910.5043792770912	916.2807736772692	10.52
911.4050260960578	920.5933569593558	10.56
913.8365948490414	923.4953574260699	10.6
912.4544009446698	924.3640391790531	10.64
913.2678429879884	923.4791950238856	10.68
920.1574546553016	920.5940220480645	10.72
938.9172687424393	940.1687874506795	10.76
941.3172556798214	940.5381273401325	10.8
932.4420072883398	941.5646058486861	10.84
928.2312851399355	941.2265822964723	10.88
923.5381384933346	929.3422658706976	10.92
916.7896873925869	925.9391395374614	10.96
912.5780564368353	922.800775377696	11.0
907.1638596473092	913.7042587468203	11.04
906.4909183982683	914.6683973627469	11.08
906.8946140026095	912.3852103095712	11.12
908.5895508034919	921.8637481371087	11.16
910.5490966406358	922.8528514393395	11.2
915.8627525882738	931.5919754737233	11.24
920.1465209140363	937.6864772446878	11.28
923.9465548683492	941.161531055259	11.32
925.3741308003762	943.533062273773	11.36
924.5431064408913	940.0779891694299	11.4
922.711767556508	930.9219728535718	11.44
920.7740491280706	931.0194745630743	11.48
920.9756770198061	930.903913219832	11.52
921.3210832812387	929.8760092928518	11.56
921.8415915041008	929.5025620594856	11.6
922.0913084428513	931.1111915886179	11.64
919.4317250726541	929.9942501071849	11.68
919.0936320843286	928.8377537566613	11.72
917.5050693943103	926.7541619176629	11.76
914.5379227463947	924.2078294568452	11.8
916.209129631557	924.4705222937738	11.84
915.9889925861258	927.1600322169307	11.88
890.2559894916543	911.7775019250731	11.92
851.4547190297795	870.1506532349637	11.96
813.9739841801867	825.5562786237622	12.0
795.8879813409475	804.9428960815786	12.04
801.2799286264943	798.593077231359	12.08
813.7883888757277	813.6212051342002	12.12
827.0631596901254	813.4799636806474	12.16
838.2288973572653	829.103832680815	12.2
844.4185771268559	848.0838302383579	12.24
848.674662399309	847.7611632501591	12.28
849.1258601902347	848.2381638363456	12.32
854.4245143380541	847.3567975912248	12.36
858.0993085515524	838.9148691771517	12.4
863.2095317547619	842.1948256715206	12.44
866.8547070021845	841.4543960620697	12.48
872.759332984355	848.2954679616886	12.52
880.324050741056	849.1772155266586	12.56
887.4372832334076	856.5592155469787	12.6
890.5783369047816	856.230782504071	12.64
891.7728661183933	856.7343161524927	12.68
892.6390942977671	855.7936678952004	12.72
895.9009369342343	865.5465852876147	12.76
906.7263648123369	862.8751072225598	12.8
912.680699755532	870.299909182634	12.84
922.5484797473802	881.901909067887	12.88
935.17412380342	892.5988845738966	12.92
948.2660610827079	918.8805356588168	12.96
963.9974601284115	926.1148360034348	13.0
979.6921866064245	944.1460249175815	13.04
990.3455549692951	950.991960310357	13.08
993.5768901094765	968.2105893259089	13.12
994.1601324559604	957.61767171573	13.16
991.3846785130671	950.7227826805337	13.2
976.6558720101345	945.2509925639112	13.24
966.4229083835509	931.2125506960406	13.28
959.3405921851645	919.0224584469976	13.32
957.5517979028975	914.6047036632561	13.36
956.0112160414662	914.1466380910373	13.4
952.4566040644235	926.5667269808796	13.44
950.0377297452661	930.7459435228942	13.48
942.826929871271	920.9479165280752	13.52
947.167823519296	941.606023470503	13.56
948.6101105282941	923.8213035950647	13.6
941.5178463256817	927.3398361602904	13.64
924.9432322068184	931.0736299162196	13.68
897.904162540746	890.5679894078885	13.72
883.0443576717333	868.5982739795155	13.76
874.883117424806	870.366094468908	13.8
867.6212821593672	866.4406828994847	13.84
863.2582312904105	875.2957641460722	13.88
858.5253877207301	891.3804154047441	13.92
853.4104464983172	898.2658323209541	13.96
858.0117432111356	891.4531359434992	14.0
861.3300129245022	852.8782328802536	14.04
877.1945134205123	871.4452887392331	14.08
882.6482437809411	889.6662226665094	14.12
888.4103431358252	922.0250442380068	14.16
890.8454614674804	909.3361805297862	14.2
886.4584567404089	919.4805218530955	14.24
884.5542470746597	878.5074514093258	14.28
884.0076363372253	915.0209346196502	14.32
883.4053356095498	887.0900330768507	14.36
880.9338330794533	880.1967865512142	14.4
876.8591429322627	883.9873747989653	14.44
873.5676083306043	873.103818421482	14.48
870.7011710310493	874.7316556069779	14.52
866.0998410037021	876.9798364193304	14.56
864.2244189310932	893.2063640910958	14.6
864.6087443312125	889.5067873774416	14.64
864.2152860118239	882.4043836198377	14.68
861.693397039302	879.5953970679594	14.72
860.8921012556652	881.665477356001	14.76
858.9016732429443	860.6476580885485	14.8
858.1895309842671	841.6679931881763	14.84
855.8662997646735	835.9668720915593	14.88
855.1772455497263	839.0862737644647	14.92
855.04644809955	851.6872493923524	14.96
853.6026410551351	832.0626745230974	15.0
850.0081262712803	839.222672497807	15.04
852.0679672870505	842.6524112522677	15.08
851.6427437808029	856.0064590159818	15.12
854.2138948854022	858.0590125649453	15.16
853.7237710068362	844.2079065366016	15.2
851.1762511368544	834.1193741794019	15.24
852.3662998475521	848.610857116473	15.28
851.2018164727884	841.9975676909404	15.32
851.2003225879507	851.5753619941315	15.36
851.6263337418354	820.9740010578855	15.4
850.7206009282032	863.5056936639663	15.44
851.3485993540661	814.0841850228325	15.48
854.4805808440636	867.9254566040072	15.52
851.6660249207627	823.3042735298678	15.56
851.1371009370846	853.4557515211928	15.6
849.0580145980184	839.4433203214825	15.64
854.1444421814389	855.6757524680102	15.68
851.034914887943	834.6476974520156	15.72
848.9469633748525	831.7810869307534	15.76
846.1810517663656	840.3052079056391	15.8
846.2457678081186	824.2299399603899	15.84
850.220358515474	854.8546070303933	15.88
857.5234332612627	874.2208217854318	15.92
879.1052023736243	899.8088738864814	15.96
905.4483532009878	930.7933490305627	16.0
927.107196943113	901.5513820203796	16.04
953.7425206418501	939.3781699372648	16.08
975.3328624038136	953.6969564794803	16.12
989.7925713730622	978.8030406334343	16.16
1008.3609240631059	1023.9602359268974	16.2
1021.7665206523857	1043.3017687949596	16.24
1034.8753597133498	1057.688223247825	16.28
1049.220717797044	1071.263285166807	16.32
1052.1983797087983	1096.4075939840402	16.36
1052.232878931271	1093.7490014714522	16.4
1051.0334510471437	1081.4314504783822	16.44
1055.3959974919155	1082.427702365267	16.48
1060.681855707506	1093.3922272180162	16.52
1068.7181320398663	1099.0301730945641	16.56
1075.024462708746	1110.1850359972461	16.6
1083.792673145411	1108.4079300613255	16.64
1092.8897995299772	1123.0658406279024	16.68
1100.4710804325214	1125.5882046182173	16.72
1109.501257780643	1136.2147856904182	16.76
1110.1062235836712	1129.6882695541758	16.8
1112.515689392827	1123.7225611832348	16.84
1115.7297736245455	1124.553865132491	16.88
1113.421274063863	1123.8169786929086	16.92
1115.7277087923806	1119.0388075465576	16.96
1115.0413101022677	1121.1851252842034	17.0
1114.145729517762	1123.098949202826	17.04
1111.8397998236962	1121.687196541542	17.08
1111.587821990882	1115.932429858361	17.12
1110.2191206922514	1118.3024585854664	17.16
1110.2092904370338	1120.66338518676	17.2
1110.4556552045267	1119.6221778182964	17.24
1112.10910146795	1124.7746163366753	17.28
1112.7222837587835	1126.7346722291668	17.32
1115.590548863411	1131.2842625644078	17.36
1115.2492630040995	1133.038845857099	17.4
1116.6257129964708	1133.7068001896278	17.44
1117.8406576209932	1133.5910431028344	17.48
1119.4156098174808	1134.6181442830036	17.52
1119.1248103083099	1126.313246271757	17.56
1120.8918470222288	1127.135258100564	17.6
1121.7256267918913	1137.6560878557023	17.64
1121.1727027762552	1138.7513611701393	17.68
1120.4836826013118	1136.021615441672	17.72
1120.639372919974	1141.6544436864685	17.76
1119.7310366331685	1143.710456495425	17.8
1120.9352806980212	1130.3490124565185	17.84
1124.4208893365972	1139.5555786954137	17.88
1124.1616697773231	1136.0719259645832	17.92
1125.3338345297016	1134.9495095827888	17.96
1126.0195095480585	1133.20334302235	18.0
1126.7792433615516	1134.1391247749034	18.04
1129.386867076263	1136.8470426756212	18.08
1129.3243528413277	1143.9543103871183	18.12
1127.9944991415396	1142.429103960974	18.16
1128.6545111693263	1142.005611297736	18.2
1128.2532898440058	1140.767966267045	18.24
1129.6057654431438	1143.6579119905653	18.28
1130.2525019769002	1139.2184905736196	18.32
1132.3046756921112	1141.6884157833767	18.36
1133.162966409492	1138.7564841584142	18.4
1135.6638321612893	1143.5763320238589	18.44
1136.7094815367939	1139.6823817492016	18.48
1137.3207096299743	1148.688278370583	18.52
1138.61496927822	1147.6635995362847	18.56
1138.2879081125652	1141.65735584676	18.6
1139.4417450262686	1141.7231972676493	18.64
1140.02142704085	1143.8593378388227	18.68
1136.6496325136902	1141.8267727556674	18.72
1135.8192997440924	1149.7191071147815	18.76
1136.7655816125648	1141.2105747213004	18.8
1137.8427881021144	1142.2932562317853	18.84
1138.7012290364032	1144.7361824098257	18.88
1139.4616890449126	1144.2217921603099	18.92
1141.775575053562	1141.148712596398	18.96
1141.2816417318363	1147.0069002993039	19.0
1141.568121357883	1152.3682620291024	19.04
1142.3251688184664	1150.775530900918	19.08
1138.5506570337143	1143.9471786968525	19.12
1138.273499390312	1151.3743099566955	19.16
1136.282038772711	1150.9742870038165	19.2
1134.976055635403	1145.093853442953	19.24
1134.2261069838705	1135.9592620154044	19.28
1133.1438632180698	1133.4869104303102	19.32
1130.2355374161314	1138.1047857966762	19.36
1128.37598728643	1133.4207044942968	19.4
1127.6570212877446	1136.4080735039265	19.44
1121.347646640582	1132.1873239259896	19.48
1121.9364922997768	1131.4095548637126	19.52
1118.2361720137753	1116.5310095937834	19.56
1113.5388883200872	1118.0883754254799	19.6
1105.2601111060098	1104.6886500488347	19.64
1103.528194748141	1105.148439549559	19.68
1100.095451786504	1095.9877370000527	19.72
1096.7499490349733	1092.153422849035	19.76
1091.5610737062157	1083.946830419831	19.8
1088.7985424709539	1078.3924347715517	19.84
1080.786634669402	1066.3458833974614	19.88
1070.8839083724406	1046.448169917349	19.92
1058.9268282801688	1023.6444455763543	19.96
1048.8425039135298	1016.4713888403618	20.0
1036.755595449063	996.7177688437104	20.04
1031.3862679956628	986.656297538203	20.08
1032.3005153503632	986.6830959814444	20.12
1047.1495399103705	1005.4670324492236	20.16
1081.5304583142806	1035.6650352930183	20.2
1128.2366219873334	1082.3482236448144	20.24
1189.1994335029758	1139.5357111466321	20.28
1260.7767350097183	1211.2621240584037	20.32
1333.6974388068072	1287.0935119873097	20.36
1402.5255865154318	1362.4027450317424	20.4
1465.9190139868754	1427.849640912376	20.44
1518.5360532719528	1477.485405522562	20.48
1562.2716401571386	1509.5054708849252	20.52
1591.7805832132215	1532.842809438989	20.56
1616.7997193526276	1561.8475666467461	20.6
1632.7817926366627	1582.840409963191	20.64
1642.2126903882536	1591.4163536666163	20.68
1645.45433303883	1596.5352010522774	20.72
1647.0858230585654	1603.7615407619103	20.76
1645.2811137520898	1599.5269409342345	20.8
1643.0840953138797	1597.0410786608077	20.84
1641.2509876759937	1592.4096807645794	20.88
1639.2379957644036	1589.4190110820437	20.92
1637.068791584377	1592.0451410257797	20.96
1633.7155881733986	1587.8835643872956	21.0
1632.6679099617947	1588.0702721465332	21.04
1630.9120800359506	1588.0931892477188	21.08
1629.0500297408296	1584.915952273536	21.12
1628.2936975009725	1585.358478287822	21.16
1626.3341864870908	1585.7233215013114	21.2
1624.877113222833	1584.012160847847	21.24
1621.8484312553305	1577.156334201301	21.28
1620.1612702811274	1576.708915170126	21.32
1622.210239465863	1579.7401870124888	21.36
1620.8698632441397	1577.622838580823	21.4
1620.683171787296	1576.0121072207482	21.44
1620.4445211041664	1580.9218846956874	21.48
1621.1710188721113	1577.6042328716626	21.52
1620.1606836174728	1578.6441680439439	21.56
1620.3669345795229	1579.497144437835	21.6
1621.7499083812413	1580.9227676047922	21.64
1621.0476756495684	1580.7289410142434	21.68
1621.2984807753112	1580.337626921012	21.72
1621.3552186066283	1578.8757238959902	21.76
1622.5376218017489	1584.8814797456876	21.8
1621.3035398459606	1576.9812692179478	21.84
1622.00946474075	1580.9518411738263	21.88
1619.870992684317	1576.7465492788451	21.92
1621.1241306399202	1580.1753488664672	21.96
1618.1559605633493	1575.182908130731	22.0
1621.5354949577775	1582.2869891273228	22.04
1621.027912922513	1581.3664101644115	22.08
1620.1702836505992	1581.4009756481698	22.12
1619.5338201194518	1579.2888767327995	22.16
1618.8728822723324	1576.033928971277	22.2
1620.8857849913968	1580.8871595780286	22.24
1621.9291411251584	1583.638906617028	22.28
1621.315185982731	1581.5960387912112	22.32
1622.4517960074093	1583.4773332558864	22.36
1623.5604959592417	1583.7418873301092	22.4
1624.3066222177843	1585.8900265609504	22.44
1622.8581825404342	1584.8291337581936	22.48
1624.7867306380392	1584.4481367002631	22.52
1623.7301951993195	1586.3451356458252	22.56
1623.0262310779258	1582.6401962870852	22.6
1622.0620450083527	1580.8756099145762	22.64
1621.4366150266565	1581.248381648387	22.68
1621.6759623411901	1582.5027985344807	22.72
1621.683751732806	1578.4150990888534	22.76
1622.5713351571324	1584.5788087909252	22.8
1620.3870294845578	1578.7034919460466	22.84
1623.193379274888	1582.6598743802267	22.88
1622.0180154375294	1584.1803362618875	22.92
1623.3839843414669	1583.1841579934407	22.96
1622.8181644226322	1585.665143452866	23.0
1623.0408489927918	1581.6805240706371	23.04
1621.6521508853152	1582.4055384655092	23.08
1620.6246771115302	1583.0570990812862	23.12
1621.5197029995152	1582.6434840591771	23.16
1621.0360382447511	1578.3239641620949	23.2
1620.15318796125	1576.0927619699974	23.24
1622.6946373379833	1581.1829172525875	23.28
1620.3076772464249	1579.710341712488	23.32
1622.5105302189925	1585.2692629591363	23.36
1621.6127106733798	1580.375221534508	23.4
1623.7162716544133	1582.584358171918	23.44
1622.9239759335803	1578.0471666211201	23.48
1624.4292326330126	1582.6121064819552	23.52
1621.849976140527	1576.0459285157424	23.56
1623.129128222798	1580.4809117327418	23.6
1624.294403431415	1584.5445140390132	23.64
1623.685707973823	1579.4011949723445	23.68
1625.5937434679217	1584.893865914242	23.72
1623.2756533193417	1577.6605590335644	23.76
1626.584849567075	1586.2966024230402	23.8
1623.6617872650893	1580.2594180400165	23.84
1627.3318440366493	1590.0029803849354	23.88
1624.7595062081384	1583.9426474558547	23.92
1623.630230621674	1582.903204467962	23.96
1626.210924561484	1589.1476681228285	24.0
1623.156496802749	1584.0074555787398	24.04
1622.2326502799772	1582.6557062729698	24.08
1623.2723953942657	1589.1863937700416	24.12
1621.9316129355652	1580.564911279231	24.16
1624.9660372204946	1588.2803338795798	24.2
1621.821935238474	1579.4128754840578	24.24
1626.2715296743834	1591.1877524182803	24.28
1623.2058871477725	1584.3435787324452	24.32
1624.3245521340746	1585.678550482902	24.36
1625.160411058573	1586.328723535974	24.4
1625.4546806255328	1586.505525605547	24.44
1626.3813164440576	1591.239179725632	24.48
1621.5919201292816	1577.9356563258307	24.52
1623.6335494811551	1585.7178418639935	24.56
1620.316411453329	1578.6427489935431	24.6
1621.692967471618	1577.5404824028521	24.64
1623.046807880929	1579.2467590428125	24.68
1622.855214548875	1576.3580256711248	24.72
1622.1680855023446	1578.530184534446	24.76
1623.1412065245045	1574.9474933254992	24.8
1624.017517730561	1574.259024305398	24.84
1622.1318383519942	1582.6403935270191	24.88
1622.2703274808212	1583.4330366243948	24.92
1618.4362757776516	1576.8394755583874	24.96
1616.9821310801974	1569.9461403001173	25.0
1617.5788553592156	1570.173551976915	25.04
1615.3271524620288	1576.0216555569136	25.08
1615.2493568147686	1572.8413919010472	25.12
1615.5914068232014	1573.5294519392796	25.16
1613.9964542318796	1571.903630344581	25.2
1616.719753048187	1577.4819198278985	25.24
1617.2533317953648	1574.8082303707492	25.28
1616.362629641953	1570.4842260546802	25.32
1614.9598926731876	1570.5294420307457	25.36
1617.5322580386783	1579.5466963996528	25.4
1614.0852598437864	1569.5347963916954	25.44
1612.9676670596923	1575.7487042168134	25.48
1612.4856323406184	1568.484967458929	25.52
1615.5981908036647	1576.3747217978657	25.56
1611.9263555163695	1570.607711504148	25.6
1613.638884009139	1575.0884018399092	25.64
1611.3678064371627	1573.6254118429933	25.68
1612.9823040284512	1578.3310838274235	25.72
1614.3857819612049	1576.6036934625731	25.76
1611.2941650533567	1570.7309933621555	25.8
1614.5861840416019	1576.2710142575183	25.84
1614.5672079564124	1577.1325344737681	25.88
1613.6174151208352	1571.7107716019439	25.92
1615.5393768422803	1575.6825477691168	25.96
1613.7811390307397	1572.82245260198	26.0
1617.121920793032	1578.4327673237183	26.04
1615.5045014686389	1576.246902588878	26.08
1617.327000216258	1578.2163951637915	26.12
1616.513874607233	1575.6375119310576	26.16
1618.1886748534096	1577.3248446063906	26.2
1616.1604542514672	1572.0333277236653	26.24
1619.6055120261187	1579.144671060064	26.28
1615.6486043066116	1575.0287423793563	26.32
1618.390931317224	1577.4458131224733	26.36
1617.6212142329332	1576.900940361657	26.4
1616.9905553447186	1576.6008204976813	26.44
1617.1310196947447	1578.6453275887336	26.48
1617.2090432245811	1577.1791232453531	26.52
1616.1489333590728	1573.9004130946282	26.56
1617.620154958589	1579.662079625243	26.6
1617.5113697671131	1577.4238537056829	26.64
1618.1942558855749	1581.3029433612294	26.68
1618.0674780274976	1578.4239298832592	26.72
1618.6186233825495	1576.2097934700334	26.76
1618.6737363368075	1576.1324651281263	26.8
1617.2854172338411	1573.8726538811895	26.84
1617.4522446766864	1576.288155395951	26.88
1615.4002561752352	1568.479017272413	26.92
1618.2641692188183	1577.8480201219274	26.96
1614.0866096921884	1567.7121144209193	27.0
1619.1686167867251	1577.984414667542	27.04
1614.0261784836368	1568.633411352373	27.08
1619.0946005304327	1584.5447037103775	27.12
1614.8539875978147	1570.1404146835323	27.16
1617.1650482789235	1577.534545305541	27.2
1613.8959392019854	1571.7289195378812	27.24
1616.9142146391341	1574.1271168669205	27.28
1615.5255721476217	1572.5204017182598	27.32
1615.767685107109	1578.1306269836452	27.36
1612.5945803658672	1568.7114329606306	27.4
1615.0749432751193	1575.911203940621	27.44
1612.47350997934	1570.4639176171486	27.48
1614.0332375943722	1572.4870610025985	27.52
1612.402039786034	1568.9373174865627	27.56
1612.860168639939	1572.0824542940225	27.6
1611.9717453157314	1573.4121343611732	27.64
1612.3989256782227	1568.748287785762	27.68
1614.2022792833825	1574.404876837213	27.72
1610.6958171753067	1568.783078156915	27.76
1611.2627044594326	1567.4224630518013	27.8
1611.9080920351903	1571.4242370944207	27.84
1611.723717274121	1569.7679186206503	27.88
1611.7299159261418	1574.0373314442595	27.92
1609.4233133488794	1562.3498551775551	27.96
1611.9052199843609	1565.4721232554039	28.0
1609.4568654851248	1568.0658533722674	28.04
1605.427693334323	1562.8912348052102	28.08
1598.289759831867	1556.997900131355	28.12
1591.9895949456222	1549.3012910202283	28.16
1574.5510467777947	1536.177763756857	28.2
1545.7996781084735	1514.8418992270676	28.24
1510.5249592662333	1478.1020018785548	28.28
1459.9064796574908	1415.2300861847973	28.32
1406.8511686097559	1364.410737630142	28.36
1344.8656182449295	1302.3724977061545	28.4
1278.3567274611478	1225.229840802615	28.44
1216.2362518350285	1143.7933435454322	28.48
1154.644413512663	1090.197159853799	28.52
1094.6242164479056	1041.1009378022702	28.56
1050.2461530128603	1002.3211774118294	28.6
1007.645605918749	963.5321645592217	28.64
967.4625107420533	920.4877356432364	28.68
932.1886452313823	891.7001902215791	28.72
904.3817002275877	847.7918609892793	28.76
882.4908512191778	821.4676181695094	28.8
861.490064522885	793.9325651286363	28.84
847.4388376204205	783.1337993499496	28.88
833.8965664311664	786.4563085469069	28.92
816.1972781485132	780.150031225225	28.96
809.2117883205216	772.7181717125015	29.0
803.5758305980002	775.1662576533198	29.04
794.9470795552247	770.9729194238756	29.08
796.6299514983815	775.4057015456141	29.12
796.9011367174	760.172127951057	29.16
800.725236459693	779.8787613634481	29.2
805.0857388197285	780.4927954565412	29.24
808.1452138011529	779.7672566997995	29.28
810.3115853340648	785.9744189463604	29.32
813.5297150122229	790.6700832498951	29.36
814.8414172770724	787.3031381564759	29.4
817.4761461182937	791.4388069898104	29.44
816.0643982692154	787.4435673834038	29.48
808.8231785199525	783.5971685960993	29.52
795.9637306421814	773.9280935365737	29.56
794.5766933060016	770.8585894924604	29.6
789.9069943910844	765.1021746484078	29.64
791.1263457845531	773.5720829286887	29.68
796.0698168101358	770.0204302587022	29.72
796.264295739912	770.4196683758587	29.76
795.4536624560898	768.6312913881069	29.8
792.3450620536522	768.9624786821169	29.84
794.2561135178055	766.7468965321515	29.88
796.3102104112066	779.0041166821119	29.92
795.7892879878169	764.542279955579	29.96
792.3321853726236	768.6685551740966	30.0
795.4624510090986	777.281304537667	30.04
793.5892572557319	776.8044977179045	30.08
791.7844354360044	768.3275817843511	30.12
791.7392525770406	771.0854727588463	30.16
784.645945253155	775.8446131666174	30.2
783.9167382561874	782.1911624817902	30.24
781.454661018409	786.5756469423357	30.28
782.8239746784283	786.3086433938895	30.32
782.3543841681623	789.4727963872925	30.36
778.882787111947	770.5761278101048	30.4
775.4126434576752	781.1357809569389	30.44
774.0935109389794	790.1304391765091	30.48
773.5360960623137	774.9708454234502	30.52
775.6148418614358	790.4079076139925	30.56
771.3746599265327	780.4560815843126	30.6
772.9065943582162	781.3687959911101	30.64
772.42503332016	778.2241248960785	30.68
774.0985399402413	783.2305459256418	30.72
775.2660201517106	782.3888665516024	30.76
771.8190073101516	778.608193286824	30.8
773.9055472899009	767.0718104089484	30.84
769.0045394707347	778.274377176651	30.88
769.0066691267455	782.2175106796997	30.92
770.5811203955271	773.247175547319	30.96
773.3703291624785	787.3385650740809	31.0
771.2731892681817	778.9143168512123	31.04
764.8970008894296	782.1948711052212	31.08
767.9609992032863	766.4500685007735	31.12
767.0759323277316	779.8101116294966	31.16
767.4774546685267	767.6170249081626	31.2
765.4681368698907	780.102552090616	31.24
765.0828033709455	771.9739661900458	31.28
764.7942764521935	772.1189742303028	31.32
764.7830440812888	776.3244805694965	31.36
763.2086000059207	756.311546557854	31.4
761.5631309521757	765.2954152653699	31.44
763.5134880518175	774.2833631214828	31.48
763.7928687355889	773.0999569125363	31.52
765.7917756748437	772.5412921852454	31.56
766.9999411746446	781.4250425216164	31.6
762.4213918321545	772.7599554530549	31.64
765.8173899955592	774.8649755245692	31.68
766.9324889771177	775.3582174354282	31.72
767.8753103985839	772.953502850348	31.76
768.9120845000069	769.062197708186	31.8
765.7015049185945	776.5993998416175	31.84
766.1732387094761	779.3630199755096	31.88
761.6718658873148	770.8931293537668	31.92
763.9564360392025	774.9589909255733	31.96
764.6182011374466	775.6956947050038	32.0
768.6632923356432	780.8152223037231	32.04
769.5619408642183	783.8438958608407	32.08
774.3875140124736	789.1709392282482	32.12
772.2236299105664	779.1359162488523	32.16
779.4088634242679	796.3222192286598	32.2
784.2727854164319	785.6760626550332	32.24
785.7804609148674	796.5838033777336	32.28
795.4954713831064	801.2094193614945	32.32
805.4910285923459	795.0159086276943	32.36
808.5651744186641	804.5526296100314	32.4
821.7132316188117	793.0899760511712	32.44
832.523947116172	792.9359945968799	32.48
839.7940845043007	819.5790850890103	32.52
845.4553962426733	801.755543051695	32.56
844.3026525606329	815.3392576088874	32.6
854.2514018098498	830.2628076178269	32.64
864.5820995555254	835.5595512682708	32.68
886.1429632595676	870.4445508933279	32.72
912.2582646740741	910.2836742762231	32.76
941.4275911850659	947.0863694882783	32.8
970.1962925933935	991.9443307945946	32.84
995.4652475387427	1035.942080928177	32.88
1029.8472680173759	1093.7488778554941	32.92
1081.3580640956577	1107.697483103637	32.96
1149.4375716038842	1044.2521215091608	33.0
1230.761593450987	1111.6176701864706	33.04
1361.1033080731881	1207.081041329332	33.08
1500.656084983014	1310.8026176461033	33.12
1615.7792989484094	1497.839447089679	33.16
1729.8549534719148	1641.4191727870552	33.2
0.0	0.0	33.24
0.0	0.0	33.28
0.0	0.0	33.32
0.0	0.0	33.36
0.0	0.0	33.4
0.0	0.0	33.44
0.0	0.0	33.48
0.0	0.0	33.52
0.0	0.0	33.56
0.0	0.0	33.6
1349.1357631060566	1307.484891840278	33.64
1223.723235255385	1183.2254480563372	33.68
1105.9757728789123	1071.7804012823265	33.72
1006.6999918546089	970.1322417461794	33.76
948.1222375856435	906.9321154992288	33.8
931.9513919615581	871.3564336771221	33.84
937.3539567726851	826.5931591112779	33.88
976.2220259128849	846.2210596333642	33.92
0.0	0.0	33.96
1063.1602837980504	918.541484792952	34.0
1078.799302885417	950.6601632501457	34.04
1086.2844994812995	959.7462624074539	34.08
1090.0289330745813	971.6094059685929	34.12
1089.4384228997292	986.0237430960921	34.16
1087.8612380586983	989.4600778676602	34.2
1086.9784387980092	976.5485895371991	34.24
1091.4906413083434	974.21012886673	34.28
1092.8179153881083	974.8016767351937	34.32
1090.657293238876	976.9243391718168	34.36
1086.6829126949349	977.9139992195076	34.4
1085.2773097891804	979.8393041377727	34.44
1083.1087941891112	979.009624258211	34.48
1080.5680935013302	981.8882936908395	34.52
1076.474124139422	983.5179373694825	34.56
1071.6797816242747	982.7566460027948	34.6
1069.27392877559	982.6623394872545	34.64
1067.9822228513428	983.5220862530978	34.68
1068.1089764708252	983.0370408117017	34.72
1064.916452444661	977.4963805497953	34.76
1064.7019675982165	974.1546823454294	34.8
1063.9207258447261	970.4664558897581	34.84
1062.901164071043	970.8281833582708	34.88
1062.576265927223	968.0852989926157	34.92
1060.0859915432775	968.1581055769813	34.96
1058.1631638612273	963.8089187321998	35.0
1056.3154548985206	962.5842590051896	35.04
1055.9863358899831	959.6499873049465	35.08
1053.2049010669714	961.6846786887602	35.12
1053.9712944417033	962.0324428971393	35.16
1052.9175212473488	961.144602981982	35.2
1052.8500998892614	960.5402961004486	35.24
1054.3737208980017	958.3025986949552	35.28
1054.2844599322495	959.0527464071209	35.32
1055.1561094596811	959.500584580669	35.36
1056.2668441707287	960.4635105403717	35.4
1056.5095764658731	962.1000218897209	35.44
1058.3042572923912	963.1797047844465	35.48
1062.0858278574367	967.0699459003195	35.52
1065.8724303339723	967.7267062539484	35.56
1068.7521320868586	974.024383151101	35.6
1072.5909966757429	977.9253084732593	35.64
1077.47672343581	984.8844315069707	35.68
1083.1302392379423	991.4349893094986	35.72
1087.7500334885985	997.2548418370866	35.76
1092.468157231561	1001.987142953497	35.8
1097.0950232953012	1006.0697674339397	35.84
1104.199877987454	1010.3338757902366	35.88
1113.6663399470654	1013.039583446511	35.92
1122.0853466401202	1018.6493709625215	35.96
1129.3457671441595	1022.6888015408457	36.0
1136.331215345525	1028.9611849141143	36.04
1140.1550388172413	1032.813606466619	36.08
1143.623196971564	1034.3611557356053	36.12
1147.2371700369295	1043.4123242879168	36.16
1157.3119807538253	1041.1936351407792	36.2
1158.727110433704	1050.038833505289	36.24
1165.7746189864977	1055.9871270041008	36.28
1168.9139391635915	1058.2558257625376	36.32
1171.7450253704585	1064.6325501144565	36.36
1178.56609543669	1068.186235555012	36.4
1183.9879863282604	1073.56622176565	36.44
1190.860925069782	1076.954023816187	36.48
1199.7516352461853	1083.9508511128915	36.52
1205.0942648541256	1091.077352693689	36.56
1209.2898366333495	1092.5923880655384	36.6
1213.5267543765874	1099.7205161419417	36.64
1220.0783169327408	1107.5800174597794	36.68
1221.9697557872532	1111.9868021492741	36.72
1223.6608932636705	1110.7199089475623	36.76
1227.102204422497	1113.955955496924	36.8
1228.7786844371312	1116.1957612521303	36.84
1229.7344661455256	1121.237265217318	36.88
1230.9474357213717	1120.7392790084048	36.92
1232.758127184064	1121.6403336850472	36.96
1234.8806975392233	1121.5363286131783	37.0
1235.8235224389866	1123.9350151149429	37.04
1234.6791642548353	1125.0146994653624	37.08
1237.0622214127638	1125.789993803199	37.12
1237.8883071648272	1128.185216397279	37.16
1238.9508103140126	1126.0364327105276	37.2
1239.9633487408025	1127.5338978707007	37.24
1238.978870622118	1126.3449109878327	37.28
1238.6575062974177	1129.5338907029543	37.32
1238.3627462889408	1128.5594536236558	37.36
1239.8998769690004	1128.4286981408193	37.4
1238.9425452501457	1127.1830995713442	37.44
1237.655647903638	1128.6780702339624	37.48
1235.8697783470911	1125.5415050327224	37.52
1234.990948016901	1125.6360624612232	37.56
1233.3381232390334	1127.6308491896089	37.6
1233.518271862333	1126.191648653186	37.64
1232.950035048043	1121.7774353820018	37.68
1232.1571751858557	1121.6981262654785	37.72
1232.3232839318566	1121.8487662802852	37.76
1231.6546976482516	1119.5223635836505	37.8
1231.49368075571	1120.6543102746034	37.84
1232.2503350163904	1122.0259853894192	37.88
1230.992143733555	1121.8980739382546	37.92
1230.452960394026	1120.189691424423	37.96
1231.0935397404328	1121.2576599257616	38.0
1230.4548660499843	1123.1703611249761	38.04
1231.2696523221978	1122.8464537132106	38.08
1231.2916468846206	1124.384698432968	38.12
1231.5258076604175	1123.4843634797542	38.16
1230.5041762441815	1123.483698143462	38.2
1231.5648488096674	1118.6507926440938	38.24
1233.6095486797153	1123.884054355819	38.28
1233.8086033247284	1124.1824930025298	38.32
1234.0265044133082	1122.0434398026027	38.36
1234.712287735918	1124.2073915701008	38.4
1233.1932011099668	1125.1522354885474	38.44
1233.8373727933374	1125.4061350102172	38.48
1233.2804731636754	1124.8229906619122	38.52
1231.5253002875506	1124.3947014581865	38.56
1231.787259676725	1119.606582416861	38.6
1234.490378291563	1125.1575309711131	38.64
1232.3709063974434	1125.6282139444875	38.68
1233.3614061794324	1121.172025800743	38.72
1233.1306891624627	1121.2151483175805	38.76
1234.7921610494898	1120.7950757039616	38.8
1233.2785687162602	1119.7279178006254	38.84
1234.4330570457364	1119.15067989308	38.88
1233.077882700547	1122.3119185782994	38.92
1231.8371032556654	1126.404006579309	38.96
1230.451865386657	1122.7410573223617	39.0
1231.505146980583	1122.1600420311854	39.04
1233.0301825960219	1122.0310081393236	39.08
1232.0913201820833	1124.9488467699505	39.12
1232.0490772321878	1127.0014375875764	39.16
1232.2253742157527	1124.761252802649	39.2
1232.1479061869597	1123.268063934882	39.24
1231.2611798044775	1118.4188022831693	39.28
1230.8644629904607	1117.7118399042442	39.32
1231.9079857291335	1117.6508962191597	39.36
1230.9708887582758	1121.1881577652462	39.4
1229.6737710709824	1122.7130236828846	39.44
1230.8480531691312	1118.3978323861634	39.48
1232.4215425477043	1120.271182718603	39.52
1230.0725536697144	1122.2297108748396	39.56
1231.3374967456894	1125.1738995601327	39.6
1229.7191197511927	1122.799513875795	39.64
1228.4046459227343	1119.917554071494	39.68
1229.1331340523745	1121.903055078192	39.72
1228.6824969763804	1121.3207896550955	39.76
1229.189981731337	1118.9586996396056	39.8
1227.9118344772148	1119.20252612475	39.84
1226.9220875172186	1116.4960599095564	39.88
1227.724692207138	1116.7191075388857	39.92
1227.1763698493291	1118.2605460444531	39.96
1226.7319859483264	1117.3258652460954	40.0
1226.5248745394897	1117.3368298632597	40.04
1226.948425592772	1115.4083579292658	40.08
1226.9244900337003	1115.0004931717833	40.12
1228.6995182202563	1119.0102961997316	40.16
1229.3003150671645	1119.8499584949068	40.2
1228.4262893723321	1120.684397725833	40.24
1228.610986700213	1119.5556033839673	40.28
1229.0164282347387	1116.5508976919782	40.32
1229.239630226673	1116.2061302122574	40.36
1228.8524002857753	1116.8706205878707	40.4
1228.8809719327664	1116.222280616877	40.44
1229.0994979591037	1119.8513874644664	40.48
1227.8589476638147	1122.2441121189706	40.52
1228.3529002809175	1123.3771631564155	40.56
1227.6575308834385	1120.7771195500507	40.6
1227.1799722367984	1119.6389521813599	40.64
1228.836185929054	1115.2046586745157	40.68
1228.4241378561069	1116.0766025005635	40.72
1228.2754363812653	1118.7499528544638	40.76
1227.0821458010848	1117.3492543437012	40.8
1227.9376857394025	1118.5253471930564	40.84
1227.7841791948206	1117.098850618339	40.88
1226.202997896369	1118.7281967461058	40.92
1226.1976622018674	1118.8789787753342	40.96
1225.65491789118	1116.843741567285	41.0
1226.3036591855446	1118.6674265805634	41.04
1226.3480091183671	1118.1966450551179	41.08
1225.233103039524	1115.6347376337785	41.12
1226.2944089223759	1117.2978086203793	41.16
1226.8958338423358	1117.3453266302922	41.2
1226.5848159754848	1116.979117848718	41.24
1225.9305478769365	1115.889653819542	41.28
1227.0317351010092	1117.4995061988755	41.32
1226.8775892771657	1118.4058551241426	41.36
1225.7777274576404	1114.35856116962	41.4
1227.4295732532216	1117.6783406710686	41.44
1226.9469928127714	1116.842529395477	41.48
1227.5354023354648	1116.8056268936605	41.52
1227.5979850824456	1116.465973665774	41.56
1227.2324712009872	1120.8775678333868	41.6
1227.2233245608218	1119.3739194583084	41.64
1227.7650803085032	1117.9212269435432	41.68
1227.436546110076	1119.0616332362247	41.72
1228.36943985548	1122.3459321701591	41.76
1227.6875991964075	1119.1033291486317	41.8
1228.093810936694	1119.461108497392	41.84
1227.8211544498674	1116.6643537821394	41.88
1226.5216003859202	1115.7736857690095	41.92
1226.1132064496678	1117.3972972231852	41.96
1226.1510993012182	1116.2536891032644	42.0
1226.2963915308474	1113.5875878624652	42.04
1225.1475388078516	1114.8137780920595	42.08
1225.129460448378	1114.3217588427751	42.12
1223.4129166467421	1116.3613888559098	42.16
1222.2459608946583	1111.2837898052155	42.2
1216.3356683909628	1112.6713130675967	42.24
1212.120340698691	1102.7966033315952	42.28
1209.8198690919687	1094.960109606578	42.32
1206.0532053266757	1088.1866915156606	42.36
1199.7863293131845	1087.3382433165418	42.4
1196.3898779656074	1081.8875370011365	42.44
1191.0033757321507	1080.014739290748	42.48
1182.145467540322	1077.2947082917938	42.52
1176.1889263633223	1066.0891572530568	42.56
1166.4215214316446	1054.6405653876805	42.6
1156.6993789410337	1046.34175546642	42.64
1150.1228824878858	1036.706935935779	42.68
1145.776062301012	1022.9844039100138	42.72
1138.0510310040938	1016.988955563705	42.76
1134.4654140756174	1012.4954995818871	42.8
1131.0999162452802	1006.469261282456	42.84
1130.5993710416672	1013.2570029740741	42.88
1129.3486976926797	1010.428145179573	42.92
1132.3739562814708	1015.0177773797196	42.96
1135.4476179440878	1015.5849991398096	43.0
1132.6060035802554	1016.0059365385233	43.04
1131.3571766817786	1017.3292680576659	43.08
1131.1059417680285	1014.6395610191726	43.12
1132.1123994884892	1013.710037659366	43.16
1132.293252251098	1016.8477960247866	43.2
1130.460943758634	1012.3293858099095	43.24
1130.3374481185951	1010.6504491335263	43.28
1130.2447475520908	1013.0648796696984	43.32
1129.2293930407493	1010.5229258045122	43.36
1130.0446974683864	1011.9015279342728	43.4
1129.3984311218717	1012.3647601837581	43.44
1128.5483342372086	1012.1307786159783	43.48
1128.8637537980783	1014.0646838915093	43.52
1128.8168748507023	1011.6494206371043	43.56
1129.8418681205674	1011.777598718579	43.6
1129.6342168507229	1012.8223192441915	43.64
1128.0530279504073	1011.7984225256981	43.68
1129.3853817887448	1010.4343027752161	43.72
1129.9924022368216	1012.6927648808407	43.76
1130.2881229479792	1012.2409237020609	43.8
1129.9490030113325	1010.1862571056728	43.84
1129.2707926197759	1015.060674463379	43.88
1128.838238401004	1015.1546877931862	43.92
1130.1993138076084	1018.0251399597071	43.96
1130.924243061076	1014.0458258931521	44.0
1131.7111961708304	1014.8463722102113	44.04
1131.1293145484403	1014.3698028120226	44.08
1132.404610767089	1013.3064513526421	44.12
1132.1188233025277	1015.0898062403091	44.16
1134.6203528555043	1015.1796029594519	44.2
1134.6556129460303	1015.0155649257758	44.24
1138.170960929655	1017.8102526201254	44.28
1138.431730801448	1017.2031287415233	44.32
1138.3651800075581	1015.8114418152053	44.36
1140.119780924578	1014.8246499817108	44.4
1138.695137911941	1017.2630068792366	44.44
1140.8758387104244	1018.428154362321	44.48
1140.074642907426	1019.1287717843826	44.52
1140.6482847115353	1021.1927798239478	44.56
1138.7731713594396	1025.312886111296	44.6
1138.5295934327896	1022.5488712340216	44.64
1140.294299458502	1024.310790196085	44.68
1140.5732633842142	1024.1612947675858	44.72
1140.0853723158411	1023.6900681770294	44.76
1140.4268561322622	1021.7509337337982	44.8
1142.4064789857684	1020.9836272029827	44.84
1144.0088274806938	1022.3295223950239	44.88
1140.9542408168907	1021.4174672489635	44.92
1139.832789547631	1025.7270864427053	44.96
1137.882011911141	1021.7377104908359	45.0
1138.7778738544473	1022.7384986209585	45.04
1138.9640463925505	1021.2584093859916	45.08
1140.407596907571	1020.4332387920277	45.12
1141.468671820395	1022.4933253301297	45.16
1141.2731235818444	1020.2677545797062	45.2
1140.6452155375603	1018.1761789485284	45.24
1141.4794534027196	1020.645675832284	45.28
1142.7071615300358	1023.3852452952478	45.32
1142.10079933408	1021.342742719344	45.36
1141.7387964820841	1021.9617981259232	45.4
1139.382178465715	1024.3408846830287	45.44
1139.6461019316287	1024.7707502592052	45.48
1141.3992207860358	1022.2329174866123	45.52
1140.7916641985055	1022.0539046898531	45.56
1141.0553659267634	1021.7675674674023	45.6
1139.6654306282805	1021.2207683251042	45.64
1138.9806024862328	1020.3534184450712	45.68
1138.5262148641857	1020.8789931118087	45.72
1139.6049211516477	1021.3537489884111	45.76
1138.969848623774	1019.6714010688622	45.8
1136.6840299782039	1022.2026045809467	45.84
1136.82468070286	1025.3110616643742	45.88
1136.6769559201623	1024.0639133929524	45.92
1135.7087318637864	1019.832830156139	45.96
1136.4926117252758	1024.7732613030626	46.0
1136.191407179606	1022.3594278030112	46.04
1136.6293466625998	1017.0662899012555	46.08
1140.0547705026738	1016.9605723989447	46.12
1138.439184863026	1024.593380854669	46.16
1138.2656043883078	1023.1560907624718	46.2
1137.2245780192534	1020.8231308435961	46.24
1138.0729329401818	1025.216883206753	46.28
1139.7402945162853	1025.9718640486049	46.32
1139.386276383243	1020.7876272792852	46.36
1138.2064837387616	1022.1058929331898	46.4
1139.1368235782008	1020.1624718693387	46.44
1138.0458227308795	1021.068137684768	46.48
1139.129512612032	1022.5936173511049	46.52
1138.3050150929228	1023.0777565742138	46.56
1140.7655994625734	1024.2617026661483	46.6
1140.0660385697029	1023.2134966233536	46.64
1141.4607805606067	1023.2181549958293	46.68
1139.2141061015466	1024.9531087696064	46.72
1140.908008931455	1022.1331392112046	46.76
1138.55901265039	1023.5867965407772	46.8
1139.0790554367475	1024.4130128953327	46.84
1138.4545484501677	1023.8457128585899	46.88
1138.7998648555536	1022.5576294835743	46.92
1138.606387674914	1022.4383451585486	46.96
1139.3838775491395	1022.016037790518	47.0
1138.6759926415923	1022.7792230811461	47.04
1140.6100116118998	1022.6910131637992	47.08
1143.7602173546811	1022.4421874629089	47.12
1143.8310808605208	1028.5083781277249	47.16
1144.5039793504438	1025.649231344353	47.2
1144.2950630041262	1026.9441885201336	47.24
1145.324001849045	1029.4340237533	47.28
1144.583001763513	1030.5682859033407	47.32
1145.01978041392	1027.54255831985	47.36
1145.5382902903018	1028.0479904389292	47.4
1145.7289135056503	1024.3781960852502	47.44
1145.628243013846	1030.9294113961978	47.48
1146.9228795204592	1022.201974068843	47.52
1148.7328056877839	1027.2461953772793	47.56
1149.1505052001055	1028.418621534314	47.6
1145.9263472389684	1026.9533109205504	47.64
1146.173622476088	1026.9559268753546	47.68
1145.703506951464	1027.0039084019797	47.72
1145.7036792803185	1026.8066530908814	47.76
1146.277028784889	1028.0798123641237	47.8
1148.9211595183806	1030.9617646716492	47.84
1146.2415193078562	1025.9023235048562	47.88
1149.0213097028895	1024.919072470299	47.92
1148.6802638591394	1024.5159838216732	47.96
1149.6663277753214	1026.4745795195647	48.0
1149.2822628849638	1030.02168954164	48.04
1147.8981355609126	1032.001410991761	48.08
1148.3542075278208	1033.0632683921092	48.12
1147.8591401533404	1027.1981116409133	48.16
1150.626060406675	1023.5868312611831	48.2
1150.51496570299	1028.652658233487	48.24
1149.72313874307	1030.6963525393057	48.28
1150.503562914009	1032.9493794394575	48.32
1151.6667018683445	1023.9873617169651	48.36
1152.0435967554993	1023.1688146863027	48.4
1149.536045126719	1028.2047934609625	48.44
1148.9814891037868	1030.0941359223207	48.48
1150.6609022965217	1026.7580694132635	48.52
1152.178827933242	1027.9448926202167	48.56
1149.7875407023962	1029.1385403597526	48.6
1155.0302267735694	1025.9875822923789	48.64
1151.2274403901006	1022.9899799039873	48.68
1153.7770497544593	1027.9174740992628	48.72
1150.2854906129173	1031.4007465851093	48.76
1148.9149057221857	1026.4597037560343	48.8
1151.7329147065955	1027.2149777931063	48.84
1149.9566602877967	1027.312988082082	48.88
1151.977705555517	1024.8346451013372	48.92
1153.1311793648051	1026.9680963886942	48.96
1150.2972747041638	1032.6815529396677	49.0
1149.7764567828874	1033.0933579137466	49.04
1150.7029011659126	1029.3541088915188	49.08
1150.7846685053148	1032.4545012328967	49.12
1150.306149350815	1029.5749856765885	49.16
1150.6715719166032	1029.4210218274468	49.2
1151.2029558751253	1029.7203388377372	49.24
1151.7760445547315	1028.4386693406561	49.28
1150.3795491879152	1031.6168863460355	49.32
1151.2803148383211	1028.1618759449834	49.36
1152.42754655289	1027.5125938856581	49.4
1150.6851219483801	1027.5231191990167	49.44
1148.21507166872	1024.7637581839401	49.48
1150.099333633313	1027.45495320506	49.52
1153.296850725983	1030.3942642145164	49.56
1151.1004613058246	1029.007443488373	49.6
1149.8248771906651	1029.1114978304918	49.64
1149.784944320519	1029.1694854357283	49.68
1151.451991020805	1030.1882085327347	49.72
1152.2256497631888	1026.0006485546728	49.76
1152.2402304970674	1029.359660119148	49.8
1153.7068796422184	1029.8963013574942	49.84
1152.8928237806442	1032.1936934720434	49.88
1153.7360422883285	1025.2873096714557	49.92
1155.5138971803333	1026.6529345489598	49.96
1154.2308150413758	1027.9616244895985	50.0
1154.1773967060599	1027.5699667461201	50.04
1152.3376891609796	1026.1148027818326	50.08
1150.9399404162227	1029.4258897374214	50.12
1152.4698368886004	1029.8593017355697	50.16
1154.0784604902874	1029.9954193441306	50.2
1152.6948664873591	1026.3185556405515	50.24
1153.0641690037883	1025.0287562897581	50.28
1154.0653468203727	1024.0353218903426	50.32
1154.8999291662087	1024.4753228964298	50.36
1154.9429593065247	1024.7855861848104	50.4
1149.8219133171099	1024.0105566338873	50.44
1153.1655748751773	1023.2460317230436	50.48
1152.7704064956085	1018.4192137257286	50.52
1151.2133282784212	1023.4591122359833	50.56
1145.460090622821	1026.6868739857475	50.6
1143.8574926473057	1024.311839371754	50.64
1141.4223298096738	1025.6438392399004	50.68
1143.4194835211408	1023.335283850979	50.72
1146.0346555625154	1023.9968003202632	50.76
1143.5012281368454	1024.866150780852	50.8
1148.5518718636067	1028.3239168649056	50.84
1148.6621634428022	1026.2651842784246	50.88
1145.5416283643513	1028.4353454621705	50.92
1145.3724274256735	1027.1121944615043	50.96
1142.5935732390278	1026.4829303881202	51.0
1140.77571726116	1026.0317865202837	51.04
1144.2440474356872	1026.5090629170002	51.08
1142.4990029485127	1027.4573721858028	51.12
1140.2340080307783	1029.354937810307	51.16
1142.0176272096098	1026.6891391012932	51.2
1143.618162632163	1029.530725854066	51.24
1144.872616597522	1030.6306260761567	51.28
1144.9691726180515	1033.2471685838188	51.32
1146.6934884872878	1035.3515798760432	51.36
1149.6066939702116	1036.6327710854107	51.4
1150.364570218135	1036.518589304357	51.44
1152.4215706150935	1038.2443849193767	51.48
1153.639127310097	1037.8139684912699	51.52
1154.672061519448	1041.503174166662	51.56
1158.4503084267233	1043.6319332108503	51.6
1162.9310140674427	1054.387713931614	51.64
1169.1765494290273	1061.2805900562005	51.68
1174.9917520920294	1069.3392359174086	51.72
1183.5611663730476	1080.0442703074373	51.76
1194.4203520637498	1080.2804599469034	51.8
1202.1919500133401	1087.683683999609	51.84
1211.078548480312	1094.8306119865106	51.88
1217.124529327253	1098.9669346770881	51.92
1221.7301972846537	1098.1448428357226	51.96
1218.5177138912352	1094.8501694639735	52.0
1196.3246886966722	1080.2376865486533	52.04
1160.372146477437	1034.7825235141697	52.08
1115.318119012774	1010.3205787679204	52.12
1081.1693370334503	1004.1771108857788	52.16
1065.5733901737542	990.8563434416336	52.2
1082.371351565892	1006.2707494945853	52.24
1114.328002839013	1061.5756769180352	52.28
1156.6604154605361	1115.9275631687462	52.32
1205.6369214880037	1172.2528721301128	52.36
1246.224500890758	1235.604656349463	52.4
0.0	0.0	52.44
1235.8287724271938	1256.2495585372017	52.48
0.0	0.0	52.52
0.0	0.0	52.56
0.0	0.0	52.6
0.0	0.0	52.64
0.0	0.0	52.68
0.0	0.0	52.72
0.0	0.0	52.76
0.0	0.0	52.8
0.0	0.0	52.84
0.0	0.0	52.88
0.0	0.0	52.92
0.0	0.0	52.96
0.0	0.0	53.0
0.0	0.0	53.04
0.0	0.0	53.08
0.0	0.0	53.12
0.0	0.0	53.16
0.0	0.0	53.2
0.0	0.0	53.24
0.0	0.0	53.28
0.0	0.0	53.32
0.0	0.0	53.36
0.0	0.0	53.4
0.0	0.0	53.44
0.0	0.0	53.48
0.0	0.0	53.52
0.0	0.0	53.56
0.0	0.0	53.6
0.0	0.0	53.64
0.0	0.0	53.68
0.0	0.0	53.72
0.0	0.0	53.76
0.0	0.0	53.8
0.0	0.0	53.84
0.0	0.0	53.88
0.0	0.0	53.92
0.0	0.0	53.96
0.0	0.0	54.0
0.0	0.0	54.04
0.0	0.0	54.08
0.0	0.0	54.12
0.0	0.0	54.16
0.0	0.0	54.2
0.0	0.0	54.24
0.0	0.0	54.28
875.8366331610109	833.901821594336	54.32
878.2737150199005	830.7691378748758	54.36
878.5752628393074	841.6530525251334	54.4
882.7142917559122	846.7485776597474	54.44
881.0960477583966	844.7413271308424	54.48
886.2992804180569	855.4430392437857	54.52
887.3376375968569	853.7714096848546	54.56
888.3244562268807	844.7194545797196	54.6
887.4355356525737	849.2844794274362	54.64
885.4436677752741	846.3637700034864	54.68
885.3804037217868	845.2710421785874	54.72
888.3812083114609	838.9392699918882	54.76
887.737098051742	850.0665418363402	54.8
886.863302139151	843.9833674410615	54.84
885.9321329856618	843.6032967530992	54.88
888.4557828978656	842.1965323473395	54.92
889.563416957399	835.6243392714115	54.96
890.7379851011956	838.9651866076297	55.0
887.6817251829686	834.2326668728335	55.04
888.4829851561852	845.116970724882	55.08
889.0131450871414	840.163197916431	55.12
890.0077661324675	838.9484700928979	55.16
891.7154675630982	847.7492837506353	55.2
893.0879214087654	847.7954608674144	55.24
892.5768405046713	857.4908952643001	55.28
894.8061943860433	847.1637432293486	55.32
895.3363215529936	857.9902345831575	55.36
895.1436608804595	853.7127018882547	55.4
896.3395732432805	855.7916458980098	55.44
898.3742682179372	849.4505558360648	55.48
899.0059641744537	860.6221825712336	55.52
899.0671226453798	848.3901399957223	55.56
902.7036292215305	862.8320593682346	55.6
904.5133468925137	871.1498149757123	55.64
908.5273326143213	881.8556083721609	55.68
908.3922618917973	883.4677004062652	55.72
909.6591043674347	888.6630057308852	55.76
908.5793601486567	891.1265483698407	55.8
909.1969147857124	883.3493961765146	55.84
910.1719464136894	896.2909097367509	55.88
912.1113154035513	895.089727586827	55.92
912.2699095056586	906.8341378016486	55.96
913.307164911378	902.6957333566545	56.0
913.5572155546374	896.3368949509616	56.04
917.1742352064557	909.7713923048706	56.08
920.2909313633097	911.6676222887489	56.12
919.6397546547887	901.9433024722053	56.16
921.6880317693839	901.9027701562206	56.2
923.3094544302173	906.0441437985202	56.24
925.0410702148773	899.9515215819137	56.28
925.6348059661226	909.2231471075497	56.32
928.2705168869729	909.0739417482903	56.36
935.3588576772283	914.1072663051682	56.4
943.1071965012146	922.6050174434838	56.44
942.5428130818093	925.5980300588855	56.48
942.056094770863	910.1482216472717	56.52
941.2150773897598	907.1662165129372	56.56
948.1394340690111	923.135544466539	56.6
947.8766409360759	918.7875616198432	56.64
947.9588924601996	924.0710878027521	56.68
944.8643933841377	915.6875662043476	56.72
943.2289014469726	921.4424325113783	56.76
948.5826277529945	917.726543472067	56.8
951.8106071401673	927.4611256331187	56.84
947.2399473312803	926.213118066064	56.88
945.6705560598248	919.5116089957824	56.92
945.6367120148734	929.640682148455	56.96
942.5792450461898	919.8052842724834	57.0
939.9115712338845	922.7090576534956	57.04
934.1333946382238	914.9728743266281	57.08
931.6694394627046	916.7140418352415	57.12
927.3902631026915	906.9277646193451	57.16
922.8466080373659	911.2694908042314	57.2
923.5396192630784	901.7081801420178	57.24
918.4847307388374	897.7524435549415	57.28
914.7982525945812	896.141886230664	57.32
915.2694458517619	888.6729537615952	57.36
913.1991594604726	891.328514339187	57.4
910.2080139326389	872.8739981374843	57.44
914.3015745931568	882.7857885079811	57.48
909.6564638986986	882.1004451216271	57.52
907.5950896172499	873.1492079046525	57.56
906.328211511473	878.1796354257696	57.6
908.5512461032007	873.3033918136426	57.64
905.7037137726093	880.9953805220122	57.68
907.4698154398727	878.9876413410938	57.72
909.6271261035496	880.2456039242393	57.76
911.6509639101994	878.9472936743455	57.8
910.916830741612	878.531122248666	57.84
909.4950949722071	879.7834552934894	57.88
913.0779541553253	881.8655203990521	57.92
911.4798423371119	893.0170527883143	57.96
912.8996203282774	883.2875081368829	58.0
915.8424745030754	888.3545720897604	58.04
912.5521024072966	883.7738331291313	58.08
914.8664222447956	887.3247901063509	58.12
914.3249369318942	885.371613774752	58.16
915.3856774902974	882.2397558411174	58.2
912.786354447016	877.6044203753164	58.24
911.4057969975786	888.2041198570485	58.28
912.5943492434704	886.164597535545	58.32
921.4966845281751	883.0030388457097	58.36
921.3258982274596	888.795503384779	58.4
921.144172301457	889.6060380069283	58.44
919.6737851042143	886.7045314745525	58.48
920.0155757707566	890.7165170479615	58.52
917.7451249308917	886.084771874705	58.56
919.2888442167717	890.9202327163954	58.6
916.5959011350419	884.0502848603394	58.64
918.618457708245	880.6610002342555	58.68
919.3067127123991	874.9394428625455	58.72
914.8834108751323	873.710318683036	58.76
915.4813692274184	878.8013331004944	58.8
917.7339751771216	876.3344945649842	58.84
917.2482365762296	883.0533370757937	58.88
922.0171008304794	887.573582385677	58.92
920.6073962800683	888.8628899954927	58.96
918.909565255254	883.1085598172259	59.0
916.7757771205585	881.0469553102006	59.04
916.9159571054673	884.7105330921675	59.08
917.5671031454973	877.631973407149	59.12
922.425770300499	889.4060241502376	59.16
918.3689400202351	876.8549399688834	59.2
919.8708860437669	886.1365472913952	59.24
919.9212864298636	879.1049673774459	59.28
918.9529256804257	877.927521313599	59.32
918.3783377803043	883.4685999900935	59.36
919.845128139861	888.8458262173892	59.4
922.9602537817852	885.2643417127804	59.44
924.1825813521377	893.3431153873444	59.48
923.8011275699371	887.5086528732489	59.52
921.0944818532608	894.4546509623101	59.56
915.2230634609028	885.9257506587134	59.6
913.8946612629697	874.9648238594458	59.64
919.8089168962829	883.8592810868516	59.68
915.445779276127	879.2036105948989	59.72
912.7034385431183	880.2505629762553	59.76
910.5044920049714	873.7681879458952	59.8
913.1247702004906	875.5708688304037	59.84
917.0239461498785	872.9425359355023	59.88
918.0727772224682	877.1162702102384	59.92
920.288478351766	888.4986972177774	59.96
922.1208564907175	884.0471336983579	60.0
921.6282934941245	885.4370134863204	60.04
917.1189733512705	891.0996054693983	60.08
916.816800874344	894.5032707697458	60.12
916.8503191302756	891.4540723009916	60.16
919.8414670075036	893.4151737604875	60.2
919.822536370005	889.1211688691313	60.24
913.0754836187939	887.4053653426005	60.28
914.1704684145832	880.630780692346	60.32
916.3246529537512	881.6004190204375	60.36
914.8893940327682	874.2372592047883	60.4
912.0208052629129	874.7428671094034	60.44
914.0393309725993	874.3235208683454	60.48
911.6187465041062	871.8204210691293	60.52
912.798643201435	870.6920063985789	60.56
914.2362775015979	872.5560330429411	60.6
914.9848610856803	877.091219805134	60.64
916.2371879875907	885.3406966799008	60.68
920.9166245373207	887.6744077779543	60.72
914.1464115406243	886.5010808620119	60.76
907.5619859478776	879.0800621548673	60.8
904.1009709972935	876.3789753102574	60.84
904.9023038338687	881.4748075403537	60.88
906.2436709144838	871.8741010244336	60.92
907.0500084327041	871.6822711640368	60.96
904.0497860408951	868.6878299727061	61.0
899.2420793387802	860.0935535738063	61.04
891.0878574682722	858.4295984645069	61.08
887.6443337041597	851.8919889225539	61.12
885.899276956145	852.48787169329	61.16
882.627157642221	824.8988041012713	61.2
883.1103133101645	816.8398553367435	61.24
880.37540449692	813.9272994077032	61.28
883.7350747239205	818.6996617556335	61.32
889.7116538668644	812.9488200433321	61.36
893.3916829260767	819.3952961464618	61.4
891.2222005328771	821.9786428572299	61.44
887.2836648453335	824.476986574158	61.48
880.7934613937625	815.5462150213496	61.52
870.993564439342	809.8397544867967	61.56
866.8428367540141	816.7589354044028	61.6
867.9906452634312	806.0097685191776	61.64
872.2260132953041	811.5921322957611	61.68
873.5872699183292	813.1388727580091	61.72
880.6556793174999	816.7302511267892	61.76
885.5669829278613	829.4468309144784	61.8
891.803641937435	834.7204903747335	61.84
894.5934725701104	830.2882487228527	61.88
893.4431210100825	835.2704631619422	61.92
887.5668080902251	819.3904862009316	61.96
876.9707844163579	821.4540649528196	62.0
847.5741554129847	813.3013396921115	62.04
819.1584889935484	764.1419241955963	62.08
785.2416886437791	716.0096609873015	62.12
750.1526867119237	674.8101969831548	62.16
726.581963015679	642.5750639708631	62.2
712.5771102179963	645.1145455171919	62.24
0.0	0.0	62.28
0.0	0.0	62.32
0.0	0.0	62.36
0.0	0.0	62.4
0.0	0.0	62.44
0.0	0.0	62.48
0.0	0.0	62.52
0.0	0.0	62.56
0.0	0.0	62.6
0.0	0.0	62.64
0.0	0.0	62.68
0.0	0.0	62.72
0.0	0.0	62.76
0.0	0.0	62.8
0.0	0.0	62.84
0.0	0.0	62.88
0.0	0.0	62.92
0.0	0.0	62.96
0.0	0.0	63.0
0.0	0.0	63.04
0.0	0.0	63.08
0.0	0.0	63.12
0.0	0.0	63.16
0.0	0.0	63.2
0.0	0.0	63.24
0.0	0.0	63.28
0.0	0.0	63.32
0.0	0.0	63.36
0.0	0.0	63.4
0.0	0.0	63.44
0.0	0.0	63.48
0.0	0.0	63.52
0.0	0.0	63.56
0.0	0.0	63.6
0.0	0.0	63.64
828.300317918424	786.1120167351422	63.68
834.0143105499544	791.6340360515844	63.72
834.2691794450252	803.9206625801957	63.76
840.3297526848633	808.3380503762345	63.8
840.8758277263383	815.6552621779874	63.84
841.7741039813399	818.4527368060893	63.88
841.736569035625	818.9294694432792	63.92
842.361148445064	820.9344802425801	63.96
844.2245033454873	815.9232676304947	64.0
848.9985901684079	822.828741424822	64.04
854.4251487467388	827.6506638040736	64.08
861.4395454597376	835.1666247993238	64.12
866.3420585673142	849.8036383573738	64.16
867.8551079524068	837.847599828903	64.2
871.4215365775431	852.7347107305749	64.24
871.7403042452158	847.3607456295954	64.28
872.0776226736975	852.0149341000272	64.32
874.6001613328017	853.7855568572935	64.36
877.0927980270505	865.6196202166719	64.4
881.0249900713909	863.1218937380111	64.44
881.8758008186795	865.561470009001	64.48
888.1474783735621	864.9724673903515	64.52
889.8304193937319	874.9820320914836	64.56
883.8790162422704	877.1058313386179	64.6
882.4619109381257	877.6254025543108	64.64
879.5908162244064	868.3470602137648	64.68
881.6297229061016	870.6784986044435	64.72
881.9667299929736	868.0591375535935	64.76
883.2693421883287	853.9485752405658	64.8
885.1791999784656	866.9855291880089	64.84
886.9010319610338	869.4442694813314	64.88
886.7732787933757	867.1429208572421	64.92
886.0855297184407	874.578362168435	64.96
882.2675737396337	861.8354783953984	65.0
880.8893426366676	861.4986649858715	65.04
881.3493007154725	857.9813463793023	65.08
884.2199189724171	856.5856517735167	65.12
887.8921465891374	863.602410511735	65.16
891.6851977603998	869.7656122642306	65.2
895.1358240027729	870.8201478338178	65.24
899.6953643014499	889.9265189342859	65.28
903.7406384192057	885.8756711378364	65.32
911.0497699437846	880.0274365476253	65.36
915.5971812655957	898.5607621026244	65.4
921.2666421409426	896.3441202550353	65.44
923.3309522677012	903.5110295303525	65.48
923.2816054218486	905.995172180147	65.52
925.2550705683026	905.3399183442508	65.56
928.2850203696479	909.9982462535452	65.6
933.3901211984545	921.4598587501821	65.64
940.0923420803864	918.4466116255109	65.68
944.3762551260257	923.8405058471517	65.72
949.9538295720979	921.047989115456	65.76
952.3026371833477	926.7433603899016	65.8
954.2004577307454	930.5348137108165	65.84
951.8423273673707	904.431454594853	65.88
948.4266051076505	871.6939669638239	65.92
938.9898830448317	847.4838656024093	65.96
932.3453251427209	818.535810353975	66.0
935.2708636348942	787.2952528808798	66.04
934.9237931906733	765.0467627196784	66.08
938.6584345761944	749.9332115396318	66.12
943.1146479776922	739.3145813855995	66.16
948.4945330469333	730.218079859354	66.2
957.8564360023894	734.913573946125	66.24
954.5050582669459	744.554246262383	66.28
949.2311466327392	755.5757284444238	66.32
942.3181978536644	766.6160470985836	66.36
936.6599204429544	792.5744210602709	66.4
941.5933339353151	829.624730091945	66.44
954.0485912793632	893.9247677791103	66.48
979.0750732224592	939.7319063987097	66.52
1031.1142742906707	1008.169712164849	66.56
1118.5337535430313	1095.059767888023	66.6
1230.3606895555365	1200.5994845486512	66.64
1370.1934555393104	1332.9992003999641	66.68
0.0	0.0	66.72
0.0	0.0	66.76
0.0	0.0	66.8
0.0	0.0	66.84
0.0	0.0	66.88
0.0	0.0	66.92
0.0	0.0	66.96
0.0	0.0	67.0
0.0	0.0	67.04
0.0	0.0	67.08
0.0	0.0	67.12
0.0	0.0	67.16
0.0	0.0	67.2
0.0	0.0	67.24
0.0	0.0	67.28
0.0	0.0	67.32
0.0	0.0	67.36
0.0	0.0	67.4
0.0	0.0	67.44
0.0	0.0	67.48
0.0	0.0	67.52
0.0	0.0	67.56
0.0	0.0	67.6
0.0	0.0	67.64
0.0	0.0	67.68
0.0	0.0	67.72
0.0	0.0	67.76
0.0	0.0	67.8
0.0	0.0	67.84
0.0	0.0	67.88
0.0	0.0	67.92
0.0	0.0	67.96
0.0	0.0	68.0
0.0	0.0	68.04
0.0	0.0	68.08
0.0	0.0	68.12
0.0	0.0	68.16
0.0	0.0	68.2
0.0	0.0	68.24
0.0	0.0	68.28
0.0	0.0	68.32
0.0	0.0	68.36
0.0	0.0	68.4
0.0	0.0	68.44
0.0	0.0	68.48
0.0	0.0	68.52
0.0	0.0	68.56
0.0	0.0	68.6
0.0	0.0	68.64
0.0	0.0	68.68
0.0	0.0	68.72
0.0	0.0	68.76
0.0	0.0	68.8
0.0	0.0	68.84
0.0	0.0	68.88
0.0	0.0	68.92
0.0	0.0	68.96
0.0	0.0	69.0
0.0	0.0	69.04
0.0	0.0	69.08
0.0	0.0	69.12
0.0	0.0	69.16
0.0	0.0	69.2
0.0	0.0	69.24
0.0	0.0	69.28
0.0	0.0	69.32
0.0	0.0	69.36
0.0	0.0	69.4
0.0	0.0	69.44
0.0	0.0	69.48
0.0	0.0	69.52
0.0	0.0	69.56
0.0	0.0	69.6
0.0	0.0	69.64
0.0	0.0	69.68
0.0	0.0	69.72
0.0	0.0	69.76
0.0	0.0	69.8
0.0	0.0	69.84
0.0	0.0	69.88
0.0	0.0	69.92
0.0	0.0	69.96
