Thumb_L	Index_L	Time
0.0	0.0	0.04
0.0	0.0	0.08
0.0	0.0	0.12
0.0	0.0	0.16
0.0	0.0	0.2
0.0	0.0	0.24
0.0	0.0	0.28
0.0	0.0	0.32
0.0	0.0	0.36
0.0	0.0	0.4
0.0	0.0	0.44
0.0	0.0	0.48
0.0	0.0	0.52
0.0	0.0	0.56
0.0	0.0	0.6
0.0	0.0	0.64
0.0	0.0	0.68
0.0	0.0	0.72
0.0	0.0	0.76
0.0	0.0	0.8
0.0	0.0	0.84
0.0	0.0	0.88
0.0	0.0	0.92
0.0	0.0	0.96
0.0	0.0	1.0
0.0	0.0	1.04
1324.0925121411885	1337.4612636645359	1.08
1303.7357138532936	1314.1896014824715	1.12
1270.4123554144612	1277.6323288051783	1.16
1269.9318305417125	1266.3200994963706	1.2
1278.2650050912237	1269.1300943369333	1.24
1280.3990548054865	1271.7082336877274	1.28
1281.5279616756698	1273.467813616784	1.32
1284.799643178727	1278.7209184580172	1.36
1285.6032228229385	1280.3518761439152	1.4
1290.0862078218768	1288.7757944812088	1.44
1291.1235452094857	1288.5641898154906	1.48
1290.1990163290943	1285.0008281254386	1.52
1288.5633518267412	1284.6293984726292	1.56
1283.3770217894926	1277.348752735658	1.6
1279.8416869427526	1273.7005271182243	1.64
1277.1361271766461	1270.3711280047698	1.68
1275.970936237142	1270.8323786377873	1.72
1275.862431798388	1270.0921863876365	1.76
1274.534646954164	1269.1528303759032	1.8
1274.1458708051125	1267.915563129268	1.84
1272.880411071858	1268.1357654097196	1.88
1272.0217442521596	1268.0952535020133	1.92
1270.1076419790884	1269.3150422325336	1.96
1271.9081371982393	1272.6012181726278	2.0
1276.501464270569	1275.8751007267274	2.04
1279.4761851713165	1280.9673571946748	2.08
1272.7649548979307	1296.2060806634422	2.12
1308.1059502827486	1287.1630704282588	2.16
1317.7135182532952	1230.6403907489157	2.2
1316.09897048563	1175.7991902972724	2.24
1308.2194125472395	1122.7295504224344	2.28
1305.0456096065636	1084.4337403135835	2.32
1297.651745374913	1079.4988429072575	2.36
1297.5100173559633	1092.5701331048792	2.4
1291.6220530441933	1109.0008280805544	2.44
1268.9934971219268	1156.0047597309738	2.48
1238.838372692958	1168.4206056668136	2.52
1228.5130725760923	1173.447013374764	2.56
1218.2940359254983	1174.4552482167323	2.6
1223.5996819748136	1161.7694879027738	2.64
1232.5853961602622	1158.252978679244	2.68
1222.4779196649533	1153.3645532705318	2.72
1220.788443488821	1150.832769874833	2.76
1227.7136201451053	1149.2741707350383	2.8
1236.32769256578	1152.8125625629868	2.84
1240.488933450615	1159.3464434109012	2.88
1248.5166290542165	1161.7403007082871	2.92
1248.5076466742319	1160.495795302412	2.96
1252.4736456359915	1163.4178964862833	3.0
1252.2420401948473	1164.0109247399294	3.04
1247.8046855290584	1161.8705163603956	3.08
1243.4390256576507	1158.5159842304615	3.12
1239.704511747868	1148.326303557714	3.16
1233.4709190607389	1143.3174301843105	3.2
1225.9473471081317	1140.3624436084392	3.24
1225.3398889110808	1139.5476761040145	3.28
1224.1133174726226	1162.2114969187567	3.32
1226.0846327598867	1174.1794192668876	3.36
1205.1930986456591	1150.3187142634076	3.4
1185.7747298360841	1132.3340135742287	3.44
1170.8304924874108	1102.6343776285046	3.48
1163.206709352547	1099.9488399976806	3.52
1156.931493887579	1093.489150289918	3.56
1149.1732899191738	1086.5443394328481	3.6
1145.019694731434	1073.1176369105522	3.64
1137.6983358596967	1082.0436395837853	3.68
1143.4791989856824	1086.4016181150714	3.72
1148.3524297828983	1094.2257284245027	3.76
1157.5901530627077	1100.0483949007976	3.8
1166.2503220314388	1110.7996528273939	3.84
1170.4734070434815	1112.6921851935124	3.88
1169.5620719069498	1111.6045136069447	3.92
1170.969846490939	1105.2063635614854	3.96
1171.0007500335983	1105.4254835581035	4.0
1170.6901593592174	1103.7601372388992	4.04
1170.035585285769	1110.0719789453099	4.08
1172.5613903628018	1113.77741426286	4.12
1174.5099725871112	1117.130058757029	4.16
1180.3525409860208	1124.0096273328427	4.2
1193.3760337879896	1130.9494663620694	4.24
1219.6081652300643	1168.378400367389	4.28
0.0	0.0	4.32
1581.3052590161346	1584.481840006345	4.36
1678.2630601060132	1716.9755505880141	4.4
1743.0112510765487	1811.7355952333958	4.44
1783.7410719353743	1859.636608593542	4.48
1798.7647283926076	1868.5150833697373	4.52
1806.9312524264228	1865.656249249226	4.56
1804.3382378158583	1858.3079334139388	4.6
1796.9315855214852	1843.7864042005972	4.64
1803.6623309862603	1844.4054397390757	4.68
1818.3977263708048	1863.8569855948922	4.72
1838.8623175650043	1887.5214793669888	4.76
1862.7352107202369	1913.3382179923026	4.8
0.0	0.0	4.84
0.0	0.0	4.88
0.0	0.0	4.92
0.0	0.0	4.96
0.0	0.0	5.0
0.0	0.0	5.04
0.0	0.0	5.08
0.0	0.0	5.12
0.0	0.0	5.16
0.0	0.0	5.2
0.0	0.0	5.24
0.0	0.0	5.28
0.0	0.0	5.32
0.0	0.0	5.36
0.0	0.0	5.4
0.0	0.0	5.44
0.0	0.0	5.48
0.0	0.0	5.52
0.0	0.0	5.56
0.0	0.0	5.6
0.0	0.0	5.64
0.0	0.0	5.68
0.0	0.0	5.72
1547.7715808455607	1515.5063260201598	5.76
1493.5599342809435	1457.8151978996439	5.8
1466.1339023656922	1432.966739519342	5.84
1444.2405989805206	1410.921979499063	5.88
1429.7511067729877	1396.7195766137845	5.92
1423.1390252903443	1380.0541012492629	5.96
1428.347567163488	1391.6469210259934	6.0
1465.7058544368947	1424.4786202427294	6.04
1527.1462682525075	1489.9144078559914	6.08
1582.745676355583	1536.2990035955352	6.12
1618.969903505145	1579.1047845362016	6.16
1646.4042799305196	1604.7149843586853	6.2
1649.8798077189574	1606.453417661092	6.24
1641.075071090244	1607.821983811216	6.28
1624.9923182110101	1589.2304517218995	6.32
1575.027136320863	1530.4285373180705	6.36
1517.845819684553	1481.099024612803	6.4
1471.4727865437599	1425.865564233757	6.44
1432.6369521336103	1391.8025509481954	6.48
1405.0779654160278	1363.3727991512872	6.52
1389.1430176004294	1340.7718932542587	6.56
1373.3852894839272	1326.7982430667462	6.6
1361.2361923996061	1316.0999774779875	6.64
1346.0276334687521	1296.8354635242974	6.68
1334.4542022767291	1288.5515660828394	6.72
1322.8935327947497	1275.5820160759952	6.76
1314.9419546283893	1266.673173305848	6.8
1309.5894504170649	1260.9044059683167	6.84
1302.1881434673292	1252.570875362794	6.88
1299.0186290766396	1245.8879614466673	6.92
1293.9455014435725	1243.158081380645	6.96
1293.1010029489285	1241.2507775554268	7.0
1289.5647998305817	1233.8409627454316	7.04
1285.261796231893	1231.827934012026	7.08
1283.5743273257199	1229.7089652774055	7.12
1286.799670845844	1229.1573811432663	7.16
1288.1197174931856	1227.6585118876594	7.2
1289.3156171797884	1230.3736269663982	7.24
1290.7638959744602	1230.6451364315437	7.28
1290.566148427906	1231.5675593035658	7.32
1288.4271058943295	1233.3334296429146	7.36
1287.9705822020026	1225.1404301986256	7.4
1280.6893690755364	1221.5228011809497	7.44
1276.5176278165122	1224.3567644085304	7.48
1265.294145043143	1223.4489925514329	7.52
1263.5731910857683	1223.9261088730639	7.56
1256.1504067977683	1226.3403499457054	7.6
1251.0406127377798	1222.2301532817162	7.64
1247.3623114065588	1214.252648858787	7.68
1254.9375847962008	1206.5268819119037	7.72
1260.7621303358703	1210.989611579842	7.76
1254.1005913429876	1222.5421760708643	7.8
1245.8157182357186	1224.0810175435581	7.84
1227.7456912729945	1230.1705757074458	7.88
1222.3250788121718	1241.9987897816836	7.92
1223.167359204752	1198.0006897844648	7.96
1227.056647066276	1155.7990727739439	8.0
1243.5273366133683	1172.1407215837166	8.04
1250.7840166912636	1186.237645040009	8.08
1243.4163085888918	1199.1501700608005	8.12
1236.0433113214822	1204.8528127943978	8.16
1225.51916625103	1204.9185192113264	8.2
1212.9869509728046	1211.7242566675013	8.24
1206.6039887096076	1217.4344650201238	8.28
1214.4093206212633	1166.894396731902	8.32
1226.79532458627	1159.0904765802213	8.36
1234.6194617094543	1179.747967146811	8.4
1232.6200283994785	1183.7563176603069	8.44
1227.1175821711004	1176.7994278489296	8.48
1226.127293561403	1181.2556974885067	8.52
1220.247049410694	1183.018539581549	8.56
1224.3613559254907	1186.2358372525678	8.6
1230.474768571716	1147.0196136518564	8.64
1239.9492365482681	1158.2093167225146	8.68
1243.3627229223341	1195.200259915222	8.72
1247.2961083010218	1198.1502490787673	8.76
1239.4436725331625	1201.251252398521	8.8
1232.6736634954395	1204.0367592864943	8.84
1228.4660607802116	1212.2258758849016	8.88
1220.3413205863392	1222.1352343387775	8.92
1223.5284112181016	1209.4821308717358	8.96
1234.2660663171678	1176.9648411192716	9.0
1237.1432875802589	1191.1225428964017	9.04
1240.6505010707936	1199.0273418541299	9.08
1235.8651499875184	1196.4779050819536	9.12
1232.0961158222067	1199.905030673634	9.16
1228.777431988687	1202.6175798665447	9.2
1225.0654323931913	1205.0955734007262	9.24
1222.2708433519529	1204.55865426422	9.28
1240.6754500945242	1180.4738094678153	9.32
1245.5255557370433	1209.8053181907458	9.36
1251.2978415613493	1216.5868894395348	9.4
1240.8138913549278	1203.9610625045727	9.44
1237.0589339922824	1205.6366032780284	9.48
1230.2693399239345	1208.404587766669	9.52
1225.2760387680353	1215.6867860048474	9.56
1227.40399766423	1205.5579550526516	9.6
1236.021260086482	1182.1874022166164	9.64
1235.374661754571	1204.3602800748627	9.68
1243.4572686298482	1208.383542329521	9.72
1244.330258172496	1211.2144442466588	9.76
1241.5133275403698	1215.0074645529821	9.8
1239.2371746986446	1214.5323085765856	9.84
1242.4722145368057	1216.3400741189423	9.88
1245.3721418100395	1225.8242484750956	9.92
1246.5106938507486	1218.434240567394	9.96
1252.991337527643	1213.2068335152285	10.0
1255.0158709169318	1218.9074844986474	10.04
1254.009532901789	1213.8931951301718	10.08
1250.3336250570135	1212.7603713152178	10.12
1248.9172176112897	1219.9750002325004	10.16
1252.396811969137	1236.698125807632	10.2
1255.467728472693	1242.3008597963396	10.24
1256.630114864642	1252.1386729779092	10.28
1255.2037207897642	1247.0051764471211	10.32
1258.2778130026038	1238.816744291933	10.36
1251.9909708862858	1232.6111781014051	10.4
1244.5033518370064	1225.149147988444	10.44
1245.1096027706692	1230.891367044995	10.48
1247.1754898622044	1246.0261085626207	10.52
1249.9145100784879	1264.5689503145186	10.56
1249.540823005985	1280.4554508558747	10.6
1257.71794002296	1281.4441691825707	10.64
1260.5380316391063	1286.0494219482105	10.68
1263.5358575696232	1289.9892981999408	10.72
1263.4952037432536	1288.8350665564901	10.76
1260.392060739406	1295.0639478420146	10.8
1261.275157727808	1294.688234869266	10.84
1259.6096022121478	1299.7265595411004	10.88
1262.5155889172017	1296.781137647962	10.92
1262.4591302508495	1297.06363004677	10.96
1259.4000473895228	1301.3024720787855	11.0
1261.084878425765	1303.5793071150972	11.04
1258.2351880779513	1293.2783013676378	11.08
1251.2466926600057	1272.1159957018444	11.12
1238.4688757007652	1256.2919754687089	11.16
1234.142629543499	1210.6002723431318	11.2
1225.9490664502098	1175.920303842111	11.24
1226.826163816225	1190.7729402027253	11.28
1223.504817149502	1194.543571518719	11.32
1225.977234558247	1195.9290292847156	11.36
1224.8199010177898	1186.905472277969	11.4
1222.9958712286104	1182.425273766981	11.44
1212.6674903286807	1183.41366961646	11.48
1212.0356564465392	1187.0030922480087	11.52
1209.3310198783038	1194.2642183708	11.56
1208.0616450802297	1191.1966688313328	11.6
1222.555705143986	1201.0048753268914	11.64
1265.9802263421238	1235.6011168653208	11.68
1307.2230732636926	1301.073745797547	11.72
1339.8515725755174	1323.3367069687536	11.76
1337.0226455902268	1318.0093384611514	11.8
1308.0092149266984	1290.8477042107988	11.84
1266.9736569721397	1255.7376437279681	11.88
1225.2366934762924	1227.8214842483028	11.92
1215.3285216394083	1213.3228422495367	11.96
1207.8125916141707	1206.6299074108047	12.0
1214.772155662884	1215.1032427677383	12.04
1223.3582066722083	1223.2854013936733	12.08
1229.1165853811249	1231.2060928332667	12.12
1233.999672170383	1235.1319221044985	12.16
1234.2048898432818	1234.339704993815	12.2
1234.4177878991986	1235.0545645614327	12.24
1234.8666888721027	1233.1779522157224	12.28
1232.139731570445	1215.196958390193	12.32
1230.1565354694524	1224.6370928421577	12.36
1229.7496623444138	1239.912868321231	12.4
1227.8742970153212	1244.5745330492275	12.44
1227.3271719086933	1231.7633008085734	12.48
1236.9734526284985	1224.2528499430093	12.52
1243.4900142298131	1211.8269417150645	12.56
1243.5330489372327	1183.6901695289548	12.6
1225.0097812779618	1172.967774886978	12.64
1211.5172631179998	1178.5496599744679	12.68
1203.4708488295237	1191.1792829578883	12.72
1200.732371685831	1204.685482376628	12.76
1208.8609219188186	1207.3927691676247	12.8
1216.0667999608024	1213.9812703413347	12.84
1216.0369210925805	1206.6334795912323	12.88
1217.774345868021	1206.7938590009144	12.92
1226.1030971054906	1207.0676480560107	12.96
1232.1357307211624	1203.9429150106766	13.0
1233.2417161068797	1205.5032911751794	13.04
1228.3844336127374	1202.5984802726282	13.08
1220.5844803113544	1192.8050934039354	13.12
1222.8755865708506	1180.7477065669163	13.16
1224.8293369607143	1178.6628955216581	13.2
1221.3330458452886	1157.5493118948189	13.24
1224.8923671670857	1114.2987135663675	13.28
1229.790606694409	1139.3132773603393	13.32
1241.4297551375892	1155.4196705636934	13.36
1244.1344602953682	1157.3751158112882	13.4
1240.6428051171356	1166.04945485446	13.44
1239.6178750507167	1159.5774517587786	13.48
1235.07937031917	1158.4688981285694	13.52
1223.3195203465175	1162.4030492191719	13.56
1218.8864590338328	1159.0034052955125	13.6
1215.6613115105165	1156.237465563218	13.64
1212.8141414236359	1153.078116908481	13.68
1210.9692232843067	1154.7946334145495	13.72
1209.0518588092286	1153.5904922761806	13.76
1211.5197104680483	1155.4395188682468	13.8
1208.6565925206964	1155.310815301527	13.84
1211.466045249333	1155.7297651664687	13.88
1211.613433968231	1152.989410714983	13.92
1214.982048855784	1155.3603632598058	13.96
1217.6500260499572	1155.6703588935916	14.0
1220.2708448824492	1162.7437086406592	14.04
1220.098661503107	1163.7366898804437	14.08
1220.8176543025636	1165.549194255552	14.12
1238.0543027428605	1175.719177691111	14.16
1244.5038833104895	1161.6998427199728	14.2
1265.157678875855	1155.3360880679484	14.24
1301.8285190218749	1190.4283037271446	14.28
1358.2694623045998	1236.7912761379016	14.32
1433.4331975219245	1290.6097170505655	14.36
1482.3797396211783	1336.1831416370874	14.4
1501.297874065121	1346.134971044206	14.44
1512.2046027944766	1366.7335377679246	14.48
0.0	0.0	14.52
0.0	0.0	14.56
0.0	0.0	14.6
0.0	0.0	14.64
0.0	0.0	14.68
0.0	0.0	14.72
0.0	0.0	14.76
0.0	0.0	14.8
0.0	0.0	14.84
0.0	0.0	14.88
0.0	0.0	14.92
0.0	0.0	14.96
1533.805109367566	1444.2295192171669	15.0
1524.1814578578128	1449.6818792720849	15.04
0.0	0.0	15.08
0.0	0.0	15.12
0.0	0.0	15.16
0.0	0.0	15.2
0.0	0.0	15.24
0.0	0.0	15.28
0.0	0.0	15.32
0.0	0.0	15.36
1489.1064612612843	1447.1381166756373	15.4
1493.8347422915863	1442.274795046129	15.44
0.0	0.0	15.48
0.0	0.0	15.52
0.0	0.0	15.56
0.0	0.0	15.6
0.0	0.0	15.64
0.0	0.0	15.68
1498.4935531122535	1436.188522603466	15.72
0.0	0.0	15.76
1520.271500818786	1441.0051604396497	15.8
0.0	0.0	15.84
1488.5155408765472	1428.710466376799	15.88
0.0	0.0	15.92
1528.305327423405	1402.0674269188917	15.96
0.0	0.0	16.0
1512.3855705948129	1364.0341797261449	16.04
1480.8319480710406	1341.274029781252	16.08
1455.3225580717326	1322.088069538223	16.12
1419.1053034984982	1305.4568733175267	16.16
1384.4123230553307	1295.00477085956	16.2
1353.326582574816	1271.3117841276141	16.24
1327.4196748007512	1257.584104253275	16.28
1310.9960270599188	1234.5514715084698	16.32
1289.4104249920238	1222.6058921032788	16.36
1284.440355606499	1214.1991175267317	16.4
1272.6126949579577	1204.5949387112248	16.44
1261.8560557468493	1193.2446531169512	16.48
1257.474928045143	1186.4743739321189	16.52
1251.1052860773889	1183.934184664824	16.56
1247.3446567833225	1182.9610094040074	16.6
1244.9164977335374	1178.7103051609197	16.64
1244.6390388225536	1177.532891274471	16.68
1247.16986647714	1177.3476746131505	16.72
1262.5332495069333	1199.1186609858535	16.76
1321.9462851685241	1255.7432856062517	16.8
1399.9953666516176	1331.8521622097699	16.84
1478.6667370073485	1411.7699356208905	16.88
1537.7856953843013	1477.2059893766734	16.92
1579.5834553636846	1529.2674937037891	16.96
1597.1976791563222	1552.662694234257	17.0
1609.9066032006083	1564.3964000329843	17.04
1603.2556118251707	1552.7570019928698	17.08
1597.0813213950034	1546.7641769288546	17.12
1589.1040084856497	1536.8510348616383	17.16
1580.3039504912294	1538.2457730826645	17.2
1579.044836027557	1538.3161390561777	17.24
1582.0133116457246	1540.6316696758242	17.28
1585.270624759325	1544.2955353133198	17.32
1584.6917269277471	1549.6586123019297	17.36
1586.38043801309	1548.4928908540744	17.4
1586.3910914960788	1546.4507270865724	17.44
1585.7116088278701	1544.2323593781246	17.48
1590.1687180668437	1552.6056787653947	17.52
1592.7142494002128	1555.9542980812807	17.56
1598.071155593847	1562.265125418571	17.6
1602.8704494122414	1561.556017181136	17.64
1604.6171957722793	1558.045408275072	17.68
1603.5695834282562	1546.326638002036	17.72
1600.1165748604276	1542.1599102766527	17.76
1601.1062182146097	1551.5185867434	17.8
1604.3565232407113	1555.7942599071464	17.84
1605.8304026437738	1561.8393411424097	17.88
1606.5728705818713	1557.1582671646313	17.92
1604.336048537194	1562.7549150835148	17.96
1603.3730274231978	1561.1230684169907	18.0
1604.6254027702685	1560.9474621444344	18.04
1605.0582680567434	1563.1953073415202	18.08
1605.978112184963	1563.782416384944	18.12
1606.3868572788451	1564.9972655216645	18.16
1608.166760682489	1564.7852943590224	18.2
1609.1138174849143	1565.5017576825444	18.24
1609.2241356219172	1570.268793567889	18.28
1610.8834230916452	1571.573988036174	18.32
1610.954605547076	1570.0684557678508	18.36
1611.6635492045536	1569.2073581564212	18.4
1612.2977757265737	1571.5890414483652	18.44
1611.8552477589242	1571.9194710830054	18.48
1614.8786083205252	1575.802528710047	18.52
1615.4433446301537	1574.1435968581193	18.56
1614.768401036587	1574.6662226960082	18.6
1618.7137153840056	1579.5761046393245	18.64
1617.6497246618594	1576.611886179798	18.68
1619.0578278504206	1582.5082633720249	18.72
1620.5605290631079	1581.289188701881	18.76
1616.9751865601374	1579.1592231307848	18.8
1617.7289209338053	1578.8602526990103	18.84
1616.895664688174	1577.7519523718854	18.88
1614.621956944323	1578.5269004540492	18.92
1619.3410730043774	1580.5053089569656	18.96
1616.8262233279418	1581.1571701619212	19.0
1622.4904383356368	1582.6645380716895	19.04
1625.0254481461438	1585.6627243966195	19.08
1626.0241541454866	1584.2160524199624	19.12
1628.844424327474	1589.0165980101503	19.16
1631.3891274949374	1591.418287338075	19.2
1629.7787823182682	1598.7233600104198	19.24
1634.0223492401717	1588.8108738949923	19.28
1634.614306206428	1577.1982723232732	19.32
1634.333435948321	1568.1146991356043	19.36
1627.0449282872505	1568.0067118463035	19.4
1620.4956120933327	1562.1390007791315	19.44
1618.6253103943839	1552.5283965165388	19.48
1611.0361710116622	1554.078895437946	19.52
1612.631092855068	1549.5938301972074	19.56
1605.6223924976189	1544.2248742954127	19.6
1605.1182808517535	1538.003384824364	19.64
1601.3856579719024	1532.1446359626418	19.68
1604.352476665001	1530.4245000334863	19.72
1608.3568097716804	1538.06244763808	19.76
1609.2997490727926	1539.0839231711307	19.8
1608.1036193504347	1540.9289358426954	19.84
1611.671791845856	1546.2805049631352	19.88
1608.8728485766433	1543.9005547088545	19.92
1609.2682161331822	1543.9525840311658	19.96
1607.179556619933	1544.3671499113761	20.0
1609.1707469021035	1546.889418226131	20.04
1610.787227462705	1548.1822510929408	20.08
1609.8722828054526	1546.4388321152474	20.12
1610.4834776465025	1550.2894268875145	20.16
1610.3041063254625	1551.3095513042888	20.2
1609.2355888626475	1551.2275401338889	20.24
1608.987312243327	1548.9131523271224	20.28
1608.534491276919	1549.7119830128472	20.32
1609.480266236589	1551.2325003197905	20.36
1609.047092925626	1552.3780695963126	20.4
1609.5443853857125	1551.7058596859395	20.44
1610.0010565107953	1551.988440948966	20.48
1605.846380018162	1554.3057742152641	20.52
1608.353129133653	1553.8099930048631	20.56
1608.8467760001981	1554.3753119246082	20.6
1609.1970084578866	1554.153167165652	20.64
1609.6483620030476	1554.687909371287	20.68
1607.7817097760542	1552.3161706242813	20.72
1606.2614739550047	1554.2116760733736	20.76
1605.487155500818	1556.2846003726588	20.8
1607.0243809622402	1552.9162919054831	20.84
1604.9325627676915	1555.918628680006	20.88
1607.0099936882486	1554.5520375856156	20.92
1606.4574296741944	1555.2547403016529	20.96
1607.2098988783948	1555.539876587842	21.0
1607.9109020908675	1556.4913528866964	21.04
1604.9789108360758	1554.28262016645	21.08
1604.4457875873281	1553.762322933315	21.12
1603.9829628885527	1554.2893703303043	21.16
1604.20462271322	1553.6991337256277	21.2
1604.5065957486418	1552.5892552688586	21.24
1604.7800004394505	1552.5011657099021	21.28
1603.9419237596994	1552.8881117265641	21.32
1603.3244610942168	1551.6353169680083	21.36
1601.2544389076231	1549.8962269128149	21.4
1599.6331039492136	1548.3344187800112	21.44
1598.3524754206678	1548.8710780157444	21.48
1596.9665959382075	1549.5519693079898	21.52
1595.1827584617351	1547.251502181785	21.56
1596.4485156667042	1548.7698296941205	21.6
1597.0263491496778	1551.9324814844836	21.64
1597.4693856685624	1554.9187185677974	21.68
1597.922473614737	1548.2364469199913	21.72
1596.3157902761955	1550.2946149661786	21.76
1599.2668966078309	1551.7779995056183	21.8
1595.4293338735943	1547.9546072464143	21.84
1597.1298686964237	1548.3934459660215	21.88
1597.7068616566214	1548.079138037804	21.92
1598.0332425781392	1548.8109038204577	21.96
1597.1326773572148	1548.321300540099	22.0
1596.8035471852836	1549.349453495876	22.04
1596.4344882909115	1547.8469236802462	22.08
1596.817237273163	1551.7842344647825	22.12
1598.413410287125	1549.7235612590496	22.16
1595.2734994721739	1546.4242024079963	22.2
1594.6192505754227	1546.0502011303417	22.24
1593.2223552240039	1546.773435702957	22.28
1594.9096797775442	1548.6562210740906	22.32
1593.743749337176	1545.886273155461	22.36
1592.9588311450987	1545.0341526734708	22.4
1592.6330454289657	1548.4112604117608	22.44
1590.0128615041137	1541.1037206277035	22.48
1590.6633315262168	1542.04993086144	22.52
1592.4129543461906	1542.5869608389394	22.56
1592.8212356108759	1548.0010175001578	22.6
1592.4588507768744	1547.1282594241802	22.64
1590.2464313171524	1544.5470521156087	22.68
1589.5558785206542	1543.5688518732964	22.72
1591.37439122651	1546.5558892442343	22.76
1588.959418480574	1544.2800431106414	22.8
1587.6747308111148	1543.563771468612	22.84
1588.0917981379225	1543.9125974408216	22.88
1588.0719248770931	1544.164691977411	22.92
1587.2999327217442	1543.5261405820568	22.96
1586.5930921384188	1541.7909535543267	23.0
1586.8749815583094	1544.295306406771	23.04
1587.2062054633598	1541.4005106192535	23.08
1588.00324277181	1541.4426655147095	23.12
1587.9288204886934	1540.484500436004	23.16
1587.885679977151	1544.6662260414416	23.2
1587.0509506357555	1542.671692285945	23.24
1587.3822001792453	1541.5024253262538	23.28
1588.1836637159045	1542.8839315864138	23.32
1588.142677171169	1543.768075974221	23.36
1587.459903068196	1542.7139233861328	23.4
1586.8319217100188	1543.688553616923	23.44
1587.9465050603646	1544.66140370958	23.48
1588.2806339837248	1546.513146421314	23.52
1588.7322069644167	1541.3987164387188	23.56
1589.3359090262484	1544.8380864909732	23.6
1588.5229407944855	1544.2740672878203	23.64
1588.263319718414	1543.6396632761334	23.68
1587.9643358514975	1543.7443907782235	23.72
1588.265000319133	1544.0844686666123	23.76
1588.1135230132245	1543.597207909396	23.8
1587.3977583243484	1543.6168084524727	23.84
1587.6853372680368	1544.165476146506	23.88
1589.1151043858983	1546.718889892661	23.92
1589.1622682020486	1545.7566244307275	23.96
1589.208259107274	1545.1399185566586	24.0
1590.794590850143	1547.4473224394	24.04
1591.4746667953746	1546.5489323516526	24.08
1591.1660607695953	1545.9163205446573	24.12
1592.343247707354	1545.5630642506455	24.16
1591.8934376957843	1546.7672708207774	24.2
1592.7473925192342	1548.7495470482681	24.24
1591.923088422422	1551.837710119613	24.28
1592.8725671671853	1549.0462621537372	24.32
1593.6380291286002	1552.4461861052712	24.36
1594.382018174251	1551.0359822315518	24.4
1593.883334450085	1548.812635699431	24.44
1594.1615354003425	1553.0476174026057	24.48
1595.0690825235936	1551.1141976855388	24.52
1594.6495871482834	1551.2855080495362	24.56
1595.4382154131317	1552.2224656211467	24.6
1595.0165133750065	1550.439528745995	24.64
1593.749820733894	1548.1376993337453	24.68
1593.3838165308866	1547.8344422020677	24.72
1591.0898412494273	1543.7142758026175	24.76
1592.122905085257	1547.3282452224335	24.8
1592.2291521568175	1546.4111815498945	24.84
1592.1506656716656	1547.2405376369716	24.88
1592.0395502592148	1545.3961127468822	24.92
1590.963027146894	1544.5644291540489	24.96
1591.0949761182223	1544.7333479319568	25.0
1591.9711334627584	1547.4803294473002	25.04
1591.7683955543987	1546.5217643426972	25.08
1592.4930816265796	1546.2221872748019	25.12
1591.7656231180033	1544.0633391213612	25.16
1592.6435999981786	1546.8764740428671	25.2
1591.8280704482972	1548.4620814254258	25.24
1591.2408796827133	1547.0267284866518	25.28
1590.3180548715832	1547.045955394427	25.32
1589.3822147011506	1543.7971704679715	25.36
1589.1286867425868	1542.2946066107152	25.4
1589.2025077398794	1541.9382785782595	25.44
1587.8503715779852	1547.0426189365116	25.48
1587.8890440988196	1539.0841138189803	25.52
1587.7294059212625	1543.0412656964165	25.56
1587.608311763321	1539.979417496601	25.6
1588.0905441985074	1542.6009706981793	25.64
1585.1213870350164	1542.760498670315	25.68
1585.7595554771185	1541.957927235181	25.72
1585.4743472848706	1541.2708463573426	25.76
1585.5664167659224	1542.0558319433028	25.8
1583.8950559027246	1540.0283578473025	25.84
1582.448375305458	1538.0372627585432	25.88
1575.6346579199405	1531.0552009536352	25.92
1559.268710442954	1504.7344782941902	25.96
1533.5379686028007	1474.8177177049147	26.0
1498.8103177310052	1444.1018796626306	26.04
1464.882696938261	1407.7484903337097	26.08
1436.3087315838754	1372.2952187159835	26.12
1403.764283907584	1339.331561625199	26.16
1368.203389483313	1297.3203357503835	26.2
1333.7465960396848	1262.1020158291694	26.24
1303.1782655089505	1232.0158406906235	26.28
1277.944986498666	1210.5856432769367	26.32
1260.1016355568884	1187.6152844916844	26.36
1242.2827129326151	1168.965610715105	26.4
1231.9435570996902	1157.604958956178	26.44
1227.5660225898012	1162.6842038473794	26.48
1230.224174617267	1168.9220877364	26.52
1231.1845244567166	1165.575302579142	26.56
1233.5152312419584	1173.484087479228	26.6
1233.8249721618206	1174.5952389104477	26.64
1234.0757755726545	1180.486955925342	26.68
1239.362675169327	1184.335812270542	26.72
1238.9560749772775	1189.971557413346	26.76
1241.054478754441	1194.4157354249323	26.8
1241.1639745486673	1193.701368916398	26.84
1243.0463492042697	1198.4923037072558	26.88
1242.474423400112	1201.570270821522	26.92
1243.4461129323286	1204.0581680239059	26.96
1245.1885965505871	1203.3852205194928	27.0
1243.9873642904286	1202.9268316901987	27.04
1245.9034983460463	1200.2443992085348	27.08
1240.0555179542275	1204.4985147110667	27.12
1243.0961346514525	1204.5594818798224	27.16
1246.6731973450737	1205.7427689376736	27.2
1247.2800140850982	1209.9683379891615	27.24
1247.9466812463452	1211.9322985168633	27.28
1245.9478080637937	1211.7473517917742	27.32
1247.4709133954696	1212.868570971331	27.36
1245.800281461628	1212.474253519089	27.4
1246.0824952753844	1214.7644021246622	27.44
1247.1391180421447	1216.4622920899756	27.48
1246.5322373245644	1217.4790445818676	27.52
1247.045177239889	1218.8559821294411	27.56
1247.9693983846064	1220.1351070796366	27.6
1244.9722405648697	1220.4030531388635	27.64
1245.9988485438312	1219.8736957967255	27.68
1245.4534141003173	1224.2094038281657	27.72
1248.702246145141	1222.1046493981037	27.76
1249.0079993579025	1222.8165177091091	27.8
1248.9183189606676	1223.546288902486	27.84
1251.0036712206893	1225.71712738707	27.88
1250.401180639438	1226.4471583432708	27.92
1248.6843816874207	1227.234528136388	27.96
1248.0081671914322	1227.7168854314878	28.0
1248.6451367917887	1228.2205146758438	28.04
1249.40622067669	1229.5965246997423	28.08
1249.7493372422266	1232.1654238953133	28.12
1250.845660552493	1233.2348767592093	28.16
1250.3275351644531	1233.9897326509104	28.2
1249.0487375752514	1231.3267497267493	28.24
1251.2196276023355	1231.588809843419	28.28
1251.7360554437514	1232.5976928532962	28.32
1253.0090954817265	1234.6537554978313	28.36
1254.3009857360062	1235.3043207697356	28.4
1255.4159157899837	1236.0333115933572	28.44
1259.70000595085	1237.232139723589	28.48
1261.1508880390727	1242.2152899296725	28.52
1260.0644441058228	1242.9463194544815	28.56
1261.1743843167558	1242.5947911447327	28.6
1263.9472092276346	1245.968727900324	28.64
1257.8327416008567	1246.5381464691582	28.68
1262.0449966475032	1247.8003464204207	28.72
1262.1433943746933	1233.5437602996253	28.76
1262.856136689617	1221.5177702164212	28.8
1265.8434211148945	1215.3004202674406	28.84
1274.6127428859388	1205.0791160206657	28.88
1271.9203756837328	1198.7004619004692	28.92
1271.9461516065971	1201.4012806021694	28.96
1280.9440622728262	1200.5816048056313	29.0
1303.2415299003453	1199.269989187608	29.04
1322.9544976398056	1233.190448838935	29.08
1353.3320924505792	1246.8509289867836	29.12
1362.801254680184	1460.8273690961873	29.16
0.0	0.0	29.2
0.0	0.0	29.24
0.0	0.0	29.28
0.0	0.0	29.32
0.0	0.0	29.36
0.0	0.0	29.4
0.0	0.0	29.44
0.0	0.0	29.48
0.0	0.0	29.52
0.0	0.0	29.56
1615.986342468328	1522.1943863704407	29.6
1629.3826490806725	1517.3276195359392	29.64
1600.7072129683268	1490.1977384363631	29.68
1563.5595999279326	1459.3247523146854	29.72
1514.4754481943653	1431.8940088097968	29.76
1462.7942492182115	1384.8511046160008	29.8
1408.9845705151079	1391.8234548717421	29.84
1355.2335431877887	1319.2192297097174	29.88
1313.9374530071236	1290.1503649978026	29.92
1283.8900403939947	1313.1602282082665	29.96
1282.545535846712	1303.590360212814	30.0
1278.3463953153014	1327.8579141052383	30.04
1279.2340927801838	1335.5014256446168	30.08
1284.8071379461949	1379.11809521634	30.12
1283.2996352419386	1367.106134375013	30.16
1286.3921937813445	1382.1985835262753	30.2
1280.7808329643942	1374.943700326792	30.24
1280.6500367643225	1377.1924146255105	30.28
1273.819421196234	1374.2869315405483	30.32
1274.3159726796864	1376.3255557826205	30.36
1270.4424421079157	1391.8068374401862	30.4
1280.724365591099	1410.2538000490356	30.44
1287.039156350506	1417.5848282112142	30.48
1301.8701603569552	1431.1498777178788	30.52
1314.9631881697685	1465.0984157002345	30.56
1329.1136354398793	1563.1102883445346	30.6
1333.8484196893594	1582.2835213285598	30.64
1340.2378185624625	1604.553125269721	30.68
1343.9040341232726	1599.857156968361	30.72
1344.9441773356446	1621.222088439755	30.76
1342.1724716076512	1583.7354574716444	30.8
1343.5732246474965	1535.5220344859638	30.84
1352.2120226064417	1585.0475711735362	30.88
1359.2622759311546	1640.8518319172483	30.92
1357.6288603132327	1610.658555981182	30.96
1363.1496763876448	1673.3022018450697	31.0
1361.7488855569977	1666.0521676983917	31.04
1364.493699921692	1676.628002705651	31.08
1362.9526151279983	1633.806847985827	31.12
1365.0293622967035	1617.1736897926112	31.16
1362.2857021617642	1578.485443203995	31.2
1363.1557458681311	1576.6540271064825	31.24
1365.5057809122034	1555.1730322058047	31.28
1370.0238108668268	1575.0571056971435	31.32
1371.8112776846153	1549.950457712533	31.36
1373.021990525787	1563.5573323632602	31.4
1377.2811721579435	1572.5068020430313	31.44
1373.2053722111798	1562.2723377521022	31.48
1378.4846150072926	1595.577324875011	31.52
1385.8793903646647	1566.9670739840842	31.56
1392.7756480384624	1585.7171697696015	31.6
1396.8587405465285	1598.3352419106145	31.64
1391.1798581733492	1566.2848235759893	31.68
1384.5355837397701	1603.6306340495075	31.72
1380.1251332318323	1588.5588171047773	31.76
1386.006319506914	1577.1013560339638	31.8
1383.477584233289	1558.9700855675176	31.84
1388.6383533147584	1559.9482658731124	31.88
1386.8882318454316	1552.8967725119367	31.92
1389.271728955064	1571.6335378164724	31.96
1390.5396032301378	1561.9187206676556	32.0
1394.8474054942865	1559.8040125783057	32.04
1393.1654197963085	1562.8220653999047	32.08
1390.2123479658885	1577.0957230061092	32.12
1385.6486417781298	1573.6125238600853	32.16
1380.9197720576385	1585.5203820575355	32.2
1382.8029856632259	1590.871764750266	32.24
1376.8910503829554	1598.8762529134942	32.28
1377.337401114367	1583.993544307753	32.32
1369.9661834495137	1536.2961940339442	32.36
1358.68774906522	1527.2129252145207	32.4
1352.943475207668	1525.9697851434767	32.44
1346.9907819152365	1530.2502912428924	32.48
1344.2707338979578	1549.1611524210336	32.52
1343.8759169383488	1600.2058863730445	32.56
1341.2787229287057	1532.7133937251629	32.6
1341.9950459730762	1619.6699734919957	32.64
1351.7383914932166	1511.7604744404155	32.68
1364.7944201751443	1562.6306542855377	32.72
1360.841085454616	1576.1943951970527	32.76
1348.228689784452	1555.7827394812268	32.8
1321.7473979935612	1525.6767282969008	32.84
1313.2997892219419	1505.7240160023107	32.88
1296.6460589579726	1480.2684673665458	32.92
1266.2648220005779	1478.7501503784877	32.96
1275.4404620425862	1529.0600236239545	33.0
1307.5662151171819	1487.1446015608892	33.04
1363.552190261145	1463.605978596745	33.08
0.0	0.0	33.12
0.0	0.0	33.16
0.0	0.0	33.2
1653.402330696404	1684.6261321511577	33.24
0.0	0.0	33.28
1683.1489077846936	1605.3025129530643	33.32
1655.6340144662206	1389.0343256371234	33.36
1652.5597475015886	1418.1608318231833	33.4
0.0	0.0	33.44
0.0	0.0	33.48
0.0	0.0	33.52
1715.603982324004	1567.1204706100536	33.56
0.0	0.0	33.6
1755.595771878535	1550.4610069075989	33.64
1725.453344510317	1523.0031896386672	33.68
1703.578338841571	1476.4669644587239	33.72
1717.7679146350738	1520.215290095566	33.76
1728.7275295909885	1482.7496815203567	33.8
1738.64863877954	1473.6624443776286	33.84
1753.7943051035502	1403.4295490454074	33.88
1743.0347475220137	1468.3926960226206	33.92
1755.4762282708552	1440.8113066055116	33.96
1769.2324194851924	1480.0931672292782	34.0
1766.1175415062007	1498.6406970289966	34.04
1766.5863109786972	1460.9043264729821	34.08
1754.6418309662324	1482.338732492631	34.12
1751.8828174412993	1497.0173243137374	34.16
1750.5459678249326	1501.9381977826986	34.2
1755.6297151289489	1501.0040054497433	34.24
1754.05393026308	1526.3770910132093	34.28
1729.3081817407353	1498.7816116612819	34.32
1732.8930251983859	1511.819279063511	34.36
1723.467884811102	1481.095589643126	34.4
1740.1249146417076	1481.851972266117	34.44
1738.5532300965037	1476.610970031026	34.48
1759.5427901442627	1498.8048867048228	34.52
1719.9363742693497	1507.3299799088109	34.56
1746.8471966519805	1532.6933671615868	34.6
1755.4117688860651	1476.8583169073343	34.64
1751.0771788348209	1512.9167333949645	34.68
1751.7539036057592	1447.2001341953976	34.72
1743.8102896407308	1533.8254194996605	34.76
1757.0613251933005	1439.0887252379944	34.8
1751.3445171724288	1500.6309381145124	34.84
0.0	0.0	34.88
1755.3943917818287	1443.3673850603225	34.92
1759.1351988033473	1455.8124694257438	34.96
1778.8209871292067	1439.9812771945726	35.0
1772.5037652743981	1438.1651147388754	35.04
1780.1365263434157	1433.4003745360033	35.08
1775.7989430520333	1427.8961522226678	35.12
1764.1636356600388	1393.454844301526	35.16
1779.0601043332647	1379.5514990857862	35.2
1786.4651049554952	1388.0962442592129	35.24
1779.3605204143316	1388.7852053657398	35.28
1779.139916600204	1418.4745498775858	35.32
1770.8957674279943	1392.5799876741194	35.36
1766.1946353224594	1392.593941666761	35.4
1760.3629920505352	1389.8863908021115	35.44
1762.6366802189143	1405.8042770858017	35.48
1747.9325451834059	1368.4118408121378	35.52
1732.1659156402238	1389.4210714813887	35.56
1720.743195784136	1378.2072800981305	35.6
1701.7516757374663	1409.3479138231485	35.64
1685.1939090973005	1341.0576115908855	35.68
1630.2396762282679	1347.3160384778596	35.72
1569.0202267586803	1212.6857757533314	35.76
1473.901447511627	1142.2688089124888	35.8
1374.4002579016196	1079.236753425706	35.84
1272.7448259119192	1024.7244968649006	35.88
1210.9175766647784	1007.6237687230383	35.92
1161.2267931975562	992.0511236206634	35.96
1099.0587698518052	961.3026553536159	36.0
1046.0283925316694	907.076860332395	36.04
993.7137397043781	927.9249662321373	36.08
953.1805442712321	891.5596690128585	36.12
911.2117789769113	857.381171069592	36.16
878.8894816800597	800.8154054343591	36.2
849.8704624605421	768.2774926940277	36.24
823.8154951899824	766.2921669382823	36.28
0.0	0.0	36.32
778.7250200874909	728.2292806439483	36.36
747.3169468393767	729.199488269169	36.4
745.1376243466161	713.7509115512271	36.44
726.8596359165467	727.0756922673702	36.48
717.790001388389	719.601604438123	36.52
707.4172013435636	718.3880977866734	36.56
705.179362862159	676.7229909018771	36.6
688.25391552613	720.2493596858719	36.64
672.7547997011454	696.2178776297294	36.68
669.8606199723575	701.4740221639966	36.72
659.3530360285108	689.4052389476096	36.76
653.9507318159767	669.7332584308358	36.8
642.887983582786	678.4647456154689	36.84
633.5943255055297	675.918280776483	36.88
630.5155332743017	676.5359400669568	36.92
631.9150243916758	673.3745839631882	36.96
629.4050012605816	677.1940964667851	37.0
627.8768774883769	674.7052611205703	37.04
624.0790552234123	672.4282761164018	37.08
622.7443239337249	673.5394157125128	37.12
613.8810565083629	666.2623454316068	37.16
615.4143848033757	662.8173549063948	37.2
612.8632905718009	663.3237383472461	37.24
610.9453174559825	666.6827147574808	37.28
609.7807829995659	678.4115516533477	37.32
608.82840882515	671.7512712395785	37.36
607.8524915032151	653.7274802197115	37.4
605.4099999306809	657.4246942846509	37.44
604.5640568423833	652.5462773447886	37.48
601.700147657402	658.0592387877285	37.52
603.3506809612401	656.4349223733149	37.56
600.1163052026014	664.3718632138974	37.6
601.6719480670439	662.9873386613724	37.64
600.6996788680841	665.6613882455493	37.68
599.9951757395124	652.8346626782052	37.72
598.9370762598486	654.0276704155259	37.76
602.6787345327599	657.204004159984	37.8
602.0412020870833	652.1993671290738	37.84
602.8049443206189	660.1170584238153	37.88
599.7204252000325	657.2925185832008	37.92
599.2959701449901	662.0481467854617	37.96
596.7210895244945	657.2966980317213	38.0
597.7379238827874	662.0025741317912	38.04
598.4845819580277	652.0386943772902	38.08
598.7405016375403	650.7547724512002	38.12
594.3364944158809	652.4360485095133	38.16
593.0362902910018	649.475569864703	38.2
591.5698442895911	642.736373268973	38.24
585.8034909870269	644.761189939572	38.28
585.8467035023581	637.2505473031929	38.32
588.0217194612134	650.4048263149584	38.36
584.812017690223	644.7496618704404	38.4
583.4805154585451	650.3480286231941	38.44
582.8688490787761	643.5619964673681	38.48
579.9781774944196	644.8988954216943	38.52
577.8284844061194	650.2864625915299	38.56
580.7902362136637	638.8616497753081	38.6
581.9331287245161	645.2231222655118	38.64
579.1900957320911	638.1132960300354	38.68
579.1126722070229	647.8501721380673	38.72
577.5365931481471	649.3032851804687	38.76
581.2966476931108	639.5810129015072	38.8
577.9999697893535	642.5838529555132	38.84
579.2407624746086	633.7405049196603	38.88
577.8049483796837	632.4345582961723	38.92
578.3091634424226	635.8089997300918	38.96
576.2059731369018	647.5863384840741	39.0
578.1323664415453	643.1967387727949	39.04
574.9701507623271	632.9554773904961	39.08
572.2162751556052	628.2363565200964	39.12
569.5532446367314	632.1725500994413	39.16
571.9950639268545	629.265671525564	39.2
572.2427286161864	640.1304959433952	39.24
573.3105081809585	642.4466224344845	39.28
572.8660109355146	643.7520818593326	39.32
571.0787162117006	635.7853742716586	39.36
567.3365852827837	627.2522050703133	39.4
564.5794137977524	619.5650010108018	39.44
564.7683702174571	617.1307799730992	39.48
564.033857367147	618.4371944848518	39.52
565.5702898461042	630.7453477998268	39.56
562.0861780694505	621.3250702201965	39.6
562.7485377455081	623.6673496428115	39.64
563.9699307329888	626.1442347550609	39.68
562.0476472148268	613.2375491486014	39.72
562.0186434092667	631.1173292044434	39.76
560.0014300327912	619.7331758110641	39.8
560.7150443989367	627.49530577369	39.84
557.1724469845027	621.4015049087013	39.88
562.9832260426225	629.3775865145303	39.92
559.8673717607843	621.6857201175084	39.96
562.1161951778554	616.0096937929967	40.0
563.2916685935317	619.4127357846988	40.04
561.2149555422113	626.0794153372384	40.08
562.0120383941118	626.1379474881609	40.12
561.2285648331518	618.9765129483095	40.16
559.9036785617587	620.5048466333039	40.2
558.4544652238337	616.7143204219326	40.24
555.2253115379535	621.6468153462109	40.28
559.3071251854303	614.0381040177384	40.32
559.4796097956702	618.7777454095549	40.36
558.065389029561	622.4458805665282	40.4
557.6878727756542	622.0364883872115	40.44
554.7514636445364	621.3085386775267	40.48
554.1995676541164	623.5482823122395	40.52
551.9074653600804	613.6483240191037	40.56
550.2811811765516	610.9725225823513	40.6
552.3278186605208	615.1885860447317	40.64
545.2056523166483	614.208871066614	40.68
545.3072908606367	613.4901397291159	40.72
544.6854316833421	614.2903482630387	40.76
541.1654007957733	617.9610684920306	40.8
542.3711919813168	610.8743857726324	40.84
540.3780860219732	614.28530332094	40.88
545.2173843250947	615.7918685280737	40.92
542.3312707999356	614.1281946941557	40.96
542.5368040532913	613.3426074438477	41.0
541.1265985924422	616.4438504403797	41.04
543.3797276622545	619.0979196665025	41.08
543.8287799231036	614.2948763346523	41.12
541.1084959726172	611.3831182289395	41.16
541.3724835091255	615.8702680856737	41.2
540.596700753116	613.9182017337611	41.24
541.7773047849728	606.4566919941944	41.28
537.4981563055296	611.0223441805284	41.32
532.8841832836868	619.016941184687	41.36
537.9373983710619	606.9992812920233	41.4
532.5994154788222	613.1895089815679	41.44
536.6211090366585	607.744338396798	41.48
530.1027346544963	614.6938273161894	41.52
535.0767887775139	612.0811440198368	41.56
532.1581048454271	614.9350388103812	41.6
535.4636353343208	609.4796453344417	41.64
529.5922505117667	616.1480001284913	41.68
532.4094734379596	608.8163806498557	41.72
530.675789547651	618.4701397123225	41.76
533.0569582806097	616.3823903857889	41.8
538.6455493287453	610.1521276921516	41.84
539.2071189791634	609.2253554350293	41.88
542.5264773904606	619.7419393057278	41.92
539.3988940850954	602.3203587804334	41.96
536.9689517861461	612.7057970357937	42.0
534.171579607325	613.4447774207362	42.04
536.2612196878263	609.7389921055315	42.08
536.4569380320656	604.7099847204267	42.12
535.5106928532127	600.7592357078279	42.16
528.4942104664028	614.6125448416959	42.2
532.9883672814509	603.8521852432154	42.24
535.1146869169157	611.0574647168007	42.28
539.1991952461292	608.9763683999453	42.32
539.6646514510882	608.7314320730776	42.36
534.562481999808	603.859587354768	42.4
536.5162374821151	617.6527851972687	42.44
535.5291050916702	616.1483071049	42.48
538.5212838920712	607.8186070082845	42.52
535.5090562741146	621.9150553436814	42.56
539.997871788933	607.872641473431	42.6
537.1222106342954	614.3425089694313	42.64
541.1582924142626	613.0886291702428	42.68
538.5025046716951	613.5959760898061	42.72
540.7971389988945	618.3300456210534	42.76
537.9342728805478	615.5973301177299	42.8
538.5475511226846	612.553452277422	42.84
541.1365286015141	612.9510061500173	42.88
537.9019753193616	611.1760895933769	42.92
539.0001761138051	608.0342264868005	42.96
541.000167392761	603.9841559475674	43.0
538.3331849093984	614.8698000193127	43.04
536.1341644528362	608.1645640025778	43.08
540.311860990689	605.7907490203262	43.12
538.8760661818152	612.8246727366318	43.16
536.1743384550518	609.9201989672392	43.2
540.6333731921328	604.6866569262819	43.24
538.8232729322284	603.9372628338199	43.28
536.62463299825	606.5984007277466	43.32
538.3582404346078	608.5024326995396	43.36
540.3280791255178	605.2690583455095	43.4
543.1069360653042	609.212430234007	43.44
539.2507494099164	603.6791904638184	43.48
540.776890751864	603.7526362868382	43.52
536.4672668773804	614.4678324339562	43.56
542.066803721842	612.1787416729193	43.6
534.5147186889703	612.7437876626657	43.64
535.606677385303	612.0497126306211	43.68
537.7949725956787	618.4729840906665	43.72
541.1025868026924	618.640263064508	43.76
541.768154862555	598.9937271424216	43.8
535.5506586049885	610.6103761641373	43.84
536.6342606541556	605.3706549167243	43.88
538.9502702682854	618.2451927151611	43.92
537.5894244406564	615.4495589692214	43.96
536.9402110990824	619.1731172767496	44.0
540.0097433626349	613.9788005901642	44.04
538.0173348411695	614.7974971771907	44.08
538.5209385075873	608.4673996544285	44.12
538.0023537720871	613.4511142599663	44.16
545.2498496201166	620.7968974623251	44.2
544.3248146445176	600.0876661356281	44.24
543.9647236397026	618.225611863965	44.28
539.2966409076964	617.2692363149854	44.32
537.9282111658663	617.1192422685261	44.36
541.3344240630681	611.8723569943088	44.4
540.6940593449872	609.6963901370863	44.44
536.5844028837718	621.10196762151	44.48
540.4800621632436	616.4577548079573	44.52
538.1289790357952	618.0766296402518	44.56
540.4991881591955	622.9144666029308	44.6
548.9546004164589	616.6801571974715	44.64
541.4357503977022	614.8517626529053	44.68
535.6046292794338	616.5470210378918	44.72
538.4442835880977	611.8319957882046	44.76
534.6095189731383	611.8325520947902	44.8
536.9922110816516	608.366639930998	44.84
537.7960121965854	605.4322373498535	44.88
535.2709348400243	615.7147252730126	44.92
545.575282340711	596.3280727104668	44.96
534.5741516928838	623.1593906412802	45.0
538.2826460422373	610.5839139784977	45.04
541.0170093186447	612.8516968703178	45.08
542.265821237163	619.1744303112744	45.12
548.9379623565619	619.2245555261753	45.16
545.4275535264954	622.2763528638466	45.2
542.373415905796	621.8086088017254	45.24
545.0551279696627	616.5444188729028	45.28
546.7654023804845	622.9788469687111	45.32
546.798609172368	621.6872353117861	45.36
545.3558409447634	622.4379385593135	45.4
550.2044429144333	619.7490155154601	45.44
554.2968893128877	622.2306687191971	45.48
555.95274056834	629.3071421292266	45.52
570.8409260286584	639.4725803357709	45.56
0.0	0.0	45.6
625.2077178350571	659.7716483692652	45.64
648.2419200864147	671.7384174043533	45.68
0.0	0.0	45.72
0.0	0.0	45.76
0.0	0.0	45.8
738.2583641724177	739.209997897606	45.84
716.8807878613959	739.7354166555793	45.88
674.6947764705853	759.8259295273435	45.92
672.0398143640346	797.7009741666284	45.96
685.5013491142698	779.072313559491	46.0
718.1557253021672	795.9339791972399	46.04
760.6535979909861	809.8719393627712	46.08
790.1951549653937	812.3875351328784	46.12
822.9899486482565	830.822711421374	46.16
840.5743835261563	855.2518397826911	46.2
857.2846588762046	864.9443950827731	46.24
866.7175328686436	870.8836839226086	46.28
885.405740905767	880.2273427472824	46.32
897.53226957177	897.2257120404349	46.36
907.5831266086889	912.651459403399	46.4
916.6798241852226	926.2242770630811	46.44
928.8306464369908	931.8706731727614	46.48
936.0486717446779	946.6862152898389	46.52
943.118295004054	942.1071941011352	46.56
949.1274102011629	946.2927378872508	46.6
950.1302474191546	935.9577749431315	46.64
957.6658244130264	950.085399429941	46.68
961.8226524074529	964.2505142585907	46.72
970.5981657940644	972.7482225215731	46.76
978.9990504786507	982.7640512820672	46.8
975.1969363589959	997.6345788700784	46.84
967.8741927445311	1001.2915317961273	46.88
972.8999548586339	1020.7822928635587	46.92
972.9133637381722	1012.9594175598221	46.96
974.9534072182572	1015.6739211654556	47.0
975.6000475832941	1030.4282327054366	47.04
976.5862118000629	1020.2337884783524	47.08
976.8942924075104	1033.83738098151	47.12
976.9497747669819	1020.3088600696154	47.16
973.0011823650519	1039.8720413434344	47.2
978.2765540260265	1045.884542036232	47.24
975.90985942146	1037.9554885886587	47.28
981.0769927688044	1018.9154681855678	47.32
982.5270238056777	1011.3681119991481	47.36
981.8489013773648	1006.5224847314154	47.4
984.0554438867078	1015.8299549457779	47.44
993.4312037781401	1018.3254390843201	47.48
1013.6388128372279	1038.5002571718442	47.52
1048.1966197834731	1066.0234435212778	47.56
1102.4837163494242	1111.485480895882	47.6
1164.273115924023	1146.8093472034125	47.64
1191.7429890315948	1145.4525538941841	47.68
1192.8466416396734	1152.4833290274123	47.72
1167.5725639265956	1102.8535333873313	47.76
1162.8706742958123	1083.7975226602264	47.8
0.0	0.0	47.84
0.0	0.0	47.88
0.0	0.0	47.92
0.0	0.0	47.96
0.0	0.0	48.0
0.0	0.0	48.04
0.0	0.0	48.08
0.0	0.0	48.12
0.0	0.0	48.16
0.0	0.0	48.2
1124.0122588692104	1107.1166105601778	48.24
1118.9496702067925	1101.4112895956328	48.28
1116.5365890892	1116.7179018219847	48.32
1159.0148164740303	1156.688353035031	48.36
1187.1409643369577	1194.7944570498196	48.4
1208.5304945637492	1221.9842996929792	48.44
1216.1192198672575	1233.2882945789395	48.48
1222.6616554452678	1240.4436644993941	48.52
1217.6145840154338	1234.2346553248055	48.56
1214.9784063631234	1221.9460765309063	48.6
1212.6452215483557	1210.007797028087	48.64
1220.6496332153304	1209.7342126925644	48.68
1247.7326701658872	1245.2800544673266	48.72
1289.5081611532667	1289.668578102553	48.76
1334.6858995283753	1339.2603549597973	48.8
1360.4171037609262	1363.3787090750438	48.84
1349.2699783536111	1344.545993596694	48.88
1316.0864689941957	1289.9020858518734	48.92
1281.2139853930526	1240.0648281144997	48.96
1251.6971872661557	1205.2229595003582	49.0
1242.270858395684	1182.497117874785	49.04
1233.4629165208282	1180.132429615547	49.08
1233.4628961902504	1177.0866883378237	49.12
1223.100461121761	1170.6820070984613	49.16
1219.7432287569768	1154.33801516643	49.2
1213.1464076493498	1151.0467665177566	49.24
1215.688314537407	1160.9708740212175	49.28
1216.9103950715353	1164.4220037348632	49.32
1217.0254824264618	1166.8152819898987	49.36
1218.5417698189658	1168.857725342245	49.4
1219.5921450145177	1169.1988458202766	49.44
1220.470806477327	1168.3781555296648	49.48
1214.7919747318815	1170.3875131917114	49.52
1218.7828832026914	1168.835921500654	49.56
1217.5222315062879	1169.3742523480394	49.6
1217.6358369153577	1169.869697638356	49.64
1219.1570468397447	1169.6823289240501	49.68
1221.4149105188258	1171.4611260892966	49.72
1222.4725365601585	1171.855954655099	49.76
1228.3886673655911	1176.2273507168038	49.8
1233.5443986395185	1183.8725490863653	49.84
1239.629645573231	1188.1659840640323	49.88
1236.399077115174	1186.6854052401807	49.92
1234.6951994917097	1184.0393667332955	49.96
1237.4464074870207	1183.5255880177008	50.0
1233.5866743347128	1180.0122393095462	50.04
1234.3796810149524	1185.1382420987916	50.08
1234.3865852457502	1186.659210946758	50.12
1240.980262167355	1191.4203436758262	50.16
1245.8378599542623	1199.0614239238153	50.2
1253.3306368890114	1203.095276607552	50.24
1260.2160280720361	1206.131441509015	50.28
1261.1788316668533	1203.0223990898874	50.32
1259.6487205553883	1201.3184528710253	50.36
1258.0685269994065	1202.4207845989272	50.4
1256.604215467492	1202.296266337822	50.44
1259.2054880825676	1204.897805681557	50.48
1256.9043684468222	1200.6946723101082	50.52
1256.1748114858635	1202.8958673609854	50.56
1249.1087621304607	1194.2319635000508	50.6
1241.9524612568603	1179.8784275481953	50.64
1238.1126931926065	1145.3606670141132	50.68
1213.516273695354	1126.6394721181275	50.72
1193.7746801136145	1138.968483000375	50.76
1180.8091459141108	1170.924621322717	50.8
1184.2510774080997	1183.4694720404084	50.84
1183.8348875591073	1184.3711858490622	50.88
1183.818884955556	1185.8969283883625	50.92
1185.4503798621247	1184.1691984485756	50.96
1187.2296160527292	1180.2959558285304	51.0
1191.5189324227658	1183.4475078350338	51.04
1202.957871300865	1187.0499851490233	51.08
1204.8698018156445	1195.587761712856	51.12
1209.2216146738479	1212.096652418099	51.16
1212.4588506201771	1208.7459584116411	51.2
1213.2414940265592	1202.7739432311384	51.24
1227.97663841871	1205.7274330382604	51.28
1232.4353194271769	1207.3136490603758	51.32
1229.6969723644404	1209.6653108453718	51.36
1220.3557834472113	1188.0234408243239	51.4
1204.349447579478	1170.6431667268882	51.44
1185.0664892536395	1165.0139053130265	51.48
1153.600427026055	1216.0478526224924	51.52
1135.306888098883	1276.9715656454011	51.56
1130.0411829858572	1288.280611991082	51.6
1126.286181317421	1289.5188290986675	51.64
1131.059930065645	1294.7309544224718	51.68
1135.6750825027937	1284.3526158139412	51.72
1145.3130907608167	1263.779478098375	51.76
1146.0541938766873	1266.9207931764408	51.8
1152.3045966115408	1255.7253957335154	51.84
1165.4143092258034	1263.6630451162841	51.88
1188.397233030981	1226.91055123866	51.92
1199.2884563699677	1232.4093720467888	51.96
1203.2469002859846	1261.6799890391046	52.0
1214.916467697066	1258.3440856993934	52.04
1238.8098988985032	1223.016805216091	52.08
1247.8576984802955	1243.3475728398619	52.12
1254.633526791623	1260.5841327881901	52.16
1262.151827651234	1247.7550742120527	52.2
1267.681862766797	1226.7854452351492	52.24
1234.5852833967197	1205.953083559389	52.28
1199.6976374454705	1195.6252736729598	52.32
1207.3238095100328	1204.9810959438566	52.36
1213.1297407679003	1225.0490033678686	52.4
1216.4631488585062	1231.405850852371	52.44
1233.6676804478157	1218.0873053000082	52.48
1245.7805781235013	1209.9498324480278	52.52
1244.2548225437981	1218.8484541573584	52.56
1244.156659258979	1202.2835162760057	52.6
1233.7942755133706	1154.3644841825742	52.64
1212.687969817009	1147.444158674065	52.68
1210.3797925466833	1197.935915714024	52.72
1216.4638508165192	1202.2083991007198	52.76
1225.9560699649696	1199.2668181320093	52.8
1233.8674677243769	1191.2279231465154	52.84
1240.3914773350375	1190.4822335214903	52.88
1238.5536959250853	1177.695098231188	52.92
1226.1291396087465	1148.604569373374	52.96
1222.6593064548454	1195.9102148508227	53.0
1224.4263611672257	1209.993972729607	53.04
1234.7225919117855	1200.549564955684	53.08
1238.5615610867624	1183.2253239112213	53.12
1237.8634639231952	1186.7167813937476	53.16
1224.1892011716582	1172.1391233478378	53.2
1217.8034448150706	1194.6405723967994	53.24
1218.4928213708833	1208.8204026692904	53.28
1231.4897776005375	1195.1351625459988	53.32
1239.095637038367	1189.1148717718015	53.36
1243.9633013671134	1188.2915064142144	53.4
1232.7599402221747	1174.650932241245	53.44
1223.5278608079066	1186.7099610371265	53.48
1218.4999607611999	1212.7840442264867	53.52
1229.5492235293134	1199.621957383096	53.56
1236.4873744488489	1184.1013567521168	53.6
1232.8677956479696	1184.4226136531588	53.64
1215.2696113700335	1172.423280281881	53.68
1211.5097525162578	1207.533799672241	53.72
1215.461421291689	1208.8682966090987	53.76
1229.043821350041	1193.105036147715	53.8
1236.6599856358648	1187.7225515860266	53.84
1233.2379284885492	1183.1063770530325	53.88
1228.3372426377773	1162.7576129126865	53.92
1216.0706087845128	1159.7855956056344	53.96
1209.7548336042046	1206.052930192272	54.0
1224.7059601755886	1193.1633830954986	54.04
1232.9104490116342	1182.8680568405027	54.08
1231.1718325803583	1173.5019455755235	54.12
1222.5890204133993	1151.8988822502542	54.16
1211.6226684046514	1163.3314328043862	54.2
1198.4479562303895	1201.2693910116764	54.24
1208.2554705145815	1202.6851738507705	54.28
1216.88432357915	1205.5186495595387	54.32
1226.6424167864056	1199.407115287783	54.36
1233.669061958711	1192.7625100063074	54.4
1231.9624104178672	1187.1679744948233	54.44
1235.0124623190734	1193.7040055502634	54.48
1237.4759340979517	1195.2664767169697	54.52
1241.8199040651723	1199.412662311289	54.56
1242.7225900707233	1200.501221113273	54.6
1246.7999091369118	1198.0381276383293	54.64
1247.661215230884	1190.2450042588578	54.68
1247.379274774664	1182.3645949492673	54.72
1247.2933852297044	1180.4642528536822	54.76
1248.9945984405156	1186.8552699921606	54.8
1248.2792049606946	1190.0210464330798	54.84
1249.8158719441258	1192.4287559921527	54.88
1248.2989178380371	1192.128848625203	54.92
1248.465222787764	1193.2159764229866	54.96
1250.0363269251645	1195.198568042388	55.0
1251.430502792942	1190.8585683663182	55.04
1244.9804891244205	1190.9842076771342	55.08
1256.9452238980714	1201.8251919746879	55.12
1258.787883609956	1205.935976967676	55.16
1261.9971434428792	1204.0999589565433	55.2
1250.3618245737086	1209.836379949088	55.24
1232.6289465444972	1207.391466790993	55.28
1233.3515614262928	1207.8890881282373	55.32
1237.5005113785971	1222.9334368007655	55.36
1242.1146877824992	1229.717410336142	55.4
1240.1084837512237	1221.8551988930956	55.44
1246.9341025722763	1221.4230680857875	55.48
1250.0583784757523	1231.7809186935622	55.52
1252.3257333601466	1234.3794767611466	55.56
1262.9848057389227	1241.9609505012802	55.6
1269.9300612305058	1248.9174546869278	55.64
1273.5750550792557	1246.1526901387629	55.68
1281.8344903254356	1247.099153025006	55.72
1294.807268850845	1248.3763604099545	55.76
1307.222361357348	1255.5101570676688	55.8
1308.4318556350775	1262.1171622090521	55.84
1282.3198257796446	1253.9856653835184	55.88
1224.7980664519537	1198.4874813280724	55.92
1161.0117760033015	1124.8711806594363	55.96
1098.8950855127466	1061.4517328008162	56.0
1051.7028090476022	1009.7336166533833	56.04
1036.4714121051995	952.1782400976086	56.08
1019.4134345190333	923.866815543712	56.12
1014.572436266073	910.6769373652342	56.16
1005.196485474922	925.4719279472179	56.2
998.7560307531935	972.8617947205613	56.24
1000.6090787936118	996.5426627965801	56.28
1274.8514235592183	1243.986586229566	56.32
1035.0183356177713	1035.4257846037387	56.36
1055.7735494067892	1024.7497055467957	56.4
1075.8088095811313	991.9145362372911	56.44
1048.9516362469856	981.1431649221805	56.48
1041.565618004073	973.0423066265618	56.52
1072.7541614308286	1007.5665330663394	56.56
1134.832111796412	1046.767710460802	56.6
1190.187674267591	1094.8337450032518	56.64
1224.4738441080701	1130.903726409647	56.68
1246.8511372801427	1158.69921350956	56.72
1262.7575655661376	1184.2856376872815	56.76
1267.8883193855406	1197.448780214623	56.8
1277.9877076927498	1205.9541771664274	56.84
1274.8878720228206	1210.6338396334263	56.88
1267.0199364397367	1194.9940414984317	56.92
1257.9057151082632	1184.578998797201	56.96
1258.1097469382885	1177.301846477028	57.0
1259.5635850043195	1188.3988161831041	57.04
1261.5788513562077	1203.3341791698913	57.08
1253.0052587045225	1200.9278770429487	57.12
1222.181763285952	1171.8270474462274	57.16
1214.5798077251295	1160.6600860503859	57.2
1212.1563686811921	1164.7587651463339	57.24
1221.559033110437	1177.5441942758323	57.28
1229.7525673862376	1193.525864178608	57.32
1242.8966508454612	1211.4065483643624	57.36
1254.325702680231	1228.0930062994794	57.4
1265.3273806768918	1249.5022007198488	57.44
1271.799907877084	1259.900132063819	57.48
765.9763139828044	810.8150818377896	57.52
763.4404896598174	790.1115338448416	57.56
758.8413513944679	799.5905981229765	57.6
743.1641634487232	790.6917018492982	57.64
747.0142419256086	801.4800739021078	57.68
745.4175000606908	799.3418805378395	57.72
740.9700777387242	801.0215820813634	57.76
740.2232255372974	799.0463992727795	57.8
737.2093710115257	794.2067264211862	57.84
736.3443566679887	802.0433853587074	57.88
732.4826373108375	822.4910037802204	57.92
741.1855429390091	836.8440929833939	57.96
742.8926798312846	846.2435530464547	58.0
748.273458725217	856.4175844456025	58.04
750.3914056902795	856.2356617236915	58.08
746.291563881316	855.1033145443657	58.12
744.8833720653125	850.3386207509809	58.16
742.6864813756346	850.2148554363737	58.2
740.5948426151955	852.2374971311513	58.24
751.0192931184062	862.5058226184617	58.28
787.1944587916066	893.9870709414205	58.32
826.1641316524821	930.5609442751111	58.36
867.5689079159807	954.4342627664477	58.4
901.7021650662555	998.5175581117356	58.44
977.7801038064903	1004.0939645908414	58.48
1112.5871778782823	1022.5845196537944	58.52
1202.4514826437678	1047.1129211787754	58.56
1219.547557144683	1070.8033827691493	58.6
1235.4947363897513	1090.114966738893	58.64
1227.0426760691662	1091.7954681908839	58.68
1218.503834854842	1093.2229785636139	58.72
1213.6660392062356	1100.4129777447886	58.76
1214.0044758883967	1098.4737803041733	58.8
1220.74461157784	1102.592461733321	58.84
1228.5130106018285	1108.8038041111618	58.88
1248.454033374501	1108.0629545234983	58.92
1278.5873735362775	1117.0189390333371	58.96
1297.7253091573293	1131.9595336492232	59.0
1291.753553523797	1108.6849132371976	59.04
1277.202102040382	1125.2037295748391	59.08
1270.525872322835	1146.331275739374	59.12
1276.4603979226508	1184.7900119916094	59.16
1286.9829028845481	1216.567201112324	59.2
1306.801978006851	1241.0643419994085	59.24
1331.1999848864095	1263.9285121870944	59.28
1349.304599149332	1281.9494889279636	59.32
1362.4838691329646	1294.7393609208223	59.36
1359.8461226549414	1310.6397870274113	59.4
1354.0408084221408	1311.5506218059977	59.44
1349.3009038374248	1311.6820458256957	59.48
1349.1505865523745	1314.010865659463	59.52
1343.5049617472475	1310.7205046159224	59.56
1336.9478715907608	1304.148680005186	59.6
1338.7732270587644	1303.759128175953	59.64
1347.4443842061578	1303.5978571158357	59.68
1344.6116189176812	1303.0568474343604	59.72
1345.406833719179	1307.9573567562702	59.76
1344.1671252145063	1304.712117241206	59.8
1346.2532875670438	1303.5001618857348	59.84
1185.3322802014209	1108.4457848368652	59.88
1188.2350847255873	1104.7695768135566	59.92
1182.705095321963	1099.5543856283955	59.96
1159.4590900779945	1086.6340481124298	60.0
1127.0110295515153	1070.87773361228	60.04
1096.0622652325271	1070.9472256819763	60.08
1114.9211786405635	1100.487026138035	60.12
1141.7238443650958	1109.04842324938	60.16
1077.8111135886834	1152.3236084785149	60.2
0.0	0.0	60.24
0.0	0.0	60.28
0.0	0.0	60.32
0.0	0.0	60.36
0.0	0.0	60.4
0.0	0.0	60.44
0.0	0.0	60.48
0.0	0.0	60.52
0.0	0.0	60.56
0.0	0.0	60.6
0.0	0.0	60.64
1182.2806001421047	1173.6310379894135	60.68
1173.7207706502415	1163.1460298087686	60.72
1169.3517263083045	1181.4235545583845	60.76
1167.884828823276	1176.4632087177229	60.8
1155.5256356358257	1186.0882606555801	60.84
0.0	0.0	60.88
0.0	0.0	60.92
0.0	0.0	60.96
0.0	0.0	61.0
0.0	0.0	61.04
0.0	0.0	61.08
0.0	0.0	61.12
0.0	0.0	61.16
0.0	0.0	61.2
0.0	0.0	61.24
0.0	0.0	61.28
0.0	0.0	61.32
0.0	0.0	61.36
0.0	0.0	61.4
0.0	0.0	61.44
0.0	0.0	61.48
0.0	0.0	61.52
0.0	0.0	61.56
0.0	0.0	61.6
0.0	0.0	61.64
0.0	0.0	61.68
0.0	0.0	61.72
0.0	0.0	61.76
0.0	0.0	61.8
0.0	0.0	61.84
0.0	0.0	61.88
0.0	0.0	61.92
0.0	0.0	61.96
0.0	0.0	62.0
0.0	0.0	62.04
